      1600.00   1.4066210e-09
      1610.00   1.4418470e-09
      1620.00   1.4772212e-09
      1630.00   1.5127276e-09
      1640.00   1.5483497e-09
      1650.00   1.5840716e-09
      1660.00   1.6198772e-09
      1670.00   1.6557511e-09
      1680.00   1.6916773e-09
      1690.00   1.7276406e-09
      1700.00   1.7636259e-09
      1710.00   1.7996181e-09
      1720.00   1.8356023e-09
      1730.00   1.8715641e-09
      1740.00   1.9074890e-09
      1750.00   1.9433632e-09
      1760.00   1.9791726e-09
      1770.00   2.0149040e-09
      1780.00   2.0505439e-09
      1790.00   2.0860794e-09
      1800.00   2.1214976e-09
      1810.00   2.1567866e-09
      1820.00   2.1919332e-09
      1830.00   2.2269268e-09
      1840.00   2.2617551e-09
      1850.00   2.2964071e-09
      1860.00   2.3308718e-09
      1870.00   2.3651388e-09
      1880.00   2.3991974e-09
      1890.00   2.4330378e-09
      1900.00   2.4666503e-09
      1910.00   2.5000254e-09
      1920.00   2.5331539e-09
      1930.00   2.5660272e-09
      1940.00   2.5986371e-09
      1950.00   2.6309750e-09
      1960.00   2.6630332e-09
      1970.00   2.6948037e-09
      1980.00   2.7262800e-09
      1990.00   2.7574547e-09
      2000.00   2.7883209e-09
      2010.00   2.8188725e-09
      2020.00   2.8491033e-09
      2030.00   2.8790075e-09
      2040.00   2.9085796e-09
      2050.00   2.9378142e-09
      2060.00   2.9667063e-09
      2070.00   2.9952512e-09
      2080.00   3.0234448e-09
      2090.00   3.0512821e-09
      2100.00   3.0787596e-09
      2110.00   3.1058738e-09
      2120.00   3.1326208e-09
      2130.00   3.1589979e-09
      2140.00   3.1850014e-09
      2150.00   3.2106292e-09
      2160.00   3.2358786e-09
      2170.00   3.2607467e-09
      2180.00   3.2852324e-09
      2190.00   3.3093332e-09
      2200.00   3.3330476e-09
      2210.00   3.3563742e-09
      2220.00   3.3793115e-09
      2230.00   3.4018587e-09
      2240.00   3.4240146e-09
      2250.00   3.4457788e-09
      2260.00   3.4671507e-09
      2270.00   3.4881295e-09
      2280.00   3.5087158e-09
      2290.00   3.5289088e-09
      2300.00   3.5487092e-09
      2310.00   3.5681170e-09
      2320.00   3.5871327e-09
      2330.00   3.6057571e-09
      2340.00   3.6239904e-09
      2350.00   3.6418338e-09
      2360.00   3.6592883e-09
      2370.00   3.6763552e-09
      2380.00   3.6930352e-09
      2390.00   3.7093300e-09
      2400.00   3.7252412e-09
      2410.00   3.7407696e-09
      2420.00   3.7559179e-09
      2430.00   3.7706874e-09
      2440.00   3.7850800e-09
      2450.00   3.7990978e-09
      2460.00   3.8127432e-09
      2470.00   3.8260172e-09
      2480.00   3.8389226e-09
      2490.00   3.8514624e-09
      2500.00   3.8636382e-09
      2510.00   3.8754528e-09
      2520.00   3.8869089e-09
      2530.00   3.8980081e-09
      2540.00   3.9087544e-09
      2550.00   3.9191499e-09
      2560.00   3.9291971e-09
      2570.00   3.9388991e-09
      2580.00   3.9482589e-09
      2590.00   3.9572792e-09
      2600.00   3.9659634e-09
      2610.00   3.9743139e-09
      2620.00   3.9823343e-09
      2630.00   3.9900270e-09
      2640.00   3.9973956e-09
      2650.00   4.0044433e-09
      2660.00   4.0111733e-09
      2670.00   4.0175886e-09
      2680.00   4.0236926e-09
      2690.00   4.0294885e-09
      2700.00   4.0349790e-09
      2710.00   4.0401685e-09
      2720.00   4.0450599e-09
      2730.00   4.0496558e-09
      2740.00   4.0539605e-09
      2750.00   4.0579769e-09
      2760.00   4.0617089e-09
      2770.00   4.0651588e-09
      2780.00   4.0683307e-09
      2790.00   4.0712284e-09
      2800.00   4.0738541e-09
      2810.00   4.0762120e-09
      2820.00   4.0783058e-09
      2830.00   4.0801379e-09
      2840.00   4.0817124e-09
      2850.00   4.0830324e-09
      2860.00   4.0841017e-09
      2870.00   4.0849230e-09
      2880.00   4.0854997e-09
      2890.00   4.0858358e-09
      2900.00   4.0859338e-09
      2910.00   4.0857984e-09
      2920.00   4.0854315e-09
      2930.00   4.0848367e-09
      2940.00   4.0840177e-09
      2950.00   4.0829777e-09
      2960.00   4.0817194e-09
      2970.00   4.0802471e-09
      2980.00   4.0785632e-09
      2990.00   4.0766710e-09
      3000.00   4.0745741e-09
      3010.00   4.0722750e-09
      3020.00   4.0697777e-09
      3030.00   4.0670845e-09
      3040.00   4.0641993e-09
      3050.00   4.0611248e-09
      3060.00   4.0578640e-09
      3070.00   4.0544200e-09
      3080.00   4.0507957e-09
      3090.00   4.0469944e-09
      3100.00   4.0430192e-09
      3110.00   4.0388723e-09
      3120.00   4.0345579e-09
      3130.00   4.0300776e-09
      3140.00   4.0254353e-09
      3150.00   4.0206330e-09
      3160.00   4.0156746e-09
      3170.00   4.0105612e-09
      3180.00   4.0052977e-09
      3190.00   3.9998852e-09
      3200.00   3.9943274e-09
      3210.00   3.9886263e-09
      3220.00   3.9827856e-09
      3230.00   3.9768065e-09
      3240.00   3.9706927e-09
      3250.00   3.9644469e-09
      3260.00   3.9580713e-09
      3270.00   3.9515680e-09
      3280.00   3.9449404e-09
      3290.00   3.9381902e-09
      3300.00   3.9313206e-09
      3310.00   3.9243337e-09
      3320.00   3.9172314e-09
      3330.00   3.9100170e-09
      3340.00   3.9026926e-09
      3350.00   3.8952600e-09
      3360.00   3.8877220e-09
      3370.00   3.8800807e-09
      3380.00   3.8723385e-09
      3390.00   3.8644976e-09
      3400.00   3.8565601e-09
      3410.00   3.8485285e-09
      3420.00   3.8404044e-09
      3430.00   3.8321903e-09
      3440.00   3.8238881e-09
      3450.00   3.8154996e-09
      3460.00   3.8070280e-09
      3470.00   3.7984740e-09
      3480.00   3.7898399e-09
      3490.00   3.7811281e-09
      3500.00   3.7723404e-09
      3510.00   3.7634782e-09
      3520.00   3.7545442e-09
      3530.00   3.7455399e-09
      3540.00   3.7364668e-09
      3550.00   3.7273271e-09
      3560.00   3.7181227e-09
      3570.00   3.7088549e-09
      3580.00   3.6995259e-09
      3590.00   3.6901369e-09
      3600.00   3.6806902e-09
      3610.00   3.6711875e-09
      3620.00   3.6616298e-09
      3630.00   3.6520185e-09
      3640.00   3.6423561e-09
      3650.00   3.6326441e-09
      3660.00   3.6228835e-09
      3670.00   3.6130760e-09
      3680.00   3.6032235e-09
      3690.00   3.5933269e-09
      3700.00   3.5833880e-09
      3710.00   3.5734083e-09
      3720.00   3.5633888e-09
      3730.00   3.5533317e-09
      3740.00   3.5432375e-09
      3750.00   3.5331082e-09
      3760.00   3.5229444e-09
      3770.00   3.5127483e-09
      3780.00   3.5025205e-09
      3790.00   3.4922622e-09
      3800.00   3.4819758e-09
      3810.00   3.4716614e-09
      3820.00   3.4613204e-09
      3830.00   3.4509542e-09
      3840.00   3.4405637e-09
      3850.00   3.4301505e-09
      3860.00   3.4197152e-09
      3870.00   3.4092597e-09
      3880.00   3.3987843e-09
      3890.00   3.3882904e-09
      3900.00   3.3777791e-09
      3910.00   3.3672516e-09
      3920.00   3.3567086e-09
      3930.00   3.3461510e-09
      3940.00   3.3355802e-09
      3950.00   3.3249971e-09
      3960.00   3.3144027e-09
      3970.00   3.3037976e-09
      3980.00   3.2931833e-09
      3990.00   3.2825601e-09
      4000.00   3.2719290e-09
      4010.00   3.2612913e-09
      4020.00   3.2506475e-09
      4030.00   3.2399987e-09
      4040.00   3.2293454e-09
      4050.00   3.2186889e-09
      4060.00   3.2080293e-09
      4070.00   3.1973682e-09
      4080.00   3.1867058e-09
      4090.00   3.1760430e-09
      4100.00   3.1653808e-09
      4110.00   3.1547197e-09
      4120.00   3.1440603e-09
      4130.00   3.1334036e-09
      4140.00   3.1227499e-09
      4150.00   3.1121007e-09
      4160.00   3.1014557e-09
      4170.00   3.0908159e-09
      4180.00   3.0801821e-09
      4190.00   3.0695547e-09
      4200.00   3.0589347e-09
      4210.00   3.0483227e-09
      4220.00   3.0377184e-09
      4230.00   3.0271236e-09
      4240.00   3.0165378e-09
      4250.00   3.0059624e-09
      4260.00   2.9953976e-09
      4270.00   2.9848437e-09
      4280.00   2.9743018e-09
      4290.00   2.9637720e-09
      4300.00   2.9532549e-09
      4310.00   2.9427510e-09
      4320.00   2.9322608e-09
      4330.00   2.9217845e-09
      4340.00   2.9113230e-09
      4350.00   2.9008767e-09
      4360.00   2.8904458e-09
      4370.00   2.8800309e-09
      4380.00   2.8696322e-09
      4390.00   2.8592506e-09
      4400.00   2.8488859e-09
      4410.00   2.8385391e-09
      4420.00   2.8282100e-09
      4430.00   2.8178993e-09
      4440.00   2.8076074e-09
      4450.00   2.7973347e-09
      4460.00   2.7870813e-09
      4470.00   2.7768478e-09
      4480.00   2.7666343e-09
      4490.00   2.7564414e-09
      4500.00   2.7462693e-09
      4510.00   2.7361182e-09
      4520.00   2.7259888e-09
      4530.00   2.7158807e-09
      4540.00   2.7057948e-09
      4550.00   2.6957313e-09
      4560.00   2.6856904e-09
      4570.00   2.6756720e-09
      4580.00   2.6656769e-09
      4590.00   2.6557052e-09
      4600.00   2.6457571e-09
      4610.00   2.6358330e-09
      4620.00   2.6259327e-09
      4630.00   2.6160568e-09
      4640.00   2.6062056e-09
      4650.00   2.5963791e-09
      4660.00   2.5865777e-09
      4670.00   2.5768012e-09
      4680.00   2.5670502e-09
      4690.00   2.5573250e-09
      4700.00   2.5476252e-09
      4710.00   2.5379516e-09
      4720.00   2.5283040e-09
      4730.00   2.5186827e-09
      4740.00   2.5090882e-09
      4750.00   2.4995199e-09
      4760.00   2.4899787e-09
      4770.00   2.4804643e-09
      4780.00   2.4709769e-09
      4790.00   2.4615169e-09
      4800.00   2.4520842e-09
      4810.00   2.4426789e-09
      4820.00   2.4333011e-09
      4830.00   2.4239513e-09
      4840.00   2.4146293e-09
      4850.00   2.4053353e-09
      4860.00   2.3960694e-09
      4870.00   2.3868317e-09
      4880.00   2.3776222e-09
      4890.00   2.3684412e-09
      4900.00   2.3592887e-09
      4910.00   2.3501647e-09
      4920.00   2.3410696e-09
      4930.00   2.3320028e-09
      4940.00   2.3229651e-09
      4950.00   2.3139562e-09
      4960.00   2.3049761e-09
      4970.00   2.2960253e-09
      4980.00   2.2871035e-09
      4990.00   2.2782109e-09
      5000.00   2.2693474e-09
      5010.00   2.2605133e-09
      5020.00   2.2517083e-09
      5030.00   2.2429328e-09
      5040.00   2.2341868e-09
      5050.00   2.2254700e-09
      5060.00   2.2167827e-09
      5070.00   2.2081252e-09
      5080.00   2.1994969e-09
      5090.00   2.1908983e-09
      5100.00   2.1823294e-09
      5110.00   2.1737900e-09
      5120.00   2.1652802e-09
      5130.00   2.1568000e-09
      5140.00   2.1483496e-09
      5150.00   2.1399288e-09
      5160.00   2.1315378e-09
      5170.00   2.1231765e-09
      5180.00   2.1148448e-09
      5190.00   2.1065429e-09
      5200.00   2.0982707e-09
      5210.00   2.0900282e-09
      5220.00   2.0818153e-09
      5230.00   2.0736322e-09
      5240.00   2.0654789e-09
      5250.00   2.0573550e-09
      5260.00   2.0492608e-09
      5270.00   2.0411963e-09
      5280.00   2.0331615e-09
      5290.00   2.0251563e-09
      5300.00   2.0171806e-09
      5310.00   2.0092346e-09
      5320.00   2.0013181e-09
      5330.00   1.9934310e-09
      5340.00   1.9855736e-09
      5350.00   1.9777456e-09
      5360.00   1.9699470e-09
      5370.00   1.9621778e-09
      5380.00   1.9544380e-09
      5390.00   1.9467274e-09
      5400.00   1.9390461e-09
      5410.00   1.9313942e-09
      5420.00   1.9237714e-09
      5430.00   1.9161779e-09
      5440.00   1.9086135e-09
      5450.00   1.9010782e-09
      5460.00   1.8935717e-09
      5470.00   1.8860944e-09
      5480.00   1.8786460e-09
      5490.00   1.8712266e-09
      5500.00   1.8638358e-09
      5510.00   1.8564741e-09
      5520.00   1.8491410e-09
      5530.00   1.8418366e-09
      5540.00   1.8345607e-09
      5550.00   1.8273136e-09
      5560.00   1.8200947e-09
      5570.00   1.8129045e-09
      5580.00   1.8057428e-09
      5590.00   1.7986093e-09
      5600.00   1.7915039e-09
      5610.00   1.7844270e-09
      5620.00   1.7773780e-09
      5630.00   1.7703573e-09
      5640.00   1.7633646e-09
      5650.00   1.7563997e-09
      5660.00   1.7494629e-09
      5670.00   1.7425538e-09
      5680.00   1.7356725e-09
      5690.00   1.7288188e-09
      5700.00   1.7219928e-09
      5710.00   1.7151943e-09
      5720.00   1.7084235e-09
      5730.00   1.7016797e-09
      5740.00   1.6949637e-09
      5750.00   1.6882746e-09
      5760.00   1.6816128e-09
      5770.00   1.6749781e-09
      5780.00   1.6683704e-09
      5790.00   1.6617897e-09
      5800.00   1.6552358e-09
      5810.00   1.6487090e-09
      5820.00   1.6422087e-09
      5830.00   1.6357352e-09
      5840.00   1.6292881e-09
      5850.00   1.6228676e-09
      5860.00   1.6164734e-09
      5870.00   1.6101057e-09
      5880.00   1.6037642e-09
      5890.00   1.5974489e-09
      5900.00   1.5911597e-09
      5910.00   1.5848965e-09
      5920.00   1.5786591e-09
      5930.00   1.5724478e-09
      5940.00   1.5662623e-09
      5950.00   1.5601023e-09
      5960.00   1.5539681e-09
      5970.00   1.5478592e-09
      5980.00   1.5417760e-09
      5990.00   1.5357181e-09
      6000.00   1.5296854e-09
      6010.00   1.5236779e-09
      6020.00   1.5176955e-09
      6030.00   1.5117382e-09
      6040.00   1.5058059e-09
      6050.00   1.4998984e-09
      6060.00   1.4940156e-09
      6070.00   1.4881575e-09
      6080.00   1.4823242e-09
      6090.00   1.4765153e-09
      6100.00   1.4707308e-09
      6110.00   1.4649706e-09
      6120.00   1.4592349e-09
      6130.00   1.4535232e-09
      6140.00   1.4478357e-09
      6150.00   1.4421721e-09
      6160.00   1.4365324e-09
      6170.00   1.4309166e-09
      6180.00   1.4253245e-09
      6190.00   1.4197561e-09
      6200.00   1.4142114e-09
      6210.00   1.4086900e-09
      6220.00   1.4031921e-09
      6230.00   1.3977176e-09
      6240.00   1.3922663e-09
      6250.00   1.3868380e-09
      6260.00   1.3814329e-09
      6270.00   1.3760508e-09
      6280.00   1.3706915e-09
      6290.00   1.3653550e-09
      6300.00   1.3600412e-09
      6310.00   1.3547501e-09
      6320.00   1.3494817e-09
      6330.00   1.3442354e-09
      6340.00   1.3390116e-09
      6350.00   1.3338103e-09
      6360.00   1.3286309e-09
      6370.00   1.3234738e-09
      6380.00   1.3183386e-09
      6390.00   1.3132255e-09
      6400.00   1.3081341e-09
      6410.00   1.3030645e-09
      6420.00   1.2980166e-09
      6430.00   1.2929903e-09
      6440.00   1.2879856e-09
      6450.00   1.2830022e-09
      6460.00   1.2780402e-09
      6470.00   1.2730994e-09
      6480.00   1.2681798e-09
      6490.00   1.2632814e-09
      6500.00   1.2584039e-09
      6510.00   1.2535473e-09
      6520.00   1.2487116e-09
      6530.00   1.2438966e-09
      6540.00   1.2391022e-09
      6550.00   1.2343286e-09
      6560.00   1.2295753e-09
      6570.00   1.2248424e-09
      6580.00   1.2201299e-09
      6590.00   1.2154377e-09
      6600.00   1.2107656e-09
      6610.00   1.2061135e-09
      6620.00   1.2014815e-09
      6630.00   1.1968693e-09
      6640.00   1.1922770e-09
      6650.00   1.1877046e-09
      6660.00   1.1831516e-09
      6670.00   1.1786183e-09
      6680.00   1.1741046e-09
      6690.00   1.1696101e-09
      6700.00   1.1651352e-09
      6710.00   1.1606793e-09
      6720.00   1.1562428e-09
      6730.00   1.1518252e-09
      6740.00   1.1474267e-09
      6750.00   1.1430471e-09
      6760.00   1.1386864e-09
      6770.00   1.1343446e-09
      6780.00   1.1300213e-09
      6790.00   1.1257167e-09
      6800.00   1.1214306e-09
      6810.00   1.1171630e-09
      6820.00   1.1129137e-09
      6830.00   1.1086828e-09
      6840.00   1.1044700e-09
      6850.00   1.1002754e-09
      6860.00   1.0960989e-09
      6870.00   1.0919403e-09
      6880.00   1.0877996e-09
      6890.00   1.0836768e-09
      6900.00   1.0795716e-09
      6910.00   1.0754843e-09
      6920.00   1.0714146e-09
      6930.00   1.0673623e-09
      6940.00   1.0633275e-09
      6950.00   1.0593100e-09
      6960.00   1.0553098e-09
      6970.00   1.0513268e-09
      6980.00   1.0473610e-09
      6990.00   1.0434124e-09
      7000.00   1.0394806e-09
      7010.00   1.0355657e-09
      7020.00   1.0316677e-09
      7030.00   1.0277866e-09
      7040.00   1.0239220e-09
      7050.00   1.0200741e-09
      7060.00   1.0162428e-09
      7070.00   1.0124280e-09
      7080.00   1.0086294e-09
      7090.00   1.0048473e-09
      7100.00   1.0010814e-09
      7110.00   9.9733171e-10
      7120.00   9.9359819e-10
      7130.00   9.8988074e-10
      7140.00   9.8617910e-10
      7150.00   9.8249349e-10
      7160.00   9.7882364e-10
      7170.00   9.7516954e-10
      7180.00   9.7153116e-10
      7190.00   9.6790846e-10
      7200.00   9.6430122e-10
      7210.00   9.6070950e-10
      7220.00   9.5713329e-10
      7230.00   9.5357224e-10
      7240.00   9.5002665e-10
      7250.00   9.4649607e-10
      7260.00   9.4298069e-10
      7270.00   9.3948048e-10
      7280.00   9.3599512e-10
      7290.00   9.3252478e-10
      7300.00   9.2906935e-10
      7310.00   9.2562870e-10
      7320.00   9.2220271e-10
      7330.00   9.1879145e-10
      7340.00   9.1539472e-10
      7350.00   9.1201259e-10
      7360.00   9.0864494e-10
      7370.00   9.0529174e-10
      7380.00   9.0195271e-10
      7390.00   8.9862810e-10
      7400.00   8.9531762e-10
      7410.00   8.9202132e-10
      7420.00   8.8873912e-10
      7430.00   8.8547089e-10
      7440.00   8.8221661e-10
      7450.00   8.7897628e-10
      7460.00   8.7574978e-10
      7470.00   8.7253701e-10
      7480.00   8.6933795e-10
      7490.00   8.6615250e-10
      7500.00   8.6298073e-10
      7510.00   8.5982236e-10
      7520.00   8.5667747e-10
      7530.00   8.5354595e-10
      7540.00   8.5042787e-10
      7550.00   8.4732297e-10
      7560.00   8.4423132e-10
      7570.00   8.4115282e-10
      7580.00   8.3808729e-10
      7590.00   8.3503496e-10
      7600.00   8.3199557e-10
      7610.00   8.2896904e-10
      7620.00   8.2595543e-10
      7630.00   8.2295449e-10
      7640.00   8.1996644e-10
      7650.00   8.1699096e-10
      7660.00   8.1402819e-10
      7670.00   8.1107789e-10
      7680.00   8.0814013e-10
      7690.00   8.0521481e-10
      7700.00   8.0230193e-10
      7710.00   7.9940132e-10
      7720.00   7.9651299e-10
      7730.00   7.9363697e-10
      7740.00   7.9077306e-10
      7750.00   7.8792124e-10
      7760.00   7.8508150e-10
      7770.00   7.8225376e-10
      7780.00   7.7943794e-10
      7790.00   7.7663403e-10
      7800.00   7.7384195e-10
      7810.00   7.7106162e-10
      7820.00   7.6829310e-10
      7830.00   7.6553619e-10
      7840.00   7.6279093e-10
      7850.00   7.6005720e-10
      7860.00   7.5733498e-10
      7870.00   7.5462425e-10
      7880.00   7.5192490e-10
      7890.00   7.4923696e-10
      7900.00   7.4656025e-10
      7910.00   7.4389486e-10
      7920.00   7.4124063e-10
      7930.00   7.3859754e-10
      7940.00   7.3596558e-10
      7950.00   7.3334462e-10
      7960.00   7.3073476e-10
      7970.00   7.2813572e-10
      7980.00   7.2554766e-10
      7990.00   7.2297039e-10
      8000.00   7.2040392e-10
