      1600.00   1.6780297e-09
      1610.00   1.7181711e-09
      1620.00   1.7584228e-09
      1630.00   1.7987668e-09
      1640.00   1.8391842e-09
      1650.00   1.8796569e-09
      1660.00   1.9201668e-09
      1670.00   1.9606966e-09
      1680.00   2.0012282e-09
      1690.00   2.0417447e-09
      1700.00   2.0822292e-09
      1710.00   2.1226651e-09
      1720.00   2.1630358e-09
      1730.00   2.2033255e-09
      1740.00   2.2435180e-09
      1750.00   2.2835985e-09
      1760.00   2.3235516e-09
      1770.00   2.3633627e-09
      1780.00   2.4030174e-09
      1790.00   2.4425017e-09
      1800.00   2.4818017e-09
      1810.00   2.5209047e-09
      1820.00   2.5597967e-09
      1830.00   2.5984661e-09
      1840.00   2.6369003e-09
      1850.00   2.6750874e-09
      1860.00   2.7130159e-09
      1870.00   2.7506751e-09
      1880.00   2.7880536e-09
      1890.00   2.8251414e-09
      1900.00   2.8619284e-09
      1910.00   2.8984050e-09
      1920.00   2.9345616e-09
      1930.00   2.9703896e-09
      1940.00   3.0058806e-09
      1950.00   3.0410259e-09
      1960.00   3.0758180e-09
      1970.00   3.1102489e-09
      1980.00   3.1443121e-09
      1990.00   3.1780004e-09
      2000.00   3.2113069e-09
      2010.00   3.2442260e-09
      2020.00   3.2767516e-09
      2030.00   3.3088781e-09
      2040.00   3.3406005e-09
      2050.00   3.3719137e-09
      2060.00   3.4028131e-09
      2070.00   3.4332943e-09
      2080.00   3.4633539e-09
      2090.00   3.4929872e-09
      2100.00   3.5221912e-09
      2110.00   3.5509630e-09
      2120.00   3.5792992e-09
      2130.00   3.6071977e-09
      2140.00   3.6346555e-09
      2150.00   3.6616711e-09
      2160.00   3.6882422e-09
      2170.00   3.7143668e-09
      2180.00   3.7400444e-09
      2190.00   3.7652732e-09
      2200.00   3.7900524e-09
      2210.00   3.8143813e-09
      2220.00   3.8382592e-09
      2230.00   3.8616860e-09
      2240.00   3.8846612e-09
      2250.00   3.9071854e-09
      2260.00   3.9292585e-09
      2270.00   3.9508804e-09
      2280.00   3.9720529e-09
      2290.00   3.9927755e-09
      2300.00   4.0130502e-09
      2310.00   4.0328775e-09
      2320.00   4.0522588e-09
      2330.00   4.0711957e-09
      2340.00   4.0896891e-09
      2350.00   4.1077412e-09
      2360.00   4.1253538e-09
      2370.00   4.1425290e-09
      2380.00   4.1592683e-09
      2390.00   4.1755740e-09
      2400.00   4.1914489e-09
      2410.00   4.2068945e-09
      2420.00   4.2219143e-09
      2430.00   4.2365104e-09
      2440.00   4.2506854e-09
      2450.00   4.2644424e-09
      2460.00   4.2777846e-09
      2470.00   4.2907136e-09
      2480.00   4.3032332e-09
      2490.00   4.3153472e-09
      2500.00   4.3270580e-09
      2510.00   4.3383689e-09
      2520.00   4.3492838e-09
      2530.00   4.3598048e-09
      2540.00   4.3699367e-09
      2550.00   4.3796827e-09
      2560.00   4.3890455e-09
      2570.00   4.3980293e-09
      2580.00   4.4066378e-09
      2590.00   4.4148743e-09
      2600.00   4.4227432e-09
      2610.00   4.4302474e-09
      2620.00   4.4373913e-09
      2630.00   4.4441780e-09
      2640.00   4.4506118e-09
      2650.00   4.4566965e-09
      2660.00   4.4624363e-09
      2670.00   4.4678345e-09
      2680.00   4.4728954e-09
      2690.00   4.4776228e-09
      2700.00   4.4820200e-09
      2710.00   4.4860920e-09
      2720.00   4.4898427e-09
      2730.00   4.4932749e-09
      2740.00   4.4963936e-09
      2750.00   4.4992024e-09
      2760.00   4.5017059e-09
      2770.00   4.5039069e-09
      2780.00   4.5058101e-09
      2790.00   4.5074198e-09
      2800.00   4.5087388e-09
      2810.00   4.5097720e-09
      2820.00   4.5105235e-09
      2830.00   4.5109963e-09
      2840.00   4.5111950e-09
      2850.00   4.5111233e-09
      2860.00   4.5107854e-09
      2870.00   4.5101847e-09
      2880.00   4.5093249e-09
      2890.00   4.5082105e-09
      2900.00   4.5068448e-09
      2910.00   4.5052326e-09
      2920.00   4.5033765e-09
      2930.00   4.5012804e-09
      2940.00   4.4989486e-09
      2950.00   4.4963846e-09
      2960.00   4.4935917e-09
      2970.00   4.4905746e-09
      2980.00   4.4873360e-09
      2990.00   4.4838797e-09
      3000.00   4.4802098e-09
      3010.00   4.4763289e-09
      3020.00   4.4722417e-09
      3030.00   4.4679508e-09
      3040.00   4.4634605e-09
      3050.00   4.4587737e-09
      3060.00   4.4538940e-09
      3070.00   4.4488247e-09
      3080.00   4.4435692e-09
      3090.00   4.4381309e-09
      3100.00   4.4325134e-09
      3110.00   4.4267193e-09
      3120.00   4.4207529e-09
      3130.00   4.4146163e-09
      3140.00   4.4083137e-09
      3150.00   4.4018473e-09
      3160.00   4.3952213e-09
      3170.00   4.3884372e-09
      3180.00   4.3815001e-09
      3190.00   4.3744114e-09
      3200.00   4.3671751e-09
      3210.00   4.3597935e-09
      3220.00   4.3522703e-09
      3230.00   4.3446074e-09
      3240.00   4.3368083e-09
      3250.00   4.3288762e-09
      3260.00   4.3208136e-09
      3270.00   4.3126225e-09
      3280.00   4.3043070e-09
      3290.00   4.2958686e-09
      3300.00   4.2873109e-09
      3310.00   4.2786362e-09
      3320.00   4.2698466e-09
      3330.00   4.2609456e-09
      3340.00   4.2519355e-09
      3350.00   4.2428182e-09
      3360.00   4.2335968e-09
      3370.00   4.2242737e-09
      3380.00   4.2148511e-09
      3390.00   4.2053318e-09
      3400.00   4.1957178e-09
      3410.00   4.1860119e-09
      3420.00   4.1762157e-09
      3430.00   4.1663319e-09
      3440.00   4.1563627e-09
      3450.00   4.1463099e-09
      3460.00   4.1361770e-09
      3470.00   4.1259647e-09
      3480.00   4.1156754e-09
      3490.00   4.1053118e-09
      3500.00   4.0948757e-09
      3510.00   4.0843687e-09
      3520.00   4.0737935e-09
      3530.00   4.0631519e-09
      3540.00   4.0524453e-09
      3550.00   4.0416761e-09
      3560.00   4.0308464e-09
      3570.00   4.0199577e-09
      3580.00   4.0090119e-09
      3590.00   3.9980107e-09
      3600.00   3.9869562e-09
      3610.00   3.9758504e-09
      3620.00   3.9646943e-09
      3630.00   3.9534893e-09
      3640.00   3.9422383e-09
      3650.00   3.9309426e-09
      3660.00   3.9196032e-09
      3670.00   3.9082221e-09
      3680.00   3.8968012e-09
      3690.00   3.8853415e-09
      3700.00   3.8738449e-09
      3710.00   3.8623128e-09
      3720.00   3.8507464e-09
      3730.00   3.8391478e-09
      3740.00   3.8275178e-09
      3750.00   3.8158583e-09
      3760.00   3.8041700e-09
      3770.00   3.7924551e-09
      3780.00   3.7807144e-09
      3790.00   3.7689490e-09
      3800.00   3.7571614e-09
      3810.00   3.7453517e-09
      3820.00   3.7335213e-09
      3830.00   3.7216718e-09
      3840.00   3.7098040e-09
      3850.00   3.6979197e-09
      3860.00   3.6860193e-09
      3870.00   3.6741049e-09
      3880.00   3.6621768e-09
      3890.00   3.6502364e-09
      3900.00   3.6382849e-09
      3910.00   3.6263233e-09
      3920.00   3.6143527e-09
      3930.00   3.6023737e-09
      3940.00   3.5903879e-09
      3950.00   3.5783961e-09
      3960.00   3.5663994e-09
      3970.00   3.5543985e-09
      3980.00   3.5423947e-09
      3990.00   3.5303884e-09
      4000.00   3.5183807e-09
      4010.00   3.5063728e-09
      4020.00   3.4943653e-09
      4030.00   3.4823593e-09
      4040.00   3.4703553e-09
      4050.00   3.4583545e-09
      4060.00   3.4463571e-09
      4070.00   3.4343648e-09
      4080.00   3.4223776e-09
      4090.00   3.4103966e-09
      4100.00   3.3984227e-09
      4110.00   3.3864565e-09
      4120.00   3.3744983e-09
      4130.00   3.3625495e-09
      4140.00   3.3506101e-09
      4150.00   3.3386817e-09
      4160.00   3.3267642e-09
      4170.00   3.3148582e-09
      4180.00   3.3029647e-09
      4190.00   3.2910842e-09
      4200.00   3.2792175e-09
      4210.00   3.2673654e-09
      4220.00   3.2555274e-09
      4230.00   3.2437054e-09
      4240.00   3.2318988e-09
      4250.00   3.2201091e-09
      4260.00   3.2083364e-09
      4270.00   3.1965811e-09
      4280.00   3.1848441e-09
      4290.00   3.1731257e-09
      4300.00   3.1614263e-09
      4310.00   3.1497465e-09
      4320.00   3.1380868e-09
      4330.00   3.1264474e-09
      4340.00   3.1148290e-09
      4350.00   3.1032321e-09
      4360.00   3.0916570e-09
      4370.00   3.0801042e-09
      4380.00   3.0685739e-09
      4390.00   3.0570668e-09
      4400.00   3.0455829e-09
      4410.00   3.0341232e-09
      4420.00   3.0226873e-09
      4430.00   3.0112760e-09
      4440.00   2.9998896e-09
      4450.00   2.9885287e-09
      4460.00   2.9771932e-09
      4470.00   2.9658835e-09
      4480.00   2.9546001e-09
      4490.00   2.9433432e-09
      4500.00   2.9321132e-09
      4510.00   2.9209102e-09
      4520.00   2.9097349e-09
      4530.00   2.8985869e-09
      4540.00   2.8874670e-09
      4550.00   2.8763755e-09
      4560.00   2.8653124e-09
      4570.00   2.8542778e-09
      4580.00   2.8432723e-09
      4590.00   2.8322960e-09
      4600.00   2.8213492e-09
      4610.00   2.8104321e-09
      4620.00   2.7995446e-09
      4630.00   2.7886872e-09
      4640.00   2.7778602e-09
      4650.00   2.7670637e-09
      4660.00   2.7562979e-09
      4670.00   2.7455626e-09
      4680.00   2.7348585e-09
      4690.00   2.7241857e-09
      4700.00   2.7135440e-09
      4710.00   2.7029340e-09
      4720.00   2.6923554e-09
      4730.00   2.6818087e-09
      4740.00   2.6712942e-09
      4750.00   2.6608114e-09
      4760.00   2.6503611e-09
      4770.00   2.6399430e-09
      4780.00   2.6295572e-09
      4790.00   2.6192042e-09
      4800.00   2.6088838e-09
      4810.00   2.5985961e-09
      4820.00   2.5883411e-09
      4830.00   2.5781194e-09
      4840.00   2.5679307e-09
      4850.00   2.5577751e-09
      4860.00   2.5476528e-09
      4870.00   2.5375639e-09
      4880.00   2.5275082e-09
      4890.00   2.5174861e-09
      4900.00   2.5074975e-09
      4910.00   2.4975425e-09
      4920.00   2.4876215e-09
      4930.00   2.4777336e-09
      4940.00   2.4678798e-09
      4950.00   2.4580597e-09
      4960.00   2.4482733e-09
      4970.00   2.4385211e-09
      4980.00   2.4288027e-09
      4990.00   2.4191183e-09
      5000.00   2.4094679e-09
      5010.00   2.3998516e-09
      5020.00   2.3902691e-09
      5030.00   2.3807208e-09
      5040.00   2.3712068e-09
      5050.00   2.3617265e-09
      5060.00   2.3522804e-09
      5070.00   2.3428687e-09
      5080.00   2.3334908e-09
      5090.00   2.3241472e-09
      5100.00   2.3148378e-09
      5110.00   2.3055623e-09
      5120.00   2.2963210e-09
      5130.00   2.2871137e-09
      5140.00   2.2779407e-09
      5150.00   2.2688016e-09
      5160.00   2.2596967e-09
      5170.00   2.2506258e-09
      5180.00   2.2415889e-09
      5190.00   2.2325862e-09
      5200.00   2.2236173e-09
      5210.00   2.2146824e-09
      5220.00   2.2057814e-09
      5230.00   2.1969143e-09
      5240.00   2.1880812e-09
      5250.00   2.1792818e-09
      5260.00   2.1705161e-09
      5270.00   2.1617841e-09
      5280.00   2.1530860e-09
      5290.00   2.1444216e-09
      5300.00   2.1357907e-09
      5310.00   2.1271935e-09
      5320.00   2.1186297e-09
      5330.00   2.1100994e-09
      5340.00   2.1016026e-09
      5350.00   2.0931392e-09
      5360.00   2.0847091e-09
      5370.00   2.0763121e-09
      5380.00   2.0679485e-09
      5390.00   2.0596179e-09
      5400.00   2.0513204e-09
      5410.00   2.0430560e-09
      5420.00   2.0348245e-09
      5430.00   2.0266260e-09
      5440.00   2.0184604e-09
      5450.00   2.0103275e-09
      5460.00   2.0022270e-09
      5470.00   1.9941594e-09
      5480.00   1.9861243e-09
      5490.00   1.9781218e-09
      5500.00   1.9701515e-09
      5510.00   1.9622137e-09
      5520.00   1.9543082e-09
      5530.00   1.9464348e-09
      5540.00   1.9385934e-09
      5550.00   1.9307843e-09
      5560.00   1.9230068e-09
      5570.00   1.9152614e-09
      5580.00   1.9075479e-09
      5590.00   1.8998660e-09
      5600.00   1.8922156e-09
      5610.00   1.8845969e-09
      5620.00   1.8770095e-09
      5630.00   1.8694537e-09
      5640.00   1.8619291e-09
      5650.00   1.8544356e-09
      5660.00   1.8469734e-09
      5670.00   1.8395421e-09
      5680.00   1.8321418e-09
      5690.00   1.8247723e-09
      5700.00   1.8174336e-09
      5710.00   1.8101255e-09
      5720.00   1.8028482e-09
      5730.00   1.7956011e-09
      5740.00   1.7883847e-09
      5750.00   1.7811984e-09
      5760.00   1.7740423e-09
      5770.00   1.7669164e-09
      5780.00   1.7598205e-09
      5790.00   1.7527545e-09
      5800.00   1.7457183e-09
      5810.00   1.7387122e-09
      5820.00   1.7317354e-09
      5830.00   1.7247883e-09
      5840.00   1.7178706e-09
      5850.00   1.7109822e-09
      5860.00   1.7041230e-09
      5870.00   1.6972931e-09
      5880.00   1.6904922e-09
      5890.00   1.6837204e-09
      5900.00   1.6769773e-09
      5910.00   1.6702631e-09
      5920.00   1.6635774e-09
      5930.00   1.6569205e-09
      5940.00   1.6502920e-09
      5950.00   1.6436918e-09
      5960.00   1.6371199e-09
      5970.00   1.6305762e-09
      5980.00   1.6240606e-09
      5990.00   1.6175730e-09
      6000.00   1.6111133e-09
      6010.00   1.6046812e-09
      6020.00   1.5982768e-09
      6030.00   1.5919001e-09
      6040.00   1.5855509e-09
      6050.00   1.5792290e-09
      6060.00   1.5729343e-09
      6070.00   1.5666669e-09
      6080.00   1.5604266e-09
      6090.00   1.5542132e-09
      6100.00   1.5480266e-09
      6110.00   1.5418668e-09
      6120.00   1.5357338e-09
      6130.00   1.5296272e-09
      6140.00   1.5235472e-09
      6150.00   1.5174935e-09
      6160.00   1.5114660e-09
      6170.00   1.5054647e-09
      6180.00   1.4994895e-09
      6190.00   1.4935402e-09
      6200.00   1.4876169e-09
      6210.00   1.4817191e-09
      6220.00   1.4758471e-09
      6230.00   1.4700007e-09
      6240.00   1.4641798e-09
      6250.00   1.4583840e-09
      6260.00   1.4526137e-09
      6270.00   1.4468686e-09
      6280.00   1.4411484e-09
      6290.00   1.4354531e-09
      6300.00   1.4297827e-09
      6310.00   1.4241371e-09
      6320.00   1.4185162e-09
      6330.00   1.4129197e-09
      6340.00   1.4073476e-09
      6350.00   1.4018002e-09
      6360.00   1.3962768e-09
      6370.00   1.3907775e-09
      6380.00   1.3853023e-09
      6390.00   1.3798511e-09
      6400.00   1.3744237e-09
      6410.00   1.3690201e-09
      6420.00   1.3636401e-09
      6430.00   1.3582838e-09
      6440.00   1.3529509e-09
      6450.00   1.3476413e-09
      6460.00   1.3423549e-09
      6470.00   1.3370918e-09
      6480.00   1.3318517e-09
      6490.00   1.3266347e-09
      6500.00   1.3214404e-09
      6510.00   1.3162690e-09
      6520.00   1.3111203e-09
      6530.00   1.3059941e-09
      6540.00   1.3008904e-09
      6550.00   1.2958092e-09
      6560.00   1.2907501e-09
      6570.00   1.2857133e-09
      6580.00   1.2806986e-09
      6590.00   1.2757060e-09
      6600.00   1.2707352e-09
      6610.00   1.2657863e-09
      6620.00   1.2608591e-09
      6630.00   1.2559535e-09
      6640.00   1.2510694e-09
      6650.00   1.2462069e-09
      6660.00   1.2413657e-09
      6670.00   1.2365457e-09
      6680.00   1.2317470e-09
      6690.00   1.2269691e-09
      6700.00   1.2222124e-09
      6710.00   1.2174765e-09
      6720.00   1.2127615e-09
      6730.00   1.2080671e-09
      6740.00   1.2033934e-09
      6750.00   1.1987402e-09
      6760.00   1.1941074e-09
      6770.00   1.1894951e-09
      6780.00   1.1849029e-09
      6790.00   1.1803309e-09
      6800.00   1.1757790e-09
      6810.00   1.1712471e-09
      6820.00   1.1667351e-09
      6830.00   1.1622428e-09
      6840.00   1.1577703e-09
      6850.00   1.1533174e-09
      6860.00   1.1488841e-09
      6870.00   1.1444702e-09
      6880.00   1.1400758e-09
      6890.00   1.1357006e-09
      6900.00   1.1313444e-09
      6910.00   1.1270076e-09
      6920.00   1.1226898e-09
      6930.00   1.1183908e-09
      6940.00   1.1141108e-09
      6950.00   1.1098494e-09
      6960.00   1.1056068e-09
      6970.00   1.1013827e-09
      6980.00   1.0971772e-09
      6990.00   1.0929902e-09
      7000.00   1.0888215e-09
      7010.00   1.0846709e-09
      7020.00   1.0805386e-09
      7030.00   1.0764245e-09
      7040.00   1.0723283e-09
      7050.00   1.0682501e-09
      7060.00   1.0641898e-09
      7070.00   1.0601472e-09
      7080.00   1.0561222e-09
      7090.00   1.0521149e-09
      7100.00   1.0481251e-09
      7110.00   1.0441528e-09
      7120.00   1.0401979e-09
      7130.00   1.0362603e-09
      7140.00   1.0323398e-09
      7150.00   1.0284365e-09
      7160.00   1.0245502e-09
      7170.00   1.0206809e-09
      7180.00   1.0168285e-09
      7190.00   1.0129930e-09
      7200.00   1.0091742e-09
      7210.00   1.0053720e-09
      7220.00   1.0015865e-09
      7230.00   9.9781741e-10
      7240.00   9.9406490e-10
      7250.00   9.9032855e-10
      7260.00   9.8660855e-10
      7270.00   9.8290487e-10
      7280.00   9.7921716e-10
      7290.00   9.7554561e-10
      7300.00   9.7189008e-10
      7310.00   9.6825045e-10
      7320.00   9.6462657e-10
      7330.00   9.6101854e-10
      7340.00   9.5742612e-10
      7350.00   9.5384938e-10
      7360.00   9.5028821e-10
      7370.00   9.4674256e-10
      7380.00   9.4321214e-10
      7390.00   9.3969720e-10
      7400.00   9.3619743e-10
      7410.00   9.3271290e-10
      7420.00   9.2924349e-10
      7430.00   9.2578909e-10
      7440.00   9.2234968e-10
      7450.00   9.1892522e-10
      7460.00   9.1551561e-10
      7470.00   9.1212073e-10
      7480.00   9.0874057e-10
      7490.00   9.0537500e-10
      7500.00   9.0202410e-10
      7510.00   8.9868759e-10
      7520.00   8.9536552e-10
      7530.00   8.9205780e-10
      7540.00   8.8876448e-10
      7550.00   8.8548530e-10
      7560.00   8.8222032e-10
      7570.00   8.7896942e-10
      7580.00   8.7573245e-10
      7590.00   8.7250960e-10
      7600.00   8.6930063e-10
      7610.00   8.6610543e-10
      7620.00   8.6292406e-10
      7630.00   8.5975628e-10
      7640.00   8.5660229e-10
      7650.00   8.5346178e-10
      7660.00   8.5033486e-10
      7670.00   8.4722130e-10
      7680.00   8.4412116e-10
      7690.00   8.4103435e-10
      7700.00   8.3796084e-10
      7710.00   8.3490047e-10
      7720.00   8.3185324e-10
      7730.00   8.2881918e-10
      7740.00   8.2579807e-10
      7750.00   8.2278990e-10
      7760.00   8.1979465e-10
      7770.00   8.1681223e-10
      7780.00   8.1384256e-10
      7790.00   8.1088563e-10
      7800.00   8.0794134e-10
      7810.00   8.0500963e-10
      7820.00   8.0209053e-10
      7830.00   7.9918384e-10
      7840.00   7.9628961e-10
      7850.00   7.9340770e-10
      7860.00   7.9053808e-10
      7870.00   7.8768075e-10
      7880.00   7.8483556e-10
      7890.00   7.8200257e-10
      7900.00   7.7918158e-10
      7910.00   7.7637268e-10
      7920.00   7.7357569e-10
      7930.00   7.7079060e-10
      7940.00   7.6801739e-10
      7950.00   7.6525593e-10
      7960.00   7.6250631e-10
      7970.00   7.5976826e-10
      7980.00   7.5704191e-10
      7990.00   7.5432709e-10
      8000.00   7.5162378e-10
