      1600.00   1.9882778e-09
      1610.00   2.0336999e-09
      1620.00   2.0791818e-09
      1630.00   2.1247033e-09
      1640.00   2.1702431e-09
      1650.00   2.2157810e-09
      1660.00   2.2612969e-09
      1670.00   2.3067714e-09
      1680.00   2.3521846e-09
      1690.00   2.3975179e-09
      1700.00   2.4427526e-09
      1710.00   2.4878706e-09
      1720.00   2.5328537e-09
      1730.00   2.5776847e-09
      1740.00   2.6223462e-09
      1750.00   2.6668221e-09
      1760.00   2.7110958e-09
      1770.00   2.7551517e-09
      1780.00   2.7989745e-09
      1790.00   2.8425491e-09
      1800.00   2.8858609e-09
      1810.00   2.9288966e-09
      1820.00   2.9716412e-09
      1830.00   3.0140829e-09
      1840.00   3.0562083e-09
      1850.00   3.0980051e-09
      1860.00   3.1394615e-09
      1870.00   3.1805664e-09
      1880.00   3.2213083e-09
      1890.00   3.2616769e-09
      1900.00   3.3016619e-09
      1910.00   3.3412537e-09
      1920.00   3.3804428e-09
      1930.00   3.4192204e-09
      1940.00   3.4575785e-09
      1950.00   3.4955084e-09
      1960.00   3.5330027e-09
      1970.00   3.5700537e-09
      1980.00   3.6066552e-09
      1990.00   3.6428004e-09
      2000.00   3.6784827e-09
      2010.00   3.7136969e-09
      2020.00   3.7484374e-09
      2030.00   3.7826990e-09
      2040.00   3.8164774e-09
      2050.00   3.8497678e-09
      2060.00   3.8825663e-09
      2070.00   3.9148692e-09
      2080.00   3.9466737e-09
      2090.00   3.9779756e-09
      2100.00   4.0087727e-09
      2110.00   4.0390629e-09
      2120.00   4.0688435e-09
      2130.00   4.0981132e-09
      2140.00   4.1268696e-09
      2150.00   4.1551121e-09
      2160.00   4.1828392e-09
      2170.00   4.2100498e-09
      2180.00   4.2367443e-09
      2190.00   4.2629215e-09
      2200.00   4.2885817e-09
      2210.00   4.3137250e-09
      2220.00   4.3383515e-09
      2230.00   4.3624622e-09
      2240.00   4.3860574e-09
      2250.00   4.4091385e-09
      2260.00   4.4317066e-09
      2270.00   4.4537623e-09
      2280.00   4.4753083e-09
      2290.00   4.4963453e-09
      2300.00   4.5168760e-09
      2310.00   4.5369019e-09
      2320.00   4.5564254e-09
      2330.00   4.5754490e-09
      2340.00   4.5939745e-09
      2350.00   4.6120052e-09
      2360.00   4.6295436e-09
      2370.00   4.6465929e-09
      2380.00   4.6631556e-09
      2390.00   4.6792348e-09
      2400.00   4.6948343e-09
      2410.00   4.7099564e-09
      2420.00   4.7246058e-09
      2430.00   4.7387852e-09
      2440.00   4.7524984e-09
      2450.00   4.7657493e-09
      2460.00   4.7785419e-09
      2470.00   4.7908789e-09
      2480.00   4.8027647e-09
      2490.00   4.8142043e-09
      2500.00   4.8252007e-09
      2510.00   4.8357584e-09
      2520.00   4.8458819e-09
      2530.00   4.8555742e-09
      2540.00   4.8648410e-09
      2550.00   4.8736863e-09
      2560.00   4.8821137e-09
      2570.00   4.8901281e-09
      2580.00   4.8977341e-09
      2590.00   4.9049359e-09
      2600.00   4.9117385e-09
      2610.00   4.9181457e-09
      2620.00   4.9241627e-09
      2630.00   4.9297931e-09
      2640.00   4.9350423e-09
      2650.00   4.9399148e-09
      2660.00   4.9444154e-09
      2670.00   4.9485482e-09
      2680.00   4.9523182e-09
      2690.00   4.9557299e-09
      2700.00   4.9587873e-09
      2710.00   4.9614963e-09
      2720.00   4.9638611e-09
      2730.00   4.9658853e-09
      2740.00   4.9675748e-09
      2750.00   4.9689336e-09
      2760.00   4.9699671e-09
      2770.00   4.9706785e-09
      2780.00   4.9710733e-09
      2790.00   4.9711565e-09
      2800.00   4.9709312e-09
      2810.00   4.9704031e-09
      2820.00   4.9695769e-09
      2830.00   4.9684560e-09
      2840.00   4.9670458e-09
      2850.00   4.9653504e-09
      2860.00   4.9633746e-09
      2870.00   4.9611223e-09
      2880.00   4.9585977e-09
      2890.00   4.9558059e-09
      2900.00   4.9527506e-09
      2910.00   4.9494372e-09
      2920.00   4.9458687e-09
      2930.00   4.9420496e-09
      2940.00   4.9379845e-09
      2950.00   4.9336775e-09
      2960.00   4.9291322e-09
      2970.00   4.9243540e-09
      2980.00   4.9193457e-09
      2990.00   4.9141118e-09
      3000.00   4.9086567e-09
      3010.00   4.9029835e-09
      3020.00   4.8970972e-09
      3030.00   4.8910007e-09
      3040.00   4.8846990e-09
      3050.00   4.8781951e-09
      3060.00   4.8714931e-09
      3070.00   4.8645966e-09
      3080.00   4.8575092e-09
      3090.00   4.8502350e-09
      3100.00   4.8427778e-09
      3110.00   4.8351403e-09
      3120.00   4.8273275e-09
      3130.00   4.8193415e-09
      3140.00   4.8111870e-09
      3150.00   4.8028664e-09
      3160.00   4.7943844e-09
      3170.00   4.7857424e-09
      3180.00   4.7769462e-09
      3190.00   4.7679973e-09
      3200.00   4.7588998e-09
      3210.00   4.7496565e-09
      3220.00   4.7402714e-09
      3230.00   4.7307463e-09
      3240.00   4.7210854e-09
      3250.00   4.7112919e-09
      3260.00   4.7013684e-09
      3270.00   4.6913175e-09
      3280.00   4.6811431e-09
      3290.00   4.6708473e-09
      3300.00   4.6604337e-09
      3310.00   4.6499047e-09
      3320.00   4.6392629e-09
      3330.00   4.6285118e-09
      3340.00   4.6176539e-09
      3350.00   4.6066913e-09
      3360.00   4.5956274e-09
      3370.00   4.5844645e-09
      3380.00   4.5732053e-09
      3390.00   4.5618525e-09
      3400.00   4.5504085e-09
      3410.00   4.5388760e-09
      3420.00   4.5272569e-09
      3430.00   4.5155541e-09
      3440.00   4.5037699e-09
      3450.00   4.4919061e-09
      3460.00   4.4799665e-09
      3470.00   4.4679519e-09
      3480.00   4.4558648e-09
      3490.00   4.4437080e-09
      3500.00   4.4314835e-09
      3510.00   4.4191929e-09
      3520.00   4.4068392e-09
      3530.00   4.3944241e-09
      3540.00   4.3819493e-09
      3550.00   4.3694171e-09
      3560.00   4.3568299e-09
      3570.00   4.3441891e-09
      3580.00   4.3314969e-09
      3590.00   4.3187549e-09
      3600.00   4.3059654e-09
      3610.00   4.2931305e-09
      3620.00   4.2802512e-09
      3630.00   4.2673290e-09
      3640.00   4.2543668e-09
      3650.00   4.2413662e-09
      3660.00   4.2283281e-09
      3670.00   4.2152546e-09
      3680.00   4.2021476e-09
      3690.00   4.1890082e-09
      3700.00   4.1758384e-09
      3710.00   4.1626397e-09
      3720.00   4.1494132e-09
      3730.00   4.1361612e-09
      3740.00   4.1228846e-09
      3750.00   4.1095851e-09
      3760.00   4.0962636e-09
      3770.00   4.0829223e-09
      3780.00   4.0695621e-09
      3790.00   4.0561840e-09
      3800.00   4.0427907e-09
      3810.00   4.0293823e-09
      3820.00   4.0159603e-09
      3830.00   4.0025262e-09
      3840.00   3.9890808e-09
      3850.00   3.9756260e-09
      3860.00   3.9621622e-09
      3870.00   3.9486916e-09
      3880.00   3.9352145e-09
      3890.00   3.9217322e-09
      3900.00   3.9082460e-09
      3910.00   3.8947571e-09
      3920.00   3.8812662e-09
      3930.00   3.8677743e-09
      3940.00   3.8542828e-09
      3950.00   3.8407927e-09
      3960.00   3.8273049e-09
      3970.00   3.8138202e-09
      3980.00   3.8003399e-09
      3990.00   3.7868645e-09
      4000.00   3.7733950e-09
      4010.00   3.7599326e-09
      4020.00   3.7464779e-09
      4030.00   3.7330320e-09
      4040.00   3.7195954e-09
      4050.00   3.7061694e-09
      4060.00   3.6927542e-09
      4070.00   3.6793513e-09
      4080.00   3.6659609e-09
      4090.00   3.6525839e-09
      4100.00   3.6392215e-09
      4110.00   3.6258739e-09
      4120.00   3.6125417e-09
      4130.00   3.5992262e-09
      4140.00   3.5859274e-09
      4150.00   3.5726469e-09
      4160.00   3.5593844e-09
      4170.00   3.5461408e-09
      4180.00   3.5329169e-09
      4190.00   3.5197132e-09
      4200.00   3.5065305e-09
      4210.00   3.4933697e-09
      4220.00   3.4802301e-09
      4230.00   3.4671136e-09
      4240.00   3.4540197e-09
      4250.00   3.4409498e-09
      4260.00   3.4279042e-09
      4270.00   3.4148828e-09
      4280.00   3.4018870e-09
      4290.00   3.3889168e-09
      4300.00   3.3759727e-09
      4310.00   3.3630552e-09
      4320.00   3.3501647e-09
      4330.00   3.3373015e-09
      4340.00   3.3244663e-09
      4350.00   3.3116596e-09
      4360.00   3.2988816e-09
      4370.00   3.2861327e-09
      4380.00   3.2734132e-09
      4390.00   3.2607238e-09
      4400.00   3.2480643e-09
      4410.00   3.2354360e-09
      4420.00   3.2228380e-09
      4430.00   3.2102716e-09
      4440.00   3.1977367e-09
      4450.00   3.1852340e-09
      4460.00   3.1727634e-09
      4470.00   3.1603253e-09
      4480.00   3.1479199e-09
      4490.00   3.1355478e-09
      4500.00   3.1232092e-09
      4510.00   3.1109040e-09
      4520.00   3.0986331e-09
      4530.00   3.0863960e-09
      4540.00   3.0741934e-09
      4550.00   3.0620256e-09
      4560.00   3.0498926e-09
      4570.00   3.0377945e-09
      4580.00   3.0257318e-09
      4590.00   3.0137047e-09
      4600.00   3.0017134e-09
      4610.00   2.9897580e-09
      4620.00   2.9778384e-09
      4630.00   2.9659552e-09
      4640.00   2.9541086e-09
      4650.00   2.9422985e-09
      4660.00   2.9305252e-09
      4670.00   2.9187886e-09
      4680.00   2.9070893e-09
      4690.00   2.8954272e-09
      4700.00   2.8838021e-09
      4710.00   2.8722149e-09
      4720.00   2.8606649e-09
      4730.00   2.8491527e-09
      4740.00   2.8376787e-09
      4750.00   2.8262421e-09
      4760.00   2.8148439e-09
      4770.00   2.8034836e-09
      4780.00   2.7921615e-09
      4790.00   2.7808778e-09
      4800.00   2.7696324e-09
      4810.00   2.7584254e-09
      4820.00   2.7472568e-09
      4830.00   2.7361270e-09
      4840.00   2.7250358e-09
      4850.00   2.7139833e-09
      4860.00   2.7029696e-09
      4870.00   2.6919947e-09
      4880.00   2.6810585e-09
      4890.00   2.6701614e-09
      4900.00   2.6593031e-09
      4910.00   2.6484838e-09
      4920.00   2.6377039e-09
      4930.00   2.6269623e-09
      4940.00   2.6162602e-09
      4950.00   2.6055969e-09
      4960.00   2.5949726e-09
      4970.00   2.5843876e-09
      4980.00   2.5738417e-09
      4990.00   2.5633348e-09
      5000.00   2.5528671e-09
      5010.00   2.5424385e-09
      5020.00   2.5320488e-09
      5030.00   2.5216982e-09
      5040.00   2.5113870e-09
      5050.00   2.5011144e-09
      5060.00   2.4908809e-09
      5070.00   2.4806868e-09
      5080.00   2.4705312e-09
      5090.00   2.4604148e-09
      5100.00   2.4503375e-09
      5110.00   2.4402988e-09
      5120.00   2.4302990e-09
      5130.00   2.4203380e-09
      5140.00   2.4104160e-09
      5150.00   2.4005325e-09
      5160.00   2.3906880e-09
      5170.00   2.3808820e-09
      5180.00   2.3711145e-09
      5190.00   2.3613858e-09
      5200.00   2.3516955e-09
      5210.00   2.3420436e-09
      5220.00   2.3324302e-09
      5230.00   2.3228551e-09
      5240.00   2.3133183e-09
      5250.00   2.3038197e-09
      5260.00   2.2943591e-09
      5270.00   2.2849366e-09
      5280.00   2.2755523e-09
      5290.00   2.2662059e-09
      5300.00   2.2568973e-09
      5310.00   2.2476267e-09
      5320.00   2.2383937e-09
      5330.00   2.2291983e-09
      5340.00   2.2200405e-09
      5350.00   2.2109203e-09
      5360.00   2.2018375e-09
      5370.00   2.1927920e-09
      5380.00   2.1837838e-09
      5390.00   2.1748126e-09
      5400.00   2.1658785e-09
      5410.00   2.1569815e-09
      5420.00   2.1481214e-09
      5430.00   2.1392981e-09
      5440.00   2.1305117e-09
      5450.00   2.1217618e-09
      5460.00   2.1130482e-09
      5470.00   2.1043714e-09
      5480.00   2.0957307e-09
      5490.00   2.0871265e-09
      5500.00   2.0785582e-09
      5510.00   2.0700262e-09
      5520.00   2.0615302e-09
      5530.00   2.0530699e-09
      5540.00   2.0446453e-09
      5550.00   2.0362566e-09
      5560.00   2.0279031e-09
      5570.00   2.0195853e-09
      5580.00   2.0113030e-09
      5590.00   2.0030558e-09
      5600.00   1.9948436e-09
      5610.00   1.9866666e-09
      5620.00   1.9785244e-09
      5630.00   1.9704171e-09
      5640.00   1.9623447e-09
      5650.00   1.9543066e-09
      5660.00   1.9463032e-09
      5670.00   1.9383341e-09
      5680.00   1.9303993e-09
      5690.00   1.9224987e-09
      5700.00   1.9146321e-09
      5710.00   1.9067994e-09
      5720.00   1.8990008e-09
      5730.00   1.8912355e-09
      5740.00   1.8835043e-09
      5750.00   1.8758062e-09
      5760.00   1.8681416e-09
      5770.00   1.8605103e-09
      5780.00   1.8529121e-09
      5790.00   1.8453469e-09
      5800.00   1.8378146e-09
      5810.00   1.8303154e-09
      5820.00   1.8228487e-09
      5830.00   1.8154146e-09
      5840.00   1.8080129e-09
      5850.00   1.8006435e-09
      5860.00   1.7933064e-09
      5870.00   1.7860014e-09
      5880.00   1.7787283e-09
      5890.00   1.7714873e-09
      5900.00   1.7642778e-09
      5910.00   1.7571001e-09
      5920.00   1.7499537e-09
      5930.00   1.7428390e-09
      5940.00   1.7357555e-09
      5950.00   1.7287032e-09
      5960.00   1.7216819e-09
      5970.00   1.7146914e-09
      5980.00   1.7077319e-09
      5990.00   1.7008031e-09
      6000.00   1.6939049e-09
      6010.00   1.6870369e-09
      6020.00   1.6801994e-09
      6030.00   1.6733922e-09
      6040.00   1.6666151e-09
      6050.00   1.6598679e-09
      6060.00   1.6531506e-09
      6070.00   1.6464630e-09
      6080.00   1.6398052e-09
      6090.00   1.6331768e-09
      6100.00   1.6265779e-09
      6110.00   1.6200080e-09
      6120.00   1.6134676e-09
      6130.00   1.6069561e-09
      6140.00   1.6004735e-09
      6150.00   1.5940197e-09
      6160.00   1.5875946e-09
      6170.00   1.5811981e-09
      6180.00   1.5748301e-09
      6190.00   1.5684903e-09
      6200.00   1.5621789e-09
      6210.00   1.5558955e-09
      6220.00   1.5496400e-09
      6230.00   1.5434126e-09
      6240.00   1.5372129e-09
      6250.00   1.5310407e-09
      6260.00   1.5248961e-09
      6270.00   1.5187790e-09
      6280.00   1.5126891e-09
      6290.00   1.5066263e-09
      6300.00   1.5005907e-09
      6310.00   1.4945820e-09
      6320.00   1.4886003e-09
      6330.00   1.4826450e-09
      6340.00   1.4767164e-09
      6350.00   1.4708146e-09
      6360.00   1.4649389e-09
      6370.00   1.4590894e-09
      6380.00   1.4532662e-09
      6390.00   1.4474690e-09
      6400.00   1.4416977e-09
      6410.00   1.4359522e-09
      6420.00   1.4302324e-09
      6430.00   1.4245382e-09
      6440.00   1.4188696e-09
      6450.00   1.4132262e-09
      6460.00   1.4076081e-09
      6470.00   1.4020152e-09
      6480.00   1.3964472e-09
      6490.00   1.3909043e-09
      6500.00   1.3853862e-09
      6510.00   1.3798928e-09
      6520.00   1.3744239e-09
      6530.00   1.3689795e-09
      6540.00   1.3635595e-09
      6550.00   1.3581638e-09
      6560.00   1.3527922e-09
      6570.00   1.3474446e-09
      6580.00   1.3421211e-09
      6590.00   1.3368214e-09
      6600.00   1.3315454e-09
      6610.00   1.3262930e-09
      6620.00   1.3210642e-09
      6630.00   1.3158587e-09
      6640.00   1.3106765e-09
      6650.00   1.3055177e-09
      6660.00   1.3003818e-09
      6670.00   1.2952690e-09
      6680.00   1.2901791e-09
      6690.00   1.2851118e-09
      6700.00   1.2800674e-09
      6710.00   1.2750454e-09
      6720.00   1.2700460e-09
      6730.00   1.2650689e-09
      6740.00   1.2601141e-09
      6750.00   1.2551815e-09
      6760.00   1.2502709e-09
      6770.00   1.2453825e-09
      6780.00   1.2405157e-09
      6790.00   1.2356708e-09
      6800.00   1.2308474e-09
      6810.00   1.2260458e-09
      6820.00   1.2212656e-09
      6830.00   1.2165067e-09
      6840.00   1.2117691e-09
      6850.00   1.2070526e-09
      6860.00   1.2023573e-09
      6870.00   1.1976829e-09
      6880.00   1.1930294e-09
      6890.00   1.1883967e-09
      6900.00   1.1837846e-09
      6910.00   1.1791932e-09
      6920.00   1.1746223e-09
      6930.00   1.1700717e-09
      6940.00   1.1655416e-09
      6950.00   1.1610315e-09
      6960.00   1.1565415e-09
      6970.00   1.1520716e-09
      6980.00   1.1476217e-09
      6990.00   1.1431917e-09
      7000.00   1.1387813e-09
      7010.00   1.1343905e-09
      7020.00   1.1300193e-09
      7030.00   1.1256677e-09
      7040.00   1.1213353e-09
      7050.00   1.1170224e-09
      7060.00   1.1127285e-09
      7070.00   1.1084538e-09
      7080.00   1.1041981e-09
      7090.00   1.0999613e-09
      7100.00   1.0957433e-09
      7110.00   1.0915441e-09
      7120.00   1.0873636e-09
      7130.00   1.0832018e-09
      7140.00   1.0790582e-09
      7150.00   1.0749332e-09
      7160.00   1.0708264e-09
      7170.00   1.0667378e-09
      7180.00   1.0626674e-09
      7190.00   1.0586151e-09
      7200.00   1.0545807e-09
      7210.00   1.0505642e-09
      7220.00   1.0465657e-09
      7230.00   1.0425846e-09
      7240.00   1.0386214e-09
      7250.00   1.0346755e-09
      7260.00   1.0307471e-09
      7270.00   1.0268363e-09
      7280.00   1.0229425e-09
      7290.00   1.0190661e-09
      7300.00   1.0152069e-09
      7310.00   1.0113647e-09
      7320.00   1.0075394e-09
      7330.00   1.0037310e-09
      7340.00   9.9993941e-10
      7350.00   9.9616460e-10
      7360.00   9.9240646e-10
      7370.00   9.8866495e-10
      7380.00   9.8493974e-10
      7390.00   9.8123111e-10
      7400.00   9.7753873e-10
      7410.00   9.7386266e-10
      7420.00   9.7020278e-10
      7430.00   9.6655896e-10
      7440.00   9.6293118e-10
      7450.00   9.5931940e-10
      7460.00   9.5572351e-10
      7470.00   9.5214338e-10
      7480.00   9.4857899e-10
      7490.00   9.4503022e-10
      7500.00   9.4149712e-10
      7510.00   9.3797942e-10
      7520.00   9.3447716e-10
      7530.00   9.3099024e-10
      7540.00   9.2751871e-10
      7550.00   9.2406230e-10
      7560.00   9.2062106e-10
      7570.00   9.1719488e-10
      7580.00   9.1378357e-10
      7590.00   9.1038736e-10
      7600.00   9.0700597e-10
      7610.00   9.0363929e-10
      7620.00   9.0028739e-10
      7630.00   8.9695001e-10
      7640.00   8.9362734e-10
      7650.00   8.9031906e-10
      7660.00   8.8702531e-10
      7670.00   8.8374582e-10
      7680.00   8.8048065e-10
      7690.00   8.7722970e-10
      7700.00   8.7399295e-10
      7710.00   8.7077023e-10
      7720.00   8.6756153e-10
      7730.00   8.6436687e-10
      7740.00   8.6118604e-10
      7750.00   8.5801901e-10
      7760.00   8.5486576e-10
      7770.00   8.5172619e-10
      7780.00   8.4860023e-10
      7790.00   8.4548784e-10
      7800.00   8.4238894e-10
      7810.00   8.3930344e-10
      7820.00   8.3623139e-10
      7830.00   8.3317257e-10
      7840.00   8.3012702e-10
      7850.00   8.2709461e-10
      7860.00   8.2407530e-10
      7870.00   8.2106907e-10
      7880.00   8.1807580e-10
      7890.00   8.1509550e-10
      7900.00   8.1212799e-10
      7910.00   8.0917337e-10
      7920.00   8.0623143e-10
      7930.00   8.0330216e-10
      7940.00   8.0038554e-10
      7950.00   7.9748144e-10
      7960.00   7.9458994e-10
      7970.00   7.9171075e-10
      7980.00   7.8884402e-10
      7990.00   7.8598957e-10
      8000.00   7.8314737e-10
