      1600.00   3.6888857e-09
      1610.00   3.7587308e-09
      1620.00   3.8282803e-09
      1630.00   3.8975057e-09
      1640.00   3.9663769e-09
      1650.00   4.0348662e-09
      1660.00   4.1029461e-09
      1670.00   4.1705909e-09
      1680.00   4.2377739e-09
      1690.00   4.3044711e-09
      1700.00   4.3706588e-09
      1710.00   4.4363137e-09
      1720.00   4.5014136e-09
      1730.00   4.5659373e-09
      1740.00   4.6298637e-09
      1750.00   4.6931743e-09
      1760.00   4.7558493e-09
      1770.00   4.8178714e-09
      1780.00   4.8792232e-09
      1790.00   4.9398883e-09
      1800.00   4.9998510e-09
      1810.00   5.0590976e-09
      1820.00   5.1176120e-09
      1830.00   5.1753830e-09
      1840.00   5.2323974e-09
      1850.00   5.2886432e-09
      1860.00   5.3441098e-09
      1870.00   5.3987873e-09
      1880.00   5.4526652e-09
      1890.00   5.5057354e-09
      1900.00   5.5579892e-09
      1910.00   5.6094193e-09
      1920.00   5.6600185e-09
      1930.00   5.7097807e-09
      1940.00   5.7587010e-09
      1950.00   5.8067733e-09
      1960.00   5.8539937e-09
      1970.00   5.9003576e-09
      1980.00   5.9458627e-09
      1990.00   5.9905058e-09
      2000.00   6.0342838e-09
      2010.00   6.0771959e-09
      2020.00   6.1192404e-09
      2030.00   6.1604165e-09
      2040.00   6.2007242e-09
      2050.00   6.2401633e-09
      2060.00   6.2787341e-09
      2070.00   6.3164377e-09
      2080.00   6.3532765e-09
      2090.00   6.3892503e-09
      2100.00   6.4243624e-09
      2110.00   6.4586154e-09
      2120.00   6.4920116e-09
      2130.00   6.5245549e-09
      2140.00   6.5562477e-09
      2150.00   6.5870949e-09
      2160.00   6.6171000e-09
      2170.00   6.6462668e-09
      2180.00   6.6746015e-09
      2190.00   6.7021077e-09
      2200.00   6.7287911e-09
      2210.00   6.7546571e-09
      2220.00   6.7797110e-09
      2230.00   6.8039592e-09
      2240.00   6.8274069e-09
      2250.00   6.8500613e-09
      2260.00   6.8719283e-09
      2270.00   6.8930138e-09
      2280.00   6.9133261e-09
      2290.00   6.9328705e-09
      2300.00   6.9516553e-09
      2310.00   6.9696872e-09
      2320.00   6.9869734e-09
      2330.00   7.0035219e-09
      2340.00   7.0193390e-09
      2350.00   7.0344334e-09
      2360.00   7.0488127e-09
      2370.00   7.0624850e-09
      2380.00   7.0754573e-09
      2390.00   7.0877380e-09
      2400.00   7.0993358e-09
      2410.00   7.1102571e-09
      2420.00   7.1205121e-09
      2430.00   7.1301079e-09
      2440.00   7.1390529e-09
      2450.00   7.1473556e-09
      2460.00   7.1550249e-09
      2470.00   7.1620671e-09
      2480.00   7.1684915e-09
      2490.00   7.1743077e-09
      2500.00   7.1795229e-09
      2510.00   7.1841458e-09
      2520.00   7.1881852e-09
      2530.00   7.1916478e-09
      2540.00   7.1945441e-09
      2550.00   7.1968817e-09
      2560.00   7.1986681e-09
      2570.00   7.1999124e-09
      2580.00   7.2006230e-09
      2590.00   7.2008077e-09
      2600.00   7.2004756e-09
      2610.00   7.1996340e-09
      2620.00   7.1982917e-09
      2630.00   7.1964557e-09
      2640.00   7.1941353e-09
      2650.00   7.1913382e-09
      2660.00   7.1880728e-09
      2670.00   7.1843463e-09
      2680.00   7.1801673e-09
      2690.00   7.1755432e-09
      2700.00   7.1704811e-09
      2710.00   7.1649904e-09
      2720.00   7.1590784e-09
      2730.00   7.1527512e-09
      2740.00   7.1460181e-09
      2750.00   7.1388858e-09
      2760.00   7.1313628e-09
      2770.00   7.1234545e-09
      2780.00   7.1151696e-09
      2790.00   7.1065160e-09
      2800.00   7.0974988e-09
      2810.00   7.0881266e-09
      2820.00   7.0784070e-09
      2830.00   7.0683452e-09
      2840.00   7.0579494e-09
      2850.00   7.0472258e-09
      2860.00   7.0361821e-09
      2870.00   7.0248239e-09
      2880.00   7.0131577e-09
      2890.00   7.0011912e-09
      2900.00   6.9889296e-09
      2910.00   6.9763812e-09
      2920.00   6.9635504e-09
      2930.00   6.9504438e-09
      2940.00   6.9370680e-09
      2950.00   6.9234292e-09
      2960.00   6.9095326e-09
      2970.00   6.8953858e-09
      2980.00   6.8809930e-09
      2990.00   6.8663606e-09
      3000.00   6.8514947e-09
      3010.00   6.8363998e-09
      3020.00   6.8210831e-09
      3030.00   6.8055486e-09
      3040.00   6.7898030e-09
      3050.00   6.7738509e-09
      3060.00   6.7576977e-09
      3070.00   6.7413485e-09
      3080.00   6.7248084e-09
      3090.00   6.7080827e-09
      3100.00   6.6911766e-09
      3110.00   6.6740940e-09
      3120.00   6.6568416e-09
      3130.00   6.6394222e-09
      3140.00   6.6218420e-09
      3150.00   6.6041043e-09
      3160.00   6.5862153e-09
      3170.00   6.5681769e-09
      3180.00   6.5499968e-09
      3190.00   6.5316769e-09
      3200.00   6.5132226e-09
      3210.00   6.4946375e-09
      3220.00   6.4759270e-09
      3230.00   6.4570932e-09
      3240.00   6.4381415e-09
      3250.00   6.4190762e-09
      3260.00   6.3999006e-09
      3270.00   6.3806178e-09
      3280.00   6.3612330e-09
      3290.00   6.3417487e-09
      3300.00   6.3221695e-09
      3310.00   6.3024985e-09
      3320.00   6.2827387e-09
      3330.00   6.2628947e-09
      3340.00   6.2429696e-09
      3350.00   6.2229660e-09
      3360.00   6.2028878e-09
      3370.00   6.1827382e-09
      3380.00   6.1625202e-09
      3390.00   6.1422374e-09
      3400.00   6.1218924e-09
      3410.00   6.1014888e-09
      3420.00   6.0810286e-09
      3430.00   6.0605154e-09
      3440.00   6.0399519e-09
      3450.00   6.0193402e-09
      3460.00   5.9986852e-09
      3470.00   5.9779872e-09
      3480.00   5.9572495e-09
      3490.00   5.9364755e-09
      3500.00   5.9156674e-09
      3510.00   5.8948270e-09
      3520.00   5.8739578e-09
      3530.00   5.8530620e-09
      3540.00   5.8321411e-09
      3550.00   5.8111981e-09
      3560.00   5.7902357e-09
      3570.00   5.7692553e-09
      3580.00   5.7482596e-09
      3590.00   5.7272502e-09
      3600.00   5.7062300e-09
      3610.00   5.6852012e-09
      3620.00   5.6641647e-09
      3630.00   5.6431223e-09
      3640.00   5.6220773e-09
      3650.00   5.6010314e-09
      3660.00   5.5799857e-09
      3670.00   5.5589422e-09
      3680.00   5.5379033e-09
      3690.00   5.5168699e-09
      3700.00   5.4958444e-09
      3710.00   5.4748282e-09
      3720.00   5.4538226e-09
      3730.00   5.4328301e-09
      3740.00   5.4118514e-09
      3750.00   5.3908887e-09
      3760.00   5.3699425e-09
      3770.00   5.3490154e-09
      3780.00   5.3281081e-09
      3790.00   5.3072218e-09
      3800.00   5.2863595e-09
      3810.00   5.2655209e-09
      3820.00   5.2447076e-09
      3830.00   5.2239212e-09
      3840.00   5.2031625e-09
      3850.00   5.1824334e-09
      3860.00   5.1617343e-09
      3870.00   5.1410676e-09
      3880.00   5.1204332e-09
      3890.00   5.0998327e-09
      3900.00   5.0792672e-09
      3910.00   5.0587378e-09
      3920.00   5.0382454e-09
      3930.00   5.0177907e-09
      3940.00   4.9973753e-09
      3950.00   4.9769999e-09
      3960.00   4.9566657e-09
      3970.00   4.9363730e-09
      3980.00   4.9161235e-09
      3990.00   4.8959171e-09
      4000.00   4.8757551e-09
      4010.00   4.8556386e-09
      4020.00   4.8355680e-09
      4030.00   4.8155445e-09
      4040.00   4.7955682e-09
      4050.00   4.7756405e-09
      4060.00   4.7557614e-09
      4070.00   4.7359326e-09
      4080.00   4.7161539e-09
      4090.00   4.6964261e-09
      4100.00   4.6767504e-09
      4110.00   4.6571269e-09
      4120.00   4.6375560e-09
      4130.00   4.6180390e-09
      4140.00   4.5985755e-09
      4150.00   4.5791674e-09
      4160.00   4.5598140e-09
      4170.00   4.5405160e-09
      4180.00   4.5212743e-09
      4190.00   4.5020891e-09
      4200.00   4.4829612e-09
      4210.00   4.4638914e-09
      4220.00   4.4448785e-09
      4230.00   4.4259247e-09
      4240.00   4.4070290e-09
      4250.00   4.3881930e-09
      4260.00   4.3694166e-09
      4270.00   4.3506997e-09
      4280.00   4.3320435e-09
      4290.00   4.3134478e-09
      4300.00   4.2949130e-09
      4310.00   4.2764395e-09
      4320.00   4.2580275e-09
      4330.00   4.2396770e-09
      4340.00   4.2213887e-09
      4350.00   4.2031630e-09
      4360.00   4.1849998e-09
      4370.00   4.1668994e-09
      4380.00   4.1488620e-09
      4390.00   4.1308880e-09
      4400.00   4.1129773e-09
      4410.00   4.0951307e-09
      4420.00   4.0773474e-09
      4430.00   4.0596283e-09
      4440.00   4.0419734e-09
      4450.00   4.0243831e-09
      4460.00   4.0068571e-09
      4470.00   3.9893956e-09
      4480.00   3.9719989e-09
      4490.00   3.9546672e-09
      4500.00   3.9374005e-09
      4510.00   3.9201986e-09
      4520.00   3.9030624e-09
      4530.00   3.8859908e-09
      4540.00   3.8689848e-09
      4550.00   3.8520444e-09
      4560.00   3.8351693e-09
      4570.00   3.8183595e-09
      4580.00   3.8016154e-09
      4590.00   3.7849370e-09
      4600.00   3.7683242e-09
      4610.00   3.7517771e-09
      4620.00   3.7352954e-09
      4630.00   3.7188793e-09
      4640.00   3.7025293e-09
      4650.00   3.6862448e-09
      4660.00   3.6700260e-09
      4670.00   3.6538726e-09
      4680.00   3.6377850e-09
      4690.00   3.6217631e-09
      4700.00   3.6058065e-09
      4710.00   3.5899157e-09
      4720.00   3.5740901e-09
      4730.00   3.5583300e-09
      4740.00   3.5426357e-09
      4750.00   3.5270062e-09
      4760.00   3.5114423e-09
      4770.00   3.4959435e-09
      4780.00   3.4805097e-09
      4790.00   3.4651411e-09
      4800.00   3.4498374e-09
      4810.00   3.4345984e-09
      4820.00   3.4194241e-09
      4830.00   3.4043148e-09
      4840.00   3.3892700e-09
      4850.00   3.3742897e-09
      4860.00   3.3593738e-09
      4870.00   3.3445222e-09
      4880.00   3.3297345e-09
      4890.00   3.3150111e-09
      4900.00   3.3003515e-09
      4910.00   3.2857557e-09
      4920.00   3.2712240e-09
      4930.00   3.2567551e-09
      4940.00   3.2423500e-09
      4950.00   3.2280080e-09
      4960.00   3.2137290e-09
      4970.00   3.1995132e-09
      4980.00   3.1853603e-09
      4990.00   3.1712699e-09
      5000.00   3.1572421e-09
      5010.00   3.1432768e-09
      5020.00   3.1293734e-09
      5030.00   3.1155323e-09
      5040.00   3.1017533e-09
      5050.00   3.0880356e-09
      5060.00   3.0743795e-09
      5070.00   3.0607852e-09
      5080.00   3.0472517e-09
      5090.00   3.0337795e-09
      5100.00   3.0203683e-09
      5110.00   3.0070176e-09
      5120.00   2.9937274e-09
      5130.00   2.9804974e-09
      5140.00   2.9673280e-09
      5150.00   2.9542183e-09
      5160.00   2.9411686e-09
      5170.00   2.9281784e-09
      5180.00   2.9152475e-09
      5190.00   2.9023762e-09
      5200.00   2.8895637e-09
      5210.00   2.8768101e-09
      5220.00   2.8641152e-09
      5230.00   2.8514787e-09
      5240.00   2.8389007e-09
      5250.00   2.8263805e-09
      5260.00   2.8139182e-09
      5270.00   2.8015136e-09
      5280.00   2.7891666e-09
      5290.00   2.7768769e-09
      5300.00   2.7646441e-09
      5310.00   2.7524685e-09
      5320.00   2.7403493e-09
      5330.00   2.7282866e-09
      5340.00   2.7162803e-09
      5350.00   2.7043300e-09
      5360.00   2.6924356e-09
      5370.00   2.6805968e-09
      5380.00   2.6688135e-09
      5390.00   2.6570853e-09
      5400.00   2.6454120e-09
      5410.00   2.6337938e-09
      5420.00   2.6222300e-09
      5430.00   2.6107208e-09
      5440.00   2.5992658e-09
      5450.00   2.5878647e-09
      5460.00   2.5765171e-09
      5470.00   2.5652233e-09
      5480.00   2.5539827e-09
      5490.00   2.5427955e-09
      5500.00   2.5316608e-09
      5510.00   2.5205792e-09
      5520.00   2.5095500e-09
      5530.00   2.4985730e-09
      5540.00   2.4876479e-09
      5550.00   2.4767750e-09
      5560.00   2.4659532e-09
      5570.00   2.4551832e-09
      5580.00   2.4444645e-09
      5590.00   2.4337966e-09
      5600.00   2.4231793e-09
      5610.00   2.4126129e-09
      5620.00   2.4020966e-09
      5630.00   2.3916306e-09
      5640.00   2.3812146e-09
      5650.00   2.3708479e-09
      5660.00   2.3605311e-09
      5670.00   2.3502634e-09
      5680.00   2.3400449e-09
      5690.00   2.3298751e-09
      5700.00   2.3197540e-09
      5710.00   2.3096812e-09
      5720.00   2.2996570e-09
      5730.00   2.2896803e-09
      5740.00   2.2797519e-09
      5750.00   2.2698707e-09
      5760.00   2.2600369e-09
      5770.00   2.2502504e-09
      5780.00   2.2405108e-09
      5790.00   2.2308178e-09
      5800.00   2.2211714e-09
      5810.00   2.2115716e-09
      5820.00   2.2020177e-09
      5830.00   2.1925096e-09
      5840.00   2.1830473e-09
      5850.00   2.1736304e-09
      5860.00   2.1642588e-09
      5870.00   2.1549322e-09
      5880.00   2.1456505e-09
      5890.00   2.1364136e-09
      5900.00   2.1272210e-09
      5910.00   2.1180727e-09
      5920.00   2.1089682e-09
      5930.00   2.0999078e-09
      5940.00   2.0908911e-09
      5950.00   2.0819176e-09
      5960.00   2.0729874e-09
      5970.00   2.0641002e-09
      5980.00   2.0552559e-09
      5990.00   2.0464542e-09
      6000.00   2.0376949e-09
      6010.00   2.0289776e-09
      6020.00   2.0203025e-09
      6030.00   2.0116692e-09
      6040.00   2.0030776e-09
      6050.00   1.9945273e-09
      6060.00   1.9860182e-09
      6070.00   1.9775501e-09
      6080.00   1.9691230e-09
      6090.00   1.9607365e-09
      6100.00   1.9523904e-09
      6110.00   1.9440843e-09
      6120.00   1.9358187e-09
      6130.00   1.9275926e-09
      6140.00   1.9194063e-09
      6150.00   1.9112594e-09
      6160.00   1.9031518e-09
      6170.00   1.8950833e-09
      6180.00   1.8870537e-09
      6190.00   1.8790627e-09
      6200.00   1.8711105e-09
      6210.00   1.8631964e-09
      6220.00   1.8553204e-09
      6230.00   1.8474826e-09
      6240.00   1.8396825e-09
      6250.00   1.8319197e-09
      6260.00   1.8241946e-09
      6270.00   1.8165068e-09
      6280.00   1.8088559e-09
      6290.00   1.8012417e-09
      6300.00   1.7936643e-09
      6310.00   1.7861234e-09
      6320.00   1.7786190e-09
      6330.00   1.7711503e-09
      6340.00   1.7637177e-09
      6350.00   1.7563212e-09
      6360.00   1.7489600e-09
      6370.00   1.7416342e-09
      6380.00   1.7343437e-09
      6390.00   1.7270883e-09
      6400.00   1.7198677e-09
      6410.00   1.7126818e-09
      6420.00   1.7055305e-09
      6430.00   1.6984136e-09
      6440.00   1.6913310e-09
      6450.00   1.6842823e-09
      6460.00   1.6772674e-09
      6470.00   1.6702862e-09
      6480.00   1.6633386e-09
      6490.00   1.6564244e-09
      6500.00   1.6495433e-09
      6510.00   1.6426952e-09
      6520.00   1.6358800e-09
      6530.00   1.6290974e-09
      6540.00   1.6223473e-09
      6550.00   1.6156298e-09
      6560.00   1.6089442e-09
      6570.00   1.6022907e-09
      6580.00   1.5956691e-09
      6590.00   1.5890793e-09
      6600.00   1.5825210e-09
      6610.00   1.5759940e-09
      6620.00   1.5694983e-09
      6630.00   1.5630335e-09
      6640.00   1.5565997e-09
      6650.00   1.5501968e-09
      6660.00   1.5438243e-09
      6670.00   1.5374824e-09
      6680.00   1.5311708e-09
      6690.00   1.5248891e-09
      6700.00   1.5186376e-09
      6710.00   1.5124158e-09
      6720.00   1.5062237e-09
      6730.00   1.5000610e-09
      6740.00   1.4939279e-09
      6750.00   1.4878239e-09
      6760.00   1.4817490e-09
      6770.00   1.4757032e-09
      6780.00   1.4696859e-09
      6790.00   1.4636974e-09
      6800.00   1.4577373e-09
      6810.00   1.4518056e-09
      6820.00   1.4459021e-09
      6830.00   1.4400266e-09
      6840.00   1.4341790e-09
      6850.00   1.4283591e-09
      6860.00   1.4225670e-09
      6870.00   1.4168022e-09
      6880.00   1.4110649e-09
      6890.00   1.4053547e-09
      6900.00   1.3996714e-09
      6910.00   1.3940152e-09
      6920.00   1.3883860e-09
      6930.00   1.3827831e-09
      6940.00   1.3772069e-09
      6950.00   1.3716569e-09
      6960.00   1.3661332e-09
      6970.00   1.3606356e-09
      6980.00   1.3551640e-09
      6990.00   1.3497184e-09
      7000.00   1.3442982e-09
      7010.00   1.3389037e-09
      7020.00   1.3335346e-09
      7030.00   1.3281909e-09
      7040.00   1.3228723e-09
      7050.00   1.3175788e-09
      7060.00   1.3123102e-09
      7070.00   1.3070664e-09
      7080.00   1.3018472e-09
      7090.00   1.2966525e-09
      7100.00   1.2914823e-09
      7110.00   1.2863364e-09
      7120.00   1.2812147e-09
      7130.00   1.2761170e-09
      7140.00   1.2710431e-09
      7150.00   1.2659931e-09
      7160.00   1.2609667e-09
      7170.00   1.2559639e-09
      7180.00   1.2509845e-09
      7190.00   1.2460284e-09
      7200.00   1.2410955e-09
      7210.00   1.2361856e-09
      7220.00   1.2312988e-09
      7230.00   1.2264346e-09
      7240.00   1.2215934e-09
      7250.00   1.2167745e-09
      7260.00   1.2119782e-09
      7270.00   1.2072043e-09
      7280.00   1.2024525e-09
      7290.00   1.1977230e-09
      7300.00   1.1930155e-09
      7310.00   1.1883298e-09
      7320.00   1.1836659e-09
      7330.00   1.1790238e-09
      7340.00   1.1744031e-09
      7350.00   1.1698039e-09
      7360.00   1.1652262e-09
      7370.00   1.1606697e-09
      7380.00   1.1561341e-09
      7390.00   1.1516197e-09
      7400.00   1.1471262e-09
      7410.00   1.1426534e-09
      7420.00   1.1382014e-09
      7430.00   1.1337700e-09
      7440.00   1.1293590e-09
      7450.00   1.1249684e-09
      7460.00   1.1205982e-09
      7470.00   1.1162480e-09
      7480.00   1.1119180e-09
      7490.00   1.1076078e-09
      7500.00   1.1033177e-09
      7510.00   1.0990471e-09
      7520.00   1.0947963e-09
      7530.00   1.0905649e-09
      7540.00   1.0863532e-09
      7550.00   1.0821607e-09
      7560.00   1.0779875e-09
      7570.00   1.0738334e-09
      7580.00   1.0696983e-09
      7590.00   1.0655823e-09
      7600.00   1.0614852e-09
      7610.00   1.0574068e-09
      7620.00   1.0533471e-09
      7630.00   1.0493058e-09
      7640.00   1.0452832e-09
      7650.00   1.0412788e-09
      7660.00   1.0372929e-09
      7670.00   1.0333250e-09
      7680.00   1.0293753e-09
      7690.00   1.0254436e-09
      7700.00   1.0215298e-09
      7710.00   1.0176338e-09
      7720.00   1.0137556e-09
      7730.00   1.0098951e-09
      7740.00   1.0060521e-09
      7750.00   1.0022265e-09
      7760.00   9.9841833e-10
      7770.00   9.9462745e-10
      7780.00   9.9085374e-10
      7790.00   9.8709716e-10
      7800.00   9.8335761e-10
      7810.00   9.7963496e-10
      7820.00   9.7592926e-10
      7830.00   9.7224024e-10
      7840.00   9.6856795e-10
      7850.00   9.6491219e-10
      7860.00   9.6127295e-10
      7870.00   9.5765018e-10
      7880.00   9.5404370e-10
      7890.00   9.5045355e-10
      7900.00   9.4687949e-10
      7910.00   9.4332162e-10
      7920.00   9.3977970e-10
      7930.00   9.3625370e-10
      7940.00   9.3274358e-10
      7950.00   9.2924919e-10
      7960.00   9.2577062e-10
      7970.00   9.2230750e-10
      7980.00   9.1886001e-10
      7990.00   9.1542792e-10
      8000.00   9.1201119e-10
