      1600.00   4.8667208e-09
      1610.00   4.9503653e-09
      1620.00   5.0334276e-09
      1630.00   5.1158764e-09
      1640.00   5.1976782e-09
      1650.00   5.2788032e-09
      1660.00   5.3592213e-09
      1670.00   5.4389053e-09
      1680.00   5.5178266e-09
      1690.00   5.5959599e-09
      1700.00   5.6732808e-09
      1710.00   5.7497651e-09
      1720.00   5.8253901e-09
      1730.00   5.9001344e-09
      1740.00   5.9739769e-09
      1750.00   6.0468996e-09
      1760.00   6.1188831e-09
      1770.00   6.1899109e-09
      1780.00   6.2599665e-09
      1790.00   6.3290348e-09
      1800.00   6.3971012e-09
      1810.00   6.4641540e-09
      1820.00   6.5301781e-09
      1830.00   6.5951650e-09
      1840.00   6.6591030e-09
      1850.00   6.7219825e-09
      1860.00   6.7837951e-09
      1870.00   6.8445337e-09
      1880.00   6.9041902e-09
      1890.00   6.9627591e-09
      1900.00   7.0202347e-09
      1910.00   7.0766125e-09
      1920.00   7.1318884e-09
      1930.00   7.1860594e-09
      1940.00   7.2391241e-09
      1950.00   7.2910793e-09
      1960.00   7.3419248e-09
      1970.00   7.3916590e-09
      1980.00   7.4402835e-09
      1990.00   7.4877986e-09
      2000.00   7.5342045e-09
      2010.00   7.5795042e-09
      2020.00   7.6236999e-09
      2030.00   7.6667941e-09
      2040.00   7.7087910e-09
      2050.00   7.7496938e-09
      2060.00   7.7895067e-09
      2070.00   7.8282347e-09
      2080.00   7.8658841e-09
      2090.00   7.9024582e-09
      2100.00   7.9379643e-09
      2110.00   7.9724091e-09
      2120.00   8.0057982e-09
      2130.00   8.0381400e-09
      2140.00   8.0694402e-09
      2150.00   8.0997078e-09
      2160.00   8.1289500e-09
      2170.00   8.1571743e-09
      2180.00   8.1843909e-09
      2190.00   8.2106070e-09
      2200.00   8.2358321e-09
      2210.00   8.2600755e-09
      2220.00   8.2833457e-09
      2230.00   8.3056533e-09
      2240.00   8.3270068e-09
      2250.00   8.3474171e-09
      2260.00   8.3668939e-09
      2270.00   8.3854460e-09
      2280.00   8.4030860e-09
      2290.00   8.4198220e-09
      2300.00   8.4356663e-09
      2310.00   8.4506285e-09
      2320.00   8.4647196e-09
      2330.00   8.4779506e-09
      2340.00   8.4903312e-09
      2350.00   8.5018733e-09
      2360.00   8.5125878e-09
      2370.00   8.5224858e-09
      2380.00   8.5315776e-09
      2390.00   8.5398745e-09
      2400.00   8.5473882e-09
      2410.00   8.5541282e-09
      2420.00   8.5601076e-09
      2430.00   8.5653365e-09
      2440.00   8.5698260e-09
      2450.00   8.5735875e-09
      2460.00   8.5766327e-09
      2470.00   8.5789703e-09
      2480.00   8.5806125e-09
      2490.00   8.5815718e-09
      2500.00   8.5818576e-09
      2510.00   8.5814811e-09
      2520.00   8.5804540e-09
      2530.00   8.5787849e-09
      2540.00   8.5764872e-09
      2550.00   8.5735708e-09
      2560.00   8.5700451e-09
      2570.00   8.5659219e-09
      2580.00   8.5612117e-09
      2590.00   8.5559243e-09
      2600.00   8.5500714e-09
      2610.00   8.5436620e-09
      2620.00   8.5367072e-09
      2630.00   8.5292158e-09
      2640.00   8.5211991e-09
      2650.00   8.5126669e-09
      2660.00   8.5036296e-09
      2670.00   8.4940959e-09
      2680.00   8.4840766e-09
      2690.00   8.4735806e-09
      2700.00   8.4626168e-09
      2710.00   8.4511964e-09
      2720.00   8.4393284e-09
      2730.00   8.4270203e-09
      2740.00   8.4142832e-09
      2750.00   8.4011252e-09
      2760.00   8.3875567e-09
      2770.00   8.3735841e-09
      2780.00   8.3592178e-09
      2790.00   8.3444673e-09
      2800.00   8.3293386e-09
      2810.00   8.3138420e-09
      2820.00   8.2979865e-09
      2830.00   8.2817782e-09
      2840.00   8.2652270e-09
      2850.00   8.2483401e-09
      2860.00   8.2311265e-09
      2870.00   8.2135928e-09
      2880.00   8.1957466e-09
      2890.00   8.1775969e-09
      2900.00   8.1591498e-09
      2910.00   8.1404151e-09
      2920.00   8.1213977e-09
      2930.00   8.1021053e-09
      2940.00   8.0825456e-09
      2950.00   8.0627258e-09
      2960.00   8.0426516e-09
      2970.00   8.0223321e-09
      2980.00   8.0017720e-09
      2990.00   7.9809786e-09
      3000.00   7.9599589e-09
      3010.00   7.9387179e-09
      3020.00   7.9172640e-09
      3030.00   7.8956016e-09
      3040.00   7.8737385e-09
      3050.00   7.8516797e-09
      3060.00   7.8294314e-09
      3070.00   7.8069992e-09
      3080.00   7.7843890e-09
      3090.00   7.7616067e-09
      3100.00   7.7386583e-09
      3110.00   7.7155479e-09
      3120.00   7.6922831e-09
      3130.00   7.6688670e-09
      3140.00   7.6453065e-09
      3150.00   7.6216053e-09
      3160.00   7.5977703e-09
      3170.00   7.5738035e-09
      3180.00   7.5497135e-09
      3190.00   7.5255023e-09
      3200.00   7.5011761e-09
      3210.00   7.4767385e-09
      3220.00   7.4521955e-09
      3230.00   7.4275496e-09
      3240.00   7.4028065e-09
      3250.00   7.3779710e-09
      3260.00   7.3530467e-09
      3270.00   7.3280368e-09
      3280.00   7.3029472e-09
      3290.00   7.2777803e-09
      3300.00   7.2525414e-09
      3310.00   7.2272335e-09
      3320.00   7.2018601e-09
      3330.00   7.1764260e-09
      3340.00   7.1509346e-09
      3350.00   7.1253885e-09
      3360.00   7.0997921e-09
      3370.00   7.0741486e-09
      3380.00   7.0484615e-09
      3390.00   7.0227343e-09
      3400.00   6.9969699e-09
      3410.00   6.9711720e-09
      3420.00   6.9453428e-09
      3430.00   6.9194862e-09
      3440.00   6.8936048e-09
      3450.00   6.8677009e-09
      3460.00   6.8417797e-09
      3470.00   6.8158416e-09
      3480.00   6.7898896e-09
      3490.00   6.7639277e-09
      3500.00   6.7379579e-09
      3510.00   6.7119822e-09
      3520.00   6.6860043e-09
      3530.00   6.6600263e-09
      3540.00   6.6340497e-09
      3550.00   6.6080778e-09
      3560.00   6.5821132e-09
      3570.00   6.5561574e-09
      3580.00   6.5302131e-09
      3590.00   6.5042819e-09
      3600.00   6.4783668e-09
      3610.00   6.4524701e-09
      3620.00   6.4265926e-09
      3630.00   6.4007360e-09
      3640.00   6.3749039e-09
      3650.00   6.3490978e-09
      3660.00   6.3233188e-09
      3670.00   6.2975690e-09
      3680.00   6.2718507e-09
      3690.00   6.2461649e-09
      3700.00   6.2205137e-09
      3710.00   6.1948989e-09
      3720.00   6.1693214e-09
      3730.00   6.1437839e-09
      3740.00   6.1182870e-09
      3750.00   6.0928327e-09
      3760.00   6.0674216e-09
      3770.00   6.0420564e-09
      3780.00   6.0167376e-09
      3790.00   5.9914662e-09
      3800.00   5.9662454e-09
      3810.00   5.9410746e-09
      3820.00   5.9159556e-09
      3830.00   5.8908898e-09
      3840.00   5.8658778e-09
      3850.00   5.8409217e-09
      3860.00   5.8160216e-09
      3870.00   5.7911800e-09
      3880.00   5.7663966e-09
      3890.00   5.7416729e-09
      3900.00   5.7170100e-09
      3910.00   5.6924090e-09
      3920.00   5.6678705e-09
      3930.00   5.6433952e-09
      3940.00   5.6189847e-09
      3950.00   5.5946395e-09
      3960.00   5.5703607e-09
      3970.00   5.5461486e-09
      3980.00   5.5220047e-09
      3990.00   5.4979289e-09
      4000.00   5.4739223e-09
      4010.00   5.4499860e-09
      4020.00   5.4261202e-09
      4030.00   5.4023260e-09
      4040.00   5.3786034e-09
      4050.00   5.3549539e-09
      4060.00   5.3313770e-09
      4070.00   5.3078746e-09
      4080.00   5.2844463e-09
      4090.00   5.2610928e-09
      4100.00   5.2378151e-09
      4110.00   5.2146134e-09
      4120.00   5.1914877e-09
      4130.00   5.1684394e-09
      4140.00   5.1454678e-09
      4150.00   5.1225750e-09
      4160.00   5.0997599e-09
      4170.00   5.0770232e-09
      4180.00   5.0543655e-09
      4190.00   5.0317871e-09
      4200.00   5.0092887e-09
      4210.00   4.9868708e-09
      4220.00   4.9645321e-09
      4230.00   4.9422749e-09
      4240.00   4.9200979e-09
      4250.00   4.8980026e-09
      4260.00   4.8759888e-09
      4270.00   4.8540562e-09
      4280.00   4.8322059e-09
      4290.00   4.8104378e-09
      4300.00   4.7887519e-09
      4310.00   4.7671485e-09
      4320.00   4.7456279e-09
      4330.00   4.7241897e-09
      4340.00   4.7028347e-09
      4350.00   4.6815631e-09
      4360.00   4.6603747e-09
      4370.00   4.6392696e-09
      4380.00   4.6182478e-09
      4390.00   4.5973099e-09
      4400.00   4.5764554e-09
      4410.00   4.5556851e-09
      4420.00   4.5349979e-09
      4430.00   4.5143948e-09
      4440.00   4.4938756e-09
      4450.00   4.4734406e-09
      4460.00   4.4530892e-09
      4470.00   4.4328218e-09
      4480.00   4.4126383e-09
      4490.00   4.3925389e-09
      4500.00   4.3725235e-09
      4510.00   4.3525917e-09
      4520.00   4.3327444e-09
      4530.00   4.3129803e-09
      4540.00   4.2933002e-09
      4550.00   4.2737041e-09
      4560.00   4.2541917e-09
      4570.00   4.2347625e-09
      4580.00   4.2154171e-09
      4590.00   4.1961552e-09
      4600.00   4.1769768e-09
      4610.00   4.1578818e-09
      4620.00   4.1388697e-09
      4630.00   4.1199406e-09
      4640.00   4.1010949e-09
      4650.00   4.0823320e-09
      4660.00   4.0636519e-09
      4670.00   4.0450540e-09
      4680.00   4.0265388e-09
      4690.00   4.0081062e-09
      4700.00   3.9897553e-09
      4710.00   3.9714869e-09
      4720.00   3.9533001e-09
      4730.00   3.9351950e-09
      4740.00   3.9171719e-09
      4750.00   3.8992297e-09
      4760.00   3.8813691e-09
      4770.00   3.8635894e-09
      4780.00   3.8458904e-09
      4790.00   3.8282724e-09
      4800.00   3.8107348e-09
      4810.00   3.7932772e-09
      4820.00   3.7758997e-09
      4830.00   3.7586024e-09
      4840.00   3.7413847e-09
      4850.00   3.7242465e-09
      4860.00   3.7071875e-09
      4870.00   3.6902078e-09
      4880.00   3.6733066e-09
      4890.00   3.6564842e-09
      4900.00   3.6397402e-09
      4910.00   3.6230744e-09
      4920.00   3.6064869e-09
      4930.00   3.5899763e-09
      4940.00   3.5735438e-09
      4950.00   3.5571883e-09
      4960.00   3.5409095e-09
      4970.00   3.5247079e-09
      4980.00   3.5085828e-09
      4990.00   3.4925338e-09
      5000.00   3.4765609e-09
      5010.00   3.4606639e-09
      5020.00   3.4448422e-09
      5030.00   3.4290958e-09
      5040.00   3.4134247e-09
      5050.00   3.3978280e-09
      5060.00   3.3823057e-09
      5070.00   3.3668582e-09
      5080.00   3.3514841e-09
      5090.00   3.3361840e-09
      5100.00   3.3209575e-09
      5110.00   3.3058039e-09
      5120.00   3.2907232e-09
      5130.00   3.2757150e-09
      5140.00   3.2607795e-09
      5150.00   3.2459159e-09
      5160.00   3.2311244e-09
      5170.00   3.2164043e-09
      5180.00   3.2017553e-09
      5190.00   3.1871777e-09
      5200.00   3.1726706e-09
      5210.00   3.1582340e-09
      5220.00   3.1438676e-09
      5230.00   3.1295710e-09
      5240.00   3.1153443e-09
      5250.00   3.1011866e-09
      5260.00   3.0870980e-09
      5270.00   3.0730782e-09
      5280.00   3.0591270e-09
      5290.00   3.0452441e-09
      5300.00   3.0314290e-09
      5310.00   3.0176817e-09
      5320.00   3.0040018e-09
      5330.00   2.9903888e-09
      5340.00   2.9768427e-09
      5350.00   2.9633632e-09
      5360.00   2.9499500e-09
      5370.00   2.9366027e-09
      5380.00   2.9233211e-09
      5390.00   2.9101048e-09
      5400.00   2.8969535e-09
      5410.00   2.8838673e-09
      5420.00   2.8708455e-09
      5430.00   2.8578880e-09
      5440.00   2.8449947e-09
      5450.00   2.8321650e-09
      5460.00   2.8193984e-09
      5470.00   2.8066952e-09
      5480.00   2.7940548e-09
      5490.00   2.7814771e-09
      5500.00   2.7689614e-09
      5510.00   2.7565081e-09
      5520.00   2.7441164e-09
      5530.00   2.7317861e-09
      5540.00   2.7195167e-09
      5550.00   2.7073087e-09
      5560.00   2.6951607e-09
      5570.00   2.6830734e-09
      5580.00   2.6710463e-09
      5590.00   2.6590787e-09
      5600.00   2.6471705e-09
      5610.00   2.6353218e-09
      5620.00   2.6235317e-09
      5630.00   2.6118006e-09
      5640.00   2.6001279e-09
      5650.00   2.5885129e-09
      5660.00   2.5769561e-09
      5670.00   2.5654567e-09
      5680.00   2.5540147e-09
      5690.00   2.5426296e-09
      5700.00   2.5313012e-09
      5710.00   2.5200293e-09
      5720.00   2.5088138e-09
      5730.00   2.4976538e-09
      5740.00   2.4865500e-09
      5750.00   2.4755012e-09
      5760.00   2.4645075e-09
      5770.00   2.4535688e-09
      5780.00   2.4426846e-09
      5790.00   2.4318547e-09
      5800.00   2.4210788e-09
      5810.00   2.4103570e-09
      5820.00   2.3996885e-09
      5830.00   2.3890733e-09
      5840.00   2.3785110e-09
      5850.00   2.3680014e-09
      5860.00   2.3575444e-09
      5870.00   2.3471395e-09
      5880.00   2.3367866e-09
      5890.00   2.3264855e-09
      5900.00   2.3162357e-09
      5910.00   2.3060371e-09
      5920.00   2.2958893e-09
      5930.00   2.2857924e-09
      5940.00   2.2757459e-09
      5950.00   2.2657495e-09
      5960.00   2.2558030e-09
      5970.00   2.2459061e-09
      5980.00   2.2360587e-09
      5990.00   2.2262605e-09
      6000.00   2.2165112e-09
      6010.00   2.2068103e-09
      6020.00   2.1971580e-09
      6030.00   2.1875540e-09
      6040.00   2.1779978e-09
      6050.00   2.1684893e-09
      6060.00   2.1590281e-09
      6070.00   2.1496143e-09
      6080.00   2.1402474e-09
      6090.00   2.1309273e-09
      6100.00   2.1216536e-09
      6110.00   2.1124259e-09
      6120.00   2.1032446e-09
      6130.00   2.0941088e-09
      6140.00   2.0850187e-09
      6150.00   2.0759738e-09
      6160.00   2.0669739e-09
      6170.00   2.0580189e-09
      6180.00   2.0491085e-09
      6190.00   2.0402423e-09
      6200.00   2.0314206e-09
      6210.00   2.0226425e-09
      6220.00   2.0139081e-09
      6230.00   2.0052174e-09
      6240.00   1.9965698e-09
      6250.00   1.9879650e-09
      6260.00   1.9794032e-09
      6270.00   1.9708841e-09
      6280.00   1.9624071e-09
      6290.00   1.9539721e-09
      6300.00   1.9455792e-09
      6310.00   1.9372279e-09
      6320.00   1.9289183e-09
      6330.00   1.9206496e-09
      6340.00   1.9124220e-09
      6350.00   1.9042355e-09
      6360.00   1.8960893e-09
      6370.00   1.8879835e-09
      6380.00   1.8799179e-09
      6390.00   1.8718924e-09
      6400.00   1.8639065e-09
      6410.00   1.8559602e-09
      6420.00   1.8480532e-09
      6430.00   1.8401853e-09
      6440.00   1.8323566e-09
      6450.00   1.8245663e-09
      6460.00   1.8168145e-09
      6470.00   1.8091012e-09
      6480.00   1.8014259e-09
      6490.00   1.7937886e-09
      6500.00   1.7861890e-09
      6510.00   1.7786269e-09
      6520.00   1.7711021e-09
      6530.00   1.7636143e-09
      6540.00   1.7561635e-09
      6550.00   1.7487495e-09
      6560.00   1.7413720e-09
      6570.00   1.7340307e-09
      6580.00   1.7267257e-09
      6590.00   1.7194566e-09
      6600.00   1.7122233e-09
      6610.00   1.7050255e-09
      6620.00   1.6978631e-09
      6630.00   1.6907358e-09
      6640.00   1.6836436e-09
      6650.00   1.6765863e-09
      6660.00   1.6695636e-09
      6670.00   1.6625753e-09
      6680.00   1.6556213e-09
      6690.00   1.6487013e-09
      6700.00   1.6418153e-09
      6710.00   1.6349630e-09
      6720.00   1.6281443e-09
      6730.00   1.6213588e-09
      6740.00   1.6146067e-09
      6750.00   1.6078875e-09
      6760.00   1.6012011e-09
      6770.00   1.5945476e-09
      6780.00   1.5879263e-09
      6790.00   1.5813375e-09
      6800.00   1.5747808e-09
      6810.00   1.5682561e-09
      6820.00   1.5617632e-09
      6830.00   1.5553019e-09
      6840.00   1.5488720e-09
      6850.00   1.5424735e-09
      6860.00   1.5361061e-09
      6870.00   1.5297697e-09
      6880.00   1.5234641e-09
      6890.00   1.5171891e-09
      6900.00   1.5109444e-09
      6910.00   1.5047302e-09
      6920.00   1.4985463e-09
      6930.00   1.4923922e-09
      6940.00   1.4862680e-09
      6950.00   1.4801734e-09
      6960.00   1.4741083e-09
      6970.00   1.4680725e-09
      6980.00   1.4620661e-09
      6990.00   1.4560887e-09
      7000.00   1.4501401e-09
      7010.00   1.4442201e-09
      7020.00   1.4383289e-09
      7030.00   1.4324661e-09
      7040.00   1.4266315e-09
      7050.00   1.4208251e-09
      7060.00   1.4150467e-09
      7070.00   1.4092961e-09
      7080.00   1.4035730e-09
      7090.00   1.3978776e-09
      7100.00   1.3922095e-09
      7110.00   1.3865687e-09
      7120.00   1.3809551e-09
      7130.00   1.3753684e-09
      7140.00   1.3698084e-09
      7150.00   1.3642751e-09
      7160.00   1.3587683e-09
      7170.00   1.3532879e-09
      7180.00   1.3478337e-09
      7190.00   1.3424057e-09
      7200.00   1.3370036e-09
      7210.00   1.3316273e-09
      7220.00   1.3262769e-09
      7230.00   1.3209517e-09
      7240.00   1.3156523e-09
      7250.00   1.3103778e-09
      7260.00   1.3051285e-09
      7270.00   1.2999045e-09
      7280.00   1.2947050e-09
      7290.00   1.2895305e-09
      7300.00   1.2843806e-09
      7310.00   1.2792551e-09
      7320.00   1.2741539e-09
      7330.00   1.2690771e-09
      7340.00   1.2640242e-09
      7350.00   1.2589954e-09
      7360.00   1.2539904e-09
      7370.00   1.2490092e-09
      7380.00   1.2440513e-09
      7390.00   1.2391172e-09
      7400.00   1.2342062e-09
      7410.00   1.2293185e-09
      7420.00   1.2244539e-09
      7430.00   1.2196122e-09
      7440.00   1.2147934e-09
      7450.00   1.2099974e-09
      7460.00   1.2052239e-09
      7470.00   1.2004729e-09
      7480.00   1.1957443e-09
      7490.00   1.1910379e-09
      7500.00   1.1863538e-09
      7510.00   1.1816915e-09
      7520.00   1.1770511e-09
      7530.00   1.1724325e-09
      7540.00   1.1678357e-09
      7550.00   1.1632604e-09
      7560.00   1.1587065e-09
      7570.00   1.1541739e-09
      7580.00   1.1496624e-09
      7590.00   1.1451722e-09
      7600.00   1.1407030e-09
      7610.00   1.1362546e-09
      7620.00   1.1318270e-09
      7630.00   1.1274199e-09
      7640.00   1.1230335e-09
      7650.00   1.1186675e-09
      7660.00   1.1143219e-09
      7670.00   1.1099964e-09
      7680.00   1.1056911e-09
      7690.00   1.1014058e-09
      7700.00   1.0971404e-09
      7710.00   1.0928948e-09
      7720.00   1.0886689e-09
      7730.00   1.0844627e-09
      7740.00   1.0802759e-09
      7750.00   1.0761085e-09
      7760.00   1.0719603e-09
      7770.00   1.0678314e-09
      7780.00   1.0637216e-09
      7790.00   1.0596307e-09
      7800.00   1.0555587e-09
      7810.00   1.0515055e-09
      7820.00   1.0474711e-09
      7830.00   1.0434552e-09
      7840.00   1.0394578e-09
      7850.00   1.0354788e-09
      7860.00   1.0315181e-09
      7870.00   1.0275756e-09
      7880.00   1.0236512e-09
      7890.00   1.0197448e-09
      7900.00   1.0158564e-09
      7910.00   1.0119858e-09
      7920.00   1.0081329e-09
      7930.00   1.0042976e-09
      7940.00   1.0004800e-09
      7950.00   9.9667973e-10
      7960.00   9.9289697e-10
      7970.00   9.8913135e-10
      7980.00   9.8538301e-10
      7990.00   9.8165171e-10
      8000.00   9.7793742e-10
