      1600.00   5.5507582e-09
      1610.00   5.6415656e-09
      1620.00   5.7316167e-09
      1630.00   5.8208795e-09
      1640.00   5.9093193e-09
      1650.00   5.9969056e-09
      1660.00   6.0836079e-09
      1670.00   6.1693985e-09
      1680.00   6.2542485e-09
      1690.00   6.3381327e-09
      1700.00   6.4210267e-09
      1710.00   6.5029066e-09
      1720.00   6.5837501e-09
      1730.00   6.6635362e-09
      1740.00   6.7422444e-09
      1750.00   6.8198576e-09
      1760.00   6.8963571e-09
      1770.00   6.9717276e-09
      1780.00   7.0459537e-09
      1790.00   7.1190213e-09
      1800.00   7.1909172e-09
      1810.00   7.2616311e-09
      1820.00   7.3311492e-09
      1830.00   7.3994647e-09
      1840.00   7.4665675e-09
      1850.00   7.5324497e-09
      1860.00   7.5971045e-09
      1870.00   7.6605269e-09
      1880.00   7.7227103e-09
      1890.00   7.7836514e-09
      1900.00   7.8433464e-09
      1910.00   7.9017928e-09
      1920.00   7.9589884e-09
      1930.00   8.0149326e-09
      1940.00   8.0696260e-09
      1950.00   8.1230674e-09
      1960.00   8.1752590e-09
      1970.00   8.2262013e-09
      1980.00   8.2758982e-09
      1990.00   8.3243521e-09
      2000.00   8.3715656e-09
      2010.00   8.4175440e-09
      2020.00   8.4622916e-09
      2030.00   8.5058134e-09
      2040.00   8.5481158e-09
      2050.00   8.5892043e-09
      2060.00   8.6290855e-09
      2070.00   8.6677665e-09
      2080.00   8.7052562e-09
      2090.00   8.7415598e-09
      2100.00   8.7766873e-09
      2110.00   8.8106474e-09
      2120.00   8.8434481e-09
      2130.00   8.8751000e-09
      2140.00   8.9056111e-09
      2150.00   8.9349925e-09
      2160.00   8.9632539e-09
      2170.00   8.9904046e-09
      2180.00   9.0164573e-09
      2190.00   9.0414213e-09
      2200.00   9.0653083e-09
      2210.00   9.0881296e-09
      2220.00   9.1098959e-09
      2230.00   9.1306198e-09
      2240.00   9.1503119e-09
      2250.00   9.1689852e-09
      2260.00   9.1866514e-09
      2270.00   9.2033211e-09
      2280.00   9.2190092e-09
      2290.00   9.2337255e-09
      2300.00   9.2474843e-09
      2310.00   9.2602971e-09
      2320.00   9.2721767e-09
      2330.00   9.2831361e-09
      2340.00   9.2931866e-09
      2350.00   9.3023420e-09
      2360.00   9.3106149e-09
      2370.00   9.3180184e-09
      2380.00   9.3245641e-09
      2390.00   9.3302651e-09
      2400.00   9.3351350e-09
      2410.00   9.3391845e-09
      2420.00   9.3424287e-09
      2430.00   9.3448790e-09
      2440.00   9.3465482e-09
      2450.00   9.3474491e-09
      2460.00   9.3475950e-09
      2470.00   9.3469959e-09
      2480.00   9.3456656e-09
      2490.00   9.3436178e-09
      2500.00   9.3408634e-09
      2510.00   9.3374151e-09
      2520.00   9.3332857e-09
      2530.00   9.3284851e-09
      2540.00   9.3230281e-09
      2550.00   9.3169258e-09
      2560.00   9.3101889e-09
      2570.00   9.3028301e-09
      2580.00   9.2948613e-09
      2590.00   9.2862936e-09
      2600.00   9.2771396e-09
      2610.00   9.2674093e-09
      2620.00   9.2571151e-09
      2630.00   9.2462667e-09
      2640.00   9.2348766e-09
      2650.00   9.2229554e-09
      2660.00   9.2105146e-09
      2670.00   9.1975639e-09
      2680.00   9.1841149e-09
      2690.00   9.1701775e-09
      2700.00   9.1557614e-09
      2710.00   9.1408788e-09
      2720.00   9.1255395e-09
      2730.00   9.1097518e-09
      2740.00   9.0935276e-09
      2750.00   9.0768759e-09
      2760.00   9.0598078e-09
      2770.00   9.0423304e-09
      2780.00   9.0244549e-09
      2790.00   9.0061914e-09
      2800.00   8.9875467e-09
      2810.00   8.9685318e-09
      2820.00   8.9491563e-09
      2830.00   8.9294269e-09
      2840.00   8.9093542e-09
      2850.00   8.8889460e-09
      2860.00   8.8682119e-09
      2870.00   8.8471590e-09
      2880.00   8.8257955e-09
      2890.00   8.8041309e-09
      2900.00   8.7821720e-09
      2910.00   8.7599289e-09
      2920.00   8.7374071e-09
      2930.00   8.7146148e-09
      2940.00   8.6915601e-09
      2950.00   8.6682506e-09
      2960.00   8.6446926e-09
      2970.00   8.6208956e-09
      2980.00   8.5968647e-09
      2990.00   8.5726074e-09
      3000.00   8.5481314e-09
      3010.00   8.5234418e-09
      3020.00   8.4985477e-09
      3030.00   8.4734535e-09
      3040.00   8.4481675e-09
      3050.00   8.4226950e-09
      3060.00   8.3970426e-09
      3070.00   8.3712163e-09
      3080.00   8.3452219e-09
      3090.00   8.3190660e-09
      3100.00   8.2927546e-09
      3110.00   8.2662922e-09
      3120.00   8.2396867e-09
      3130.00   8.2129413e-09
      3140.00   8.1860633e-09
      3150.00   8.1590565e-09
      3160.00   8.1319281e-09
      3170.00   8.1046802e-09
      3180.00   8.0773218e-09
      3190.00   8.0498550e-09
      3200.00   8.0222860e-09
      3210.00   7.9946188e-09
      3220.00   7.9668597e-09
      3230.00   7.9390110e-09
      3240.00   7.9110789e-09
      3250.00   7.8830681e-09
      3260.00   7.8549824e-09
      3270.00   7.8268252e-09
      3280.00   7.7986026e-09
      3290.00   7.7703169e-09
      3300.00   7.7419737e-09
      3310.00   7.7135762e-09
      3320.00   7.6851275e-09
      3330.00   7.6566332e-09
      3340.00   7.6280963e-09
      3350.00   7.5995196e-09
      3360.00   7.5709077e-09
      3370.00   7.5422639e-09
      3380.00   7.5135914e-09
      3390.00   7.4848943e-09
      3400.00   7.4561752e-09
      3410.00   7.4274380e-09
      3420.00   7.3986849e-09
      3430.00   7.3699198e-09
      3440.00   7.3411455e-09
      3450.00   7.3123641e-09
      3460.00   7.2835812e-09
      3470.00   7.2547968e-09
      3480.00   7.2260143e-09
      3490.00   7.1972374e-09
      3500.00   7.1684685e-09
      3510.00   7.1397093e-09
      3520.00   7.1109636e-09
      3530.00   7.0822336e-09
      3540.00   7.0535207e-09
      3550.00   7.0248282e-09
      3560.00   6.9961588e-09
      3570.00   6.9675140e-09
      3580.00   6.9388964e-09
      3590.00   6.9103075e-09
      3600.00   6.8817506e-09
      3610.00   6.8532277e-09
      3620.00   6.8247398e-09
      3630.00   6.7962883e-09
      3640.00   6.7678770e-09
      3650.00   6.7395074e-09
      3660.00   6.7111805e-09
      3670.00   6.6828983e-09
      3680.00   6.6546633e-09
      3690.00   6.6264762e-09
      3700.00   6.5983393e-09
      3710.00   6.5702541e-09
      3720.00   6.5422216e-09
      3730.00   6.5142447e-09
      3740.00   6.4863235e-09
      3750.00   6.4584604e-09
      3760.00   6.4306556e-09
      3770.00   6.4029120e-09
      3780.00   6.3752298e-09
      3790.00   6.3476102e-09
      3800.00   6.3200563e-09
      3810.00   6.2925674e-09
      3820.00   6.2651452e-09
      3830.00   6.2377911e-09
      3840.00   6.2105057e-09
      3850.00   6.1832910e-09
      3860.00   6.1561471e-09
      3870.00   6.1290763e-09
      3880.00   6.1020783e-09
      3890.00   6.0751546e-09
      3900.00   6.0483062e-09
      3910.00   6.0215341e-09
      3920.00   5.9948390e-09
      3930.00   5.9682213e-09
      3940.00   5.9416826e-09
      3950.00   5.9152235e-09
      3960.00   5.8888449e-09
      3970.00   5.8625471e-09
      3980.00   5.8363315e-09
      3990.00   5.8101979e-09
      4000.00   5.7841473e-09
      4010.00   5.7581808e-09
      4020.00   5.7322985e-09
      4030.00   5.7065016e-09
      4040.00   5.6807898e-09
      4050.00   5.6551645e-09
      4060.00   5.6296254e-09
      4070.00   5.6041741e-09
      4080.00   5.5788101e-09
      4090.00   5.5535343e-09
      4100.00   5.5283474e-09
      4110.00   5.5032496e-09
      4120.00   5.4782408e-09
      4130.00   5.4533223e-09
      4140.00   5.4284935e-09
      4150.00   5.4037562e-09
      4160.00   5.3791093e-09
      4170.00   5.3545534e-09
      4180.00   5.3300892e-09
      4190.00   5.3057168e-09
      4200.00   5.2814367e-09
      4210.00   5.2572496e-09
      4220.00   5.2331540e-09
      4230.00   5.2091521e-09
      4240.00   5.1852424e-09
      4250.00   5.1614266e-09
      4260.00   5.1377042e-09
      4270.00   5.1140750e-09
      4280.00   5.0905400e-09
      4290.00   5.0670988e-09
      4300.00   5.0437516e-09
      4310.00   5.0204985e-09
      4320.00   4.9973398e-09
      4330.00   4.9742749e-09
      4340.00   4.9513047e-09
      4350.00   4.9284292e-09
      4360.00   4.9056481e-09
      4370.00   4.8829616e-09
      4380.00   4.8603694e-09
      4390.00   4.8378722e-09
      4400.00   4.8154693e-09
      4410.00   4.7931617e-09
      4420.00   4.7709479e-09
      4430.00   4.7488289e-09
      4440.00   4.7268046e-09
      4450.00   4.7048750e-09
      4460.00   4.6830397e-09
      4470.00   4.6612988e-09
      4480.00   4.6396522e-09
      4490.00   4.6181000e-09
      4500.00   4.5966421e-09
      4510.00   4.5752780e-09
      4520.00   4.5540086e-09
      4530.00   4.5328323e-09
      4540.00   4.5117501e-09
      4550.00   4.4907618e-09
      4560.00   4.4698670e-09
      4570.00   4.4490652e-09
      4580.00   4.4283570e-09
      4590.00   4.4077419e-09
      4600.00   4.3872199e-09
      4610.00   4.3667908e-09
      4620.00   4.3464540e-09
      4630.00   4.3262097e-09
      4640.00   4.3060580e-09
      4650.00   4.2859984e-09
      4660.00   4.2660307e-09
      4670.00   4.2461544e-09
      4680.00   4.2263700e-09
      4690.00   4.2066770e-09
      4700.00   4.1870747e-09
      4710.00   4.1675637e-09
      4720.00   4.1481431e-09
      4730.00   4.1288130e-09
      4740.00   4.1095737e-09
      4750.00   4.0904238e-09
      4760.00   4.0713640e-09
      4770.00   4.0523936e-09
      4780.00   4.0335124e-09
      4790.00   4.0147206e-09
      4800.00   3.9960174e-09
      4810.00   3.9774025e-09
      4820.00   3.9588759e-09
      4830.00   3.9404376e-09
      4840.00   3.9220870e-09
      4850.00   3.9038239e-09
      4860.00   3.8856480e-09
      4870.00   3.8675592e-09
      4880.00   3.8495568e-09
      4890.00   3.8316411e-09
      4900.00   3.8138114e-09
      4910.00   3.7960675e-09
      4920.00   3.7784096e-09
      4930.00   3.7608362e-09
      4940.00   3.7433483e-09
      4950.00   3.7259448e-09
      4960.00   3.7086256e-09
      4970.00   3.6913907e-09
      4980.00   3.6742398e-09
      4990.00   3.6571722e-09
      5000.00   3.6401878e-09
      5010.00   3.6232864e-09
      5020.00   3.6064673e-09
      5030.00   3.5897307e-09
      5040.00   3.5730763e-09
      5050.00   3.5565031e-09
      5060.00   3.5400114e-09
      5070.00   3.5236011e-09
      5080.00   3.5072711e-09
      5090.00   3.4910217e-09
      5100.00   3.4748526e-09
      5110.00   3.4587630e-09
      5120.00   3.4427528e-09
      5130.00   3.4268217e-09
      5140.00   3.4109698e-09
      5150.00   3.3951962e-09
      5160.00   3.3795010e-09
      5170.00   3.3638835e-09
      5180.00   3.3483435e-09
      5190.00   3.3328810e-09
      5200.00   3.3174953e-09
      5210.00   3.3021861e-09
      5220.00   3.2869533e-09
      5230.00   3.2717963e-09
      5240.00   3.2567152e-09
      5250.00   3.2417091e-09
      5260.00   3.2267779e-09
      5270.00   3.2119214e-09
      5280.00   3.1971394e-09
      5290.00   3.1824314e-09
      5300.00   3.1677968e-09
      5310.00   3.1532359e-09
      5320.00   3.1387479e-09
      5330.00   3.1243325e-09
      5340.00   3.1099896e-09
      5350.00   3.0957188e-09
      5360.00   3.0815197e-09
      5370.00   3.0673919e-09
      5380.00   3.0533353e-09
      5390.00   3.0393493e-09
      5400.00   3.0254336e-09
      5410.00   3.0115884e-09
      5420.00   2.9978127e-09
      5430.00   2.9841066e-09
      5440.00   2.9704698e-09
      5450.00   2.9569017e-09
      5460.00   2.9434018e-09
      5470.00   2.9299704e-09
      5480.00   2.9166067e-09
      5490.00   2.9033107e-09
      5500.00   2.8900816e-09
      5510.00   2.8769199e-09
      5520.00   2.8638246e-09
      5530.00   2.8507955e-09
      5540.00   2.8378321e-09
      5550.00   2.8249348e-09
      5560.00   2.8121023e-09
      5570.00   2.7993351e-09
      5580.00   2.7866328e-09
      5590.00   2.7739946e-09
      5600.00   2.7614203e-09
      5610.00   2.7489100e-09
      5620.00   2.7364629e-09
      5630.00   2.7240792e-09
      5640.00   2.7117584e-09
      5650.00   2.6994997e-09
      5660.00   2.6873035e-09
      5670.00   2.6751692e-09
      5680.00   2.6630964e-09
      5690.00   2.6510848e-09
      5700.00   2.6391343e-09
      5710.00   2.6272444e-09
      5720.00   2.6154151e-09
      5730.00   2.6036454e-09
      5740.00   2.5919360e-09
      5750.00   2.5802857e-09
      5760.00   2.5686946e-09
      5770.00   2.5571625e-09
      5780.00   2.5456889e-09
      5790.00   2.5342735e-09
      5800.00   2.5229161e-09
      5810.00   2.5116167e-09
      5820.00   2.5003744e-09
      5830.00   2.4891893e-09
      5840.00   2.4780610e-09
      5850.00   2.4669890e-09
      5860.00   2.4559734e-09
      5870.00   2.4450138e-09
      5880.00   2.4341097e-09
      5890.00   2.4232612e-09
      5900.00   2.4124676e-09
      5910.00   2.4017289e-09
      5920.00   2.3910444e-09
      5930.00   2.3804146e-09
      5940.00   2.3698386e-09
      5950.00   2.3593162e-09
      5960.00   2.3488473e-09
      5970.00   2.3384313e-09
      5980.00   2.3280684e-09
      5990.00   2.3177580e-09
      6000.00   2.3074999e-09
      6010.00   2.2972937e-09
      6020.00   2.2871393e-09
      6030.00   2.2770365e-09
      6040.00   2.2669848e-09
      6050.00   2.2569841e-09
      6060.00   2.2470339e-09
      6070.00   2.2371343e-09
      6080.00   2.2272849e-09
      6090.00   2.2174853e-09
      6100.00   2.2077353e-09
      6110.00   2.1980345e-09
      6120.00   2.1883832e-09
      6130.00   2.1787804e-09
      6140.00   2.1692264e-09
      6150.00   2.1597205e-09
      6160.00   2.1502628e-09
      6170.00   2.1408529e-09
      6180.00   2.1314905e-09
      6190.00   2.1221753e-09
      6200.00   2.1129075e-09
      6210.00   2.1036862e-09
      6220.00   2.0945115e-09
      6230.00   2.0853833e-09
      6240.00   2.0763011e-09
      6250.00   2.0672645e-09
      6260.00   2.0582737e-09
      6270.00   2.0493283e-09
      6280.00   2.0404278e-09
      6290.00   2.0315721e-09
      6300.00   2.0227611e-09
      6310.00   2.0139944e-09
      6320.00   2.0052722e-09
      6330.00   1.9965934e-09
      6340.00   1.9879583e-09
      6350.00   1.9793670e-09
      6360.00   1.9708186e-09
      6370.00   1.9623132e-09
      6380.00   1.9538506e-09
      6390.00   1.9454305e-09
      6400.00   1.9370526e-09
      6410.00   1.9287168e-09
      6420.00   1.9204228e-09
      6430.00   1.9121704e-09
      6440.00   1.9039595e-09
      6450.00   1.8957895e-09
      6460.00   1.8876605e-09
      6470.00   1.8795723e-09
      6480.00   1.8715245e-09
      6490.00   1.8635171e-09
      6500.00   1.8555497e-09
      6510.00   1.8476221e-09
      6520.00   1.8397342e-09
      6530.00   1.8318855e-09
      6540.00   1.8240762e-09
      6550.00   1.8163059e-09
      6560.00   1.8085743e-09
      6570.00   1.8008811e-09
      6580.00   1.7932264e-09
      6590.00   1.7856100e-09
      6600.00   1.7780314e-09
      6610.00   1.7704905e-09
      6620.00   1.7629872e-09
      6630.00   1.7555210e-09
      6640.00   1.7480921e-09
      6650.00   1.7407003e-09
      6660.00   1.7333450e-09
      6670.00   1.7260262e-09
      6680.00   1.7187440e-09
      6690.00   1.7114976e-09
      6700.00   1.7042873e-09
      6710.00   1.6971127e-09
      6720.00   1.6899737e-09
      6730.00   1.6828699e-09
      6740.00   1.6758015e-09
      6750.00   1.6687679e-09
      6760.00   1.6617691e-09
      6770.00   1.6548051e-09
      6780.00   1.6478753e-09
      6790.00   1.6409798e-09
      6800.00   1.6341182e-09
      6810.00   1.6272907e-09
      6820.00   1.6204967e-09
      6830.00   1.6137362e-09
      6840.00   1.6070090e-09
      6850.00   1.6003149e-09
      6860.00   1.5936538e-09
      6870.00   1.5870254e-09
      6880.00   1.5804297e-09
      6890.00   1.5738663e-09
      6900.00   1.5673351e-09
      6910.00   1.5608361e-09
      6920.00   1.5543690e-09
      6930.00   1.5479335e-09
      6940.00   1.5415296e-09
      6950.00   1.5351570e-09
      6960.00   1.5288156e-09
      6970.00   1.5225052e-09
      6980.00   1.5162258e-09
      6990.00   1.5099772e-09
      7000.00   1.5037588e-09
      7010.00   1.4975709e-09
      7020.00   1.4914132e-09
      7030.00   1.4852857e-09
      7040.00   1.4791878e-09
      7050.00   1.4731198e-09
      7060.00   1.4670813e-09
      7070.00   1.4610722e-09
      7080.00   1.4550922e-09
      7090.00   1.4491414e-09
      7100.00   1.4432195e-09
      7110.00   1.4373263e-09
      7120.00   1.4314618e-09
      7130.00   1.4256259e-09
      7140.00   1.4198179e-09
      7150.00   1.4140383e-09
      7160.00   1.4082866e-09
      7170.00   1.4025628e-09
      7180.00   1.3968666e-09
      7190.00   1.3911981e-09
      7200.00   1.3855568e-09
      7210.00   1.3799428e-09
      7220.00   1.3743561e-09
      7230.00   1.3687960e-09
      7240.00   1.3632631e-09
      7250.00   1.3577565e-09
      7260.00   1.3522765e-09
      7270.00   1.3468230e-09
      7280.00   1.3413955e-09
      7290.00   1.3359942e-09
      7300.00   1.3306190e-09
      7310.00   1.3252695e-09
      7320.00   1.3199456e-09
      7330.00   1.3146473e-09
      7340.00   1.3093743e-09
      7350.00   1.3041266e-09
      7360.00   1.2989041e-09
      7370.00   1.2937066e-09
      7380.00   1.2885337e-09
      7390.00   1.2833858e-09
      7400.00   1.2782623e-09
      7410.00   1.2731633e-09
      7420.00   1.2680887e-09
      7430.00   1.2630382e-09
      7440.00   1.2580117e-09
      7450.00   1.2530093e-09
      7460.00   1.2480306e-09
      7470.00   1.2430756e-09
      7480.00   1.2381442e-09
      7490.00   1.2332361e-09
      7500.00   1.2283514e-09
      7510.00   1.2234898e-09
      7520.00   1.2186512e-09
      7530.00   1.2138356e-09
      7540.00   1.2090428e-09
      7550.00   1.2042727e-09
      7560.00   1.1995251e-09
      7570.00   1.1948000e-09
      7580.00   1.1900970e-09
      7590.00   1.1854164e-09
      7600.00   1.1807579e-09
      7610.00   1.1761213e-09
      7620.00   1.1715066e-09
      7630.00   1.1669134e-09
      7640.00   1.1623421e-09
      7650.00   1.1577921e-09
      7660.00   1.1532636e-09
      7670.00   1.1487563e-09
      7680.00   1.1442701e-09
      7690.00   1.1398050e-09
      7700.00   1.1353609e-09
      7710.00   1.1309375e-09
      7720.00   1.1265348e-09
      7730.00   1.1221528e-09
      7740.00   1.1177912e-09
      7750.00   1.1134500e-09
      7760.00   1.1091291e-09
      7770.00   1.1048284e-09
      7780.00   1.1005476e-09
      7790.00   1.0962869e-09
      7800.00   1.0920460e-09
      7810.00   1.0878247e-09
      7820.00   1.0836233e-09
      7830.00   1.0794412e-09
      7840.00   1.0752786e-09
      7850.00   1.0711353e-09
      7860.00   1.0670113e-09
      7870.00   1.0629063e-09
      7880.00   1.0588204e-09
      7890.00   1.0547534e-09
      7900.00   1.0507052e-09
      7910.00   1.0466758e-09
      7920.00   1.0426649e-09
      7930.00   1.0386726e-09
      7940.00   1.0346987e-09
      7950.00   1.0307431e-09
      7960.00   1.0268058e-09
      7970.00   1.0228865e-09
      7980.00   1.0189854e-09
      7990.00   1.0151021e-09
      8000.00   1.0112367e-09
