      1600.00   6.3032976e-09
      1610.00   6.4013793e-09
      1620.00   6.4985093e-09
      1630.00   6.5946551e-09
      1640.00   6.6897814e-09
      1650.00   6.7838573e-09
      1660.00   6.8768522e-09
      1670.00   6.9687388e-09
      1680.00   7.0594880e-09
      1690.00   7.1490752e-09
      1700.00   7.2374766e-09
      1710.00   7.3246691e-09
      1720.00   7.4106310e-09
      1730.00   7.4953424e-09
      1740.00   7.5787839e-09
      1750.00   7.6609396e-09
      1760.00   7.7417922e-09
      1770.00   7.8213279e-09
      1780.00   7.8995326e-09
      1790.00   7.9763942e-09
      1800.00   8.0519008e-09
      1810.00   8.1260445e-09
      1820.00   8.1988127e-09
      1830.00   8.2702013e-09
      1840.00   8.3402018e-09
      1850.00   8.4088084e-09
      1860.00   8.4760167e-09
      1870.00   8.5418238e-09
      1880.00   8.6062254e-09
      1890.00   8.6692206e-09
      1900.00   8.7308078e-09
      1910.00   8.7909870e-09
      1920.00   8.8497584e-09
      1930.00   8.9071239e-09
      1940.00   8.9630866e-09
      1950.00   9.0176478e-09
      1960.00   9.0708123e-09
      1970.00   9.1225829e-09
      1980.00   9.1729664e-09
      1990.00   9.2219677e-09
      2000.00   9.2695918e-09
      2010.00   9.3158468e-09
      2020.00   9.3607395e-09
      2030.00   9.4042774e-09
      2040.00   9.4464697e-09
      2050.00   9.4873244e-09
      2060.00   9.5268506e-09
      2070.00   9.5650580e-09
      2080.00   9.6019582e-09
      2090.00   9.6375588e-09
      2100.00   9.6718723e-09
      2110.00   9.7049101e-09
      2120.00   9.7366825e-09
      2130.00   9.7672029e-09
      2140.00   9.7964814e-09
      2150.00   9.8245318e-09
      2160.00   9.8513661e-09
      2170.00   9.8769960e-09
      2180.00   9.9014368e-09
      2190.00   9.9246999e-09
      2200.00   9.9467993e-09
      2210.00   9.9677488e-09
      2220.00   9.9875613e-09
      2230.00   1.0006252e-08
      2240.00   1.0023833e-08
      2250.00   1.0040320e-08
      2260.00   1.0055726e-08
      2270.00   1.0070065e-08
      2280.00   1.0083354e-08
      2290.00   1.0095603e-08
      2300.00   1.0106831e-08
      2310.00   1.0117050e-08
      2320.00   1.0126274e-08
      2330.00   1.0134520e-08
      2340.00   1.0141800e-08
      2350.00   1.0148129e-08
      2360.00   1.0153523e-08
      2370.00   1.0157996e-08
      2380.00   1.0161562e-08
      2390.00   1.0164235e-08
      2400.00   1.0166031e-08
      2410.00   1.0166962e-08
      2420.00   1.0167045e-08
      2430.00   1.0166294e-08
      2440.00   1.0164721e-08
      2450.00   1.0162343e-08
      2460.00   1.0159173e-08
      2470.00   1.0155223e-08
      2480.00   1.0150508e-08
      2490.00   1.0145045e-08
      2500.00   1.0138844e-08
      2510.00   1.0131920e-08
      2520.00   1.0124287e-08
      2530.00   1.0115957e-08
      2540.00   1.0106945e-08
      2550.00   1.0097264e-08
      2560.00   1.0086926e-08
      2570.00   1.0075945e-08
      2580.00   1.0064334e-08
      2590.00   1.0052104e-08
      2600.00   1.0039271e-08
      2610.00   1.0025845e-08
      2620.00   1.0011839e-08
      2630.00   9.9972646e-09
      2640.00   9.9821349e-09
      2650.00   9.9664617e-09
      2660.00   9.9502575e-09
      2670.00   9.9335327e-09
      2680.00   9.9163001e-09
      2690.00   9.8985706e-09
      2700.00   9.8803544e-09
      2710.00   9.8616650e-09
      2720.00   9.8425129e-09
      2730.00   9.8229071e-09
      2740.00   9.8028605e-09
      2750.00   9.7823828e-09
      2760.00   9.7614859e-09
      2770.00   9.7401776e-09
      2780.00   9.7184698e-09
      2790.00   9.6963736e-09
      2800.00   9.6738959e-09
      2810.00   9.6510489e-09
      2820.00   9.6278427e-09
      2830.00   9.6042846e-09
      2840.00   9.5803858e-09
      2850.00   9.5561546e-09
      2860.00   9.5316014e-09
      2870.00   9.5067337e-09
      2880.00   9.4815602e-09
      2890.00   9.4560912e-09
      2900.00   9.4303336e-09
      2910.00   9.4042985e-09
      2920.00   9.3779915e-09
      2930.00   9.3514213e-09
      2940.00   9.3245965e-09
      2950.00   9.2975253e-09
      2960.00   9.2702142e-09
      2970.00   9.2426734e-09
      2980.00   9.2149079e-09
      2990.00   9.1869261e-09
      3000.00   9.1587358e-09
      3010.00   9.1303425e-09
      3020.00   9.1017556e-09
      3030.00   9.0729799e-09
      3040.00   9.0440240e-09
      3050.00   9.0148936e-09
      3060.00   8.9855955e-09
      3070.00   8.9561359e-09
      3080.00   8.9265210e-09
      3090.00   8.8967577e-09
      3100.00   8.8668522e-09
      3110.00   8.8368092e-09
      3120.00   8.8066370e-09
      3130.00   8.7763387e-09
      3140.00   8.7459222e-09
      3150.00   8.7153913e-09
      3160.00   8.6847535e-09
      3170.00   8.6540109e-09
      3180.00   8.6231728e-09
      3190.00   8.5922415e-09
      3200.00   8.5612234e-09
      3210.00   8.5301226e-09
      3220.00   8.4989455e-09
      3230.00   8.4676946e-09
      3240.00   8.4363762e-09
      3250.00   8.4049952e-09
      3260.00   8.3735556e-09
      3270.00   8.3420606e-09
      3280.00   8.3105166e-09
      3290.00   8.2789261e-09
      3300.00   8.2472947e-09
      3310.00   8.2156256e-09
      3320.00   8.1839222e-09
      3330.00   8.1521899e-09
      3340.00   8.1204321e-09
      3350.00   8.0886514e-09
      3360.00   8.0568525e-09
      3370.00   8.0250388e-09
      3380.00   7.9932136e-09
      3390.00   7.9613809e-09
      3400.00   7.9295436e-09
      3410.00   7.8977054e-09
      3420.00   7.8658687e-09
      3430.00   7.8340373e-09
      3440.00   7.8022140e-09
      3450.00   7.7704010e-09
      3460.00   7.7386040e-09
      3470.00   7.7068228e-09
      3480.00   7.6750610e-09
      3490.00   7.6433222e-09
      3500.00   7.6116088e-09
      3510.00   7.5799226e-09
      3520.00   7.5482672e-09
      3530.00   7.5166450e-09
      3540.00   7.4850574e-09
      3550.00   7.4535074e-09
      3560.00   7.4219980e-09
      3570.00   7.3905304e-09
      3580.00   7.3591075e-09
      3590.00   7.3277306e-09
      3600.00   7.2964028e-09
      3610.00   7.2651264e-09
      3620.00   7.2339022e-09
      3630.00   7.2027314e-09
      3640.00   7.1716181e-09
      3650.00   7.1405636e-09
      3660.00   7.1095688e-09
      3670.00   7.0786357e-09
      3680.00   7.0477668e-09
      3690.00   7.0169627e-09
      3700.00   6.9862257e-09
      3710.00   6.9555572e-09
      3720.00   6.9249582e-09
      3730.00   6.8944314e-09
      3740.00   6.8639771e-09
      3750.00   6.8335973e-09
      3760.00   6.8032925e-09
      3770.00   6.7730653e-09
      3780.00   6.7429159e-09
      3790.00   6.7128454e-09
      3800.00   6.6828570e-09
      3810.00   6.6529499e-09
      3820.00   6.6231255e-09
      3830.00   6.5933854e-09
      3840.00   6.5637299e-09
      3850.00   6.5341611e-09
      3860.00   6.5046789e-09
      3870.00   6.4752857e-09
      3880.00   6.4459811e-09
      3890.00   6.4167663e-09
      3900.00   6.3876425e-09
      3910.00   6.3586105e-09
      3920.00   6.3296709e-09
      3930.00   6.3008241e-09
      3940.00   6.2720716e-09
      3950.00   6.2434138e-09
      3960.00   6.2148518e-09
      3970.00   6.1863856e-09
      3980.00   6.1580165e-09
      3990.00   6.1297443e-09
      4000.00   6.1015700e-09
      4010.00   6.0734945e-09
      4020.00   6.0455178e-09
      4030.00   6.0176411e-09
      4040.00   5.9898640e-09
      4050.00   5.9621879e-09
      4060.00   5.9346122e-09
      4070.00   5.9071387e-09
      4080.00   5.8797666e-09
      4090.00   5.8524967e-09
      4100.00   5.8253299e-09
      4110.00   5.7982660e-09
      4120.00   5.7713049e-09
      4130.00   5.7444480e-09
      4140.00   5.7176943e-09
      4150.00   5.6910459e-09
      4160.00   5.6645013e-09
      4170.00   5.6380611e-09
      4180.00   5.6117260e-09
      4190.00   5.5854959e-09
      4200.00   5.5593713e-09
      4210.00   5.5333529e-09
      4220.00   5.5074389e-09
      4230.00   5.4816316e-09
      4240.00   5.4559293e-09
      4250.00   5.4303336e-09
      4260.00   5.4048442e-09
      4270.00   5.3794604e-09
      4280.00   5.3541834e-09
      4290.00   5.3290127e-09
      4300.00   5.3039483e-09
      4310.00   5.2789904e-09
      4320.00   5.2541389e-09
      4330.00   5.2293935e-09
      4340.00   5.2047547e-09
      4350.00   5.1802225e-09
      4360.00   5.1557967e-09
      4370.00   5.1314773e-09
      4380.00   5.1072640e-09
      4390.00   5.0831572e-09
      4400.00   5.0591563e-09
      4410.00   5.0352621e-09
      4420.00   5.0114732e-09
      4430.00   4.9877904e-09
      4440.00   4.9642135e-09
      4450.00   4.9407426e-09
      4460.00   4.9173769e-09
      4470.00   4.8941167e-09
      4480.00   4.8709617e-09
      4490.00   4.8479120e-09
      4500.00   4.8249674e-09
      4510.00   4.8021273e-09
      4520.00   4.7793925e-09
      4530.00   4.7567614e-09
      4540.00   4.7342348e-09
      4550.00   4.7118126e-09
      4560.00   4.6894941e-09
      4570.00   4.6672790e-09
      4580.00   4.6451676e-09
      4590.00   4.6231594e-09
      4600.00   4.6012544e-09
      4610.00   4.5794522e-09
      4620.00   4.5577522e-09
      4630.00   4.5361546e-09
      4640.00   4.5146593e-09
      4650.00   4.4932658e-09
      4660.00   4.4719738e-09
      4670.00   4.4507828e-09
      4680.00   4.4296930e-09
      4690.00   4.4087041e-09
      4700.00   4.3878153e-09
      4710.00   4.3670271e-09
      4720.00   4.3463383e-09
      4730.00   4.3257493e-09
      4740.00   4.3052600e-09
      4750.00   4.2848692e-09
      4760.00   4.2645775e-09
      4770.00   4.2443840e-09
      4780.00   4.2242885e-09
      4790.00   4.2042910e-09
      4800.00   4.1843909e-09
      4810.00   4.1645877e-09
      4820.00   4.1448813e-09
      4830.00   4.1252717e-09
      4840.00   4.1057582e-09
      4850.00   4.0863405e-09
      4860.00   4.0670184e-09
      4870.00   4.0477916e-09
      4880.00   4.0286593e-09
      4890.00   4.0096218e-09
      4900.00   3.9906783e-09
      4910.00   3.9718287e-09
      4920.00   3.9530731e-09
      4930.00   3.9344096e-09
      4940.00   3.9158396e-09
      4950.00   3.8973617e-09
      4960.00   3.8789757e-09
      4970.00   3.8606817e-09
      4980.00   3.8424792e-09
      4990.00   3.8243676e-09
      5000.00   3.8063466e-09
      5010.00   3.7884161e-09
      5020.00   3.7705752e-09
      5030.00   3.7528240e-09
      5040.00   3.7351623e-09
      5050.00   3.7175889e-09
      5060.00   3.7001041e-09
      5070.00   3.6827079e-09
      5080.00   3.6653989e-09
      5090.00   3.6481776e-09
      5100.00   3.6310434e-09
      5110.00   3.6139956e-09
      5120.00   3.5970341e-09
      5130.00   3.5801583e-09
      5140.00   3.5633684e-09
      5150.00   3.5466635e-09
      5160.00   3.5300436e-09
      5170.00   3.5135079e-09
      5180.00   3.4970563e-09
      5190.00   3.4806886e-09
      5200.00   3.4644040e-09
      5210.00   3.4482024e-09
      5220.00   3.4320834e-09
      5230.00   3.4160465e-09
      5240.00   3.4000916e-09
      5250.00   3.3842180e-09
      5260.00   3.3684254e-09
      5270.00   3.3527135e-09
      5280.00   3.3370821e-09
      5290.00   3.3215308e-09
      5300.00   3.3060588e-09
      5310.00   3.2906663e-09
      5320.00   3.2753526e-09
      5330.00   3.2601172e-09
      5340.00   3.2449601e-09
      5350.00   3.2298808e-09
      5360.00   3.2148789e-09
      5370.00   3.1999539e-09
      5380.00   3.1851057e-09
      5390.00   3.1703336e-09
      5400.00   3.1556372e-09
      5410.00   3.1410168e-09
      5420.00   3.1264714e-09
      5430.00   3.1120009e-09
      5440.00   3.0976050e-09
      5450.00   3.0832831e-09
      5460.00   3.0690346e-09
      5470.00   3.0548599e-09
      5480.00   3.0407580e-09
      5490.00   3.0267289e-09
      5500.00   3.0127719e-09
      5510.00   2.9988872e-09
      5520.00   2.9850739e-09
      5530.00   2.9713319e-09
      5540.00   2.9576605e-09
      5550.00   2.9440600e-09
      5560.00   2.9305292e-09
      5570.00   2.9170685e-09
      5580.00   2.9036775e-09
      5590.00   2.8903554e-09
      5600.00   2.8771018e-09
      5610.00   2.8639170e-09
      5620.00   2.8508000e-09
      5630.00   2.8377510e-09
      5640.00   2.8247694e-09
      5650.00   2.8118544e-09
      5660.00   2.7990065e-09
      5670.00   2.7862249e-09
      5680.00   2.7735093e-09
      5690.00   2.7608593e-09
      5700.00   2.7482746e-09
      5710.00   2.7357549e-09
      5720.00   2.7233002e-09
      5730.00   2.7109093e-09
      5740.00   2.6985830e-09
      5750.00   2.6863198e-09
      5760.00   2.6741202e-09
      5770.00   2.6619836e-09
      5780.00   2.6499096e-09
      5790.00   2.6378979e-09
      5800.00   2.6259482e-09
      5810.00   2.6140606e-09
      5820.00   2.6022341e-09
      5830.00   2.5904686e-09
      5840.00   2.5787639e-09
      5850.00   2.5671195e-09
      5860.00   2.5555352e-09
      5870.00   2.5440108e-09
      5880.00   2.5325457e-09
      5890.00   2.5211399e-09
      5900.00   2.5097929e-09
      5910.00   2.4985043e-09
      5920.00   2.4872738e-09
      5930.00   2.4761015e-09
      5940.00   2.4649868e-09
      5950.00   2.4539292e-09
      5960.00   2.4429287e-09
      5970.00   2.4319847e-09
      5980.00   2.4210972e-09
      5990.00   2.4102658e-09
      6000.00   2.3994902e-09
      6010.00   2.3887698e-09
      6020.00   2.3781048e-09
      6030.00   2.3674947e-09
      6040.00   2.3569391e-09
      6050.00   2.3464378e-09
      6060.00   2.3359904e-09
      6070.00   2.3255968e-09
      6080.00   2.3152567e-09
      6090.00   2.3049697e-09
      6100.00   2.2947355e-09
      6110.00   2.2845536e-09
      6120.00   2.2744245e-09
      6130.00   2.2643470e-09
      6140.00   2.2543214e-09
      6150.00   2.2443470e-09
      6160.00   2.2344239e-09
      6170.00   2.2245516e-09
      6180.00   2.2147299e-09
      6190.00   2.2049585e-09
      6200.00   2.1952374e-09
      6210.00   2.1855657e-09
      6220.00   2.1759436e-09
      6230.00   2.1663710e-09
      6240.00   2.1568472e-09
      6250.00   2.1473719e-09
      6260.00   2.1379453e-09
      6270.00   2.1285669e-09
      6280.00   2.1192362e-09
      6290.00   2.1099531e-09
      6300.00   2.1007175e-09
      6310.00   2.0915290e-09
      6320.00   2.0823877e-09
      6330.00   2.0732924e-09
      6340.00   2.0642437e-09
      6350.00   2.0552414e-09
      6360.00   2.0462846e-09
      6370.00   2.0373735e-09
      6380.00   2.0285077e-09
      6390.00   2.0196871e-09
      6400.00   2.0109112e-09
      6410.00   2.0021800e-09
      6420.00   1.9934931e-09
      6430.00   1.9848504e-09
      6440.00   1.9762517e-09
      6450.00   1.9676964e-09
      6460.00   1.9591845e-09
      6470.00   1.9507158e-09
      6480.00   1.9422900e-09
      6490.00   1.9339070e-09
      6500.00   1.9255664e-09
      6510.00   1.9172680e-09
      6520.00   1.9090116e-09
      6530.00   1.9007968e-09
      6540.00   1.8926236e-09
      6550.00   1.8844919e-09
      6560.00   1.8764011e-09
      6570.00   1.8683510e-09
      6580.00   1.8603417e-09
      6590.00   1.8523728e-09
      6600.00   1.8444440e-09
      6610.00   1.8365551e-09
      6620.00   1.8287060e-09
      6630.00   1.8208962e-09
      6640.00   1.8131259e-09
      6650.00   1.8053948e-09
      6660.00   1.7977023e-09
      6670.00   1.7900485e-09
      6680.00   1.7824333e-09
      6690.00   1.7748560e-09
      6700.00   1.7673170e-09
      6710.00   1.7598156e-09
      6720.00   1.7523519e-09
      6730.00   1.7449254e-09
      6740.00   1.7375364e-09
      6750.00   1.7301841e-09
      6760.00   1.7228687e-09
      6770.00   1.7155899e-09
      6780.00   1.7083473e-09
      6790.00   1.7011410e-09
      6800.00   1.6939706e-09
      6810.00   1.6868361e-09
      6820.00   1.6797370e-09
      6830.00   1.6726734e-09
      6840.00   1.6656448e-09
      6850.00   1.6586513e-09
      6860.00   1.6516926e-09
      6870.00   1.6447684e-09
      6880.00   1.6378788e-09
      6890.00   1.6310232e-09
      6900.00   1.6242016e-09
      6910.00   1.6174140e-09
      6920.00   1.6106602e-09
      6930.00   1.6039396e-09
      6940.00   1.5972525e-09
      6950.00   1.5905983e-09
      6960.00   1.5839770e-09
      6970.00   1.5773885e-09
      6980.00   1.5708326e-09
      6990.00   1.5643092e-09
      7000.00   1.5578178e-09
      7010.00   1.5513584e-09
      7020.00   1.5449310e-09
      7030.00   1.5385353e-09
      7040.00   1.5321709e-09
      7050.00   1.5258380e-09
      7060.00   1.5195362e-09
      7070.00   1.5132654e-09
      7080.00   1.5070253e-09
      7090.00   1.5008159e-09
      7100.00   1.4946370e-09
      7110.00   1.4884884e-09
      7120.00   1.4823700e-09
      7130.00   1.4762816e-09
      7140.00   1.4702228e-09
      7150.00   1.4641938e-09
      7160.00   1.4581943e-09
      7170.00   1.4522240e-09
      7180.00   1.4462829e-09
      7190.00   1.4403709e-09
      7200.00   1.4344876e-09
      7210.00   1.4286331e-09
      7220.00   1.4228073e-09
      7230.00   1.4170095e-09
      7240.00   1.4112403e-09
      7250.00   1.4054988e-09
      7260.00   1.3997853e-09
      7270.00   1.3940997e-09
      7280.00   1.3884415e-09
      7290.00   1.3828109e-09
      7300.00   1.3772076e-09
      7310.00   1.3716315e-09
      7320.00   1.3660822e-09
      7330.00   1.3605600e-09
      7340.00   1.3550643e-09
      7350.00   1.3495952e-09
      7360.00   1.3441527e-09
      7370.00   1.3387364e-09
      7380.00   1.3333461e-09
      7390.00   1.3279819e-09
      7400.00   1.3226435e-09
      7410.00   1.3173309e-09
      7420.00   1.3120438e-09
      7430.00   1.3067821e-09
      7440.00   1.3015457e-09
      7450.00   1.2963345e-09
      7460.00   1.2911484e-09
      7470.00   1.2859870e-09
      7480.00   1.2808505e-09
      7490.00   1.2757385e-09
      7500.00   1.2706511e-09
      7510.00   1.2655879e-09
      7520.00   1.2605489e-09
      7530.00   1.2555340e-09
      7540.00   1.2505432e-09
      7550.00   1.2455761e-09
      7560.00   1.2406328e-09
      7570.00   1.2357130e-09
      7580.00   1.2308164e-09
      7590.00   1.2259434e-09
      7600.00   1.2210936e-09
      7610.00   1.2162667e-09
      7620.00   1.2114629e-09
      7630.00   1.2066817e-09
      7640.00   1.2019234e-09
      7650.00   1.1971875e-09
      7660.00   1.1924742e-09
      7670.00   1.1877830e-09
      7680.00   1.1831141e-09
      7690.00   1.1784673e-09
      7700.00   1.1738425e-09
      7710.00   1.1692395e-09
      7720.00   1.1646582e-09
      7730.00   1.1600986e-09
      7740.00   1.1555605e-09
      7750.00   1.1510437e-09
      7760.00   1.1465482e-09
      7770.00   1.1420738e-09
      7780.00   1.1376204e-09
      7790.00   1.1331880e-09
      7800.00   1.1287764e-09
      7810.00   1.1243855e-09
      7820.00   1.1200153e-09
      7830.00   1.1156654e-09
      7840.00   1.1113360e-09
      7850.00   1.1070267e-09
      7860.00   1.1027376e-09
      7870.00   1.0984686e-09
      7880.00   1.0942195e-09
      7890.00   1.0899903e-09
      7900.00   1.0857807e-09
      7910.00   1.0815909e-09
      7920.00   1.0774205e-09
      7930.00   1.0732695e-09
      7940.00   1.0691378e-09
      7950.00   1.0650253e-09
      7960.00   1.0609320e-09
      7970.00   1.0568576e-09
      7980.00   1.0528021e-09
      7990.00   1.0487655e-09
      8000.00   1.0447475e-09
