      1600.00   7.1281474e-09
      1610.00   7.2335614e-09
      1620.00   7.3378061e-09
      1630.00   7.4408492e-09
      1640.00   7.5426551e-09
      1650.00   7.6431932e-09
      1660.00   7.7424335e-09
      1670.00   7.8403491e-09
      1680.00   7.9369116e-09
      1690.00   8.0320975e-09
      1700.00   8.1258841e-09
      1710.00   8.2182493e-09
      1720.00   8.3091730e-09
      1730.00   8.3986366e-09
      1740.00   8.4866223e-09
      1750.00   8.5731162e-09
      1760.00   8.6581025e-09
      1770.00   8.7415696e-09
      1780.00   8.8235054e-09
      1790.00   8.9038998e-09
      1800.00   8.9827433e-09
      1810.00   9.0600303e-09
      1820.00   9.1357504e-09
      1830.00   9.2099020e-09
      1840.00   9.2824792e-09
      1850.00   9.3534788e-09
      1860.00   9.4228989e-09
      1870.00   9.4907393e-09
      1880.00   9.5569984e-09
      1890.00   9.6216780e-09
      1900.00   9.6847793e-09
      1910.00   9.7463052e-09
      1920.00   9.8062587e-09
      1930.00   9.8646444e-09
      1940.00   9.9214685e-09
      1950.00   9.9767351e-09
      1960.00   1.0030452e-08
      1970.00   1.0082624e-08
      1980.00   1.0133263e-08
      1990.00   1.0182374e-08
      2000.00   1.0229967e-08
      2010.00   1.0276053e-08
      2020.00   1.0320640e-08
      2030.00   1.0363740e-08
      2040.00   1.0405364e-08
      2050.00   1.0445524e-08
      2060.00   1.0484231e-08
      2070.00   1.0521498e-08
      2080.00   1.0557339e-08
      2090.00   1.0591765e-08
      2100.00   1.0624791e-08
      2110.00   1.0656432e-08
      2120.00   1.0686699e-08
      2130.00   1.0715610e-08
      2140.00   1.0743177e-08
      2150.00   1.0769417e-08
      2160.00   1.0794344e-08
      2170.00   1.0817972e-08
      2180.00   1.0840319e-08
      2190.00   1.0861400e-08
      2200.00   1.0881231e-08
      2210.00   1.0899828e-08
      2220.00   1.0917207e-08
      2230.00   1.0933384e-08
      2240.00   1.0948375e-08
      2250.00   1.0962197e-08
      2260.00   1.0974867e-08
      2270.00   1.0986400e-08
      2280.00   1.0996814e-08
      2290.00   1.1006124e-08
      2300.00   1.1014349e-08
      2310.00   1.1021504e-08
      2320.00   1.1027606e-08
      2330.00   1.1032671e-08
      2340.00   1.1036716e-08
      2350.00   1.1039758e-08
      2360.00   1.1041813e-08
      2370.00   1.1042898e-08
      2380.00   1.1043028e-08
      2390.00   1.1042220e-08
      2400.00   1.1040492e-08
      2410.00   1.1037857e-08
      2420.00   1.1034334e-08
      2430.00   1.1029937e-08
      2440.00   1.1024683e-08
      2450.00   1.1018588e-08
      2460.00   1.1011668e-08
      2470.00   1.1003936e-08
      2480.00   1.0995409e-08
      2490.00   1.0986104e-08
      2500.00   1.0976035e-08
      2510.00   1.0965216e-08
      2520.00   1.0953664e-08
      2530.00   1.0941391e-08
      2540.00   1.0928415e-08
      2550.00   1.0914749e-08
      2560.00   1.0900406e-08
      2570.00   1.0885402e-08
      2580.00   1.0869752e-08
      2590.00   1.0853467e-08
      2600.00   1.0836564e-08
      2610.00   1.0819055e-08
      2620.00   1.0800954e-08
      2630.00   1.0782274e-08
      2640.00   1.0763027e-08
      2650.00   1.0743228e-08
      2660.00   1.0722890e-08
      2670.00   1.0702025e-08
      2680.00   1.0680645e-08
      2690.00   1.0658763e-08
      2700.00   1.0636390e-08
      2710.00   1.0613541e-08
      2720.00   1.0590226e-08
      2730.00   1.0566455e-08
      2740.00   1.0542243e-08
      2750.00   1.0517599e-08
      2760.00   1.0492537e-08
      2770.00   1.0467064e-08
      2780.00   1.0441194e-08
      2790.00   1.0414938e-08
      2800.00   1.0388304e-08
      2810.00   1.0361305e-08
      2820.00   1.0333951e-08
      2830.00   1.0306250e-08
      2840.00   1.0278215e-08
      2850.00   1.0249854e-08
      2860.00   1.0221177e-08
      2870.00   1.0192194e-08
      2880.00   1.0162913e-08
      2890.00   1.0133345e-08
      2900.00   1.0103498e-08
      2910.00   1.0073382e-08
      2920.00   1.0043005e-08
      2930.00   1.0012375e-08
      2940.00   9.9815010e-09
      2950.00   9.9503921e-09
      2960.00   9.9190550e-09
      2970.00   9.8875003e-09
      2980.00   9.8557334e-09
      2990.00   9.8237630e-09
      3000.00   9.7915973e-09
      3010.00   9.7592420e-09
      3020.00   9.7267071e-09
      3030.00   9.6939974e-09
      3040.00   9.6611222e-09
      3050.00   9.6280870e-09
      3060.00   9.5948992e-09
      3070.00   9.5615651e-09
      3080.00   9.5280912e-09
      3090.00   9.4944847e-09
      3100.00   9.4607521e-09
      3110.00   9.4268980e-09
      3120.00   9.3929313e-09
      3130.00   9.3588551e-09
      3140.00   9.3246776e-09
      3150.00   9.2904025e-09
      3160.00   9.2560379e-09
      3170.00   9.2215856e-09
      3180.00   9.1870556e-09
      3190.00   9.1524498e-09
      3200.00   9.1177751e-09
      3210.00   9.0830356e-09
      3220.00   9.0482380e-09
      3230.00   9.0133845e-09
      3240.00   8.9784819e-09
      3250.00   8.9435352e-09
      3260.00   8.9085483e-09
      3270.00   8.8735246e-09
      3280.00   8.8384706e-09
      3290.00   8.8033887e-09
      3300.00   8.7682848e-09
      3310.00   8.7331621e-09
      3320.00   8.6980240e-09
      3330.00   8.6628760e-09
      3340.00   8.6277215e-09
      3350.00   8.5925632e-09
      3360.00   8.5574058e-09
      3370.00   8.5222528e-09
      3380.00   8.4871075e-09
      3390.00   8.4519740e-09
      3400.00   8.4168549e-09
      3410.00   8.3817544e-09
      3420.00   8.3466744e-09
      3430.00   8.3116191e-09
      3440.00   8.2765911e-09
      3450.00   8.2415928e-09
      3460.00   8.2066296e-09
      3470.00   8.1717016e-09
      3480.00   8.1368120e-09
      3490.00   8.1019648e-09
      3500.00   8.0671622e-09
      3510.00   8.0324059e-09
      3520.00   7.9976996e-09
      3530.00   7.9630456e-09
      3540.00   7.9284453e-09
      3550.00   7.8939017e-09
      3560.00   7.8594176e-09
      3570.00   7.8249944e-09
      3580.00   7.7906348e-09
      3590.00   7.7563400e-09
      3600.00   7.7221133e-09
      3610.00   7.6879568e-09
      3620.00   7.6538711e-09
      3630.00   7.6198576e-09
      3640.00   7.5859202e-09
      3650.00   7.5520602e-09
      3660.00   7.5182783e-09
      3670.00   7.4845768e-09
      3680.00   7.4509577e-09
      3690.00   7.4174217e-09
      3700.00   7.3839711e-09
      3710.00   7.3506073e-09
      3720.00   7.3173310e-09
      3730.00   7.2841451e-09
      3740.00   7.2510495e-09
      3750.00   7.2180465e-09
      3760.00   7.1851362e-09
      3770.00   7.1523212e-09
      3780.00   7.1196019e-09
      3790.00   7.0869789e-09
      3800.00   7.0544556e-09
      3810.00   7.0220310e-09
      3820.00   6.9897064e-09
      3830.00   6.9574835e-09
      3840.00   6.9253623e-09
      3850.00   6.8933450e-09
      3860.00   6.8614312e-09
      3870.00   6.8296235e-09
      3880.00   6.7979210e-09
      3890.00   6.7663253e-09
      3900.00   6.7348372e-09
      3910.00   6.7034575e-09
      3920.00   6.6721867e-09
      3930.00   6.6410251e-09
      3940.00   6.6099741e-09
      3950.00   6.5790341e-09
      3960.00   6.5482060e-09
      3970.00   6.5174897e-09
      3980.00   6.4868866e-09
      3990.00   6.4563962e-09
      4000.00   6.4260194e-09
      4010.00   6.3957571e-09
      4020.00   6.3656093e-09
      4030.00   6.3355769e-09
      4040.00   6.3056596e-09
      4050.00   6.2758586e-09
      4060.00   6.2461731e-09
      4070.00   6.2166050e-09
      4080.00   6.1871534e-09
      4090.00   6.1578190e-09
      4100.00   6.1286024e-09
      4110.00   6.0995035e-09
      4120.00   6.0705221e-09
      4130.00   6.0416594e-09
      4140.00   6.0129145e-09
      4150.00   5.9842892e-09
      4160.00   5.9557821e-09
      4170.00   5.9273935e-09
      4180.00   5.8991242e-09
      4190.00   5.8709738e-09
      4200.00   5.8429430e-09
      4210.00   5.8150321e-09
      4220.00   5.7872393e-09
      4230.00   5.7595670e-09
      4240.00   5.7320131e-09
      4250.00   5.7045795e-09
      4260.00   5.6772654e-09
      4270.00   5.6500702e-09
      4280.00   5.6229951e-09
      4290.00   5.5960393e-09
      4300.00   5.5692029e-09
      4310.00   5.5424858e-09
      4320.00   5.5158880e-09
      4330.00   5.4894091e-09
      4340.00   5.4630494e-09
      4350.00   5.4368090e-09
      4360.00   5.4106874e-09
      4370.00   5.3846846e-09
      4380.00   5.3588001e-09
      4390.00   5.3330345e-09
      4400.00   5.3073868e-09
      4410.00   5.2818580e-09
      4420.00   5.2564463e-09
      4430.00   5.2311527e-09
      4440.00   5.2059767e-09
      4450.00   5.1809185e-09
      4460.00   5.1559771e-09
      4470.00   5.1311528e-09
      4480.00   5.1064450e-09
      4490.00   5.0818540e-09
      4500.00   5.0573794e-09
      4510.00   5.0330204e-09
      4520.00   5.0087779e-09
      4530.00   4.9846501e-09
      4540.00   4.9606378e-09
      4550.00   4.9367408e-09
      4560.00   4.9129583e-09
      4570.00   4.8892899e-09
      4580.00   4.8657359e-09
      4590.00   4.8422957e-09
      4600.00   4.8189690e-09
      4610.00   4.7957557e-09
      4620.00   4.7726549e-09
      4630.00   4.7496666e-09
      4640.00   4.7267910e-09
      4650.00   4.7040272e-09
      4660.00   4.6813750e-09
      4670.00   4.6588336e-09
      4680.00   4.6364034e-09
      4690.00   4.6140839e-09
      4700.00   4.5918742e-09
      4710.00   4.5697747e-09
      4720.00   4.5477843e-09
      4730.00   4.5259031e-09
      4740.00   4.5041312e-09
      4750.00   4.4824670e-09
      4760.00   4.4609113e-09
      4770.00   4.4394630e-09
      4780.00   4.4181218e-09
      4790.00   4.3968878e-09
      4800.00   4.3757601e-09
      4810.00   4.3547383e-09
      4820.00   4.3338222e-09
      4830.00   4.3130117e-09
      4840.00   4.2923060e-09
      4850.00   4.2717049e-09
      4860.00   4.2512079e-09
      4870.00   4.2308147e-09
      4880.00   4.2105246e-09
      4890.00   4.1903377e-09
      4900.00   4.1702532e-09
      4910.00   4.1502707e-09
      4920.00   4.1303905e-09
      4930.00   4.1106106e-09
      4940.00   4.0909323e-09
      4950.00   4.0713542e-09
      4960.00   4.0518759e-09
      4970.00   4.0324975e-09
      4980.00   4.0132185e-09
      4990.00   3.9940381e-09
      5000.00   3.9749561e-09
      5010.00   3.9559722e-09
      5020.00   3.9370855e-09
      5030.00   3.9182961e-09
      5040.00   3.8996038e-09
      5050.00   3.8810072e-09
      5060.00   3.8625065e-09
      5070.00   3.8441017e-09
      5080.00   3.8257914e-09
      5090.00   3.8075760e-09
      5100.00   3.7894549e-09
      5110.00   3.7714272e-09
      5120.00   3.7534929e-09
      5130.00   3.7356513e-09
      5140.00   3.7179025e-09
      5150.00   3.7002456e-09
      5160.00   3.6826804e-09
      5170.00   3.6652064e-09
      5180.00   3.6478230e-09
      5190.00   3.6305304e-09
      5200.00   3.6133274e-09
      5210.00   3.5962139e-09
      5220.00   3.5791895e-09
      5230.00   3.5622538e-09
      5240.00   3.5454065e-09
      5250.00   3.5286467e-09
      5260.00   3.5119743e-09
      5270.00   3.4953889e-09
      5280.00   3.4788902e-09
      5290.00   3.4624777e-09
      5300.00   3.4461507e-09
      5310.00   3.4299093e-09
      5320.00   3.4137526e-09
      5330.00   3.3976803e-09
      5340.00   3.3816922e-09
      5350.00   3.3657877e-09
      5360.00   3.3499665e-09
      5370.00   3.3342279e-09
      5380.00   3.3185720e-09
      5390.00   3.3029978e-09
      5400.00   3.2875051e-09
      5410.00   3.2720938e-09
      5420.00   3.2567632e-09
      5430.00   3.2415130e-09
      5440.00   3.2263429e-09
      5450.00   3.2112523e-09
      5460.00   3.1962404e-09
      5470.00   3.1813076e-09
      5480.00   3.1664530e-09
      5490.00   3.1516766e-09
      5500.00   3.1369773e-09
      5510.00   3.1223557e-09
      5520.00   3.1078106e-09
      5530.00   3.0933418e-09
      5540.00   3.0789487e-09
      5550.00   3.0646317e-09
      5560.00   3.0503892e-09
      5570.00   3.0362219e-09
      5580.00   3.0221292e-09
      5590.00   3.0081102e-09
      5600.00   2.9941646e-09
      5610.00   2.9802925e-09
      5620.00   2.9664931e-09
      5630.00   2.9527664e-09
      5640.00   2.9391117e-09
      5650.00   2.9255284e-09
      5660.00   2.9120168e-09
      5670.00   2.8985760e-09
      5680.00   2.8852058e-09
      5690.00   2.8719057e-09
      5700.00   2.8586754e-09
      5710.00   2.8455146e-09
      5720.00   2.8324231e-09
      5730.00   2.8193998e-09
      5740.00   2.8064455e-09
      5750.00   2.7935586e-09
      5760.00   2.7807395e-09
      5770.00   2.7679878e-09
      5780.00   2.7553028e-09
      5790.00   2.7426843e-09
      5800.00   2.7301320e-09
      5810.00   2.7176459e-09
      5820.00   2.7052249e-09
      5830.00   2.6928690e-09
      5840.00   2.6805779e-09
      5850.00   2.6683511e-09
      5860.00   2.6561884e-09
      5870.00   2.6440895e-09
      5880.00   2.6320539e-09
      5890.00   2.6200814e-09
      5900.00   2.6081714e-09
      5910.00   2.5963238e-09
      5920.00   2.5845380e-09
      5930.00   2.5728142e-09
      5940.00   2.5611517e-09
      5950.00   2.5495500e-09
      5960.00   2.5380090e-09
      5970.00   2.5265282e-09
      5980.00   2.5151076e-09
      5990.00   2.5037466e-09
      6000.00   2.4924449e-09
      6010.00   2.4812020e-09
      6020.00   2.4700179e-09
      6030.00   2.4588923e-09
      6040.00   2.4478247e-09
      6050.00   2.4368147e-09
      6060.00   2.4258621e-09
      6070.00   2.4149666e-09
      6080.00   2.4041280e-09
      6090.00   2.3933458e-09
      6100.00   2.3826196e-09
      6110.00   2.3719492e-09
      6120.00   2.3613346e-09
      6130.00   2.3507750e-09
      6140.00   2.3402704e-09
      6150.00   2.3298202e-09
      6160.00   2.3194244e-09
      6170.00   2.3090827e-09
      6180.00   2.2987946e-09
      6190.00   2.2885598e-09
      6200.00   2.2783784e-09
      6210.00   2.2682495e-09
      6220.00   2.2581732e-09
      6230.00   2.2481493e-09
      6240.00   2.2381773e-09
      6250.00   2.2282567e-09
      6260.00   2.2183876e-09
      6270.00   2.2085697e-09
      6280.00   2.1988025e-09
      6290.00   2.1890856e-09
      6300.00   2.1794191e-09
      6310.00   2.1698025e-09
      6320.00   2.1602358e-09
      6330.00   2.1507180e-09
      6340.00   2.1412495e-09
      6350.00   2.1318301e-09
      6360.00   2.1224590e-09
      6370.00   2.1131362e-09
      6380.00   2.1038614e-09
      6390.00   2.0946345e-09
      6400.00   2.0854549e-09
      6410.00   2.0763226e-09
      6420.00   2.0672372e-09
      6430.00   2.0581986e-09
      6440.00   2.0492065e-09
      6450.00   2.0402604e-09
      6460.00   2.0313601e-09
      6470.00   2.0225057e-09
      6480.00   2.0136965e-09
      6490.00   2.0049327e-09
      6500.00   1.9962136e-09
      6510.00   1.9875393e-09
      6520.00   1.9789093e-09
      6530.00   1.9703233e-09
      6540.00   1.9617813e-09
      6550.00   1.9532831e-09
      6560.00   1.9448281e-09
      6570.00   1.9364162e-09
      6580.00   1.9280474e-09
      6590.00   1.9197213e-09
      6600.00   1.9114375e-09
      6610.00   1.9031960e-09
      6620.00   1.8949964e-09
      6630.00   1.8868384e-09
      6640.00   1.8787221e-09
      6650.00   1.8706471e-09
      6660.00   1.8626129e-09
      6670.00   1.8546196e-09
      6680.00   1.8466670e-09
      6690.00   1.8387545e-09
      6700.00   1.8308824e-09
      6710.00   1.8230500e-09
      6720.00   1.8152573e-09
      6730.00   1.8075040e-09
      6740.00   1.7997900e-09
      6750.00   1.7921150e-09
      6760.00   1.7844788e-09
      6770.00   1.7768813e-09
      6780.00   1.7693219e-09
      6790.00   1.7618008e-09
      6800.00   1.7543175e-09
      6810.00   1.7468721e-09
      6820.00   1.7394641e-09
      6830.00   1.7320934e-09
      6840.00   1.7247597e-09
      6850.00   1.7174630e-09
      6860.00   1.7102029e-09
      6870.00   1.7029793e-09
      6880.00   1.6957920e-09
      6890.00   1.6886406e-09
      6900.00   1.6815251e-09
      6910.00   1.6744453e-09
      6920.00   1.6674012e-09
      6930.00   1.6603920e-09
      6940.00   1.6534181e-09
      6950.00   1.6464789e-09
      6960.00   1.6395743e-09
      6970.00   1.6327043e-09
      6980.00   1.6258686e-09
      6990.00   1.6190671e-09
      7000.00   1.6122993e-09
      7010.00   1.6055652e-09
      7020.00   1.5988647e-09
      7030.00   1.5921977e-09
      7040.00   1.5855636e-09
      7050.00   1.5789627e-09
      7060.00   1.5723944e-09
      7070.00   1.5658588e-09
      7080.00   1.5593555e-09
      7090.00   1.5528845e-09
      7100.00   1.5464455e-09
      7110.00   1.5400385e-09
      7120.00   1.5336632e-09
      7130.00   1.5273195e-09
      7140.00   1.5210069e-09
      7150.00   1.5147257e-09
      7160.00   1.5084754e-09
      7170.00   1.5022559e-09
      7180.00   1.4960671e-09
      7190.00   1.4899089e-09
      7200.00   1.4837808e-09
      7210.00   1.4776830e-09
      7220.00   1.4716153e-09
      7230.00   1.4655772e-09
      7240.00   1.4595689e-09
      7250.00   1.4535899e-09
      7260.00   1.4476403e-09
      7270.00   1.4417200e-09
      7280.00   1.4358285e-09
      7290.00   1.4299660e-09
      7300.00   1.4241322e-09
      7310.00   1.4183269e-09
      7320.00   1.4125498e-09
      7330.00   1.4068011e-09
      7340.00   1.4010803e-09
      7350.00   1.3953875e-09
      7360.00   1.3897224e-09
      7370.00   1.3840851e-09
      7380.00   1.3784749e-09
      7390.00   1.3728922e-09
      7400.00   1.3673365e-09
      7410.00   1.3618078e-09
      7420.00   1.3563061e-09
      7430.00   1.3508309e-09
      7440.00   1.3453823e-09
      7450.00   1.3399602e-09
      7460.00   1.3345643e-09
      7470.00   1.3291945e-09
      7480.00   1.3238506e-09
      7490.00   1.3185325e-09
      7500.00   1.3132403e-09
      7510.00   1.3079734e-09
      7520.00   1.3027320e-09
      7530.00   1.2975158e-09
      7540.00   1.2923248e-09
      7550.00   1.2871587e-09
      7560.00   1.2820175e-09
      7570.00   1.2769010e-09
      7580.00   1.2718090e-09
      7590.00   1.2667416e-09
      7600.00   1.2616984e-09
      7610.00   1.2566794e-09
      7620.00   1.2516845e-09
      7630.00   1.2467133e-09
      7640.00   1.2417661e-09
      7650.00   1.2368424e-09
      7660.00   1.2319424e-09
      7670.00   1.2270656e-09
      7680.00   1.2222122e-09
      7690.00   1.2173818e-09
      7700.00   1.2125746e-09
      7710.00   1.2077901e-09
      7720.00   1.2030284e-09
      7730.00   1.1982895e-09
      7740.00   1.1935730e-09
      7750.00   1.1888789e-09
      7760.00   1.1842071e-09
      7770.00   1.1795574e-09
      7780.00   1.1749297e-09
      7790.00   1.1703240e-09
      7800.00   1.1657400e-09
      7810.00   1.1611777e-09
      7820.00   1.1566371e-09
      7830.00   1.1521178e-09
      7840.00   1.1476198e-09
      7850.00   1.1431431e-09
      7860.00   1.1386874e-09
      7870.00   1.1342527e-09
      7880.00   1.1298389e-09
      7890.00   1.1254459e-09
      7900.00   1.1210735e-09
      7910.00   1.1167216e-09
      7920.00   1.1123902e-09
      7930.00   1.1080790e-09
      7940.00   1.1037881e-09
      7950.00   1.0995172e-09
      7960.00   1.0952665e-09
      7970.00   1.0910354e-09
      7980.00   1.0868243e-09
      7990.00   1.0826327e-09
      8000.00   1.0784607e-09
