      1600.00   9.0098942e-09
      1610.00   9.1299110e-09
      1620.00   9.2482556e-09
      1630.00   9.3648977e-09
      1640.00   9.4798031e-09
      1650.00   9.5929436e-09
      1660.00   9.7042915e-09
      1670.00   9.8138234e-09
      1680.00   9.9215137e-09
      1690.00   1.0027343e-08
      1700.00   1.0131291e-08
      1710.00   1.0233342e-08
      1720.00   1.0333479e-08
      1730.00   1.0431689e-08
      1740.00   1.0527958e-08
      1750.00   1.0622277e-08
      1760.00   1.0714637e-08
      1770.00   1.0805032e-08
      1780.00   1.0893454e-08
      1790.00   1.0979900e-08
      1800.00   1.1064366e-08
      1810.00   1.1146852e-08
      1820.00   1.1227355e-08
      1830.00   1.1305880e-08
      1840.00   1.1382426e-08
      1850.00   1.1456998e-08
      1860.00   1.1529600e-08
      1870.00   1.1600238e-08
      1880.00   1.1668918e-08
      1890.00   1.1735649e-08
      1900.00   1.1800437e-08
      1910.00   1.1863294e-08
      1920.00   1.1924229e-08
      1930.00   1.1983253e-08
      1940.00   1.2040380e-08
      1950.00   1.2095621e-08
      1960.00   1.2148990e-08
      1970.00   1.2200500e-08
      1980.00   1.2250167e-08
      1990.00   1.2298007e-08
      2000.00   1.2344033e-08
      2010.00   1.2388264e-08
      2020.00   1.2430716e-08
      2030.00   1.2471406e-08
      2040.00   1.2510354e-08
      2050.00   1.2547576e-08
      2060.00   1.2583091e-08
      2070.00   1.2616917e-08
      2080.00   1.2649078e-08
      2090.00   1.2679587e-08
      2100.00   1.2708468e-08
      2110.00   1.2735740e-08
      2120.00   1.2761423e-08
      2130.00   1.2785540e-08
      2140.00   1.2808107e-08
      2150.00   1.2829150e-08
      2160.00   1.2848687e-08
      2170.00   1.2866738e-08
      2180.00   1.2883328e-08
      2190.00   1.2898476e-08
      2200.00   1.2912204e-08
      2210.00   1.2924533e-08
      2220.00   1.2935484e-08
      2230.00   1.2945081e-08
      2240.00   1.2953342e-08
      2250.00   1.2960292e-08
      2260.00   1.2965950e-08
      2270.00   1.2970337e-08
      2280.00   1.2973477e-08
      2290.00   1.2975388e-08
      2300.00   1.2976094e-08
      2310.00   1.2975616e-08
      2320.00   1.2973974e-08
      2330.00   1.2971190e-08
      2340.00   1.2967283e-08
      2350.00   1.2962275e-08
      2360.00   1.2956187e-08
      2370.00   1.2949040e-08
      2380.00   1.2940853e-08
      2390.00   1.2931646e-08
      2400.00   1.2921441e-08
      2410.00   1.2910254e-08
      2420.00   1.2898110e-08
      2430.00   1.2885025e-08
      2440.00   1.2871019e-08
      2450.00   1.2856113e-08
      2460.00   1.2840325e-08
      2470.00   1.2823671e-08
      2480.00   1.2806171e-08
      2490.00   1.2787847e-08
      2500.00   1.2768714e-08
      2510.00   1.2748791e-08
      2520.00   1.2728096e-08
      2530.00   1.2706644e-08
      2540.00   1.2684457e-08
      2550.00   1.2661550e-08
      2560.00   1.2637938e-08
      2570.00   1.2613641e-08
      2580.00   1.2588674e-08
      2590.00   1.2563053e-08
      2600.00   1.2536796e-08
      2610.00   1.2509917e-08
      2620.00   1.2482433e-08
      2630.00   1.2454358e-08
      2640.00   1.2425709e-08
      2650.00   1.2396500e-08
      2660.00   1.2366747e-08
      2670.00   1.2336463e-08
      2680.00   1.2305664e-08
      2690.00   1.2274363e-08
      2700.00   1.2242574e-08
      2710.00   1.2210312e-08
      2720.00   1.2177591e-08
      2730.00   1.2144421e-08
      2740.00   1.2110819e-08
      2750.00   1.2076795e-08
      2760.00   1.2042366e-08
      2770.00   1.2007539e-08
      2780.00   1.1972329e-08
      2790.00   1.1936750e-08
      2800.00   1.1900810e-08
      2810.00   1.1864524e-08
      2820.00   1.1827903e-08
      2830.00   1.1790956e-08
      2840.00   1.1753696e-08
      2850.00   1.1716134e-08
      2860.00   1.1678281e-08
      2870.00   1.1640147e-08
      2880.00   1.1601741e-08
      2890.00   1.1563075e-08
      2900.00   1.1524158e-08
      2910.00   1.1485003e-08
      2920.00   1.1445615e-08
      2930.00   1.1406005e-08
      2940.00   1.1366183e-08
      2950.00   1.1326159e-08
      2960.00   1.1285939e-08
      2970.00   1.1245535e-08
      2980.00   1.1204954e-08
      2990.00   1.1164204e-08
      3000.00   1.1123294e-08
      3010.00   1.1082231e-08
      3020.00   1.1041025e-08
      3030.00   1.0999682e-08
      3040.00   1.0958211e-08
      3050.00   1.0916618e-08
      3060.00   1.0874912e-08
      3070.00   1.0833098e-08
      3080.00   1.0791185e-08
      3090.00   1.0749178e-08
      3100.00   1.0707087e-08
      3110.00   1.0664914e-08
      3120.00   1.0622670e-08
      3130.00   1.0580358e-08
      3140.00   1.0537987e-08
      3150.00   1.0495560e-08
      3160.00   1.0453085e-08
      3170.00   1.0410566e-08
      3180.00   1.0368012e-08
      3190.00   1.0325425e-08
      3200.00   1.0282812e-08
      3210.00   1.0240178e-08
      3220.00   1.0197529e-08
      3230.00   1.0154869e-08
      3240.00   1.0112203e-08
      3250.00   1.0069537e-08
      3260.00   1.0026875e-08
      3270.00   9.9842199e-09
      3280.00   9.9415793e-09
      3290.00   9.8989551e-09
      3300.00   9.8563535e-09
      3310.00   9.8137775e-09
      3320.00   9.7712305e-09
      3330.00   9.7287184e-09
      3340.00   9.6862445e-09
      3350.00   9.6438112e-09
      3360.00   9.6014236e-09
      3370.00   9.5590849e-09
      3380.00   9.5167986e-09
      3390.00   9.4745686e-09
      3400.00   9.4323977e-09
      3410.00   9.3902898e-09
      3420.00   9.3482469e-09
      3430.00   9.3062731e-09
      3440.00   9.2643710e-09
      3450.00   9.2225426e-09
      3460.00   9.1807939e-09
      3470.00   9.1391242e-09
      3480.00   9.0975370e-09
      3490.00   9.0560362e-09
      3500.00   9.0146237e-09
      3510.00   8.9733011e-09
      3520.00   8.9320723e-09
      3530.00   8.8909393e-09
      3540.00   8.8499030e-09
      3550.00   8.8089668e-09
      3560.00   8.7681333e-09
      3570.00   8.7274035e-09
      3580.00   8.6867800e-09
      3590.00   8.6462640e-09
      3600.00   8.6058586e-09
      3610.00   8.5655659e-09
      3620.00   8.5253859e-09
      3630.00   8.4853201e-09
      3640.00   8.4453722e-09
      3650.00   8.4055435e-09
      3660.00   8.3658343e-09
      3670.00   8.3262467e-09
      3680.00   8.2867828e-09
      3690.00   8.2474429e-09
      3700.00   8.2082291e-09
      3710.00   8.1691426e-09
      3720.00   8.1301840e-09
      3730.00   8.0913560e-09
      3740.00   8.0526583e-09
      3750.00   8.0140929e-09
      3760.00   7.9756597e-09
      3770.00   7.9373614e-09
      3780.00   7.8991977e-09
      3790.00   7.8611694e-09
      3800.00   7.8232796e-09
      3810.00   7.7855270e-09
      3820.00   7.7479129e-09
      3830.00   7.7104384e-09
      3840.00   7.6731036e-09
      3850.00   7.6359103e-09
      3860.00   7.5988581e-09
      3870.00   7.5619493e-09
      3880.00   7.5251828e-09
      3890.00   7.4885598e-09
      3900.00   7.4520811e-09
      3910.00   7.4157472e-09
      3920.00   7.3795584e-09
      3930.00   7.3435147e-09
      3940.00   7.3076174e-09
      3950.00   7.2718667e-09
      3960.00   7.2362631e-09
      3970.00   7.2008065e-09
      3980.00   7.1654979e-09
      3990.00   7.1303367e-09
      4000.00   7.0953235e-09
      4010.00   7.0604590e-09
      4020.00   7.0257430e-09
      4030.00   6.9911763e-09
      4040.00   6.9567580e-09
      4050.00   6.9224895e-09
      4060.00   6.8883696e-09
      4070.00   6.8543999e-09
      4080.00   6.8205795e-09
      4090.00   6.7869086e-09
      4100.00   6.7533878e-09
      4110.00   6.7200168e-09
      4120.00   6.6867950e-09
      4130.00   6.6537235e-09
      4140.00   6.6208011e-09
      4150.00   6.5880296e-09
      4160.00   6.5554071e-09
      4170.00   6.5229340e-09
      4180.00   6.4906105e-09
      4190.00   6.4584362e-09
      4200.00   6.4264116e-09
      4210.00   6.3945370e-09
      4220.00   6.3628099e-09
      4230.00   6.3312327e-09
      4240.00   6.2998032e-09
      4250.00   6.2685231e-09
      4260.00   6.2373912e-09
      4270.00   6.2064069e-09
      4280.00   6.1755710e-09
      4290.00   6.1448827e-09
      4300.00   6.1143418e-09
      4310.00   6.0839479e-09
      4320.00   6.0537010e-09
      4330.00   6.0236002e-09
      4340.00   5.9936458e-09
      4350.00   5.9638378e-09
      4360.00   5.9341753e-09
      4370.00   5.9046582e-09
      4380.00   5.8752858e-09
      4390.00   5.8460584e-09
      4400.00   5.8169750e-09
      4410.00   5.7880363e-09
      4420.00   5.7592402e-09
      4430.00   5.7305876e-09
      4440.00   5.7020779e-09
      4450.00   5.6737110e-09
      4460.00   5.6454858e-09
      4470.00   5.6174022e-09
      4480.00   5.5894597e-09
      4490.00   5.5616582e-09
      4500.00   5.5339972e-09
      4510.00   5.5064757e-09
      4520.00   5.4790945e-09
      4530.00   5.4518515e-09
      4540.00   5.4247474e-09
      4550.00   5.3977817e-09
      4560.00   5.3709537e-09
      4570.00   5.3442624e-09
      4580.00   5.3177082e-09
      4590.00   5.2912903e-09
      4600.00   5.2650084e-09
      4610.00   5.2388618e-09
      4620.00   5.2128497e-09
      4630.00   5.1869719e-09
      4640.00   5.1612285e-09
      4650.00   5.1356183e-09
      4660.00   5.1101410e-09
      4670.00   5.0847955e-09
      4680.00   5.0595823e-09
      4690.00   5.0345006e-09
      4700.00   5.0095492e-09
      4710.00   4.9847286e-09
      4720.00   4.9600374e-09
      4730.00   4.9354755e-09
      4740.00   4.9110429e-09
      4750.00   4.8867378e-09
      4760.00   4.8625609e-09
      4770.00   4.8385110e-09
      4780.00   4.8145875e-09
      4790.00   4.7907904e-09
      4800.00   4.7671187e-09
      4810.00   4.7435719e-09
      4820.00   4.7201493e-09
      4830.00   4.6968511e-09
      4840.00   4.6736762e-09
      4850.00   4.6506242e-09
      4860.00   4.6276945e-09
      4870.00   4.6048866e-09
      4880.00   4.5821997e-09
      4890.00   4.5596337e-09
      4900.00   4.5371878e-09
      4910.00   4.5148614e-09
      4920.00   4.4926546e-09
      4930.00   4.4705653e-09
      4940.00   4.4485946e-09
      4950.00   4.4267410e-09
      4960.00   4.4050040e-09
      4970.00   4.3833836e-09
      4980.00   4.3618791e-09
      4990.00   4.3404896e-09
      5000.00   4.3192148e-09
      5010.00   4.2980543e-09
      5020.00   4.2770069e-09
      5030.00   4.2560727e-09
      5040.00   4.2352513e-09
      5050.00   4.2145412e-09
      5060.00   4.1939425e-09
      5070.00   4.1734553e-09
      5080.00   4.1530776e-09
      5090.00   4.1328100e-09
      5100.00   4.1126518e-09
      5110.00   4.0926018e-09
      5120.00   4.0726600e-09
      5130.00   4.0528255e-09
      5140.00   4.0330985e-09
      5150.00   4.0134777e-09
      5160.00   3.9939630e-09
      5170.00   3.9745536e-09
      5180.00   3.9552489e-09
      5190.00   3.9360489e-09
      5200.00   3.9169525e-09
      5210.00   3.8979593e-09
      5220.00   3.8790688e-09
      5230.00   3.8602805e-09
      5240.00   3.8415941e-09
      5250.00   3.8230085e-09
      5260.00   3.8045235e-09
      5270.00   3.7861386e-09
      5280.00   3.7678534e-09
      5290.00   3.7496673e-09
      5300.00   3.7315795e-09
      5310.00   3.7135899e-09
      5320.00   3.6956977e-09
      5330.00   3.6779024e-09
      5340.00   3.6602036e-09
      5350.00   3.6426008e-09
      5360.00   3.6250934e-09
      5370.00   3.6076808e-09
      5380.00   3.5903628e-09
      5390.00   3.5731384e-09
      5400.00   3.5560073e-09
      5410.00   3.5389695e-09
      5420.00   3.5220239e-09
      5430.00   3.5051702e-09
      5440.00   3.4884081e-09
      5450.00   3.4717368e-09
      5460.00   3.4551554e-09
      5470.00   3.4386644e-09
      5480.00   3.4222626e-09
      5490.00   3.4059500e-09
      5500.00   3.3897255e-09
      5510.00   3.3735894e-09
      5520.00   3.3575406e-09
      5530.00   3.3415788e-09
      5540.00   3.3257032e-09
      5550.00   3.3099142e-09
      5560.00   3.2942100e-09
      5570.00   3.2785914e-09
      5580.00   3.2630576e-09
      5590.00   3.2476077e-09
      5600.00   3.2322413e-09
      5610.00   3.2169584e-09
      5620.00   3.2017580e-09
      5630.00   3.1866402e-09
      5640.00   3.1716043e-09
      5650.00   3.1566493e-09
      5660.00   3.1417757e-09
      5670.00   3.1269824e-09
      5680.00   3.1122691e-09
      5690.00   3.0976354e-09
      5700.00   3.0830808e-09
      5710.00   3.0686048e-09
      5720.00   3.0542074e-09
      5730.00   3.0398873e-09
      5740.00   3.0256451e-09
      5750.00   3.0114793e-09
      5760.00   2.9973902e-09
      5770.00   2.9833773e-09
      5780.00   2.9694399e-09
      5790.00   2.9555776e-09
      5800.00   2.9417900e-09
      5810.00   2.9280773e-09
      5820.00   2.9144382e-09
      5830.00   2.9008726e-09
      5840.00   2.8873801e-09
      5850.00   2.8739601e-09
      5860.00   2.8606125e-09
      5870.00   2.8473368e-09
      5880.00   2.8341324e-09
      5890.00   2.8209993e-09
      5900.00   2.8079366e-09
      5910.00   2.7949442e-09
      5920.00   2.7820214e-09
      5930.00   2.7691684e-09
      5940.00   2.7563843e-09
      5950.00   2.7436688e-09
      5960.00   2.7310216e-09
      5970.00   2.7184420e-09
      5980.00   2.7059302e-09
      5990.00   2.6934854e-09
      6000.00   2.6811072e-09
      6010.00   2.6687952e-09
      6020.00   2.6565492e-09
      6030.00   2.6443689e-09
      6040.00   2.6322537e-09
      6050.00   2.6202033e-09
      6060.00   2.6082171e-09
      6070.00   2.5962952e-09
      6080.00   2.5844370e-09
      6090.00   2.5726421e-09
      6100.00   2.5609101e-09
      6110.00   2.5492405e-09
      6120.00   2.5376336e-09
      6130.00   2.5260882e-09
      6140.00   2.5146045e-09
      6150.00   2.5031818e-09
      6160.00   2.4918200e-09
      6170.00   2.4805186e-09
      6180.00   2.4692773e-09
      6190.00   2.4580957e-09
      6200.00   2.4469738e-09
      6210.00   2.4359107e-09
      6220.00   2.4249063e-09
      6230.00   2.4139605e-09
      6240.00   2.4030728e-09
      6250.00   2.3922424e-09
      6260.00   2.3814698e-09
      6270.00   2.3707543e-09
      6280.00   2.3600953e-09
      6290.00   2.3494926e-09
      6300.00   2.3389461e-09
      6310.00   2.3284553e-09
      6320.00   2.3180202e-09
      6330.00   2.3076398e-09
      6340.00   2.2973142e-09
      6350.00   2.2870434e-09
      6360.00   2.2768266e-09
      6370.00   2.2666635e-09
      6380.00   2.2565540e-09
      6390.00   2.2464978e-09
      6400.00   2.2364944e-09
      6410.00   2.2265436e-09
      6420.00   2.2166451e-09
      6430.00   2.2067986e-09
      6440.00   2.1970040e-09
      6450.00   2.1872605e-09
      6460.00   2.1775681e-09
      6470.00   2.1679266e-09
      6480.00   2.1583356e-09
      6490.00   2.1487949e-09
      6500.00   2.1393040e-09
      6510.00   2.1298629e-09
      6520.00   2.1204711e-09
      6530.00   2.1111281e-09
      6540.00   2.1018341e-09
      6550.00   2.0925887e-09
      6560.00   2.0833913e-09
      6570.00   2.0742418e-09
      6580.00   2.0651401e-09
      6590.00   2.0560858e-09
      6600.00   2.0470786e-09
      6610.00   2.0381182e-09
      6620.00   2.0292044e-09
      6630.00   2.0203366e-09
      6640.00   2.0115151e-09
      6650.00   2.0027395e-09
      6660.00   1.9940092e-09
      6670.00   1.9853241e-09
      6680.00   1.9766842e-09
      6690.00   1.9680887e-09
      6700.00   1.9595379e-09
      6710.00   1.9510311e-09
      6720.00   1.9425684e-09
      6730.00   1.9341492e-09
      6740.00   1.9257737e-09
      6750.00   1.9174412e-09
      6760.00   1.9091517e-09
      6770.00   1.9009050e-09
      6780.00   1.8927006e-09
      6790.00   1.8845385e-09
      6800.00   1.8764182e-09
      6810.00   1.8683398e-09
      6820.00   1.8603029e-09
      6830.00   1.8523071e-09
      6840.00   1.8443523e-09
      6850.00   1.8364382e-09
      6860.00   1.8285648e-09
      6870.00   1.8207316e-09
      6880.00   1.8129385e-09
      6890.00   1.8051852e-09
      6900.00   1.7974714e-09
      6910.00   1.7897971e-09
      6920.00   1.7821622e-09
      6930.00   1.7745659e-09
      6940.00   1.7670084e-09
      6950.00   1.7594893e-09
      6960.00   1.7520085e-09
      6970.00   1.7445657e-09
      6980.00   1.7371608e-09
      6990.00   1.7297936e-09
      7000.00   1.7224636e-09
      7010.00   1.7151708e-09
      7020.00   1.7079150e-09
      7030.00   1.7006961e-09
      7040.00   1.6935135e-09
      7050.00   1.6863674e-09
      7060.00   1.6792574e-09
      7070.00   1.6721833e-09
      7080.00   1.6651448e-09
      7090.00   1.6581419e-09
      7100.00   1.6511743e-09
      7110.00   1.6442418e-09
      7120.00   1.6373443e-09
      7130.00   1.6304816e-09
      7140.00   1.6236531e-09
      7150.00   1.6168591e-09
      7160.00   1.6100991e-09
      7170.00   1.6033730e-09
      7180.00   1.5966807e-09
      7190.00   1.5900221e-09
      7200.00   1.5833966e-09
      7210.00   1.5768044e-09
      7220.00   1.5702453e-09
      7230.00   1.5637186e-09
      7240.00   1.5572249e-09
      7250.00   1.5507633e-09
      7260.00   1.5443339e-09
      7270.00   1.5379368e-09
      7280.00   1.5315714e-09
      7290.00   1.5252377e-09
      7300.00   1.5189356e-09
      7310.00   1.5126648e-09
      7320.00   1.5064250e-09
      7330.00   1.5002163e-09
      7340.00   1.4940383e-09
      7350.00   1.4878910e-09
      7360.00   1.4817741e-09
      7370.00   1.4756877e-09
      7380.00   1.4696310e-09
      7390.00   1.4636045e-09
      7400.00   1.4576077e-09
      7410.00   1.4516405e-09
      7420.00   1.4457028e-09
      7430.00   1.4397942e-09
      7440.00   1.4339148e-09
      7450.00   1.4280644e-09
      7460.00   1.4222428e-09
      7470.00   1.4164497e-09
      7480.00   1.4106851e-09
      7490.00   1.4049488e-09
      7500.00   1.3992407e-09
      7510.00   1.3935604e-09
      7520.00   1.3879080e-09
      7530.00   1.3822832e-09
      7540.00   1.3766861e-09
      7550.00   1.3711162e-09
      7560.00   1.3655736e-09
      7570.00   1.3600580e-09
      7580.00   1.3545691e-09
      7590.00   1.3491073e-09
      7600.00   1.3436720e-09
      7610.00   1.3382630e-09
      7620.00   1.3328805e-09
      7630.00   1.3275239e-09
      7640.00   1.3221936e-09
      7650.00   1.3168889e-09
      7660.00   1.3116102e-09
      7670.00   1.3063568e-09
      7680.00   1.3011290e-09
      7690.00   1.2959264e-09
      7700.00   1.2907491e-09
      7710.00   1.2855967e-09
      7720.00   1.2804691e-09
      7730.00   1.2753665e-09
      7740.00   1.2702883e-09
      7750.00   1.2652346e-09
      7760.00   1.2602053e-09
      7770.00   1.2552001e-09
      7780.00   1.2502190e-09
      7790.00   1.2452618e-09
      7800.00   1.2403284e-09
      7810.00   1.2354187e-09
      7820.00   1.2305326e-09
      7830.00   1.2256698e-09
      7840.00   1.2208303e-09
      7850.00   1.2160139e-09
      7860.00   1.2112205e-09
      7870.00   1.2064501e-09
      7880.00   1.2017024e-09
      7890.00   1.1969774e-09
      7900.00   1.1922748e-09
      7910.00   1.1875948e-09
      7920.00   1.1829369e-09
      7930.00   1.1783012e-09
      7940.00   1.1736875e-09
      7950.00   1.1690957e-09
      7960.00   1.1645258e-09
      7970.00   1.1599774e-09
      7980.00   1.1554507e-09
      7990.00   1.1509454e-09
      8000.00   1.1464613e-09
