      1600.00   1.1225838e-08
      1610.00   1.1359945e-08
      1620.00   1.1491785e-08
      1630.00   1.1621333e-08
      1640.00   1.1748559e-08
      1650.00   1.1873440e-08
      1660.00   1.1995953e-08
      1670.00   1.2116081e-08
      1680.00   1.2233804e-08
      1690.00   1.2349108e-08
      1700.00   1.2461982e-08
      1710.00   1.2572415e-08
      1720.00   1.2680396e-08
      1730.00   1.2785921e-08
      1740.00   1.2888983e-08
      1750.00   1.2989581e-08
      1760.00   1.3087713e-08
      1770.00   1.3183380e-08
      1780.00   1.3276585e-08
      1790.00   1.3367331e-08
      1800.00   1.3455622e-08
      1810.00   1.3541469e-08
      1820.00   1.3624874e-08
      1830.00   1.3705852e-08
      1840.00   1.3784412e-08
      1850.00   1.3860565e-08
      1860.00   1.3934324e-08
      1870.00   1.4005706e-08
      1880.00   1.4074723e-08
      1890.00   1.4141394e-08
      1900.00   1.4205734e-08
      1910.00   1.4267762e-08
      1920.00   1.4327497e-08
      1930.00   1.4384958e-08
      1940.00   1.4440168e-08
      1950.00   1.4493145e-08
      1960.00   1.4543914e-08
      1970.00   1.4592493e-08
      1980.00   1.4638910e-08
      1990.00   1.4683186e-08
      2000.00   1.4725344e-08
      2010.00   1.4765411e-08
      2020.00   1.4803411e-08
      2030.00   1.4839368e-08
      2040.00   1.4873310e-08
      2050.00   1.4905261e-08
      2060.00   1.4935248e-08
      2070.00   1.4963297e-08
      2080.00   1.4989437e-08
      2090.00   1.5013691e-08
      2100.00   1.5036089e-08
      2110.00   1.5056658e-08
      2120.00   1.5075424e-08
      2130.00   1.5092416e-08
      2140.00   1.5107660e-08
      2150.00   1.5121186e-08
      2160.00   1.5133019e-08
      2170.00   1.5143186e-08
      2180.00   1.5151719e-08
      2190.00   1.5158641e-08
      2200.00   1.5163982e-08
      2210.00   1.5167770e-08
      2220.00   1.5170029e-08
      2230.00   1.5170791e-08
      2240.00   1.5170078e-08
      2250.00   1.5167922e-08
      2260.00   1.5164347e-08
      2270.00   1.5159379e-08
      2280.00   1.5153048e-08
      2290.00   1.5145376e-08
      2300.00   1.5136394e-08
      2310.00   1.5126125e-08
      2320.00   1.5114596e-08
      2330.00   1.5101833e-08
      2340.00   1.5087860e-08
      2350.00   1.5072703e-08
      2360.00   1.5056388e-08
      2370.00   1.5038940e-08
      2380.00   1.5020381e-08
      2390.00   1.5000736e-08
      2400.00   1.4980032e-08
      2410.00   1.4958287e-08
      2420.00   1.4935531e-08
      2430.00   1.4911784e-08
      2440.00   1.4887069e-08
      2450.00   1.4861410e-08
      2460.00   1.4834829e-08
      2470.00   1.4807346e-08
      2480.00   1.4778984e-08
      2490.00   1.4749767e-08
      2500.00   1.4719714e-08
      2510.00   1.4688846e-08
      2520.00   1.4657186e-08
      2530.00   1.4624750e-08
      2540.00   1.4591564e-08
      2550.00   1.4557644e-08
      2560.00   1.4523010e-08
      2570.00   1.4487681e-08
      2580.00   1.4451678e-08
      2590.00   1.4415019e-08
      2600.00   1.4377722e-08
      2610.00   1.4339805e-08
      2620.00   1.4301288e-08
      2630.00   1.4262184e-08
      2640.00   1.4222514e-08
      2650.00   1.4182295e-08
      2660.00   1.4141543e-08
      2670.00   1.4100274e-08
      2680.00   1.4058506e-08
      2690.00   1.4016254e-08
      2700.00   1.3973531e-08
      2710.00   1.3930357e-08
      2720.00   1.3886745e-08
      2730.00   1.3842709e-08
      2740.00   1.3798265e-08
      2750.00   1.3753427e-08
      2760.00   1.3708211e-08
      2770.00   1.3662626e-08
      2780.00   1.3616690e-08
      2790.00   1.3570416e-08
      2800.00   1.3523813e-08
      2810.00   1.3476899e-08
      2820.00   1.3429685e-08
      2830.00   1.3382182e-08
      2840.00   1.3334403e-08
      2850.00   1.3286360e-08
      2860.00   1.3238066e-08
      2870.00   1.3189530e-08
      2880.00   1.3140764e-08
      2890.00   1.3091780e-08
      2900.00   1.3042587e-08
      2910.00   1.2993199e-08
      2920.00   1.2943623e-08
      2930.00   1.2893869e-08
      2940.00   1.2843949e-08
      2950.00   1.2793873e-08
      2960.00   1.2743647e-08
      2970.00   1.2693285e-08
      2980.00   1.2642793e-08
      2990.00   1.2592181e-08
      3000.00   1.2541458e-08
      3010.00   1.2490631e-08
      3020.00   1.2439710e-08
      3030.00   1.2388703e-08
      3040.00   1.2337618e-08
      3050.00   1.2286462e-08
      3060.00   1.2235244e-08
      3070.00   1.2183970e-08
      3080.00   1.2132647e-08
      3090.00   1.2081284e-08
      3100.00   1.2029888e-08
      3110.00   1.1978464e-08
      3120.00   1.1927021e-08
      3130.00   1.1875562e-08
      3140.00   1.1824098e-08
      3150.00   1.1772631e-08
      3160.00   1.1721170e-08
      3170.00   1.1669718e-08
      3180.00   1.1618284e-08
      3190.00   1.1566872e-08
      3200.00   1.1515487e-08
      3210.00   1.1464135e-08
      3220.00   1.1412823e-08
      3230.00   1.1361552e-08
      3240.00   1.1310330e-08
      3250.00   1.1259162e-08
      3260.00   1.1208052e-08
      3270.00   1.1157003e-08
      3280.00   1.1106023e-08
      3290.00   1.1055112e-08
      3300.00   1.1004279e-08
      3310.00   1.0953524e-08
      3320.00   1.0902852e-08
      3330.00   1.0852269e-08
      3340.00   1.0801778e-08
      3350.00   1.0751381e-08
      3360.00   1.0701082e-08
      3370.00   1.0650886e-08
      3380.00   1.0600796e-08
      3390.00   1.0550815e-08
      3400.00   1.0500946e-08
      3410.00   1.0451192e-08
      3420.00   1.0401556e-08
      3430.00   1.0352042e-08
      3440.00   1.0302652e-08
      3450.00   1.0253387e-08
      3460.00   1.0204254e-08
      3470.00   1.0155252e-08
      3480.00   1.0106383e-08
      3490.00   1.0057653e-08
      3500.00   1.0009062e-08
      3510.00   9.9606116e-09
      3520.00   9.9123059e-09
      3530.00   9.8641466e-09
      3540.00   9.8161343e-09
      3550.00   9.7682722e-09
      3560.00   9.7205626e-09
      3570.00   9.6730063e-09
      3580.00   9.6256059e-09
      3590.00   9.5783619e-09
      3600.00   9.5312776e-09
      3610.00   9.4843547e-09
      3620.00   9.4375930e-09
      3630.00   9.3909934e-09
      3640.00   9.3445599e-09
      3650.00   9.2982933e-09
      3660.00   9.2521936e-09
      3670.00   9.2062626e-09
      3680.00   9.1605023e-09
      3690.00   9.1149126e-09
      3700.00   9.0694955e-09
      3710.00   9.0242520e-09
      3720.00   8.9791820e-09
      3730.00   8.9342883e-09
      3740.00   8.8895703e-09
      3750.00   8.8450298e-09
      3760.00   8.8006661e-09
      3770.00   8.7564819e-09
      3780.00   8.7124766e-09
      3790.00   8.6686506e-09
      3800.00   8.6250070e-09
      3810.00   8.5815440e-09
      3820.00   8.5382625e-09
      3830.00   8.4951637e-09
      3840.00   8.4522471e-09
      3850.00   8.4095145e-09
      3860.00   8.3669649e-09
      3870.00   8.3246006e-09
      3880.00   8.2824201e-09
      3890.00   8.2404245e-09
      3900.00   8.1986140e-09
      3910.00   8.1569891e-09
      3920.00   8.1155497e-09
      3930.00   8.0742955e-09
      3940.00   8.0332276e-09
      3950.00   7.9923458e-09
      3960.00   7.9516507e-09
      3970.00   7.9111414e-09
      3980.00   7.8708191e-09
      3990.00   7.8306826e-09
      4000.00   7.7907323e-09
      4010.00   7.7509687e-09
      4020.00   7.7113914e-09
      4030.00   7.6720007e-09
      4040.00   7.6327956e-09
      4050.00   7.5937772e-09
      4060.00   7.5549440e-09
      4070.00   7.5162975e-09
      4080.00   7.4778362e-09
      4090.00   7.4395603e-09
      4100.00   7.4014702e-09
      4110.00   7.3635651e-09
      4120.00   7.3258442e-09
      4130.00   7.2883085e-09
      4140.00   7.2509563e-09
      4150.00   7.2137894e-09
      4160.00   7.1768055e-09
      4170.00   7.1400046e-09
      4180.00   7.1033869e-09
      4190.00   7.0669517e-09
      4200.00   7.0306991e-09
      4210.00   6.9946293e-09
      4220.00   6.9587395e-09
      4230.00   6.9230319e-09
      4240.00   6.8875039e-09
      4250.00   6.8521571e-09
      4260.00   6.8169901e-09
      4270.00   6.7820018e-09
      4280.00   6.7471930e-09
      4290.00   6.7125626e-09
      4300.00   6.6781101e-09
      4310.00   6.6438351e-09
      4320.00   6.6097369e-09
      4330.00   6.5758148e-09
      4340.00   6.5420687e-09
      4350.00   6.5084983e-09
      4360.00   6.4751026e-09
      4370.00   6.4418812e-09
      4380.00   6.4088332e-09
      4390.00   6.3759587e-09
      4400.00   6.3432563e-09
      4410.00   6.3107267e-09
      4420.00   6.2783675e-09
      4430.00   6.2461793e-09
      4440.00   6.2141614e-09
      4450.00   6.1823134e-09
      4460.00   6.1506340e-09
      4470.00   6.1191230e-09
      4480.00   6.0877795e-09
      4490.00   6.0566033e-09
      4500.00   6.0255936e-09
      4510.00   5.9947493e-09
      4520.00   5.9640710e-09
      4530.00   5.9335562e-09
      4540.00   5.9032056e-09
      4550.00   5.8730185e-09
      4560.00   5.8429938e-09
      4570.00   5.8131305e-09
      4580.00   5.7834287e-09
      4590.00   5.7538875e-09
      4600.00   5.7245062e-09
      4610.00   5.6952842e-09
      4620.00   5.6662202e-09
      4630.00   5.6373140e-09
      4640.00   5.6085655e-09
      4650.00   5.5799732e-09
      4660.00   5.5515368e-09
      4670.00   5.5232549e-09
      4680.00   5.4951277e-09
      4690.00   5.4671544e-09
      4700.00   5.4393335e-09
      4710.00   5.4116654e-09
      4720.00   5.3841484e-09
      4730.00   5.3567824e-09
      4740.00   5.3295672e-09
      4750.00   5.3025007e-09
      4760.00   5.2755835e-09
      4770.00   5.2488141e-09
      4780.00   5.2221919e-09
      4790.00   5.1957168e-09
      4800.00   5.1693874e-09
      4810.00   5.1432030e-09
      4820.00   5.1171631e-09
      4830.00   5.0912674e-09
      4840.00   5.0655148e-09
      4850.00   5.0399045e-09
      4860.00   5.0144360e-09
      4870.00   4.9891087e-09
      4880.00   4.9639214e-09
      4890.00   4.9388739e-09
      4900.00   4.9139653e-09
      4910.00   4.8891949e-09
      4920.00   4.8645626e-09
      4930.00   4.8400659e-09
      4940.00   4.8157063e-09
      4950.00   4.7914816e-09
      4960.00   4.7673914e-09
      4970.00   4.7434357e-09
      4980.00   4.7196133e-09
      4990.00   4.6959234e-09
      5000.00   4.6723655e-09
      5010.00   4.6489391e-09
      5020.00   4.6256427e-09
      5030.00   4.6024765e-09
      5040.00   4.5794398e-09
      5050.00   4.5565310e-09
      5060.00   4.5337501e-09
      5070.00   4.5110969e-09
      5080.00   4.4885695e-09
      5090.00   4.4661682e-09
      5100.00   4.4438922e-09
      5110.00   4.4217404e-09
      5120.00   4.3997122e-09
      5130.00   4.3778070e-09
      5140.00   4.3560246e-09
      5150.00   4.3343637e-09
      5160.00   4.3128242e-09
      5170.00   4.2914049e-09
      5180.00   4.2701053e-09
      5190.00   4.2489251e-09
      5200.00   4.2278632e-09
      5210.00   4.2069191e-09
      5220.00   4.1860921e-09
      5230.00   4.1653815e-09
      5240.00   4.1447871e-09
      5250.00   4.1243076e-09
      5260.00   4.1039426e-09
      5270.00   4.0836915e-09
      5280.00   4.0635539e-09
      5290.00   4.0435290e-09
      5300.00   4.0236158e-09
      5310.00   4.0038144e-09
      5320.00   3.9841236e-09
      5330.00   3.9645428e-09
      5340.00   3.9450717e-09
      5350.00   3.9257095e-09
      5360.00   3.9064556e-09
      5370.00   3.8873092e-09
      5380.00   3.8682701e-09
      5390.00   3.8493371e-09
      5400.00   3.8305099e-09
      5410.00   3.8117883e-09
      5420.00   3.7931711e-09
      5430.00   3.7746580e-09
      5440.00   3.7562486e-09
      5450.00   3.7379418e-09
      5460.00   3.7197369e-09
      5470.00   3.7016341e-09
      5480.00   3.6836321e-09
      5490.00   3.6657309e-09
      5500.00   3.6479292e-09
      5510.00   3.6302274e-09
      5520.00   3.6126241e-09
      5530.00   3.5951190e-09
      5540.00   3.5777112e-09
      5550.00   3.5604011e-09
      5560.00   3.5431866e-09
      5570.00   3.5260686e-09
      5580.00   3.5090462e-09
      5590.00   3.4921183e-09
      5600.00   3.4752844e-09
      5610.00   3.4585446e-09
      5620.00   3.4418976e-09
      5630.00   3.4253436e-09
      5640.00   3.4088817e-09
      5650.00   3.3925109e-09
      5660.00   3.3762315e-09
      5670.00   3.3600424e-09
      5680.00   3.3439433e-09
      5690.00   3.3279335e-09
      5700.00   3.3120127e-09
      5710.00   3.2961801e-09
      5720.00   3.2804357e-09
      5730.00   3.2647781e-09
      5740.00   3.2492079e-09
      5750.00   3.2337235e-09
      5760.00   3.2183250e-09
      5770.00   3.2030119e-09
      5780.00   3.1877835e-09
      5790.00   3.1726392e-09
      5800.00   3.1575787e-09
      5810.00   3.1426021e-09
      5820.00   3.1277078e-09
      5830.00   3.1128958e-09
      5840.00   3.0981656e-09
      5850.00   3.0835167e-09
      5860.00   3.0689486e-09
      5870.00   3.0544610e-09
      5880.00   3.0400532e-09
      5890.00   3.0257249e-09
      5900.00   3.0114755e-09
      5910.00   2.9973045e-09
      5920.00   2.9832113e-09
      5930.00   2.9691961e-09
      5940.00   2.9552578e-09
      5950.00   2.9413961e-09
      5960.00   2.9276106e-09
      5970.00   2.9139006e-09
      5980.00   2.9002661e-09
      5990.00   2.8867064e-09
      6000.00   2.8732211e-09
      6010.00   2.8598095e-09
      6020.00   2.8464714e-09
      6030.00   2.8332066e-09
      6040.00   2.8200143e-09
      6050.00   2.8068941e-09
      6060.00   2.7938456e-09
      6070.00   2.7808685e-09
      6080.00   2.7679624e-09
      6090.00   2.7551267e-09
      6100.00   2.7423611e-09
      6110.00   2.7296648e-09
      6120.00   2.7170382e-09
      6130.00   2.7044801e-09
      6140.00   2.6919906e-09
      6150.00   2.6795688e-09
      6160.00   2.6672147e-09
      6170.00   2.6549279e-09
      6180.00   2.6427077e-09
      6190.00   2.6305538e-09
      6200.00   2.6184662e-09
      6210.00   2.6064439e-09
      6220.00   2.5944868e-09
      6230.00   2.5825948e-09
      6240.00   2.5707671e-09
      6250.00   2.5590031e-09
      6260.00   2.5473031e-09
      6270.00   2.5356664e-09
      6280.00   2.5240925e-09
      6290.00   2.5125809e-09
      6300.00   2.5011316e-09
      6310.00   2.4897441e-09
      6320.00   2.4784182e-09
      6330.00   2.4671529e-09
      6340.00   2.4559484e-09
      6350.00   2.4448045e-09
      6360.00   2.4337203e-09
      6370.00   2.4226957e-09
      6380.00   2.4117304e-09
      6390.00   2.4008240e-09
      6400.00   2.3899761e-09
      6410.00   2.3791863e-09
      6420.00   2.3684543e-09
      6430.00   2.3577800e-09
      6440.00   2.3471629e-09
      6450.00   2.3366023e-09
      6460.00   2.3260982e-09
      6470.00   2.3156504e-09
      6480.00   2.3052583e-09
      6490.00   2.2949218e-09
      6500.00   2.2846403e-09
      6510.00   2.2744138e-09
      6520.00   2.2642416e-09
      6530.00   2.2541235e-09
      6540.00   2.2440593e-09
      6550.00   2.2340488e-09
      6560.00   2.2240913e-09
      6570.00   2.2141865e-09
      6580.00   2.2043346e-09
      6590.00   2.1945349e-09
      6600.00   2.1847870e-09
      6610.00   2.1750908e-09
      6620.00   2.1654460e-09
      6630.00   2.1558519e-09
      6640.00   2.1463088e-09
      6650.00   2.1368162e-09
      6660.00   2.1273735e-09
      6670.00   2.1179807e-09
      6680.00   2.1086376e-09
      6690.00   2.0993433e-09
      6700.00   2.0900983e-09
      6710.00   2.0809018e-09
      6720.00   2.0717538e-09
      6730.00   2.0626536e-09
      6740.00   2.0536015e-09
      6750.00   2.0445967e-09
      6760.00   2.0356392e-09
      6770.00   2.0267288e-09
      6780.00   2.0178649e-09
      6790.00   2.0090474e-09
      6800.00   2.0002760e-09
      6810.00   1.9915506e-09
      6820.00   1.9828707e-09
      6830.00   1.9742361e-09
      6840.00   1.9656465e-09
      6850.00   1.9571016e-09
      6860.00   1.9486014e-09
      6870.00   1.9401453e-09
      6880.00   1.9317333e-09
      6890.00   1.9233650e-09
      6900.00   1.9150399e-09
      6910.00   1.9067583e-09
      6920.00   1.8985199e-09
      6930.00   1.8903238e-09
      6940.00   1.8821704e-09
      6950.00   1.8740590e-09
      6960.00   1.8659896e-09
      6970.00   1.8579619e-09
      6980.00   1.8499758e-09
      6990.00   1.8420311e-09
      7000.00   1.8341270e-09
      7010.00   1.8262637e-09
      7020.00   1.8184410e-09
      7030.00   1.8106588e-09
      7040.00   1.8029163e-09
      7050.00   1.7952138e-09
      7060.00   1.7875508e-09
      7070.00   1.7799271e-09
      7080.00   1.7723424e-09
      7090.00   1.7647967e-09
      7100.00   1.7572896e-09
      7110.00   1.7498210e-09
      7120.00   1.7423907e-09
      7130.00   1.7349984e-09
      7140.00   1.7276436e-09
      7150.00   1.7203265e-09
      7160.00   1.7130466e-09
      7170.00   1.7058038e-09
      7180.00   1.6985980e-09
      7190.00   1.6914289e-09
      7200.00   1.6842961e-09
      7210.00   1.6771997e-09
      7220.00   1.6701394e-09
      7230.00   1.6631147e-09
      7240.00   1.6561259e-09
      7250.00   1.6491722e-09
      7260.00   1.6422538e-09
      7270.00   1.6353706e-09
      7280.00   1.6285219e-09
      7290.00   1.6217080e-09
      7300.00   1.6149285e-09
      7310.00   1.6081833e-09
      7320.00   1.6014719e-09
      7330.00   1.5947944e-09
      7340.00   1.5881504e-09
      7350.00   1.5815399e-09
      7360.00   1.5749627e-09
      7370.00   1.5684186e-09
      7380.00   1.5619071e-09
      7390.00   1.5554284e-09
      7400.00   1.5489821e-09
      7410.00   1.5425682e-09
      7420.00   1.5361863e-09
      7430.00   1.5298363e-09
      7440.00   1.5235181e-09
      7450.00   1.5172314e-09
      7460.00   1.5109762e-09
      7470.00   1.5047521e-09
      7480.00   1.4985589e-09
      7490.00   1.4923966e-09
      7500.00   1.4862651e-09
      7510.00   1.4801639e-09
      7520.00   1.4740930e-09
      7530.00   1.4680523e-09
      7540.00   1.4620416e-09
      7550.00   1.4560606e-09
      7560.00   1.4501093e-09
      7570.00   1.4441875e-09
      7580.00   1.4382947e-09
      7590.00   1.4324313e-09
      7600.00   1.4265968e-09
      7610.00   1.4207910e-09
      7620.00   1.4150140e-09
      7630.00   1.4092652e-09
      7640.00   1.4035449e-09
      7650.00   1.3978527e-09
      7660.00   1.3921885e-09
      7670.00   1.3865520e-09
      7680.00   1.3809432e-09
      7690.00   1.3753619e-09
      7700.00   1.3698081e-09
      7710.00   1.3642813e-09
      7720.00   1.3587816e-09
      7730.00   1.3533090e-09
      7740.00   1.3478629e-09
      7750.00   1.3424435e-09
      7760.00   1.3370505e-09
      7770.00   1.3316838e-09
      7780.00   1.3263432e-09
      7790.00   1.3210286e-09
      7800.00   1.3157398e-09
      7810.00   1.3104768e-09
      7820.00   1.3052394e-09
      7830.00   1.3000273e-09
      7840.00   1.2948406e-09
      7850.00   1.2896789e-09
      7860.00   1.2845422e-09
      7870.00   1.2794304e-09
      7880.00   1.2743433e-09
      7890.00   1.2692808e-09
      7900.00   1.2642427e-09
      7910.00   1.2592289e-09
      7920.00   1.2542393e-09
      7930.00   1.2492737e-09
      7940.00   1.2443320e-09
      7950.00   1.2394140e-09
      7960.00   1.2345198e-09
      7970.00   1.2296490e-09
      7980.00   1.2248016e-09
      7990.00   1.2199774e-09
      8000.00   1.2151762e-09
