      1600.00   1.3804966e-08
      1610.00   1.3952086e-08
      1620.00   1.4096255e-08
      1630.00   1.4237456e-08
      1640.00   1.4375664e-08
      1650.00   1.4510867e-08
      1660.00   1.4643048e-08
      1670.00   1.4772201e-08
      1680.00   1.4898314e-08
      1690.00   1.5021382e-08
      1700.00   1.5141404e-08
      1710.00   1.5258378e-08
      1720.00   1.5372305e-08
      1730.00   1.5483188e-08
      1740.00   1.5591031e-08
      1750.00   1.5695846e-08
      1760.00   1.5797638e-08
      1770.00   1.5896420e-08
      1780.00   1.5992206e-08
      1790.00   1.6085008e-08
      1800.00   1.6174843e-08
      1810.00   1.6261731e-08
      1820.00   1.6345685e-08
      1830.00   1.6426731e-08
      1840.00   1.6504888e-08
      1850.00   1.6580179e-08
      1860.00   1.6652627e-08
      1870.00   1.6722259e-08
      1880.00   1.6789099e-08
      1890.00   1.6853175e-08
      1900.00   1.6914513e-08
      1910.00   1.6973143e-08
      1920.00   1.7029093e-08
      1930.00   1.7082393e-08
      1940.00   1.7133077e-08
      1950.00   1.7181171e-08
      1960.00   1.7226711e-08
      1970.00   1.7269726e-08
      1980.00   1.7310252e-08
      1990.00   1.7348320e-08
      2000.00   1.7383963e-08
      2010.00   1.7417216e-08
      2020.00   1.7448112e-08
      2030.00   1.7476687e-08
      2040.00   1.7502975e-08
      2050.00   1.7527010e-08
      2060.00   1.7548827e-08
      2070.00   1.7568461e-08
      2080.00   1.7585951e-08
      2090.00   1.7601325e-08
      2100.00   1.7614622e-08
      2110.00   1.7625879e-08
      2120.00   1.7635128e-08
      2130.00   1.7642406e-08
      2140.00   1.7647747e-08
      2150.00   1.7651186e-08
      2160.00   1.7652759e-08
      2170.00   1.7652498e-08
      2180.00   1.7650442e-08
      2190.00   1.7646621e-08
      2200.00   1.7641072e-08
      2210.00   1.7633827e-08
      2220.00   1.7624921e-08
      2230.00   1.7614388e-08
      2240.00   1.7602260e-08
      2250.00   1.7588570e-08
      2260.00   1.7573353e-08
      2270.00   1.7556637e-08
      2280.00   1.7538459e-08
      2290.00   1.7518847e-08
      2300.00   1.7497835e-08
      2310.00   1.7475454e-08
      2320.00   1.7451735e-08
      2330.00   1.7426708e-08
      2340.00   1.7400403e-08
      2350.00   1.7372850e-08
      2360.00   1.7344079e-08
      2370.00   1.7314120e-08
      2380.00   1.7283000e-08
      2390.00   1.7250748e-08
      2400.00   1.7217394e-08
      2410.00   1.7182962e-08
      2420.00   1.7147484e-08
      2430.00   1.7110984e-08
      2440.00   1.7073489e-08
      2450.00   1.7035027e-08
      2460.00   1.6995624e-08
      2470.00   1.6955301e-08
      2480.00   1.6914085e-08
      2490.00   1.6872005e-08
      2500.00   1.6829082e-08
      2510.00   1.6785340e-08
      2520.00   1.6740804e-08
      2530.00   1.6695494e-08
      2540.00   1.6649438e-08
      2550.00   1.6602656e-08
      2560.00   1.6555168e-08
      2570.00   1.6506998e-08
      2580.00   1.6458168e-08
      2590.00   1.6408698e-08
      2600.00   1.6358610e-08
      2610.00   1.6307923e-08
      2620.00   1.6256658e-08
      2630.00   1.6204832e-08
      2640.00   1.6152467e-08
      2650.00   1.6099581e-08
      2660.00   1.6046194e-08
      2670.00   1.5992322e-08
      2680.00   1.5937986e-08
      2690.00   1.5883200e-08
      2700.00   1.5827982e-08
      2710.00   1.5772351e-08
      2720.00   1.5716323e-08
      2730.00   1.5659912e-08
      2740.00   1.5603137e-08
      2750.00   1.5546012e-08
      2760.00   1.5488554e-08
      2770.00   1.5430775e-08
      2780.00   1.5372691e-08
      2790.00   1.5314320e-08
      2800.00   1.5255670e-08
      2810.00   1.5196758e-08
      2820.00   1.5137600e-08
      2830.00   1.5078205e-08
      2840.00   1.5018588e-08
      2850.00   1.4958761e-08
      2860.00   1.4898739e-08
      2870.00   1.4838531e-08
      2880.00   1.4778149e-08
      2890.00   1.4717607e-08
      2900.00   1.4656914e-08
      2910.00   1.4596085e-08
      2920.00   1.4535128e-08
      2930.00   1.4474052e-08
      2940.00   1.4412870e-08
      2950.00   1.4351592e-08
      2960.00   1.4290227e-08
      2970.00   1.4228787e-08
      2980.00   1.4167279e-08
      2990.00   1.4105713e-08
      3000.00   1.4044099e-08
      3010.00   1.3982444e-08
      3020.00   1.3920759e-08
      3030.00   1.3859049e-08
      3040.00   1.3797327e-08
      3050.00   1.3735598e-08
      3060.00   1.3673870e-08
      3070.00   1.3612151e-08
      3080.00   1.3550448e-08
      3090.00   1.3488769e-08
      3100.00   1.3427122e-08
      3110.00   1.3365510e-08
      3120.00   1.3303946e-08
      3130.00   1.3242431e-08
      3140.00   1.3180974e-08
      3150.00   1.3119580e-08
      3160.00   1.3058258e-08
      3170.00   1.2997008e-08
      3180.00   1.2935843e-08
      3190.00   1.2874763e-08
      3200.00   1.2813776e-08
      3210.00   1.2752886e-08
      3220.00   1.2692101e-08
      3230.00   1.2631421e-08
      3240.00   1.2570855e-08
      3250.00   1.2510407e-08
      3260.00   1.2450082e-08
      3270.00   1.2389881e-08
      3280.00   1.2329813e-08
      3290.00   1.2269879e-08
      3300.00   1.2210084e-08
      3310.00   1.2150433e-08
      3320.00   1.2090927e-08
      3330.00   1.2031573e-08
      3340.00   1.1972374e-08
      3350.00   1.1913331e-08
      3360.00   1.1854449e-08
      3370.00   1.1795732e-08
      3380.00   1.1737182e-08
      3390.00   1.1678803e-08
      3400.00   1.1620598e-08
      3410.00   1.1562569e-08
      3420.00   1.1504719e-08
      3430.00   1.1447051e-08
      3440.00   1.1389567e-08
      3450.00   1.1332269e-08
      3460.00   1.1275162e-08
      3470.00   1.1218246e-08
      3480.00   1.1161523e-08
      3490.00   1.1104996e-08
      3500.00   1.1048668e-08
      3510.00   1.0992538e-08
      3520.00   1.0936611e-08
      3530.00   1.0880888e-08
      3540.00   1.0825370e-08
      3550.00   1.0770059e-08
      3560.00   1.0714957e-08
      3570.00   1.0660064e-08
      3580.00   1.0605384e-08
      3590.00   1.0550916e-08
      3600.00   1.0496663e-08
      3610.00   1.0442626e-08
      3620.00   1.0388806e-08
      3630.00   1.0335202e-08
      3640.00   1.0281818e-08
      3650.00   1.0228655e-08
      3660.00   1.0175712e-08
      3670.00   1.0122991e-08
      3680.00   1.0070494e-08
      3690.00   1.0018219e-08
      3700.00   9.9661694e-09
      3710.00   9.9143449e-09
      3720.00   9.8627453e-09
      3730.00   9.8113733e-09
      3740.00   9.7602275e-09
      3750.00   9.7093097e-09
      3760.00   9.6586186e-09
      3770.00   9.6081568e-09
      3780.00   9.5579233e-09
      3790.00   9.5079179e-09
      3800.00   9.4581439e-09
      3810.00   9.4085986e-09
      3820.00   9.3592829e-09
      3830.00   9.3101975e-09
      3840.00   9.2613416e-09
      3850.00   9.2127167e-09
      3860.00   9.1643214e-09
      3870.00   9.1161578e-09
      3880.00   9.0682239e-09
      3890.00   9.0205205e-09
      3900.00   8.9730475e-09
      3910.00   8.9258052e-09
      3920.00   8.8787929e-09
      3930.00   8.8320101e-09
      3940.00   8.7854576e-09
      3950.00   8.7391348e-09
      3960.00   8.6930421e-09
      3970.00   8.6471781e-09
      3980.00   8.6015438e-09
      3990.00   8.5561376e-09
      4000.00   8.5109596e-09
      4010.00   8.4660100e-09
      4020.00   8.4212880e-09
      4030.00   8.3767937e-09
      4040.00   8.3325258e-09
      4050.00   8.2884849e-09
      4060.00   8.2446693e-09
      4070.00   8.2010802e-09
      4080.00   8.1577158e-09
      4090.00   8.1145759e-09
      4100.00   8.0716608e-09
      4110.00   8.0289692e-09
      4120.00   7.9864999e-09
      4130.00   7.9442539e-09
      4140.00   7.9022289e-09
      4150.00   7.8604267e-09
      4160.00   7.8188444e-09
      4170.00   7.7774818e-09
      4180.00   7.7363389e-09
      4190.00   7.6954147e-09
      4200.00   7.6547090e-09
      4210.00   7.6142217e-09
      4220.00   7.5739495e-09
      4230.00   7.5338947e-09
      4240.00   7.4940541e-09
      4250.00   7.4544291e-09
      4260.00   7.4150181e-09
      4270.00   7.3758197e-09
      4280.00   7.3368344e-09
      4290.00   7.2980608e-09
      4300.00   7.2594982e-09
      4310.00   7.2211457e-09
      4320.00   7.1830027e-09
      4330.00   7.1450679e-09
      4340.00   7.1073412e-09
      4350.00   7.0698219e-09
      4360.00   7.0325087e-09
      4370.00   6.9954010e-09
      4380.00   6.9584976e-09
      4390.00   6.9217984e-09
      4400.00   6.8853017e-09
      4410.00   6.8490080e-09
      4420.00   6.8129146e-09
      4430.00   6.7770219e-09
      4440.00   6.7413288e-09
      4450.00   6.7058349e-09
      4460.00   6.6705385e-09
      4470.00   6.6354391e-09
      4480.00   6.6005357e-09
      4490.00   6.5658278e-09
      4500.00   6.5313145e-09
      4510.00   6.4969942e-09
      4520.00   6.4628674e-09
      4530.00   6.4289314e-09
      4540.00   6.3951867e-09
      4550.00   6.3616323e-09
      4560.00   6.3282669e-09
      4570.00   6.2950891e-09
      4580.00   6.2620992e-09
      4590.00   6.2292956e-09
      4600.00   6.1966778e-09
      4610.00   6.1642447e-09
      4620.00   6.1319949e-09
      4630.00   6.0999279e-09
      4640.00   6.0680435e-09
      4650.00   6.0363400e-09
      4660.00   6.0048167e-09
      4670.00   5.9734722e-09
      4680.00   5.9423064e-09
      4690.00   5.9113183e-09
      4700.00   5.8805062e-09
      4710.00   5.8498705e-09
      4720.00   5.8194090e-09
      4730.00   5.7891214e-09
      4740.00   5.7590075e-09
      4750.00   5.7290650e-09
      4760.00   5.6992941e-09
      4770.00   5.6696934e-09
      4780.00   5.6402619e-09
      4790.00   5.6109994e-09
      4800.00   5.5819042e-09
      4810.00   5.5529757e-09
      4820.00   5.5242128e-09
      4830.00   5.4956153e-09
      4840.00   5.4671819e-09
      4850.00   5.4389116e-09
      4860.00   5.4108037e-09
      4870.00   5.3828574e-09
      4880.00   5.3550714e-09
      4890.00   5.3274453e-09
      4900.00   5.2999780e-09
      4910.00   5.2726686e-09
      4920.00   5.2455170e-09
      4930.00   5.2185203e-09
      4940.00   5.1916799e-09
      4950.00   5.1649936e-09
      4960.00   5.1384607e-09
      4970.00   5.1120810e-09
      4980.00   5.0858533e-09
      4990.00   5.0597766e-09
      5000.00   5.0338501e-09
      5010.00   5.0080732e-09
      5020.00   4.9824444e-09
      5030.00   4.9569635e-09
      5040.00   4.9316299e-09
      5050.00   4.9064416e-09
      5060.00   4.8813987e-09
      5070.00   4.8565007e-09
      5080.00   4.8317456e-09
      5090.00   4.8071336e-09
      5100.00   4.7826636e-09
      5110.00   4.7583344e-09
      5120.00   4.7341455e-09
      5130.00   4.7100959e-09
      5140.00   4.6861854e-09
      5150.00   4.6624124e-09
      5160.00   4.6387767e-09
      5170.00   4.6152773e-09
      5180.00   4.5919130e-09
      5190.00   4.5686839e-09
      5200.00   4.5455885e-09
      5210.00   4.5226261e-09
      5220.00   4.4997961e-09
      5230.00   4.4770975e-09
      5240.00   4.4545301e-09
      5250.00   4.4320922e-09
      5260.00   4.4097836e-09
      5270.00   4.3876035e-09
      5280.00   4.3655513e-09
      5290.00   4.3436261e-09
      5300.00   4.3218268e-09
      5310.00   4.3001534e-09
      5320.00   4.2786045e-09
      5330.00   4.2571794e-09
      5340.00   4.2358778e-09
      5350.00   4.2146986e-09
      5360.00   4.1936413e-09
      5370.00   4.1727049e-09
      5380.00   4.1518890e-09
      5390.00   4.1311924e-09
      5400.00   4.1106145e-09
      5410.00   4.0901553e-09
      5420.00   4.0698132e-09
      5430.00   4.0495881e-09
      5440.00   4.0294792e-09
      5450.00   4.0094855e-09
      5460.00   3.9896060e-09
      5470.00   3.9698410e-09
      5480.00   3.9501889e-09
      5490.00   3.9306498e-09
      5500.00   3.9112222e-09
      5510.00   3.8919063e-09
      5520.00   3.8727008e-09
      5530.00   3.8536052e-09
      5540.00   3.8346185e-09
      5550.00   3.8157410e-09
      5560.00   3.7969705e-09
      5570.00   3.7783079e-09
      5580.00   3.7597521e-09
      5590.00   3.7413018e-09
      5600.00   3.7229567e-09
      5610.00   3.7047166e-09
      5620.00   3.6865803e-09
      5630.00   3.6685476e-09
      5640.00   3.6506178e-09
      5650.00   3.6327896e-09
      5660.00   3.6150634e-09
      5670.00   3.5974379e-09
      5680.00   3.5799127e-09
      5690.00   3.5624871e-09
      5700.00   3.5451606e-09
      5710.00   3.5279325e-09
      5720.00   3.5108026e-09
      5730.00   3.4937693e-09
      5740.00   3.4768334e-09
      5750.00   3.4599929e-09
      5760.00   3.4432481e-09
      5770.00   3.4265983e-09
      5780.00   3.4100427e-09
      5790.00   3.3935807e-09
      5800.00   3.3772119e-09
      5810.00   3.3609361e-09
      5820.00   3.3447520e-09
      5830.00   3.3286593e-09
      5840.00   3.3126575e-09
      5850.00   3.2967460e-09
      5860.00   3.2809242e-09
      5870.00   3.2651917e-09
      5880.00   3.2495479e-09
      5890.00   3.2339923e-09
      5900.00   3.2185241e-09
      5910.00   3.2031430e-09
      5920.00   3.1878482e-09
      5930.00   3.1726398e-09
      5940.00   3.1575167e-09
      5950.00   3.1424784e-09
      5960.00   3.1275246e-09
      5970.00   3.1126545e-09
      5980.00   3.0978680e-09
      5990.00   3.0831644e-09
      6000.00   3.0685430e-09
      6010.00   3.0540032e-09
      6020.00   3.0395450e-09
      6030.00   3.0251677e-09
      6040.00   3.0108706e-09
      6050.00   2.9966533e-09
      6060.00   2.9825153e-09
      6070.00   2.9684563e-09
      6080.00   2.9544757e-09
      6090.00   2.9405730e-09
      6100.00   2.9267476e-09
      6110.00   2.9129989e-09
      6120.00   2.8993272e-09
      6130.00   2.8857312e-09
      6140.00   2.8722108e-09
      6150.00   2.8587653e-09
      6160.00   2.8453944e-09
      6170.00   2.8320978e-09
      6180.00   2.8188747e-09
      6190.00   2.8057248e-09
      6200.00   2.7926480e-09
      6210.00   2.7796432e-09
      6220.00   2.7667104e-09
      6230.00   2.7538492e-09
      6240.00   2.7410589e-09
      6250.00   2.7283389e-09
      6260.00   2.7156894e-09
      6270.00   2.7031096e-09
      6280.00   2.6905990e-09
      6290.00   2.6781570e-09
      6300.00   2.6657837e-09
      6310.00   2.6534783e-09
      6320.00   2.6412408e-09
      6330.00   2.6290699e-09
      6340.00   2.6169659e-09
      6350.00   2.6049287e-09
      6360.00   2.5929571e-09
      6370.00   2.5810510e-09
      6380.00   2.5692102e-09
      6390.00   2.5574341e-09
      6400.00   2.5457223e-09
      6410.00   2.5340744e-09
      6420.00   2.5224901e-09
      6430.00   2.5109690e-09
      6440.00   2.4995109e-09
      6450.00   2.4881149e-09
      6460.00   2.4767809e-09
      6470.00   2.4655087e-09
      6480.00   2.4542976e-09
      6490.00   2.4431476e-09
      6500.00   2.4320580e-09
      6510.00   2.4210286e-09
      6520.00   2.4100590e-09
      6530.00   2.3991487e-09
      6540.00   2.3882974e-09
      6550.00   2.3775051e-09
      6560.00   2.3667709e-09
      6570.00   2.3560946e-09
      6580.00   2.3454760e-09
      6590.00   2.3349148e-09
      6600.00   2.3244105e-09
      6610.00   2.3139627e-09
      6620.00   2.3035712e-09
      6630.00   2.2932353e-09
      6640.00   2.2829553e-09
      6650.00   2.2727305e-09
      6660.00   2.2625604e-09
      6670.00   2.2524449e-09
      6680.00   2.2423838e-09
      6690.00   2.2323763e-09
      6700.00   2.2224226e-09
      6710.00   2.2125219e-09
      6720.00   2.2026743e-09
      6730.00   2.1928791e-09
      6740.00   2.1831364e-09
      6750.00   2.1734455e-09
      6760.00   2.1638063e-09
      6770.00   2.1542186e-09
      6780.00   2.1446817e-09
      6790.00   2.1351956e-09
      6800.00   2.1257599e-09
      6810.00   2.1163743e-09
      6820.00   2.1070386e-09
      6830.00   2.0977523e-09
      6840.00   2.0885151e-09
      6850.00   2.0793269e-09
      6860.00   2.0701873e-09
      6870.00   2.0610960e-09
      6880.00   2.0520528e-09
      6890.00   2.0430573e-09
      6900.00   2.0341090e-09
      6910.00   2.0252082e-09
      6920.00   2.0163544e-09
      6930.00   2.0075469e-09
      6940.00   1.9987858e-09
      6950.00   1.9900707e-09
      6960.00   1.9814014e-09
      6970.00   1.9727775e-09
      6980.00   1.9641990e-09
      6990.00   1.9556655e-09
      7000.00   1.9471765e-09
      7010.00   1.9387319e-09
      7020.00   1.9303315e-09
      7030.00   1.9219752e-09
      7040.00   1.9136622e-09
      7050.00   1.9053928e-09
      7060.00   1.8971664e-09
      7070.00   1.8889828e-09
      7080.00   1.8808418e-09
      7090.00   1.8727431e-09
      7100.00   1.8646866e-09
      7110.00   1.8566718e-09
      7120.00   1.8486988e-09
      7130.00   1.8407672e-09
      7140.00   1.8328763e-09
      7150.00   1.8250266e-09
      7160.00   1.8172173e-09
      7170.00   1.8094484e-09
      7180.00   1.8017196e-09
      7190.00   1.7940309e-09
      7200.00   1.7863816e-09
      7210.00   1.7787719e-09
      7220.00   1.7712015e-09
      7230.00   1.7636697e-09
      7240.00   1.7561770e-09
      7250.00   1.7487225e-09
      7260.00   1.7413063e-09
      7270.00   1.7339283e-09
      7280.00   1.7265879e-09
      7290.00   1.7192853e-09
      7300.00   1.7120201e-09
      7310.00   1.7047920e-09
      7320.00   1.6976007e-09
      7330.00   1.6904462e-09
      7340.00   1.6833282e-09
      7350.00   1.6762465e-09
      7360.00   1.6692009e-09
      7370.00   1.6621913e-09
      7380.00   1.6552171e-09
      7390.00   1.6482785e-09
      7400.00   1.6413750e-09
      7410.00   1.6345067e-09
      7420.00   1.6276731e-09
      7430.00   1.6208742e-09
      7440.00   1.6141096e-09
      7450.00   1.6073794e-09
      7460.00   1.6006832e-09
      7470.00   1.5940208e-09
      7480.00   1.5873920e-09
      7490.00   1.5807966e-09
      7500.00   1.5742346e-09
      7510.00   1.5677054e-09
      7520.00   1.5612092e-09
      7530.00   1.5547455e-09
      7540.00   1.5483145e-09
      7550.00   1.5419157e-09
      7560.00   1.5355490e-09
      7570.00   1.5292142e-09
      7580.00   1.5229109e-09
      7590.00   1.5166394e-09
      7600.00   1.5103993e-09
      7610.00   1.5041903e-09
      7620.00   1.4980123e-09
      7630.00   1.4918650e-09
      7640.00   1.4857485e-09
      7650.00   1.4796624e-09
      7660.00   1.4736067e-09
      7670.00   1.4675809e-09
      7680.00   1.4615851e-09
      7690.00   1.4556191e-09
      7700.00   1.4496828e-09
      7710.00   1.4437758e-09
      7720.00   1.4378981e-09
      7730.00   1.4320496e-09
      7740.00   1.4262299e-09
      7750.00   1.4204390e-09
      7760.00   1.4146767e-09
      7770.00   1.4089428e-09
      7780.00   1.4032371e-09
      7790.00   1.3975596e-09
      7800.00   1.3919101e-09
      7810.00   1.3862882e-09
      7820.00   1.3806942e-09
      7830.00   1.3751275e-09
      7840.00   1.3695882e-09
      7850.00   1.3640759e-09
      7860.00   1.3585907e-09
      7870.00   1.3531324e-09
      7880.00   1.3477007e-09
      7890.00   1.3422956e-09
      7900.00   1.3369169e-09
      7910.00   1.3315645e-09
      7920.00   1.3262381e-09
      7930.00   1.3209377e-09
      7940.00   1.3156631e-09
      7950.00   1.3104141e-09
      7960.00   1.3051908e-09
      7970.00   1.2999927e-09
      7980.00   1.2948199e-09
      7990.00   1.2896722e-09
      8000.00   1.2845493e-09
