      1600.00   1.5239477e-08
      1610.00   1.5392512e-08
      1620.00   1.5542221e-08
      1630.00   1.5688591e-08
      1640.00   1.5831604e-08
      1650.00   1.5971251e-08
      1660.00   1.6107523e-08
      1670.00   1.6240419e-08
      1680.00   1.6369931e-08
      1690.00   1.6496062e-08
      1700.00   1.6618816e-08
      1710.00   1.6738198e-08
      1720.00   1.6854213e-08
      1730.00   1.6966873e-08
      1740.00   1.7076185e-08
      1750.00   1.7182170e-08
      1760.00   1.7284837e-08
      1770.00   1.7384207e-08
      1780.00   1.7480299e-08
      1790.00   1.7573133e-08
      1800.00   1.7662730e-08
      1810.00   1.7749118e-08
      1820.00   1.7832315e-08
      1830.00   1.7912354e-08
      1840.00   1.7989260e-08
      1850.00   1.8063062e-08
      1860.00   1.8133790e-08
      1870.00   1.8201476e-08
      1880.00   1.8266150e-08
      1890.00   1.8327846e-08
      1900.00   1.8386597e-08
      1910.00   1.8442437e-08
      1920.00   1.8495401e-08
      1930.00   1.8545526e-08
      1940.00   1.8592848e-08
      1950.00   1.8637403e-08
      1960.00   1.8679229e-08
      1970.00   1.8718362e-08
      1980.00   1.8754842e-08
      1990.00   1.8788707e-08
      2000.00   1.8819994e-08
      2010.00   1.8848744e-08
      2020.00   1.8874995e-08
      2030.00   1.8898787e-08
      2040.00   1.8920159e-08
      2050.00   1.8939151e-08
      2060.00   1.8955801e-08
      2070.00   1.8970150e-08
      2080.00   1.8982240e-08
      2090.00   1.8992105e-08
      2100.00   1.8999788e-08
      2110.00   1.9005329e-08
      2120.00   1.9008765e-08
      2130.00   1.9010139e-08
      2140.00   1.9009485e-08
      2150.00   1.9006846e-08
      2160.00   1.9002259e-08
      2170.00   1.8995760e-08
      2180.00   1.8987392e-08
      2190.00   1.8977190e-08
      2200.00   1.8965192e-08
      2210.00   1.8951437e-08
      2220.00   1.8935959e-08
      2230.00   1.8918798e-08
      2240.00   1.8899988e-08
      2250.00   1.8879567e-08
      2260.00   1.8857570e-08
      2270.00   1.8834030e-08
      2280.00   1.8808987e-08
      2290.00   1.8782470e-08
      2300.00   1.8754519e-08
      2310.00   1.8725164e-08
      2320.00   1.8694440e-08
      2330.00   1.8662381e-08
      2340.00   1.8629016e-08
      2350.00   1.8594381e-08
      2360.00   1.8558507e-08
      2370.00   1.8521425e-08
      2380.00   1.8483166e-08
      2390.00   1.8443761e-08
      2400.00   1.8403241e-08
      2410.00   1.8361631e-08
      2420.00   1.8318967e-08
      2430.00   1.8275275e-08
      2440.00   1.8230583e-08
      2450.00   1.8184920e-08
      2460.00   1.8138315e-08
      2470.00   1.8090790e-08
      2480.00   1.8042375e-08
      2490.00   1.7993098e-08
      2500.00   1.7942983e-08
      2510.00   1.7892056e-08
      2520.00   1.7840343e-08
      2530.00   1.7787864e-08
      2540.00   1.7734650e-08
      2550.00   1.7680721e-08
      2560.00   1.7626100e-08
      2570.00   1.7570811e-08
      2580.00   1.7514877e-08
      2590.00   1.7458319e-08
      2600.00   1.7401162e-08
      2610.00   1.7343423e-08
      2620.00   1.7285125e-08
      2630.00   1.7226288e-08
      2640.00   1.7166932e-08
      2650.00   1.7107078e-08
      2660.00   1.7046746e-08
      2670.00   1.6985954e-08
      2680.00   1.6924720e-08
      2690.00   1.6863064e-08
      2700.00   1.6801000e-08
      2710.00   1.6738552e-08
      2720.00   1.6675734e-08
      2730.00   1.6612560e-08
      2740.00   1.6549051e-08
      2750.00   1.6485221e-08
      2760.00   1.6421089e-08
      2770.00   1.6356665e-08
      2780.00   1.6291968e-08
      2790.00   1.6227015e-08
      2800.00   1.6161814e-08
      2810.00   1.6096385e-08
      2820.00   1.6030741e-08
      2830.00   1.5964894e-08
      2840.00   1.5898858e-08
      2850.00   1.5832646e-08
      2860.00   1.5766273e-08
      2870.00   1.5699748e-08
      2880.00   1.5633083e-08
      2890.00   1.5566294e-08
      2900.00   1.5499389e-08
      2910.00   1.5432383e-08
      2920.00   1.5365284e-08
      2930.00   1.5298103e-08
      2940.00   1.5230852e-08
      2950.00   1.5163541e-08
      2960.00   1.5096178e-08
      2970.00   1.5028778e-08
      2980.00   1.4961346e-08
      2990.00   1.4893892e-08
      3000.00   1.4826428e-08
      3010.00   1.4758959e-08
      3020.00   1.4691497e-08
      3030.00   1.4624048e-08
      3040.00   1.4556623e-08
      3050.00   1.4489228e-08
      3060.00   1.4421872e-08
      3070.00   1.4354561e-08
      3080.00   1.4287304e-08
      3090.00   1.4220108e-08
      3100.00   1.4152980e-08
      3110.00   1.4085926e-08
      3120.00   1.4018956e-08
      3130.00   1.3952072e-08
      3140.00   1.3885285e-08
      3150.00   1.3818596e-08
      3160.00   1.3752016e-08
      3170.00   1.3685545e-08
      3180.00   1.3619196e-08
      3190.00   1.3552968e-08
      3200.00   1.3486871e-08
      3210.00   1.3420907e-08
      3220.00   1.3355083e-08
      3230.00   1.3289402e-08
      3240.00   1.3223871e-08
      3250.00   1.3158494e-08
      3260.00   1.3093275e-08
      3270.00   1.3028217e-08
      3280.00   1.2963327e-08
      3290.00   1.2898607e-08
      3300.00   1.2834062e-08
      3310.00   1.2769696e-08
      3320.00   1.2705510e-08
      3330.00   1.2641511e-08
      3340.00   1.2577701e-08
      3350.00   1.2514083e-08
      3360.00   1.2450661e-08
      3370.00   1.2387437e-08
      3380.00   1.2324415e-08
      3390.00   1.2261598e-08
      3400.00   1.2198989e-08
      3410.00   1.2136590e-08
      3420.00   1.2074403e-08
      3430.00   1.2012431e-08
      3440.00   1.1950677e-08
      3450.00   1.1889142e-08
      3460.00   1.1827831e-08
      3470.00   1.1766743e-08
      3480.00   1.1705880e-08
      3490.00   1.1645247e-08
      3500.00   1.1584844e-08
      3510.00   1.1524671e-08
      3520.00   1.1464733e-08
      3530.00   1.1405031e-08
      3540.00   1.1345564e-08
      3550.00   1.1286335e-08
      3560.00   1.1227347e-08
      3570.00   1.1168599e-08
      3580.00   1.1110094e-08
      3590.00   1.1051831e-08
      3600.00   1.0993814e-08
      3610.00   1.0936043e-08
      3620.00   1.0878518e-08
      3630.00   1.0821239e-08
      3640.00   1.0764209e-08
      3650.00   1.0707430e-08
      3660.00   1.0650899e-08
      3670.00   1.0594619e-08
      3680.00   1.0538592e-08
      3690.00   1.0482815e-08
      3700.00   1.0427292e-08
      3710.00   1.0372021e-08
      3720.00   1.0317004e-08
      3730.00   1.0262241e-08
      3740.00   1.0207733e-08
      3750.00   1.0153479e-08
      3760.00   1.0099479e-08
      3770.00   1.0045735e-08
      3780.00   9.9922458e-09
      3790.00   9.9390111e-09
      3800.00   9.8860341e-09
      3810.00   9.8333119e-09
      3820.00   9.7808449e-09
      3830.00   9.7286339e-09
      3840.00   9.6766777e-09
      3850.00   9.6249778e-09
      3860.00   9.5735325e-09
      3870.00   9.5223438e-09
      3880.00   9.4714093e-09
      3890.00   9.4207298e-09
      3900.00   9.3703050e-09
      3910.00   9.3201348e-09
      3920.00   9.2702186e-09
      3930.00   9.2205555e-09
      3940.00   9.1711463e-09
      3950.00   9.1219901e-09
      3960.00   9.0730871e-09
      3970.00   9.0244358e-09
      3980.00   8.9760369e-09
      3990.00   8.9278886e-09
      4000.00   8.8799910e-09
      4010.00   8.8323440e-09
      4020.00   8.7849466e-09
      4030.00   8.7377988e-09
      4040.00   8.6908991e-09
      4050.00   8.6442479e-09
      4060.00   8.5978433e-09
      4070.00   8.5516863e-09
      4080.00   8.5057751e-09
      4090.00   8.4601091e-09
      4100.00   8.4146886e-09
      4110.00   8.3695120e-09
      4120.00   8.3245781e-09
      4130.00   8.2798876e-09
      4140.00   8.2354380e-09
      4150.00   8.1912311e-09
      4160.00   8.1472637e-09
      4170.00   8.1035355e-09
      4180.00   8.0600462e-09
      4190.00   8.0167948e-09
      4200.00   7.9737809e-09
      4210.00   7.9310042e-09
      4220.00   7.8884613e-09
      4230.00   7.8461543e-09
      4240.00   7.8040798e-09
      4250.00   7.7622391e-09
      4260.00   7.7206306e-09
      4270.00   7.6792524e-09
      4280.00   7.6381052e-09
      4290.00   7.5971872e-09
      4300.00   7.5564976e-09
      4310.00   7.5160355e-09
      4320.00   7.4758000e-09
      4330.00   7.4357897e-09
      4340.00   7.3960043e-09
      4350.00   7.3564431e-09
      4360.00   7.3171046e-09
      4370.00   7.2779879e-09
      4380.00   7.2390919e-09
      4390.00   7.2004162e-09
      4400.00   7.1619590e-09
      4410.00   7.1237208e-09
      4420.00   7.0856984e-09
      4430.00   7.0478924e-09
      4440.00   7.0103016e-09
      4450.00   6.9729252e-09
      4460.00   6.9357615e-09
      4470.00   6.8988099e-09
      4480.00   6.8620692e-09
      4490.00   6.8255389e-09
      4500.00   6.7892178e-09
      4510.00   6.7531043e-09
      4520.00   6.7171988e-09
      4530.00   6.6814983e-09
      4540.00   6.6460033e-09
      4550.00   6.6107126e-09
      4560.00   6.5756249e-09
      4570.00   6.5407387e-09
      4580.00   6.5060540e-09
      4590.00   6.4715693e-09
      4600.00   6.4372837e-09
      4610.00   6.4031963e-09
      4620.00   6.3693053e-09
      4630.00   6.3356103e-09
      4640.00   6.3021108e-09
      4650.00   6.2688052e-09
      4660.00   6.2356926e-09
      4670.00   6.2027713e-09
      4680.00   6.1700415e-09
      4690.00   6.1375017e-09
      4700.00   6.1051503e-09
      4710.00   6.0729874e-09
      4720.00   6.0410109e-09
      4730.00   6.0092204e-09
      4740.00   5.9776155e-09
      4750.00   5.9461937e-09
      4760.00   5.9149554e-09
      4770.00   5.8838988e-09
      4780.00   5.8530229e-09
      4790.00   5.8223274e-09
      4800.00   5.7918106e-09
      4810.00   5.7614715e-09
      4820.00   5.7313093e-09
      4830.00   5.7013236e-09
      4840.00   5.6715127e-09
      4850.00   5.6418759e-09
      4860.00   5.6124122e-09
      4870.00   5.5831207e-09
      4880.00   5.5540000e-09
      4890.00   5.5250498e-09
      4900.00   5.4962687e-09
      4910.00   5.4676558e-09
      4920.00   5.4392108e-09
      4930.00   5.4109309e-09
      4940.00   5.3828173e-09
      4950.00   5.3548677e-09
      4960.00   5.3270814e-09
      4970.00   5.2994580e-09
      4980.00   5.2719963e-09
      4990.00   5.2446951e-09
      5000.00   5.2175537e-09
      5010.00   5.1905713e-09
      5020.00   5.1637463e-09
      5030.00   5.1370785e-09
      5040.00   5.1105672e-09
      5050.00   5.0842104e-09
      5060.00   5.0580078e-09
      5070.00   5.0319592e-09
      5080.00   5.0060623e-09
      5090.00   4.9803173e-09
      5100.00   4.9547231e-09
      5110.00   4.9292783e-09
      5120.00   4.9039823e-09
      5130.00   4.8788341e-09
      5140.00   4.8538335e-09
      5150.00   4.8289788e-09
      5160.00   4.8042696e-09
      5170.00   4.7797049e-09
      5180.00   4.7552835e-09
      5190.00   4.7310053e-09
      5200.00   4.7068687e-09
      5210.00   4.6828732e-09
      5220.00   4.6590179e-09
      5230.00   4.6353018e-09
      5240.00   4.6117246e-09
      5250.00   4.5882847e-09
      5260.00   4.5649815e-09
      5270.00   4.5418144e-09
      5280.00   4.5187827e-09
      5290.00   4.4958854e-09
      5300.00   4.4731213e-09
      5310.00   4.4504904e-09
      5320.00   4.4279912e-09
      5330.00   4.4056230e-09
      5340.00   4.3833853e-09
      5350.00   4.3612772e-09
      5360.00   4.3392979e-09
      5370.00   4.3174463e-09
      5380.00   4.2957221e-09
      5390.00   4.2741241e-09
      5400.00   4.2526515e-09
      5410.00   4.2313042e-09
      5420.00   4.2100808e-09
      5430.00   4.1889808e-09
      5440.00   4.1680036e-09
      5450.00   4.1471481e-09
      5460.00   4.1264131e-09
      5470.00   4.1057990e-09
      5480.00   4.0853042e-09
      5490.00   4.0649285e-09
      5500.00   4.0446705e-09
      5510.00   4.0245304e-09
      5520.00   4.0045068e-09
      5530.00   3.9845991e-09
      5540.00   3.9648063e-09
      5550.00   3.9451286e-09
      5560.00   3.9255639e-09
      5570.00   3.9061127e-09
      5580.00   3.8867743e-09
      5590.00   3.8675472e-09
      5600.00   3.8484308e-09
      5610.00   3.8294251e-09
      5620.00   3.8105288e-09
      5630.00   3.7917417e-09
      5640.00   3.7730630e-09
      5650.00   3.7544914e-09
      5660.00   3.7360271e-09
      5670.00   3.7176689e-09
      5680.00   3.6994164e-09
      5690.00   3.6812688e-09
      5700.00   3.6632254e-09
      5710.00   3.6452857e-09
      5720.00   3.6274493e-09
      5730.00   3.6097146e-09
      5740.00   3.5920824e-09
      5750.00   3.5745507e-09
      5760.00   3.5571196e-09
      5770.00   3.5397884e-09
      5780.00   3.5225563e-09
      5790.00   3.5054227e-09
      5800.00   3.4883871e-09
      5810.00   3.4714494e-09
      5820.00   3.4546080e-09
      5830.00   3.4378628e-09
      5840.00   3.4212131e-09
      5850.00   3.4046582e-09
      5860.00   3.3881978e-09
      5870.00   3.3718312e-09
      5880.00   3.3555577e-09
      5890.00   3.3393770e-09
      5900.00   3.3232881e-09
      5910.00   3.3072908e-09
      5920.00   3.2913840e-09
      5930.00   3.2755680e-09
      5940.00   3.2598416e-09
      5950.00   3.2442043e-09
      5960.00   3.2286557e-09
      5970.00   3.2131950e-09
      5980.00   3.1978221e-09
      5990.00   3.1825361e-09
      6000.00   3.1673365e-09
      6010.00   3.1522226e-09
      6020.00   3.1371942e-09
      6030.00   3.1222507e-09
      6040.00   3.1073915e-09
      6050.00   3.0926159e-09
      6060.00   3.0779235e-09
      6070.00   3.0633140e-09
      6080.00   3.0487868e-09
      6090.00   3.0343412e-09
      6100.00   3.0199768e-09
      6110.00   3.0056927e-09
      6120.00   2.9914895e-09
      6130.00   2.9773654e-09
      6140.00   2.9633208e-09
      6150.00   2.9493546e-09
      6160.00   2.9354667e-09
      6170.00   2.9216566e-09
      6180.00   2.9079236e-09
      6190.00   2.8942672e-09
      6200.00   2.8806875e-09
      6210.00   2.8671832e-09
      6220.00   2.8537542e-09
      6230.00   2.8404004e-09
      6240.00   2.8271209e-09
      6250.00   2.8139149e-09
      6260.00   2.8007828e-09
      6270.00   2.7877237e-09
      6280.00   2.7747370e-09
      6290.00   2.7618222e-09
      6300.00   2.7489792e-09
      6310.00   2.7362074e-09
      6320.00   2.7235067e-09
      6330.00   2.7108757e-09
      6340.00   2.6983148e-09
      6350.00   2.6858237e-09
      6360.00   2.6734013e-09
      6370.00   2.6610475e-09
      6380.00   2.6487618e-09
      6390.00   2.6365440e-09
      6400.00   2.6243935e-09
      6410.00   2.6123097e-09
      6420.00   2.6002925e-09
      6430.00   2.5883415e-09
      6440.00   2.5764562e-09
      6450.00   2.5646360e-09
      6460.00   2.5528806e-09
      6470.00   2.5411897e-09
      6480.00   2.5295629e-09
      6490.00   2.5179999e-09
      6500.00   2.5065000e-09
      6510.00   2.4950631e-09
      6520.00   2.4836887e-09
      6530.00   2.4723761e-09
      6540.00   2.4611254e-09
      6550.00   2.4499363e-09
      6560.00   2.4388079e-09
      6570.00   2.4277399e-09
      6580.00   2.4167324e-09
      6590.00   2.4057848e-09
      6600.00   2.3948965e-09
      6610.00   2.3840673e-09
      6620.00   2.3732970e-09
      6630.00   2.3625847e-09
      6640.00   2.3519308e-09
      6650.00   2.3413345e-09
      6660.00   2.3307954e-09
      6670.00   2.3203133e-09
      6680.00   2.3098880e-09
      6690.00   2.2995186e-09
      6700.00   2.2892054e-09
      6710.00   2.2789477e-09
      6720.00   2.2687452e-09
      6730.00   2.2585975e-09
      6740.00   2.2485046e-09
      6750.00   2.2384658e-09
      6760.00   2.2284809e-09
      6770.00   2.2185498e-09
      6780.00   2.2086716e-09
      6790.00   2.1988465e-09
      6800.00   2.1890739e-09
      6810.00   2.1793537e-09
      6820.00   2.1696854e-09
      6830.00   2.1600687e-09
      6840.00   2.1505033e-09
      6850.00   2.1409889e-09
      6860.00   2.1315253e-09
      6870.00   2.1221120e-09
      6880.00   2.1127489e-09
      6890.00   2.1034355e-09
      6900.00   2.0941714e-09
      6910.00   2.0849567e-09
      6920.00   2.0757910e-09
      6930.00   2.0666736e-09
      6940.00   2.0576047e-09
      6950.00   2.0485837e-09
      6960.00   2.0396103e-09
      6970.00   2.0306844e-09
      6980.00   2.0218058e-09
      6990.00   2.0129740e-09
      7000.00   2.0041886e-09
      7010.00   1.9954495e-09
      7020.00   1.9867564e-09
      7030.00   1.9781093e-09
      7040.00   1.9695073e-09
      7050.00   1.9609507e-09
      7060.00   1.9524390e-09
      7070.00   1.9439719e-09
      7080.00   1.9355490e-09
      7090.00   1.9271703e-09
      7100.00   1.9188355e-09
      7110.00   1.9105442e-09
      7120.00   1.9022963e-09
      7130.00   1.8940916e-09
      7140.00   1.8859293e-09
      7150.00   1.8778099e-09
      7160.00   1.8697325e-09
      7170.00   1.8616972e-09
      7180.00   1.8537037e-09
      7190.00   1.8457519e-09
      7200.00   1.8378411e-09
      7210.00   1.8299715e-09
      7220.00   1.8221429e-09
      7230.00   1.8143544e-09
      7240.00   1.8066067e-09
      7250.00   1.7988986e-09
      7260.00   1.7912304e-09
      7270.00   1.7836021e-09
      7280.00   1.7760128e-09
      7290.00   1.7684628e-09
      7300.00   1.7609517e-09
      7310.00   1.7534793e-09
      7320.00   1.7460451e-09
      7330.00   1.7386493e-09
      7340.00   1.7312914e-09
      7350.00   1.7239713e-09
      7360.00   1.7166887e-09
      7370.00   1.7094436e-09
      7380.00   1.7022352e-09
      7390.00   1.6950639e-09
      7400.00   1.6879291e-09
      7410.00   1.6808309e-09
      7420.00   1.6737689e-09
      7430.00   1.6667428e-09
      7440.00   1.6597525e-09
      7450.00   1.6527978e-09
      7460.00   1.6458786e-09
      7470.00   1.6389945e-09
      7480.00   1.6321453e-09
      7490.00   1.6253308e-09
      7500.00   1.6185511e-09
      7510.00   1.6118055e-09
      7520.00   1.6050941e-09
      7530.00   1.5984166e-09
      7540.00   1.5917730e-09
      7550.00   1.5851628e-09
      7560.00   1.5785861e-09
      7570.00   1.5720425e-09
      7580.00   1.5655316e-09
      7590.00   1.5590538e-09
      7600.00   1.5526086e-09
      7610.00   1.5461956e-09
      7620.00   1.5398150e-09
      7630.00   1.5334662e-09
      7640.00   1.5271494e-09
      7650.00   1.5208641e-09
      7660.00   1.5146105e-09
      7670.00   1.5083879e-09
      7680.00   1.5021966e-09
      7690.00   1.4960361e-09
      7700.00   1.4899064e-09
      7710.00   1.4838072e-09
      7720.00   1.4777384e-09
      7730.00   1.4716999e-09
      7740.00   1.4656914e-09
      7750.00   1.4597127e-09
      7760.00   1.4537638e-09
      7770.00   1.4478443e-09
      7780.00   1.4419542e-09
      7790.00   1.4360933e-09
      7800.00   1.4302614e-09
      7810.00   1.4244583e-09
      7820.00   1.4186840e-09
      7830.00   1.4129381e-09
      7840.00   1.4072206e-09
      7850.00   1.4015312e-09
      7860.00   1.3958699e-09
      7870.00   1.3902365e-09
      7880.00   1.3846307e-09
      7890.00   1.3790526e-09
      7900.00   1.3735017e-09
      7910.00   1.3679783e-09
      7920.00   1.3624818e-09
      7930.00   1.3570122e-09
      7940.00   1.3515695e-09
      7950.00   1.3461533e-09
      7960.00   1.3407637e-09
      7970.00   1.3354003e-09
      7980.00   1.3300632e-09
      7990.00   1.3247520e-09
      8000.00   1.3194666e-09
