      1600.00   1.6775125e-08
      1610.00   1.6933575e-08
      1620.00   1.7088301e-08
      1630.00   1.7239300e-08
      1640.00   1.7386557e-08
      1650.00   1.7530070e-08
      1660.00   1.7669837e-08
      1670.00   1.7805863e-08
      1680.00   1.7938146e-08
      1690.00   1.8066698e-08
      1700.00   1.8191527e-08
      1710.00   1.8312646e-08
      1720.00   1.8430068e-08
      1730.00   1.8543809e-08
      1740.00   1.8653887e-08
      1750.00   1.8760326e-08
      1760.00   1.8863145e-08
      1770.00   1.8962370e-08
      1780.00   1.9058027e-08
      1790.00   1.9150144e-08
      1800.00   1.9238748e-08
      1810.00   1.9323875e-08
      1820.00   1.9405548e-08
      1830.00   1.9483809e-08
      1840.00   1.9558689e-08
      1850.00   1.9630222e-08
      1860.00   1.9698445e-08
      1870.00   1.9763400e-08
      1880.00   1.9825119e-08
      1890.00   1.9883645e-08
      1900.00   1.9939017e-08
      1910.00   1.9991275e-08
      1920.00   2.0040460e-08
      1930.00   2.0086614e-08
      1940.00   2.0129782e-08
      1950.00   2.0170004e-08
      1960.00   2.0207323e-08
      1970.00   2.0241782e-08
      1980.00   2.0273428e-08
      1990.00   2.0302302e-08
      2000.00   2.0328448e-08
      2010.00   2.0351911e-08
      2020.00   2.0372736e-08
      2030.00   2.0390966e-08
      2040.00   2.0406648e-08
      2050.00   2.0419825e-08
      2060.00   2.0430541e-08
      2070.00   2.0438841e-08
      2080.00   2.0444771e-08
      2090.00   2.0448371e-08
      2100.00   2.0449688e-08
      2110.00   2.0448767e-08
      2120.00   2.0445648e-08
      2130.00   2.0440379e-08
      2140.00   2.0432998e-08
      2150.00   2.0423553e-08
      2160.00   2.0412083e-08
      2170.00   2.0398629e-08
      2180.00   2.0383239e-08
      2190.00   2.0365949e-08
      2200.00   2.0346803e-08
      2210.00   2.0325841e-08
      2220.00   2.0303103e-08
      2230.00   2.0278631e-08
      2240.00   2.0252462e-08
      2250.00   2.0224638e-08
      2260.00   2.0195196e-08
      2270.00   2.0164173e-08
      2280.00   2.0131612e-08
      2290.00   2.0097545e-08
      2300.00   2.0062012e-08
      2310.00   2.0025049e-08
      2320.00   1.9986693e-08
      2330.00   1.9946979e-08
      2340.00   1.9905940e-08
      2350.00   1.9863613e-08
      2360.00   1.9820032e-08
      2370.00   1.9775232e-08
      2380.00   1.9729243e-08
      2390.00   1.9682100e-08
      2400.00   1.9633835e-08
      2410.00   1.9584477e-08
      2420.00   1.9534062e-08
      2430.00   1.9482618e-08
      2440.00   1.9430176e-08
      2450.00   1.9376766e-08
      2460.00   1.9322418e-08
      2470.00   1.9267157e-08
      2480.00   1.9211014e-08
      2490.00   1.9154018e-08
      2500.00   1.9096196e-08
      2510.00   1.9037573e-08
      2520.00   1.8978178e-08
      2530.00   1.8918033e-08
      2540.00   1.8857169e-08
      2550.00   1.8795608e-08
      2560.00   1.8733373e-08
      2570.00   1.8670490e-08
      2580.00   1.8606984e-08
      2590.00   1.8542875e-08
      2600.00   1.8478190e-08
      2610.00   1.8412948e-08
      2620.00   1.8347172e-08
      2630.00   1.8280882e-08
      2640.00   1.8214102e-08
      2650.00   1.8146850e-08
      2660.00   1.8079149e-08
      2670.00   1.8011017e-08
      2680.00   1.7942474e-08
      2690.00   1.7873538e-08
      2700.00   1.7804227e-08
      2710.00   1.7734562e-08
      2720.00   1.7664561e-08
      2730.00   1.7594237e-08
      2740.00   1.7523612e-08
      2750.00   1.7452700e-08
      2760.00   1.7381521e-08
      2770.00   1.7310085e-08
      2780.00   1.7238412e-08
      2790.00   1.7166518e-08
      2800.00   1.7094414e-08
      2810.00   1.7022118e-08
      2820.00   1.6949645e-08
      2830.00   1.6877005e-08
      2840.00   1.6804215e-08
      2850.00   1.6731287e-08
      2860.00   1.6658236e-08
      2870.00   1.6585073e-08
      2880.00   1.6511808e-08
      2890.00   1.6438458e-08
      2900.00   1.6365032e-08
      2910.00   1.6291544e-08
      2920.00   1.6218003e-08
      2930.00   1.6144420e-08
      2940.00   1.6070806e-08
      2950.00   1.5997173e-08
      2960.00   1.5923528e-08
      2970.00   1.5849886e-08
      2980.00   1.5776253e-08
      2990.00   1.5702638e-08
      3000.00   1.5629053e-08
      3010.00   1.5555504e-08
      3020.00   1.5482003e-08
      3030.00   1.5408555e-08
      3040.00   1.5335172e-08
      3050.00   1.5261860e-08
      3060.00   1.5188626e-08
      3070.00   1.5115479e-08
      3080.00   1.5042426e-08
      3090.00   1.4969475e-08
      3100.00   1.4896632e-08
      3110.00   1.4823903e-08
      3120.00   1.4751299e-08
      3130.00   1.4678820e-08
      3140.00   1.4606478e-08
      3150.00   1.4534276e-08
      3160.00   1.4462221e-08
      3170.00   1.4390316e-08
      3180.00   1.4318572e-08
      3190.00   1.4246990e-08
      3200.00   1.4175576e-08
      3210.00   1.4104336e-08
      3220.00   1.4033276e-08
      3230.00   1.3962397e-08
      3240.00   1.3891706e-08
      3250.00   1.3821209e-08
      3260.00   1.3750908e-08
      3270.00   1.3680807e-08
      3280.00   1.3610912e-08
      3290.00   1.3541225e-08
      3300.00   1.3471751e-08
      3310.00   1.3402494e-08
      3320.00   1.3333454e-08
      3330.00   1.3264639e-08
      3340.00   1.3196051e-08
      3350.00   1.3127691e-08
      3360.00   1.3059564e-08
      3370.00   1.2991672e-08
      3380.00   1.2924018e-08
      3390.00   1.2856606e-08
      3400.00   1.2789436e-08
      3410.00   1.2722514e-08
      3420.00   1.2655839e-08
      3430.00   1.2589415e-08
      3440.00   1.2523244e-08
      3450.00   1.2457326e-08
      3460.00   1.2391668e-08
      3470.00   1.2326268e-08
      3480.00   1.2261127e-08
      3490.00   1.2196249e-08
      3500.00   1.2131636e-08
      3510.00   1.2067287e-08
      3520.00   1.2003206e-08
      3530.00   1.1939394e-08
      3540.00   1.1875851e-08
      3550.00   1.1812579e-08
      3560.00   1.1749580e-08
      3570.00   1.1686854e-08
      3580.00   1.1624402e-08
      3590.00   1.1562225e-08
      3600.00   1.1500326e-08
      3610.00   1.1438704e-08
      3620.00   1.1377360e-08
      3630.00   1.1316292e-08
      3640.00   1.1255505e-08
      3650.00   1.1194999e-08
      3660.00   1.1134772e-08
      3670.00   1.1074826e-08
      3680.00   1.1015162e-08
      3690.00   1.0955780e-08
      3700.00   1.0896680e-08
      3710.00   1.0837862e-08
      3720.00   1.0779326e-08
      3730.00   1.0721075e-08
      3740.00   1.0663105e-08
      3750.00   1.0605420e-08
      3760.00   1.0548016e-08
      3770.00   1.0490896e-08
      3780.00   1.0434059e-08
      3790.00   1.0377504e-08
      3800.00   1.0321234e-08
      3810.00   1.0265246e-08
      3820.00   1.0209541e-08
      3830.00   1.0154118e-08
      3840.00   1.0098976e-08
      3850.00   1.0044117e-08
      3860.00   9.9895389e-09
      3870.00   9.9352433e-09
      3880.00   9.8812276e-09
      3890.00   9.8274923e-09
      3900.00   9.7740370e-09
      3910.00   9.7208616e-09
      3920.00   9.6679649e-09
      3930.00   9.6153461e-09
      3940.00   9.5630056e-09
      3950.00   9.5109425e-09
      3960.00   9.4591566e-09
      3970.00   9.4076464e-09
      3980.00   9.3564123e-09
      3990.00   9.3054523e-09
      4000.00   9.2547663e-09
      4010.00   9.2043540e-09
      4020.00   9.1542143e-09
      4030.00   9.1043469e-09
      4040.00   9.0547500e-09
      4050.00   9.0054241e-09
      4060.00   8.9563669e-09
      4070.00   8.9075795e-09
      4080.00   8.8590595e-09
      4090.00   8.8108064e-09
      4100.00   8.7628201e-09
      4110.00   8.7150991e-09
      4120.00   8.6676418e-09
      4130.00   8.6204488e-09
      4140.00   8.5735174e-09
      4150.00   8.5268493e-09
      4160.00   8.4804410e-09
      4170.00   8.4342921e-09
      4180.00   8.3884022e-09
      4190.00   8.3427699e-09
      4200.00   8.2973949e-09
      4210.00   8.2522766e-09
      4220.00   8.2074114e-09
      4230.00   8.1628013e-09
      4240.00   8.1184426e-09
      4250.00   8.0743367e-09
      4260.00   8.0304816e-09
      4270.00   7.9868753e-09
      4280.00   7.9435184e-09
      4290.00   7.9004089e-09
      4300.00   7.8575459e-09
      4310.00   7.8149282e-09
      4320.00   7.7725549e-09
      4330.00   7.7304243e-09
      4340.00   7.6885361e-09
      4350.00   7.6468893e-09
      4360.00   7.6054823e-09
      4370.00   7.5643142e-09
      4380.00   7.5233835e-09
      4390.00   7.4826898e-09
      4400.00   7.4422312e-09
      4410.00   7.4020079e-09
      4420.00   7.3620167e-09
      4430.00   7.3222580e-09
      4440.00   7.2827304e-09
      4450.00   7.2434331e-09
      4460.00   7.2043642e-09
      4470.00   7.1655229e-09
      4480.00   7.1269079e-09
      4490.00   7.0885186e-09
      4500.00   7.0503536e-09
      4510.00   7.0124112e-09
      4520.00   6.9746917e-09
      4530.00   6.9371920e-09
      4540.00   6.8999123e-09
      4550.00   6.8628515e-09
      4560.00   6.8260080e-09
      4570.00   6.7893803e-09
      4580.00   6.7529681e-09
      4590.00   6.7167699e-09
      4600.00   6.6807847e-09
      4610.00   6.6450114e-09
      4620.00   6.6094482e-09
      4630.00   6.5740944e-09
      4640.00   6.5389496e-09
      4650.00   6.5040119e-09
      4660.00   6.4692803e-09
      4670.00   6.4347531e-09
      4680.00   6.4004302e-09
      4690.00   6.3663102e-09
      4700.00   6.3323912e-09
      4710.00   6.2986734e-09
      4720.00   6.2651544e-09
      4730.00   6.2318338e-09
      4740.00   6.1987110e-09
      4750.00   6.1657834e-09
      4760.00   6.1330514e-09
      4770.00   6.1005130e-09
      4780.00   6.0681671e-09
      4790.00   6.0360134e-09
      4800.00   6.0040499e-09
      4810.00   5.9722758e-09
      4820.00   5.9406898e-09
      4830.00   5.9092916e-09
      4840.00   5.8780796e-09
      4850.00   5.8470527e-09
      4860.00   5.8162100e-09
      4870.00   5.7855503e-09
      4880.00   5.7550723e-09
      4890.00   5.7247755e-09
      4900.00   5.6946584e-09
      4910.00   5.6647201e-09
      4920.00   5.6349602e-09
      4930.00   5.6053757e-09
      4940.00   5.5759677e-09
      4950.00   5.5467340e-09
      4960.00   5.5176735e-09
      4970.00   5.4887861e-09
      4980.00   5.4600702e-09
      4990.00   5.4315247e-09
      5000.00   5.4031486e-09
      5010.00   5.3749413e-09
      5020.00   5.3469010e-09
      5030.00   5.3190273e-09
      5040.00   5.2913195e-09
      5050.00   5.2637755e-09
      5060.00   5.2363950e-09
      5070.00   5.2091776e-09
      5080.00   5.1821210e-09
      5090.00   5.1552253e-09
      5100.00   5.1284894e-09
      5110.00   5.1019117e-09
      5120.00   5.0754915e-09
      5130.00   5.0492279e-09
      5140.00   5.0231204e-09
      5150.00   4.9971673e-09
      5160.00   4.9713684e-09
      5170.00   4.9457222e-09
      5180.00   4.9202277e-09
      5190.00   4.8948846e-09
      5200.00   4.8696913e-09
      5210.00   4.8446472e-09
      5220.00   4.8197514e-09
      5230.00   4.7950027e-09
      5240.00   4.7704008e-09
      5250.00   4.7459440e-09
      5260.00   4.7216318e-09
      5270.00   4.6974632e-09
      5280.00   4.6734378e-09
      5290.00   4.6495543e-09
      5300.00   4.6258115e-09
      5310.00   4.6022093e-09
      5320.00   4.5787463e-09
      5330.00   4.5554215e-09
      5340.00   4.5322345e-09
      5350.00   4.5091842e-09
      5360.00   4.4862698e-09
      5370.00   4.4634903e-09
      5380.00   4.4408451e-09
      5390.00   4.4183331e-09
      5400.00   4.3959533e-09
      5410.00   4.3737057e-09
      5420.00   4.3515887e-09
      5430.00   4.3296019e-09
      5440.00   4.3077445e-09
      5450.00   4.2860153e-09
      5460.00   4.2644132e-09
      5470.00   4.2429385e-09
      5480.00   4.2215895e-09
      5490.00   4.2003660e-09
      5500.00   4.1792665e-09
      5510.00   4.1582912e-09
      5520.00   4.1374385e-09
      5530.00   4.1167080e-09
      5540.00   4.0960984e-09
      5550.00   4.0756100e-09
      5560.00   4.0552405e-09
      5570.00   4.0349907e-09
      5580.00   4.0148594e-09
      5590.00   3.9948453e-09
      5600.00   3.9749477e-09
      5610.00   3.9551666e-09
      5620.00   3.9355005e-09
      5630.00   3.9159494e-09
      5640.00   3.8965122e-09
      5650.00   3.8771876e-09
      5660.00   3.8579760e-09
      5670.00   3.8388759e-09
      5680.00   3.8198869e-09
      5690.00   3.8010081e-09
      5700.00   3.7822390e-09
      5710.00   3.7635787e-09
      5720.00   3.7450272e-09
      5730.00   3.7265824e-09
      5740.00   3.7082453e-09
      5750.00   3.6900138e-09
      5760.00   3.6718880e-09
      5770.00   3.6538671e-09
      5780.00   3.6359504e-09
      5790.00   3.6181370e-09
      5800.00   3.6004266e-09
      5810.00   3.5828189e-09
      5820.00   3.5653124e-09
      5830.00   3.5479069e-09
      5840.00   3.5306016e-09
      5850.00   3.5133958e-09
      5860.00   3.4962892e-09
      5870.00   3.4792810e-09
      5880.00   3.4623705e-09
      5890.00   3.4455573e-09
      5900.00   3.4288405e-09
      5910.00   3.4122196e-09
      5920.00   3.3956939e-09
      5930.00   3.3792633e-09
      5940.00   3.3629267e-09
      5950.00   3.3466835e-09
      5960.00   3.3305333e-09
      5970.00   3.3144752e-09
      5980.00   3.2985091e-09
      5990.00   3.2826342e-09
      6000.00   3.2668499e-09
      6010.00   3.2511553e-09
      6020.00   3.2355504e-09
      6030.00   3.2200344e-09
      6040.00   3.2046067e-09
      6050.00   3.1892667e-09
      6060.00   3.1740138e-09
      6070.00   3.1588477e-09
      6080.00   3.1437679e-09
      6090.00   3.1287735e-09
      6100.00   3.1138641e-09
      6110.00   3.0990389e-09
      6120.00   3.0842982e-09
      6130.00   3.0696405e-09
      6140.00   3.0550660e-09
      6150.00   3.0405736e-09
      6160.00   3.0261630e-09
      6170.00   3.0118339e-09
      6180.00   2.9975855e-09
      6190.00   2.9834174e-09
      6200.00   2.9693294e-09
      6210.00   2.9553203e-09
      6220.00   2.9413901e-09
      6230.00   2.9275384e-09
      6240.00   2.9137645e-09
      6250.00   2.9000675e-09
      6260.00   2.8864478e-09
      6270.00   2.8729044e-09
      6280.00   2.8594367e-09
      6290.00   2.8460442e-09
      6300.00   2.8327269e-09
      6310.00   2.8194839e-09
      6320.00   2.8063153e-09
      6330.00   2.7932195e-09
      6340.00   2.7801970e-09
      6350.00   2.7672474e-09
      6360.00   2.7543697e-09
      6370.00   2.7415636e-09
      6380.00   2.7288288e-09
      6390.00   2.7161648e-09
      6400.00   2.7035711e-09
      6410.00   2.6910473e-09
      6420.00   2.6785929e-09
      6430.00   2.6662076e-09
      6440.00   2.6538911e-09
      6450.00   2.6416424e-09
      6460.00   2.6294615e-09
      6470.00   2.6173480e-09
      6480.00   2.6053013e-09
      6490.00   2.5933213e-09
      6500.00   2.5814072e-09
      6510.00   2.5695589e-09
      6520.00   2.5577757e-09
      6530.00   2.5460572e-09
      6540.00   2.5344032e-09
      6550.00   2.5228135e-09
      6560.00   2.5112871e-09
      6570.00   2.4998239e-09
      6580.00   2.4884237e-09
      6590.00   2.4770860e-09
      6600.00   2.4658102e-09
      6610.00   2.4545962e-09
      6620.00   2.4434434e-09
      6630.00   2.4323513e-09
      6640.00   2.4213200e-09
      6650.00   2.4103489e-09
      6660.00   2.3994374e-09
      6670.00   2.3885853e-09
      6680.00   2.3777925e-09
      6690.00   2.3670579e-09
      6700.00   2.3563820e-09
      6710.00   2.3457639e-09
      6720.00   2.3352035e-09
      6730.00   2.3247001e-09
      6740.00   2.3142538e-09
      6750.00   2.3038639e-09
      6760.00   2.2935303e-09
      6770.00   2.2832526e-09
      6780.00   2.2730302e-09
      6790.00   2.2628630e-09
      6800.00   2.2527506e-09
      6810.00   2.2426928e-09
      6820.00   2.2326891e-09
      6830.00   2.2227392e-09
      6840.00   2.2128426e-09
      6850.00   2.2029992e-09
      6860.00   2.1932088e-09
      6870.00   2.1834707e-09
      6880.00   2.1737849e-09
      6890.00   2.1641509e-09
      6900.00   2.1545682e-09
      6910.00   2.1450370e-09
      6920.00   2.1355569e-09
      6930.00   2.1261270e-09
      6940.00   2.1167476e-09
      6950.00   2.1074180e-09
      6960.00   2.0981381e-09
      6970.00   2.0889076e-09
      6980.00   2.0797263e-09
      6990.00   2.0705938e-09
      7000.00   2.0615095e-09
      7010.00   2.0524735e-09
      7020.00   2.0434853e-09
      7030.00   2.0345450e-09
      7040.00   2.0256517e-09
      7050.00   2.0168056e-09
      7060.00   2.0080061e-09
      7070.00   1.9992531e-09
      7080.00   1.9905461e-09
      7090.00   1.9818851e-09
      7100.00   1.9732698e-09
      7110.00   1.9646997e-09
      7120.00   1.9561748e-09
      7130.00   1.9476948e-09
      7140.00   1.9392589e-09
      7150.00   1.9308676e-09
      7160.00   1.9225201e-09
      7170.00   1.9142162e-09
      7180.00   1.9059559e-09
      7190.00   1.8977389e-09
      7200.00   1.8895646e-09
      7210.00   1.8814331e-09
      7220.00   1.8733442e-09
      7230.00   1.8652971e-09
      7240.00   1.8572922e-09
      7250.00   1.8493286e-09
      7260.00   1.8414066e-09
      7270.00   1.8335259e-09
      7280.00   1.8256858e-09
      7290.00   1.8178865e-09
      7300.00   1.8101277e-09
      7310.00   1.8024091e-09
      7320.00   1.7947303e-09
      7330.00   1.7870913e-09
      7340.00   1.7794916e-09
      7350.00   1.7719312e-09
      7360.00   1.7644099e-09
      7370.00   1.7569274e-09
      7380.00   1.7494832e-09
      7390.00   1.7420775e-09
      7400.00   1.7347097e-09
      7410.00   1.7273798e-09
      7420.00   1.7200876e-09
      7430.00   1.7128327e-09
      7440.00   1.7056150e-09
      7450.00   1.6984343e-09
      7460.00   1.6912904e-09
      7470.00   1.6841829e-09
      7480.00   1.6771118e-09
      7490.00   1.6700767e-09
      7500.00   1.6630776e-09
      7510.00   1.6561140e-09
      7520.00   1.6491859e-09
      7530.00   1.6422930e-09
      7540.00   1.6354353e-09
      7550.00   1.6286123e-09
      7560.00   1.6218240e-09
      7570.00   1.6150701e-09
      7580.00   1.6083502e-09
      7590.00   1.6016646e-09
      7600.00   1.5950128e-09
      7610.00   1.5883945e-09
      7620.00   1.5818098e-09
      7630.00   1.5752580e-09
      7640.00   1.5687396e-09
      7650.00   1.5622538e-09
      7660.00   1.5558008e-09
      7670.00   1.5493801e-09
      7680.00   1.5429917e-09
      7690.00   1.5366355e-09
      7700.00   1.5303111e-09
      7710.00   1.5240184e-09
      7720.00   1.5177572e-09
      7730.00   1.5115275e-09
      7740.00   1.5053288e-09
      7750.00   1.4991611e-09
      7760.00   1.4930242e-09
      7770.00   1.4869180e-09
      7780.00   1.4808421e-09
      7790.00   1.4747966e-09
      7800.00   1.4687811e-09
      7810.00   1.4627955e-09
      7820.00   1.4568397e-09
      7830.00   1.4509135e-09
      7840.00   1.4450166e-09
      7850.00   1.4391490e-09
      7860.00   1.4333104e-09
      7870.00   1.4275007e-09
      7880.00   1.4217197e-09
      7890.00   1.4159674e-09
      7900.00   1.4102433e-09
      7910.00   1.4045476e-09
      7920.00   1.3988799e-09
      7930.00   1.3932401e-09
      7940.00   1.3876281e-09
      7950.00   1.3820436e-09
      7960.00   1.3764868e-09
      7970.00   1.3709570e-09
      7980.00   1.3654544e-09
      7990.00   1.3599788e-09
      8000.00   1.3545299e-09
