      1600.00   1.8415173e-08
      1610.00   1.8578456e-08
      1620.00   1.8737600e-08
      1630.00   1.8892606e-08
      1640.00   1.9043467e-08
      1650.00   1.9190190e-08
      1660.00   1.9332779e-08
      1670.00   1.9471247e-08
      1680.00   1.9605599e-08
      1690.00   1.9735854e-08
      1700.00   1.9862029e-08
      1710.00   1.9984144e-08
      1720.00   2.0102219e-08
      1730.00   2.0216280e-08
      1740.00   2.0326350e-08
      1750.00   2.0432461e-08
      1760.00   2.0534641e-08
      1770.00   2.0632924e-08
      1780.00   2.0727342e-08
      1790.00   2.0817931e-08
      1800.00   2.0904727e-08
      1810.00   2.0987772e-08
      1820.00   2.1067096e-08
      1830.00   2.1142749e-08
      1840.00   2.1214769e-08
      1850.00   2.1283198e-08
      1860.00   2.1348081e-08
      1870.00   2.1409463e-08
      1880.00   2.1467388e-08
      1890.00   2.1521903e-08
      1900.00   2.1573054e-08
      1910.00   2.1620888e-08
      1920.00   2.1665453e-08
      1930.00   2.1706797e-08
      1940.00   2.1744971e-08
      1950.00   2.1780022e-08
      1960.00   2.1812000e-08
      1970.00   2.1840952e-08
      1980.00   2.1866931e-08
      1990.00   2.1889987e-08
      2000.00   2.1910166e-08
      2010.00   2.1927521e-08
      2020.00   2.1942102e-08
      2030.00   2.1953957e-08
      2040.00   2.1963139e-08
      2050.00   2.1969695e-08
      2060.00   2.1973676e-08
      2070.00   2.1975129e-08
      2080.00   2.1974109e-08
      2090.00   2.1970657e-08
      2100.00   2.1964826e-08
      2110.00   2.1956666e-08
      2120.00   2.1946222e-08
      2130.00   2.1933545e-08
      2140.00   2.1918679e-08
      2150.00   2.1901673e-08
      2160.00   2.1882573e-08
      2170.00   2.1861424e-08
      2180.00   2.1838275e-08
      2190.00   2.1813169e-08
      2200.00   2.1786151e-08
      2210.00   2.1757267e-08
      2220.00   2.1726559e-08
      2230.00   2.1694072e-08
      2240.00   2.1659848e-08
      2250.00   2.1623930e-08
      2260.00   2.1586361e-08
      2270.00   2.1547178e-08
      2280.00   2.1506428e-08
      2290.00   2.1464146e-08
      2300.00   2.1420376e-08
      2310.00   2.1375155e-08
      2320.00   2.1328522e-08
      2330.00   2.1280517e-08
      2340.00   2.1231173e-08
      2350.00   2.1180532e-08
      2360.00   2.1128628e-08
      2370.00   2.1075499e-08
      2380.00   2.1021178e-08
      2390.00   2.0965701e-08
      2400.00   2.0909102e-08
      2410.00   2.0851413e-08
      2420.00   2.0792671e-08
      2430.00   2.0732906e-08
      2440.00   2.0672151e-08
      2450.00   2.0610438e-08
      2460.00   2.0547798e-08
      2470.00   2.0484258e-08
      2480.00   2.0419849e-08
      2490.00   2.0354605e-08
      2500.00   2.0288551e-08
      2510.00   2.0221715e-08
      2520.00   2.0154128e-08
      2530.00   2.0085812e-08
      2540.00   2.0016798e-08
      2550.00   1.9947113e-08
      2560.00   1.9876778e-08
      2570.00   1.9805822e-08
      2580.00   1.9734268e-08
      2590.00   1.9662141e-08
      2600.00   1.9589466e-08
      2610.00   1.9516265e-08
      2620.00   1.9442561e-08
      2630.00   1.9368374e-08
      2640.00   1.9293729e-08
      2650.00   1.9218647e-08
      2660.00   1.9143149e-08
      2670.00   1.9067255e-08
      2680.00   1.8990985e-08
      2690.00   1.8914359e-08
      2700.00   1.8837394e-08
      2710.00   1.8760114e-08
      2720.00   1.8682534e-08
      2730.00   1.8604671e-08
      2740.00   1.8526544e-08
      2750.00   1.8448171e-08
      2760.00   1.8369570e-08
      2770.00   1.8290753e-08
      2780.00   1.8211739e-08
      2790.00   1.8132546e-08
      2800.00   1.8053183e-08
      2810.00   1.7973670e-08
      2820.00   1.7894022e-08
      2830.00   1.7814250e-08
      2840.00   1.7734370e-08
      2850.00   1.7654395e-08
      2860.00   1.7574339e-08
      2870.00   1.7494215e-08
      2880.00   1.7414032e-08
      2890.00   1.7333808e-08
      2900.00   1.7253551e-08
      2910.00   1.7173276e-08
      2920.00   1.7092992e-08
      2930.00   1.7012709e-08
      2940.00   1.6932441e-08
      2950.00   1.6852197e-08
      2960.00   1.6771985e-08
      2970.00   1.6691821e-08
      2980.00   1.6611709e-08
      2990.00   1.6531661e-08
      3000.00   1.6451686e-08
      3010.00   1.6371791e-08
      3020.00   1.6291989e-08
      3030.00   1.6212284e-08
      3040.00   1.6132688e-08
      3050.00   1.6053207e-08
      3060.00   1.5973849e-08
      3070.00   1.5894621e-08
      3080.00   1.5815531e-08
      3090.00   1.5736587e-08
      3100.00   1.5657795e-08
      3110.00   1.5579160e-08
      3120.00   1.5500694e-08
      3130.00   1.5422396e-08
      3140.00   1.5344279e-08
      3150.00   1.5266344e-08
      3160.00   1.5188600e-08
      3170.00   1.5111048e-08
      3180.00   1.5033700e-08
      3190.00   1.4956556e-08
      3200.00   1.4879624e-08
      3210.00   1.4802906e-08
      3220.00   1.4726411e-08
      3230.00   1.4650139e-08
      3240.00   1.4574097e-08
      3250.00   1.4498289e-08
      3260.00   1.4422720e-08
      3270.00   1.4347391e-08
      3280.00   1.4272310e-08
      3290.00   1.4197476e-08
      3300.00   1.4122897e-08
      3310.00   1.4048574e-08
      3320.00   1.3974509e-08
      3330.00   1.3900708e-08
      3340.00   1.3827174e-08
      3350.00   1.3753907e-08
      3360.00   1.3680913e-08
      3370.00   1.3608192e-08
      3380.00   1.3535748e-08
      3390.00   1.3463585e-08
      3400.00   1.3391702e-08
      3410.00   1.3320105e-08
      3420.00   1.3248793e-08
      3430.00   1.3177769e-08
      3440.00   1.3107035e-08
      3450.00   1.3036592e-08
      3460.00   1.2966445e-08
      3470.00   1.2896592e-08
      3480.00   1.2827036e-08
      3490.00   1.2757779e-08
      3500.00   1.2688821e-08
      3510.00   1.2620164e-08
      3520.00   1.2551811e-08
      3530.00   1.2483761e-08
      3540.00   1.2416015e-08
      3550.00   1.2348575e-08
      3560.00   1.2281442e-08
      3570.00   1.2214617e-08
      3580.00   1.2148099e-08
      3590.00   1.2081890e-08
      3600.00   1.2015992e-08
      3610.00   1.1950405e-08
      3620.00   1.1885128e-08
      3630.00   1.1820160e-08
      3640.00   1.1755506e-08
      3650.00   1.1691164e-08
      3660.00   1.1627134e-08
      3670.00   1.1563417e-08
      3680.00   1.1500013e-08
      3690.00   1.1436921e-08
      3700.00   1.1374143e-08
      3710.00   1.1311678e-08
      3720.00   1.1249526e-08
      3730.00   1.1187688e-08
      3740.00   1.1126162e-08
      3750.00   1.1064950e-08
      3760.00   1.1004049e-08
      3770.00   1.0943461e-08
      3780.00   1.0883185e-08
      3790.00   1.0823220e-08
      3800.00   1.0763569e-08
      3810.00   1.0704229e-08
      3820.00   1.0645198e-08
      3830.00   1.0586479e-08
      3840.00   1.0528068e-08
      3850.00   1.0469967e-08
      3860.00   1.0412175e-08
      3870.00   1.0354692e-08
      3880.00   1.0297515e-08
      3890.00   1.0240646e-08
      3900.00   1.0184083e-08
      3910.00   1.0127826e-08
      3920.00   1.0071874e-08
      3930.00   1.0016226e-08
      3940.00   9.9608807e-09
      3950.00   9.9058385e-09
      3960.00   9.8510986e-09
      3970.00   9.7966592e-09
      3980.00   9.7425206e-09
      3990.00   9.6886805e-09
      4000.00   9.6351386e-09
      4010.00   9.5818945e-09
      4020.00   9.5289466e-09
      4030.00   9.4762948e-09
      4040.00   9.4239369e-09
      4050.00   9.3718732e-09
      4060.00   9.3201011e-09
      4070.00   9.2686216e-09
      4080.00   9.2174322e-09
      4090.00   9.1665320e-09
      4100.00   9.1159210e-09
      4110.00   9.0655973e-09
      4120.00   9.0155590e-09
      4130.00   8.9658067e-09
      4140.00   8.9163375e-09
      4150.00   8.8671529e-09
      4160.00   8.8182491e-09
      4170.00   8.7696256e-09
      4180.00   8.7212819e-09
      4190.00   8.6732163e-09
      4200.00   8.6254283e-09
      4210.00   8.5779173e-09
      4220.00   8.5306793e-09
      4230.00   8.4837162e-09
      4240.00   8.4370243e-09
      4250.00   8.3906046e-09
      4260.00   8.3444549e-09
      4270.00   8.2985733e-09
      4280.00   8.2529600e-09
      4290.00   8.2076129e-09
      4300.00   8.1625309e-09
      4310.00   8.1177128e-09
      4320.00   8.0731573e-09
      4330.00   8.0288626e-09
      4340.00   7.9848283e-09
      4350.00   7.9410532e-09
      4360.00   7.8975357e-09
      4370.00   7.8542746e-09
      4380.00   7.8112681e-09
      4390.00   7.7685160e-09
      4400.00   7.7260158e-09
      4410.00   7.6837680e-09
      4420.00   7.6417690e-09
      4430.00   7.6000190e-09
      4440.00   7.5585167e-09
      4450.00   7.5172609e-09
      4460.00   7.4762496e-09
      4470.00   7.4354820e-09
      4480.00   7.3949566e-09
      4490.00   7.3546725e-09
      4500.00   7.3146284e-09
      4510.00   7.2748223e-09
      4520.00   7.2352545e-09
      4530.00   7.1959215e-09
      4540.00   7.1568237e-09
      4550.00   7.1179597e-09
      4560.00   7.0793277e-09
      4570.00   7.0409261e-09
      4580.00   7.0027545e-09
      4590.00   6.9648114e-09
      4600.00   6.9270955e-09
      4610.00   6.8896056e-09
      4620.00   6.8523398e-09
      4630.00   6.8152973e-09
      4640.00   6.7784775e-09
      4650.00   6.7418785e-09
      4660.00   6.7054990e-09
      4670.00   6.6693374e-09
      4680.00   6.6333933e-09
      4690.00   6.5976653e-09
      4700.00   6.5621512e-09
      4710.00   6.5268513e-09
      4720.00   6.4917630e-09
      4730.00   6.4568857e-09
      4740.00   6.4222189e-09
      4750.00   6.3877597e-09
      4760.00   6.3535084e-09
      4770.00   6.3194630e-09
      4780.00   6.2856222e-09
      4790.00   6.2519856e-09
      4800.00   6.2185512e-09
      4810.00   6.1853179e-09
      4820.00   6.1522844e-09
      4830.00   6.1194504e-09
      4840.00   6.0868140e-09
      4850.00   6.0543741e-09
      4860.00   6.0221297e-09
      4870.00   5.9900796e-09
      4880.00   5.9582221e-09
      4890.00   5.9265569e-09
      4900.00   5.8950823e-09
      4910.00   5.8637973e-09
      4920.00   5.8327014e-09
      4930.00   5.8017914e-09
      4940.00   5.7710686e-09
      4950.00   5.7405303e-09
      4960.00   5.7101757e-09
      4970.00   5.6800043e-09
      4980.00   5.6500147e-09
      4990.00   5.6202055e-09
      5000.00   5.5905757e-09
      5010.00   5.5611245e-09
      5020.00   5.5318500e-09
      5030.00   5.5027520e-09
      5040.00   5.4738294e-09
      5050.00   5.4450802e-09
      5060.00   5.4165039e-09
      5070.00   5.3881002e-09
      5080.00   5.3598665e-09
      5090.00   5.3318029e-09
      5100.00   5.3039081e-09
      5110.00   5.2761807e-09
      5120.00   5.2486197e-09
      5130.00   5.2212242e-09
      5140.00   5.1939936e-09
      5150.00   5.1669262e-09
      5160.00   5.1400215e-09
      5170.00   5.1132782e-09
      5180.00   5.0866950e-09
      5190.00   5.0602718e-09
      5200.00   5.0340067e-09
      5210.00   5.0078990e-09
      5220.00   4.9819477e-09
      5230.00   4.9561519e-09
      5240.00   4.9305108e-09
      5250.00   4.9050229e-09
      5260.00   4.8796874e-09
      5270.00   4.8545034e-09
      5280.00   4.8294704e-09
      5290.00   4.8045870e-09
      5300.00   4.7798520e-09
      5310.00   4.7552652e-09
      5320.00   4.7308250e-09
      5330.00   4.7065306e-09
      5340.00   4.6823813e-09
      5350.00   4.6583761e-09
      5360.00   4.6345141e-09
      5370.00   4.6107941e-09
      5380.00   4.5872156e-09
      5390.00   4.5637773e-09
      5400.00   4.5404783e-09
      5410.00   4.5173184e-09
      5420.00   4.4942960e-09
      5430.00   4.4714106e-09
      5440.00   4.4486614e-09
      5450.00   4.4260472e-09
      5460.00   4.4035667e-09
      5470.00   4.3812202e-09
      5480.00   4.3590060e-09
      5490.00   4.3369238e-09
      5500.00   4.3149720e-09
      5510.00   4.2931508e-09
      5520.00   4.2714585e-09
      5530.00   4.2498946e-09
      5540.00   4.2284579e-09
      5550.00   4.2071487e-09
      5560.00   4.1859644e-09
      5570.00   4.1649058e-09
      5580.00   4.1439717e-09
      5590.00   4.1231608e-09
      5600.00   4.1024724e-09
      5610.00   4.0819063e-09
      5620.00   4.0614610e-09
      5630.00   4.0411364e-09
      5640.00   4.0209315e-09
      5650.00   4.0008448e-09
      5660.00   3.9808767e-09
      5670.00   3.9610258e-09
      5680.00   3.9412914e-09
      5690.00   3.9216727e-09
      5700.00   3.9021692e-09
      5710.00   3.8827798e-09
      5720.00   3.8635045e-09
      5730.00   3.8443413e-09
      5740.00   3.8252910e-09
      5750.00   3.8063515e-09
      5760.00   3.7875228e-09
      5770.00   3.7688042e-09
      5780.00   3.7501949e-09
      5790.00   3.7316939e-09
      5800.00   3.7133008e-09
      5810.00   3.6950155e-09
      5820.00   3.6768362e-09
      5830.00   3.6587627e-09
      5840.00   3.6407944e-09
      5850.00   3.6229303e-09
      5860.00   3.6051701e-09
      5870.00   3.5875131e-09
      5880.00   3.5699584e-09
      5890.00   3.5525057e-09
      5900.00   3.5351539e-09
      5910.00   3.5179027e-09
      5920.00   3.5007510e-09
      5930.00   3.4836990e-09
      5940.00   3.4667455e-09
      5950.00   3.4498897e-09
      5960.00   3.4331313e-09
      5970.00   3.4164694e-09
      5980.00   3.3999038e-09
      5990.00   3.3834336e-09
      6000.00   3.3670582e-09
      6010.00   3.3507767e-09
      6020.00   3.3345890e-09
      6030.00   3.3184945e-09
      6040.00   3.3024923e-09
      6050.00   3.2865818e-09
      6060.00   3.2707625e-09
      6070.00   3.2550339e-09
      6080.00   3.2393956e-09
      6090.00   3.2238466e-09
      6100.00   3.2083866e-09
      6110.00   3.1930146e-09
      6120.00   3.1777309e-09
      6130.00   3.1625341e-09
      6140.00   3.1474241e-09
      6150.00   3.1324000e-09
      6160.00   3.1174615e-09
      6170.00   3.1026082e-09
      6180.00   3.0878391e-09
      6190.00   3.0731540e-09
      6200.00   3.0585526e-09
      6210.00   3.0440336e-09
      6220.00   3.0295971e-09
      6230.00   3.0152426e-09
      6240.00   3.0009693e-09
      6250.00   2.9867765e-09
      6260.00   2.9726642e-09
      6270.00   2.9586318e-09
      6280.00   2.9446784e-09
      6290.00   2.9308035e-09
      6300.00   2.9170071e-09
      6310.00   2.9032884e-09
      6320.00   2.8896472e-09
      6330.00   2.8760822e-09
      6340.00   2.8625935e-09
      6350.00   2.8491811e-09
      6360.00   2.8358436e-09
      6370.00   2.8225809e-09
      6380.00   2.8093926e-09
      6390.00   2.7962783e-09
      6400.00   2.7832372e-09
      6410.00   2.7702691e-09
      6420.00   2.7573734e-09
      6430.00   2.7445498e-09
      6440.00   2.7317980e-09
      6450.00   2.7191169e-09
      6460.00   2.7065065e-09
      6470.00   2.6939664e-09
      6480.00   2.6814960e-09
      6490.00   2.6690951e-09
      6500.00   2.6567629e-09
      6510.00   2.6444994e-09
      6520.00   2.6323038e-09
      6530.00   2.6201756e-09
      6540.00   2.6081146e-09
      6550.00   2.5961206e-09
      6560.00   2.5841927e-09
      6570.00   2.5723307e-09
      6580.00   2.5605343e-09
      6590.00   2.5488030e-09
      6600.00   2.5371363e-09
      6610.00   2.5255338e-09
      6620.00   2.5139953e-09
      6630.00   2.5025200e-09
      6640.00   2.4911080e-09
      6650.00   2.4797587e-09
      6660.00   2.4684715e-09
      6670.00   2.4572462e-09
      6680.00   2.4460826e-09
      6690.00   2.4349798e-09
      6700.00   2.4239380e-09
      6710.00   2.4129564e-09
      6720.00   2.4020348e-09
      6730.00   2.3911727e-09
      6740.00   2.3803701e-09
      6750.00   2.3696261e-09
      6760.00   2.3589407e-09
      6770.00   2.3483136e-09
      6780.00   2.3377440e-09
      6790.00   2.3272320e-09
      6800.00   2.3167769e-09
      6810.00   2.3063786e-09
      6820.00   2.2960366e-09
      6830.00   2.2857507e-09
      6840.00   2.2755202e-09
      6850.00   2.2653451e-09
      6860.00   2.2552251e-09
      6870.00   2.2451596e-09
      6880.00   2.2351484e-09
      6890.00   2.2251911e-09
      6900.00   2.2152873e-09
      6910.00   2.2054370e-09
      6920.00   2.1956398e-09
      6930.00   2.1858949e-09
      6940.00   2.1762025e-09
      6950.00   2.1665620e-09
      6960.00   2.1569730e-09
      6970.00   2.1474354e-09
      6980.00   2.1379490e-09
      6990.00   2.1285134e-09
      7000.00   2.1191279e-09
      7010.00   2.1097925e-09
      7020.00   2.1005070e-09
      7030.00   2.0912711e-09
      7040.00   2.0820841e-09
      7050.00   2.0729463e-09
      7060.00   2.0638569e-09
      7070.00   2.0548157e-09
      7080.00   2.0458225e-09
      7090.00   2.0368769e-09
      7100.00   2.0279789e-09
      7110.00   2.0191279e-09
      7120.00   2.0103238e-09
      7130.00   2.0015664e-09
      7140.00   1.9928548e-09
      7150.00   1.9841895e-09
      7160.00   1.9755698e-09
      7170.00   1.9669954e-09
      7180.00   1.9584662e-09
      7190.00   1.9499820e-09
      7200.00   1.9415422e-09
      7210.00   1.9331468e-09
      7220.00   1.9247957e-09
      7230.00   1.9164880e-09
      7240.00   1.9082241e-09
      7250.00   1.9000032e-09
      7260.00   1.8918253e-09
      7270.00   1.8836904e-09
      7280.00   1.8755976e-09
      7290.00   1.8675473e-09
      7300.00   1.8595390e-09
      7310.00   1.8515724e-09
      7320.00   1.8436470e-09
      7330.00   1.8357631e-09
      7340.00   1.8279199e-09
      7350.00   1.8201176e-09
      7360.00   1.8123558e-09
      7370.00   1.8046343e-09
      7380.00   1.7969525e-09
      7390.00   1.7893106e-09
      7400.00   1.7817082e-09
      7410.00   1.7741451e-09
      7420.00   1.7666210e-09
      7430.00   1.7591357e-09
      7440.00   1.7516890e-09
      7450.00   1.7442807e-09
      7460.00   1.7369105e-09
      7470.00   1.7295781e-09
      7480.00   1.7222835e-09
      7490.00   1.7150261e-09
      7500.00   1.7078062e-09
      7510.00   1.7006231e-09
      7520.00   1.6934768e-09
      7530.00   1.6863670e-09
      7540.00   1.6792938e-09
      7550.00   1.6722565e-09
      7560.00   1.6652552e-09
      7570.00   1.6582895e-09
      7580.00   1.6513592e-09
      7590.00   1.6444644e-09
      7600.00   1.6376046e-09
      7610.00   1.6307796e-09
      7620.00   1.6239894e-09
      7630.00   1.6172334e-09
      7640.00   1.6105119e-09
      7650.00   1.6038242e-09
      7660.00   1.5971706e-09
      7670.00   1.5905504e-09
      7680.00   1.5839638e-09
      7690.00   1.5774104e-09
      7700.00   1.5708901e-09
      7710.00   1.5644026e-09
      7720.00   1.5579477e-09
      7730.00   1.5515255e-09
      7740.00   1.5451355e-09
      7750.00   1.5387775e-09
      7760.00   1.5324515e-09
      7770.00   1.5261572e-09
      7780.00   1.5198944e-09
      7790.00   1.5136630e-09
      7800.00   1.5074628e-09
      7810.00   1.5012935e-09
      7820.00   1.4951552e-09
      7830.00   1.4890474e-09
      7840.00   1.4829701e-09
      7850.00   1.4769230e-09
      7860.00   1.4709060e-09
      7870.00   1.4649190e-09
      7880.00   1.4589616e-09
      7890.00   1.4530340e-09
      7900.00   1.4471356e-09
      7910.00   1.4412667e-09
      7920.00   1.4354267e-09
      7930.00   1.4296156e-09
      7940.00   1.4238333e-09
      7950.00   1.4180794e-09
      7960.00   1.4123542e-09
      7970.00   1.4066570e-09
      7980.00   1.4009881e-09
      7990.00   1.3953469e-09
      8000.00   1.3897335e-09
