      1600.00   2.2021031e-08
      1610.00   2.2191906e-08
      1620.00   2.2357750e-08
      1630.00   2.2518584e-08
      1640.00   2.2674419e-08
      1650.00   2.2825277e-08
      1660.00   2.2971180e-08
      1670.00   2.3112159e-08
      1680.00   2.3248238e-08
      1690.00   2.3379453e-08
      1700.00   2.3505839e-08
      1710.00   2.3627434e-08
      1720.00   2.3744276e-08
      1730.00   2.3856407e-08
      1740.00   2.3963870e-08
      1750.00   2.4066715e-08
      1760.00   2.4164985e-08
      1770.00   2.4258733e-08
      1780.00   2.4348008e-08
      1790.00   2.4432863e-08
      1800.00   2.4513350e-08
      1810.00   2.4589529e-08
      1820.00   2.4661447e-08
      1830.00   2.4729170e-08
      1840.00   2.4792751e-08
      1850.00   2.4852249e-08
      1860.00   2.4907724e-08
      1870.00   2.4959239e-08
      1880.00   2.5006850e-08
      1890.00   2.5050620e-08
      1900.00   2.5090611e-08
      1910.00   2.5126884e-08
      1920.00   2.5159500e-08
      1930.00   2.5188523e-08
      1940.00   2.5214018e-08
      1950.00   2.5236043e-08
      1960.00   2.5254664e-08
      1970.00   2.5269940e-08
      1980.00   2.5281937e-08
      1990.00   2.5290717e-08
      2000.00   2.5296338e-08
      2010.00   2.5298867e-08
      2020.00   2.5298363e-08
      2030.00   2.5294887e-08
      2040.00   2.5288504e-08
      2050.00   2.5279271e-08
      2060.00   2.5267248e-08
      2070.00   2.5252496e-08
      2080.00   2.5235079e-08
      2090.00   2.5215047e-08
      2100.00   2.5192464e-08
      2110.00   2.5167388e-08
      2120.00   2.5139875e-08
      2130.00   2.5109983e-08
      2140.00   2.5077766e-08
      2150.00   2.5043283e-08
      2160.00   2.5006587e-08
      2170.00   2.4967729e-08
      2180.00   2.4926770e-08
      2190.00   2.4883757e-08
      2200.00   2.4838746e-08
      2210.00   2.4791787e-08
      2220.00   2.4742931e-08
      2230.00   2.4692230e-08
      2240.00   2.4639730e-08
      2250.00   2.4585485e-08
      2260.00   2.4529540e-08
      2270.00   2.4471940e-08
      2280.00   2.4412739e-08
      2290.00   2.4351975e-08
      2300.00   2.4289700e-08
      2310.00   2.4225955e-08
      2320.00   2.4160785e-08
      2330.00   2.4094234e-08
      2340.00   2.4026342e-08
      2350.00   2.3957152e-08
      2360.00   2.3886707e-08
      2370.00   2.3815046e-08
      2380.00   2.3742208e-08
      2390.00   2.3668231e-08
      2400.00   2.3593157e-08
      2410.00   2.3517018e-08
      2420.00   2.3439856e-08
      2430.00   2.3361706e-08
      2440.00   2.3282601e-08
      2450.00   2.3202579e-08
      2460.00   2.3121676e-08
      2470.00   2.3039917e-08
      2480.00   2.2957339e-08
      2490.00   2.2873979e-08
      2500.00   2.2789864e-08
      2510.00   2.2705025e-08
      2520.00   2.2619496e-08
      2530.00   2.2533299e-08
      2540.00   2.2446470e-08
      2550.00   2.2359037e-08
      2560.00   2.2271024e-08
      2570.00   2.2182460e-08
      2580.00   2.2093373e-08
      2590.00   2.2003787e-08
      2600.00   2.1913731e-08
      2610.00   2.1823226e-08
      2620.00   2.1732299e-08
      2630.00   2.1640971e-08
      2640.00   2.1549268e-08
      2650.00   2.1457212e-08
      2660.00   2.1364827e-08
      2670.00   2.1272132e-08
      2680.00   2.1179150e-08
      2690.00   2.1085902e-08
      2700.00   2.0992404e-08
      2710.00   2.0898682e-08
      2720.00   2.0804754e-08
      2730.00   2.0710635e-08
      2740.00   2.0616347e-08
      2750.00   2.0521906e-08
      2760.00   2.0427334e-08
      2770.00   2.0332641e-08
      2780.00   2.0237848e-08
      2790.00   2.0142973e-08
      2800.00   2.0048026e-08
      2810.00   1.9953027e-08
      2820.00   1.9857992e-08
      2830.00   1.9762931e-08
      2840.00   1.9667862e-08
      2850.00   1.9572797e-08
      2860.00   1.9477753e-08
      2870.00   1.9382738e-08
      2880.00   1.9287766e-08
      2890.00   1.9192853e-08
      2900.00   1.9098006e-08
      2910.00   1.9003244e-08
      2920.00   1.8908572e-08
      2930.00   1.8814003e-08
      2940.00   1.8719548e-08
      2950.00   1.8625218e-08
      2960.00   1.8531022e-08
      2970.00   1.8436973e-08
      2980.00   1.8343077e-08
      2990.00   1.8249345e-08
      3000.00   1.8155786e-08
      3010.00   1.8062408e-08
      3020.00   1.7969221e-08
      3030.00   1.7876231e-08
      3040.00   1.7783450e-08
      3050.00   1.7690882e-08
      3060.00   1.7598537e-08
      3070.00   1.7506420e-08
      3080.00   1.7414538e-08
      3090.00   1.7322900e-08
      3100.00   1.7231513e-08
      3110.00   1.7140379e-08
      3120.00   1.7049511e-08
      3130.00   1.6958908e-08
      3140.00   1.6868581e-08
      3150.00   1.6778531e-08
      3160.00   1.6688769e-08
      3170.00   1.6599293e-08
      3180.00   1.6510115e-08
      3190.00   1.6421235e-08
      3200.00   1.6332660e-08
      3210.00   1.6244393e-08
      3220.00   1.6156441e-08
      3230.00   1.6068804e-08
      3240.00   1.5981488e-08
      3250.00   1.5894498e-08
      3260.00   1.5807837e-08
      3270.00   1.5721506e-08
      3280.00   1.5635512e-08
      3290.00   1.5549855e-08
      3300.00   1.5464541e-08
      3310.00   1.5379570e-08
      3320.00   1.5294945e-08
      3330.00   1.5210672e-08
      3340.00   1.5126751e-08
      3350.00   1.5043183e-08
      3360.00   1.4959973e-08
      3370.00   1.4877121e-08
      3380.00   1.4794630e-08
      3390.00   1.4712503e-08
      3400.00   1.4630741e-08
      3410.00   1.4549345e-08
      3420.00   1.4468317e-08
      3430.00   1.4387658e-08
      3440.00   1.4307370e-08
      3450.00   1.4227453e-08
      3460.00   1.4147912e-08
      3470.00   1.4068744e-08
      3480.00   1.3989951e-08
      3490.00   1.3911534e-08
      3500.00   1.3833496e-08
      3510.00   1.3755834e-08
      3520.00   1.3678552e-08
      3530.00   1.3601649e-08
      3540.00   1.3525125e-08
      3550.00   1.3448981e-08
      3560.00   1.3373219e-08
      3570.00   1.3297837e-08
      3580.00   1.3222836e-08
      3590.00   1.3148216e-08
      3600.00   1.3073978e-08
      3610.00   1.3000123e-08
      3620.00   1.2926648e-08
      3630.00   1.2853552e-08
      3640.00   1.2780839e-08
      3650.00   1.2708508e-08
      3660.00   1.2636556e-08
      3670.00   1.2564985e-08
      3680.00   1.2493795e-08
      3690.00   1.2422984e-08
      3700.00   1.2352552e-08
      3710.00   1.2282499e-08
      3720.00   1.2212824e-08
      3730.00   1.2143527e-08
      3740.00   1.2074607e-08
      3750.00   1.2006064e-08
      3760.00   1.1937895e-08
      3770.00   1.1870102e-08
      3780.00   1.1802682e-08
      3790.00   1.1735635e-08
      3800.00   1.1668962e-08
      3810.00   1.1602660e-08
      3820.00   1.1536728e-08
      3830.00   1.1471166e-08
      3840.00   1.1405972e-08
      3850.00   1.1341146e-08
      3860.00   1.1276686e-08
      3870.00   1.1212593e-08
      3880.00   1.1148864e-08
      3890.00   1.1085498e-08
      3900.00   1.1022494e-08
      3910.00   1.0959851e-08
      3920.00   1.0897568e-08
      3930.00   1.0835643e-08
      3940.00   1.0774075e-08
      3950.00   1.0712864e-08
      3960.00   1.0652008e-08
      3970.00   1.0591505e-08
      3980.00   1.0531354e-08
      3990.00   1.0471554e-08
      4000.00   1.0412103e-08
      4010.00   1.0353001e-08
      4020.00   1.0294245e-08
      4030.00   1.0235835e-08
      4040.00   1.0177768e-08
      4050.00   1.0120044e-08
      4060.00   1.0062660e-08
      4070.00   1.0005617e-08
      4080.00   9.9489119e-09
      4090.00   9.8925430e-09
      4100.00   9.8365100e-09
      4110.00   9.7808105e-09
      4120.00   9.7254425e-09
      4130.00   9.6704059e-09
      4140.00   9.6156976e-09
      4150.00   9.5613185e-09
      4160.00   9.5072646e-09
      4170.00   9.4535349e-09
      4180.00   9.4001284e-09
      4190.00   9.3470431e-09
      4200.00   9.2942782e-09
      4210.00   9.2418327e-09
      4220.00   9.1897020e-09
      4230.00   9.1378879e-09
      4240.00   9.0863861e-09
      4250.00   9.0351973e-09
      4260.00   8.9843192e-09
      4270.00   8.9337490e-09
      4280.00   8.8834869e-09
      4290.00   8.8335305e-09
      4300.00   8.7838781e-09
      4310.00   8.7345282e-09
      4320.00   8.6854793e-09
      4330.00   8.6367291e-09
      4340.00   8.5882769e-09
      4350.00   8.5401213e-09
      4360.00   8.4922601e-09
      4370.00   8.4446919e-09
      4380.00   8.3974146e-09
      4390.00   8.3504275e-09
      4400.00   8.3037281e-09
      4410.00   8.2573163e-09
      4420.00   8.2111881e-09
      4430.00   8.1653438e-09
      4440.00   8.1197812e-09
      4450.00   8.0744994e-09
      4460.00   8.0294957e-09
      4470.00   7.9847691e-09
      4480.00   7.9403177e-09
      4490.00   7.8961405e-09
      4500.00   7.8522357e-09
      4510.00   7.8086011e-09
      4520.00   7.7652368e-09
      4530.00   7.7221388e-09
      4540.00   7.6793073e-09
      4550.00   7.6367406e-09
      4560.00   7.5944368e-09
      4570.00   7.5523937e-09
      4580.00   7.5106109e-09
      4590.00   7.4690864e-09
      4600.00   7.4278188e-09
      4610.00   7.3868067e-09
      4620.00   7.3460476e-09
      4630.00   7.3055407e-09
      4640.00   7.2652852e-09
      4650.00   7.2252786e-09
      4660.00   7.1855198e-09
      4670.00   7.1460064e-09
      4680.00   7.1067383e-09
      4690.00   7.0677135e-09
      4700.00   7.0289297e-09
      4710.00   6.9903869e-09
      4720.00   6.9520822e-09
      4730.00   6.9140148e-09
      4740.00   6.8761840e-09
      4750.00   6.8385867e-09
      4760.00   6.8012229e-09
      4770.00   6.7640904e-09
      4780.00   6.7271876e-09
      4790.00   6.6905139e-09
      4800.00   6.6540671e-09
      4810.00   6.6178458e-09
      4820.00   6.5818487e-09
      4830.00   6.5460750e-09
      4840.00   6.5105227e-09
      4850.00   6.4751906e-09
      4860.00   6.4400773e-09
      4870.00   6.4051815e-09
      4880.00   6.3705013e-09
      4890.00   6.3360360e-09
      4900.00   6.3017840e-09
      4910.00   6.2677438e-09
      4920.00   6.2339150e-09
      4930.00   6.2002940e-09
      4940.00   6.1668819e-09
      4950.00   6.1336759e-09
      4960.00   6.1006749e-09
      4970.00   6.0678783e-09
      4980.00   6.0352844e-09
      4990.00   6.0028917e-09
      5000.00   5.9706991e-09
      5010.00   5.9387054e-09
      5020.00   5.9069088e-09
      5030.00   5.8753085e-09
      5040.00   5.8439037e-09
      5050.00   5.8126918e-09
      5060.00   5.7816724e-09
      5070.00   5.7508450e-09
      5080.00   5.7202066e-09
      5090.00   5.6897574e-09
      5100.00   5.6594959e-09
      5110.00   5.6294204e-09
      5120.00   5.5995298e-09
      5130.00   5.5698229e-09
      5140.00   5.5402992e-09
      5150.00   5.5109567e-09
      5160.00   5.4817947e-09
      5170.00   5.4528118e-09
      5180.00   5.4240065e-09
      5190.00   5.3953786e-09
      5200.00   5.3669260e-09
      5210.00   5.3386479e-09
      5220.00   5.3105431e-09
      5230.00   5.2826106e-09
      5240.00   5.2548494e-09
      5250.00   5.2272578e-09
      5260.00   5.1998349e-09
      5270.00   5.1725798e-09
      5280.00   5.1454917e-09
      5290.00   5.1185691e-09
      5300.00   5.0918107e-09
      5310.00   5.0652160e-09
      5320.00   5.0387835e-09
      5330.00   5.0125120e-09
      5340.00   4.9864009e-09
      5350.00   4.9604490e-09
      5360.00   4.9346552e-09
      5370.00   4.9090182e-09
      5380.00   4.8835375e-09
      5390.00   4.8582114e-09
      5400.00   4.8330391e-09
      5410.00   4.8080202e-09
      5420.00   4.7831530e-09
      5430.00   4.7584369e-09
      5440.00   4.7338709e-09
      5450.00   4.7094537e-09
      5460.00   4.6851838e-09
      5470.00   4.6610616e-09
      5480.00   4.6370851e-09
      5490.00   4.6132539e-09
      5500.00   4.5895663e-09
      5510.00   4.5660225e-09
      5520.00   4.5426207e-09
      5530.00   4.5193600e-09
      5540.00   4.4962393e-09
      5550.00   4.4732588e-09
      5560.00   4.4504157e-09
      5570.00   4.4277108e-09
      5580.00   4.4051428e-09
      5590.00   4.3827101e-09
      5600.00   4.3604121e-09
      5610.00   4.3382483e-09
      5620.00   4.3162174e-09
      5630.00   4.2943189e-09
      5640.00   4.2725519e-09
      5650.00   4.2509147e-09
      5660.00   4.2294076e-09
      5670.00   4.2080290e-09
      5680.00   4.1867784e-09
      5690.00   4.1656547e-09
      5700.00   4.1446572e-09
      5710.00   4.1237849e-09
      5720.00   4.1030377e-09
      5730.00   4.0824134e-09
      5740.00   4.0619128e-09
      5750.00   4.0415336e-09
      5760.00   4.0212758e-09
      5770.00   4.0011386e-09
      5780.00   3.9811210e-09
      5790.00   3.9612221e-09
      5800.00   3.9414414e-09
      5810.00   3.9217785e-09
      5820.00   3.9022317e-09
      5830.00   3.8828007e-09
      5840.00   3.8634847e-09
      5850.00   3.8442828e-09
      5860.00   3.8251944e-09
      5870.00   3.8062189e-09
      5880.00   3.7873553e-09
      5890.00   3.7686031e-09
      5900.00   3.7499613e-09
      5910.00   3.7314293e-09
      5920.00   3.7130061e-09
      5930.00   3.6946917e-09
      5940.00   3.6764849e-09
      5950.00   3.6583848e-09
      5960.00   3.6403911e-09
      5970.00   3.6225027e-09
      5980.00   3.6047194e-09
      5990.00   3.5870403e-09
      6000.00   3.5694646e-09
      6010.00   3.5519913e-09
      6020.00   3.5346204e-09
      6030.00   3.5173511e-09
      6040.00   3.5001824e-09
      6050.00   3.4831138e-09
      6060.00   3.4661445e-09
      6070.00   3.4492742e-09
      6080.00   3.4325022e-09
      6090.00   3.4158276e-09
      6100.00   3.3992498e-09
      6110.00   3.3827680e-09
      6120.00   3.3663824e-09
      6130.00   3.3500913e-09
      6140.00   3.3338948e-09
      6150.00   3.3177918e-09
      6160.00   3.3017820e-09
      6170.00   3.2858648e-09
      6180.00   3.2700395e-09
      6190.00   3.2543054e-09
      6200.00   3.2386623e-09
      6210.00   3.2231091e-09
      6220.00   3.2076454e-09
      6230.00   3.1922709e-09
      6240.00   3.1769848e-09
      6250.00   3.1617860e-09
      6260.00   3.1466749e-09
      6270.00   3.1316506e-09
      6280.00   3.1167121e-09
      6290.00   3.1018590e-09
      6300.00   3.0870911e-09
      6310.00   3.0724076e-09
      6320.00   3.0578083e-09
      6330.00   3.0432918e-09
      6340.00   3.0288581e-09
      6350.00   3.0145073e-09
      6360.00   3.0002377e-09
      6370.00   2.9860494e-09
      6380.00   2.9719418e-09
      6390.00   2.9579144e-09
      6400.00   2.9439666e-09
      6410.00   2.9300978e-09
      6420.00   2.9163077e-09
      6430.00   2.9025957e-09
      6440.00   2.8889616e-09
      6450.00   2.8754042e-09
      6460.00   2.8619234e-09
      6470.00   2.8485188e-09
      6480.00   2.8351898e-09
      6490.00   2.8219361e-09
      6500.00   2.8087569e-09
      6510.00   2.7956520e-09
      6520.00   2.7826208e-09
      6530.00   2.7696625e-09
      6540.00   2.7567771e-09
      6550.00   2.7439643e-09
      6560.00   2.7312230e-09
      6570.00   2.7185529e-09
      6580.00   2.7059540e-09
      6590.00   2.6934256e-09
      6600.00   2.6809670e-09
      6610.00   2.6685780e-09
      6620.00   2.6562582e-09
      6630.00   2.6440067e-09
      6640.00   2.6318237e-09
      6650.00   2.6197087e-09
      6660.00   2.6076607e-09
      6670.00   2.5956797e-09
      6680.00   2.5837655e-09
      6690.00   2.5719169e-09
      6700.00   2.5601343e-09
      6710.00   2.5484167e-09
      6720.00   2.5367641e-09
      6730.00   2.5251758e-09
      6740.00   2.5136517e-09
      6750.00   2.5021910e-09
      6760.00   2.4907936e-09
      6770.00   2.4794591e-09
      6780.00   2.4681868e-09
      6790.00   2.4569766e-09
      6800.00   2.4458279e-09
      6810.00   2.4347407e-09
      6820.00   2.4237141e-09
      6830.00   2.4127480e-09
      6840.00   2.4018420e-09
      6850.00   2.3909956e-09
      6860.00   2.3802087e-09
      6870.00   2.3694805e-09
      6880.00   2.3588111e-09
      6890.00   2.3481998e-09
      6900.00   2.3376461e-09
      6910.00   2.3271502e-09
      6920.00   2.3167116e-09
      6930.00   2.3063293e-09
      6940.00   2.2960037e-09
      6950.00   2.2857340e-09
      6960.00   2.2755199e-09
      6970.00   2.2653613e-09
      6980.00   2.2552577e-09
      6990.00   2.2452089e-09
      7000.00   2.2352142e-09
      7010.00   2.2252734e-09
      7020.00   2.2153864e-09
      7030.00   2.2055528e-09
      7040.00   2.1957720e-09
      7050.00   2.1860440e-09
      7060.00   2.1763683e-09
      7070.00   2.1667445e-09
      7080.00   2.1571723e-09
      7090.00   2.1476515e-09
      7100.00   2.1381818e-09
      7110.00   2.1287628e-09
      7120.00   2.1193943e-09
      7130.00   2.1100759e-09
      7140.00   2.1008070e-09
      7150.00   2.0915879e-09
      7160.00   2.0824177e-09
      7170.00   2.0732964e-09
      7180.00   2.0642238e-09
      7190.00   2.0551995e-09
      7200.00   2.0462230e-09
      7210.00   2.0372942e-09
      7220.00   2.0284131e-09
      7230.00   2.0195786e-09
      7240.00   2.0107913e-09
      7250.00   2.0020501e-09
      7260.00   1.9933553e-09
      7270.00   1.9847067e-09
      7280.00   1.9761033e-09
      7290.00   1.9675456e-09
      7300.00   1.9590330e-09
      7310.00   1.9505652e-09
      7320.00   1.9421418e-09
      7330.00   1.9337629e-09
      7340.00   1.9254278e-09
      7350.00   1.9171365e-09
      7360.00   1.9088888e-09
      7370.00   1.9006844e-09
      7380.00   1.8925226e-09
      7390.00   1.8844038e-09
      7400.00   1.8763272e-09
      7410.00   1.8682929e-09
      7420.00   1.8603005e-09
      7430.00   1.8523497e-09
      7440.00   1.8444403e-09
      7450.00   1.8365722e-09
      7460.00   1.8287450e-09
      7470.00   1.8209584e-09
      7480.00   1.8132122e-09
      7490.00   1.8055061e-09
      7500.00   1.7978402e-09
      7510.00   1.7902137e-09
      7520.00   1.7826268e-09
      7530.00   1.7750790e-09
      7540.00   1.7675704e-09
      7550.00   1.7601003e-09
      7560.00   1.7526688e-09
      7570.00   1.7452757e-09
      7580.00   1.7379203e-09
      7590.00   1.7306031e-09
      7600.00   1.7233234e-09
      7610.00   1.7160810e-09
      7620.00   1.7088758e-09
      7630.00   1.7017074e-09
      7640.00   1.6945759e-09
      7650.00   1.6874808e-09
      7660.00   1.6804220e-09
      7670.00   1.6733992e-09
      7680.00   1.6664122e-09
      7690.00   1.6594609e-09
      7700.00   1.6525450e-09
      7710.00   1.6456643e-09
      7720.00   1.6388185e-09
      7730.00   1.6320077e-09
      7740.00   1.6252314e-09
      7750.00   1.6184894e-09
      7760.00   1.6117817e-09
      7770.00   1.6051079e-09
      7780.00   1.5984678e-09
      7790.00   1.5918613e-09
      7800.00   1.5852882e-09
      7810.00   1.5787482e-09
      7820.00   1.5722414e-09
      7830.00   1.5657672e-09
      7840.00   1.5593257e-09
      7850.00   1.5529165e-09
      7860.00   1.5465395e-09
      7870.00   1.5401946e-09
      7880.00   1.5338815e-09
      7890.00   1.5276001e-09
      7900.00   1.5213501e-09
      7910.00   1.5151315e-09
      7920.00   1.5089438e-09
      7930.00   1.5027871e-09
      7940.00   1.4966612e-09
      7950.00   1.4905657e-09
      7960.00   1.4845009e-09
      7970.00   1.4784660e-09
      7980.00   1.4724612e-09
      7990.00   1.4664863e-09
      8000.00   1.4605410e-09
