      1600.00   2.3992861e-08
      1610.00   2.4166325e-08
      1620.00   2.4334286e-08
      1630.00   2.4496777e-08
      1640.00   2.4653817e-08
      1650.00   2.4805441e-08
      1660.00   2.4951679e-08
      1670.00   2.5092575e-08
      1680.00   2.5228161e-08
      1690.00   2.5358483e-08
      1700.00   2.5483588e-08
      1710.00   2.5603524e-08
      1720.00   2.5718338e-08
      1730.00   2.5828084e-08
      1740.00   2.5932812e-08
      1750.00   2.6032584e-08
      1760.00   2.6127453e-08
      1770.00   2.6217481e-08
      1780.00   2.6302727e-08
      1790.00   2.6383254e-08
      1800.00   2.6459122e-08
      1810.00   2.6530402e-08
      1820.00   2.6597148e-08
      1830.00   2.6659436e-08
      1840.00   2.6717329e-08
      1850.00   2.6770894e-08
      1860.00   2.6820199e-08
      1870.00   2.6865316e-08
      1880.00   2.6906309e-08
      1890.00   2.6943250e-08
      1900.00   2.6976208e-08
      1910.00   2.7005252e-08
      1920.00   2.7030451e-08
      1930.00   2.7051876e-08
      1940.00   2.7069600e-08
      1950.00   2.7083688e-08
      1960.00   2.7094214e-08
      1970.00   2.7101242e-08
      1980.00   2.7104846e-08
      1990.00   2.7105095e-08
      2000.00   2.7102053e-08
      2010.00   2.7095793e-08
      2020.00   2.7086381e-08
      2030.00   2.7073884e-08
      2040.00   2.7058371e-08
      2050.00   2.7039907e-08
      2060.00   2.7018558e-08
      2070.00   2.6994388e-08
      2080.00   2.6967468e-08
      2090.00   2.6937853e-08
      2100.00   2.6905611e-08
      2110.00   2.6870806e-08
      2120.00   2.6833498e-08
      2130.00   2.6793752e-08
      2140.00   2.6751624e-08
      2150.00   2.6707177e-08
      2160.00   2.6660470e-08
      2170.00   2.6611558e-08
      2180.00   2.6560505e-08
      2190.00   2.6507363e-08
      2200.00   2.6452190e-08
      2210.00   2.6395042e-08
      2220.00   2.6335972e-08
      2230.00   2.6275036e-08
      2240.00   2.6212284e-08
      2250.00   2.6147771e-08
      2260.00   2.6081548e-08
      2270.00   2.6013661e-08
      2280.00   2.5944167e-08
      2290.00   2.5873109e-08
      2300.00   2.5800539e-08
      2310.00   2.5726503e-08
      2320.00   2.5651046e-08
      2330.00   2.5574217e-08
      2340.00   2.5496057e-08
      2350.00   2.5416612e-08
      2360.00   2.5335926e-08
      2370.00   2.5254042e-08
      2380.00   2.5170999e-08
      2390.00   2.5086839e-08
      2400.00   2.5001604e-08
      2410.00   2.4915329e-08
      2420.00   2.4828058e-08
      2430.00   2.4739827e-08
      2440.00   2.4650672e-08
      2450.00   2.4560630e-08
      2460.00   2.4469740e-08
      2470.00   2.4378029e-08
      2480.00   2.4285535e-08
      2490.00   2.4192296e-08
      2500.00   2.4098339e-08
      2510.00   2.4003700e-08
      2520.00   2.3908409e-08
      2530.00   2.3812494e-08
      2540.00   2.3715990e-08
      2550.00   2.3618925e-08
      2560.00   2.3521325e-08
      2570.00   2.3423220e-08
      2580.00   2.3324638e-08
      2590.00   2.3225605e-08
      2600.00   2.3126151e-08
      2610.00   2.3026296e-08
      2620.00   2.2926069e-08
      2630.00   2.2825492e-08
      2640.00   2.2724590e-08
      2650.00   2.2623387e-08
      2660.00   2.2521907e-08
      2670.00   2.2420169e-08
      2680.00   2.2318198e-08
      2690.00   2.2216013e-08
      2700.00   2.2113634e-08
      2710.00   2.2011084e-08
      2720.00   2.1908383e-08
      2730.00   2.1805546e-08
      2740.00   2.1702595e-08
      2750.00   2.1599548e-08
      2760.00   2.1496424e-08
      2770.00   2.1393236e-08
      2780.00   2.1290004e-08
      2790.00   2.1186746e-08
      2800.00   2.1083473e-08
      2810.00   2.0980205e-08
      2820.00   2.0876957e-08
      2830.00   2.0773740e-08
      2840.00   2.0670573e-08
      2850.00   2.0567466e-08
      2860.00   2.0464436e-08
      2870.00   2.0361494e-08
      2880.00   2.0258651e-08
      2890.00   2.0155924e-08
      2900.00   2.0053321e-08
      2910.00   1.9950860e-08
      2920.00   1.9848545e-08
      2930.00   1.9746389e-08
      2940.00   1.9644405e-08
      2950.00   1.9542603e-08
      2960.00   1.9440990e-08
      2970.00   1.9339581e-08
      2980.00   1.9238381e-08
      2990.00   1.9137401e-08
      3000.00   1.9036651e-08
      3010.00   1.8936136e-08
      3020.00   1.8835870e-08
      3030.00   1.8735855e-08
      3040.00   1.8636103e-08
      3050.00   1.8536621e-08
      3060.00   1.8437415e-08
      3070.00   1.8338492e-08
      3080.00   1.8239860e-08
      3090.00   1.8141524e-08
      3100.00   1.8043493e-08
      3110.00   1.7945770e-08
      3120.00   1.7848365e-08
      3130.00   1.7751278e-08
      3140.00   1.7654520e-08
      3150.00   1.7558093e-08
      3160.00   1.7462005e-08
      3170.00   1.7366254e-08
      3180.00   1.7270854e-08
      3190.00   1.7175803e-08
      3200.00   1.7081108e-08
      3210.00   1.6986772e-08
      3220.00   1.6892801e-08
      3230.00   1.6799195e-08
      3240.00   1.6705961e-08
      3250.00   1.6613102e-08
      3260.00   1.6520622e-08
      3270.00   1.6428520e-08
      3280.00   1.6336804e-08
      3290.00   1.6245473e-08
      3300.00   1.6154533e-08
      3310.00   1.6063984e-08
      3320.00   1.5973829e-08
      3330.00   1.5884071e-08
      3340.00   1.5794713e-08
      3350.00   1.5705755e-08
      3360.00   1.5617200e-08
      3370.00   1.5529050e-08
      3380.00   1.5441305e-08
      3390.00   1.5353970e-08
      3400.00   1.5267044e-08
      3410.00   1.5180529e-08
      3420.00   1.5094426e-08
      3430.00   1.5008736e-08
      3440.00   1.4923460e-08
      3450.00   1.4838598e-08
      3460.00   1.4754155e-08
      3470.00   1.4670127e-08
      3480.00   1.4586516e-08
      3490.00   1.4503324e-08
      3500.00   1.4420552e-08
      3510.00   1.4338196e-08
      3520.00   1.4256262e-08
      3530.00   1.4174748e-08
      3540.00   1.4093652e-08
      3550.00   1.4012976e-08
      3560.00   1.3932722e-08
      3570.00   1.3852886e-08
      3580.00   1.3773472e-08
      3590.00   1.3694476e-08
      3600.00   1.3615900e-08
      3610.00   1.3537745e-08
      3620.00   1.3460008e-08
      3630.00   1.3382688e-08
      3640.00   1.3305787e-08
      3650.00   1.3229305e-08
      3660.00   1.3153239e-08
      3670.00   1.3077589e-08
      3680.00   1.3002356e-08
      3690.00   1.2927537e-08
      3700.00   1.2853133e-08
      3710.00   1.2779143e-08
      3720.00   1.2705564e-08
      3730.00   1.2632399e-08
      3740.00   1.2559644e-08
      3750.00   1.2487299e-08
      3760.00   1.2415362e-08
      3770.00   1.2343835e-08
      3780.00   1.2272713e-08
      3790.00   1.2201996e-08
      3800.00   1.2131686e-08
      3810.00   1.2061779e-08
      3820.00   1.1992273e-08
      3830.00   1.1923169e-08
      3840.00   1.1854463e-08
      3850.00   1.1786157e-08
      3860.00   1.1718247e-08
      3870.00   1.1650734e-08
      3880.00   1.1583615e-08
      3890.00   1.1516889e-08
      3900.00   1.1450554e-08
      3910.00   1.1384610e-08
      3920.00   1.1319054e-08
      3930.00   1.1253885e-08
      3940.00   1.1189102e-08
      3950.00   1.1124703e-08
      3960.00   1.1060688e-08
      3970.00   1.0997052e-08
      3980.00   1.0933798e-08
      3990.00   1.0870920e-08
      4000.00   1.0808419e-08
      4010.00   1.0746292e-08
      4020.00   1.0684539e-08
      4030.00   1.0623158e-08
      4040.00   1.0562145e-08
      4050.00   1.0501502e-08
      4060.00   1.0441224e-08
      4070.00   1.0381312e-08
      4080.00   1.0321762e-08
      4090.00   1.0262574e-08
      4100.00   1.0203746e-08
      4110.00   1.0145276e-08
      4120.00   1.0087161e-08
      4130.00   1.0029402e-08
      4140.00   9.9719946e-09
      4150.00   9.9149400e-09
      4160.00   9.8582337e-09
      4170.00   9.8018745e-09
      4180.00   9.7458613e-09
      4190.00   9.6901919e-09
      4200.00   9.6348652e-09
      4210.00   9.5798801e-09
      4220.00   9.5252316e-09
      4230.00   9.4709216e-09
      4240.00   9.4169452e-09
      4250.00   9.3633034e-09
      4260.00   9.3099932e-09
      4270.00   9.2570119e-09
      4280.00   9.2043595e-09
      4290.00   9.1520333e-09
      4300.00   9.1000315e-09
      4310.00   9.0483523e-09
      4320.00   8.9969941e-09
      4330.00   8.9459544e-09
      4340.00   8.8952323e-09
      4350.00   8.8448262e-09
      4360.00   8.7947337e-09
      4370.00   8.7449534e-09
      4380.00   8.6954828e-09
      4390.00   8.6463212e-09
      4400.00   8.5974657e-09
      4410.00   8.5489163e-09
      4420.00   8.5006686e-09
      4430.00   8.4527228e-09
      4440.00   8.4050767e-09
      4450.00   8.3577289e-09
      4460.00   8.3106769e-09
      4470.00   8.2639192e-09
      4480.00   8.2174540e-09
      4490.00   8.1712800e-09
      4500.00   8.1253953e-09
      4510.00   8.0797975e-09
      4520.00   8.0344866e-09
      4530.00   7.9894584e-09
      4540.00   7.9447130e-09
      4550.00   7.9002485e-09
      4560.00   7.8560628e-09
      4570.00   7.8121536e-09
      4580.00   7.7685205e-09
      4590.00   7.7251612e-09
      4600.00   7.6820741e-09
      4610.00   7.6392577e-09
      4620.00   7.5967095e-09
      4630.00   7.5544284e-09
      4640.00   7.5124134e-09
      4650.00   7.4706621e-09
      4660.00   7.4291731e-09
      4670.00   7.3879440e-09
      4680.00   7.3469743e-09
      4690.00   7.3062622e-09
      4700.00   7.2658050e-09
      4710.00   7.2256027e-09
      4720.00   7.1856522e-09
      4730.00   7.1459528e-09
      4740.00   7.1065034e-09
      4750.00   7.0673008e-09
      4760.00   7.0283450e-09
      4770.00   6.9896336e-09
      4780.00   6.9511650e-09
      4790.00   6.9129383e-09
      4800.00   6.8749513e-09
      4810.00   6.8372024e-09
      4820.00   6.7996903e-09
      4830.00   6.7624140e-09
      4840.00   6.7253714e-09
      4850.00   6.6885612e-09
      4860.00   6.6519818e-09
      4870.00   6.6156319e-09
      4880.00   6.5795095e-09
      4890.00   6.5436138e-09
      4900.00   6.5079429e-09
      4910.00   6.4724955e-09
      4920.00   6.4372708e-09
      4930.00   6.4022652e-09
      4940.00   6.3674799e-09
      4950.00   6.3329117e-09
      4960.00   6.2985594e-09
      4970.00   6.2644226e-09
      4980.00   6.2304993e-09
      4990.00   6.1967878e-09
      5000.00   6.1632871e-09
      5010.00   6.1299959e-09
      5020.00   6.0969120e-09
      5030.00   6.0640349e-09
      5040.00   6.0313635e-09
      5050.00   5.9988952e-09
      5060.00   5.9666294e-09
      5070.00   5.9345655e-09
      5080.00   5.9027007e-09
      5090.00   5.8710347e-09
      5100.00   5.8395661e-09
      5110.00   5.8082931e-09
      5120.00   5.7772145e-09
      5130.00   5.7463291e-09
      5140.00   5.7156363e-09
      5150.00   5.6851338e-09
      5160.00   5.6548212e-09
      5170.00   5.6246966e-09
      5180.00   5.5947588e-09
      5190.00   5.5650072e-09
      5200.00   5.5354398e-09
      5210.00   5.5060556e-09
      5220.00   5.4768535e-09
      5230.00   5.4478323e-09
      5240.00   5.4189909e-09
      5250.00   5.3903276e-09
      5260.00   5.3618414e-09
      5270.00   5.3335313e-09
      5280.00   5.3053964e-09
      5290.00   5.2774352e-09
      5300.00   5.2496463e-09
      5310.00   5.2220292e-09
      5320.00   5.1945821e-09
      5330.00   5.1673040e-09
      5340.00   5.1401942e-09
      5350.00   5.1132511e-09
      5360.00   5.0864739e-09
      5370.00   5.0598611e-09
      5380.00   5.0334121e-09
      5390.00   5.0071253e-09
      5400.00   4.9809996e-09
      5410.00   4.9550347e-09
      5420.00   4.9292287e-09
      5430.00   4.9035810e-09
      5440.00   4.8780906e-09
      5450.00   4.8527560e-09
      5460.00   4.8275759e-09
      5470.00   4.8025503e-09
      5480.00   4.7776773e-09
      5490.00   4.7529566e-09
      5500.00   4.7283862e-09
      5510.00   4.7039663e-09
      5520.00   4.6796950e-09
      5530.00   4.6555715e-09
      5540.00   4.6315945e-09
      5550.00   4.6077642e-09
      5560.00   4.5840777e-09
      5570.00   4.5605358e-09
      5580.00   4.5371371e-09
      5590.00   4.5138801e-09
      5600.00   4.4907638e-09
      5610.00   4.4677881e-09
      5620.00   4.4449512e-09
      5630.00   4.4222528e-09
      5640.00   4.3996919e-09
      5650.00   4.3772668e-09
      5660.00   4.3549776e-09
      5670.00   4.3328229e-09
      5680.00   4.3108019e-09
      5690.00   4.2889135e-09
      5700.00   4.2671571e-09
      5710.00   4.2455315e-09
      5720.00   4.2240366e-09
      5730.00   4.2026701e-09
      5740.00   4.1814329e-09
      5750.00   4.1603224e-09
      5760.00   4.1393389e-09
      5770.00   4.1184813e-09
      5780.00   4.0977486e-09
      5790.00   4.0771398e-09
      5800.00   4.0566545e-09
      5810.00   4.0362922e-09
      5820.00   4.0160511e-09
      5830.00   3.9959309e-09
      5840.00   3.9759308e-09
      5850.00   3.9560497e-09
      5860.00   3.9362873e-09
      5870.00   3.9166425e-09
      5880.00   3.8971145e-09
      5890.00   3.8777028e-09
      5900.00   3.8584063e-09
      5910.00   3.8392243e-09
      5920.00   3.8201559e-09
      5930.00   3.8012010e-09
      5940.00   3.7823583e-09
      5950.00   3.7636269e-09
      5960.00   3.7450065e-09
      5970.00   3.7264958e-09
      5980.00   3.7080948e-09
      5990.00   3.6898024e-09
      6000.00   3.6716179e-09
      6010.00   3.6535401e-09
      6020.00   3.6355690e-09
      6030.00   3.6177039e-09
      6040.00   3.5999437e-09
      6050.00   3.5822877e-09
      6060.00   3.5647353e-09
      6070.00   3.5472860e-09
      6080.00   3.5299391e-09
      6090.00   3.5126938e-09
      6100.00   3.4955493e-09
      6110.00   3.4785048e-09
      6120.00   3.4615605e-09
      6130.00   3.4447147e-09
      6140.00   3.4279674e-09
      6150.00   3.4113175e-09
      6160.00   3.3947647e-09
      6170.00   3.3783084e-09
      6180.00   3.3619476e-09
      6190.00   3.3456819e-09
      6200.00   3.3295109e-09
      6210.00   3.3134335e-09
      6220.00   3.2974493e-09
      6230.00   3.2815580e-09
      6240.00   3.2657586e-09
      6250.00   3.2500502e-09
      6260.00   3.2344330e-09
      6270.00   3.2189061e-09
      6280.00   3.2034686e-09
      6290.00   3.1881199e-09
      6300.00   3.1728599e-09
      6310.00   3.1576877e-09
      6320.00   3.1426031e-09
      6330.00   3.1276045e-09
      6340.00   3.1126923e-09
      6350.00   3.0978661e-09
      6360.00   3.0831245e-09
      6370.00   3.0684674e-09
      6380.00   3.0538942e-09
      6390.00   3.0394045e-09
      6400.00   3.0249975e-09
      6410.00   3.0106727e-09
      6420.00   2.9964296e-09
      6430.00   2.9822679e-09
      6440.00   2.9681870e-09
      6450.00   2.9541860e-09
      6460.00   2.9402646e-09
      6470.00   2.9264224e-09
      6480.00   2.9126587e-09
      6490.00   2.8989733e-09
      6500.00   2.8853654e-09
      6510.00   2.8718346e-09
      6520.00   2.8583804e-09
      6530.00   2.8450020e-09
      6540.00   2.8316994e-09
      6550.00   2.8184721e-09
      6560.00   2.8053191e-09
      6570.00   2.7922402e-09
      6580.00   2.7792352e-09
      6590.00   2.7663034e-09
      6600.00   2.7534441e-09
      6610.00   2.7406571e-09
      6620.00   2.7279420e-09
      6630.00   2.7152979e-09
      6640.00   2.7027248e-09
      6650.00   2.6902223e-09
      6660.00   2.6777895e-09
      6670.00   2.6654263e-09
      6680.00   2.6531322e-09
      6690.00   2.6409064e-09
      6700.00   2.6287491e-09
      6710.00   2.6166593e-09
      6720.00   2.6046370e-09
      6730.00   2.5926813e-09
      6740.00   2.5807923e-09
      6750.00   2.5689691e-09
      6760.00   2.5572116e-09
      6770.00   2.5455195e-09
      6780.00   2.5338917e-09
      6790.00   2.5223286e-09
      6800.00   2.5108292e-09
      6810.00   2.4993935e-09
      6820.00   2.4880209e-09
      6830.00   2.4767109e-09
      6840.00   2.4654632e-09
      6850.00   2.4542775e-09
      6860.00   2.4431534e-09
      6870.00   2.4320903e-09
      6880.00   2.4210881e-09
      6890.00   2.4101461e-09
      6900.00   2.3992640e-09
      6910.00   2.3884417e-09
      6920.00   2.3776789e-09
      6930.00   2.3669745e-09
      6940.00   2.3563289e-09
      6950.00   2.3457412e-09
      6960.00   2.3352111e-09
      6970.00   2.3247386e-09
      6980.00   2.3143232e-09
      6990.00   2.3039645e-09
      7000.00   2.2936619e-09
      7010.00   2.2834152e-09
      7020.00   2.2732242e-09
      7030.00   2.2630887e-09
      7040.00   2.2530077e-09
      7050.00   2.2429816e-09
      7060.00   2.2330096e-09
      7070.00   2.2230915e-09
      7080.00   2.2132268e-09
      7090.00   2.2034154e-09
      7100.00   2.1936568e-09
      7110.00   2.1839509e-09
      7120.00   2.1742973e-09
      7130.00   2.1646956e-09
      7140.00   2.1551451e-09
      7150.00   2.1456462e-09
      7160.00   2.1361981e-09
      7170.00   2.1268005e-09
      7180.00   2.1174533e-09
      7190.00   2.1081563e-09
      7200.00   2.0989087e-09
      7210.00   2.0897106e-09
      7220.00   2.0805618e-09
      7230.00   2.0714613e-09
      7240.00   2.0624097e-09
      7250.00   2.0534058e-09
      7260.00   2.0444499e-09
      7270.00   2.0355419e-09
      7280.00   2.0266807e-09
      7290.00   2.0178668e-09
      7300.00   2.0090996e-09
      7310.00   2.0003788e-09
      7320.00   1.9917039e-09
      7330.00   1.9830750e-09
      7340.00   1.9744916e-09
      7350.00   1.9659535e-09
      7360.00   1.9574605e-09
      7370.00   1.9490123e-09
      7380.00   1.9406082e-09
      7390.00   1.9322485e-09
      7400.00   1.9239326e-09
      7410.00   1.9156605e-09
      7420.00   1.9074317e-09
      7430.00   1.8992460e-09
      7440.00   1.8911031e-09
      7450.00   1.8830029e-09
      7460.00   1.8749450e-09
      7470.00   1.8669291e-09
      7480.00   1.8589551e-09
      7490.00   1.8510226e-09
      7500.00   1.8431315e-09
      7510.00   1.8352813e-09
      7520.00   1.8274720e-09
      7530.00   1.8197032e-09
      7540.00   1.8119749e-09
      7550.00   1.8042865e-09
      7560.00   1.7966379e-09
      7570.00   1.7890290e-09
      7580.00   1.7814592e-09
      7590.00   1.7739289e-09
      7600.00   1.7664373e-09
      7610.00   1.7589843e-09
      7620.00   1.7515699e-09
      7630.00   1.7441933e-09
      7640.00   1.7368551e-09
      7650.00   1.7295543e-09
      7660.00   1.7222912e-09
      7670.00   1.7150652e-09
      7680.00   1.7078763e-09
      7690.00   1.7007243e-09
      7700.00   1.6936089e-09
      7710.00   1.6865298e-09
      7720.00   1.6794869e-09
      7730.00   1.6724801e-09
      7740.00   1.6655089e-09
      7750.00   1.6585732e-09
      7760.00   1.6516729e-09
      7770.00   1.6448077e-09
      7780.00   1.6379774e-09
      7790.00   1.6311817e-09
      7800.00   1.6244206e-09
      7810.00   1.6176937e-09
      7820.00   1.6110010e-09
      7830.00   1.6043421e-09
      7840.00   1.5977169e-09
      7850.00   1.5911251e-09
      7860.00   1.5845666e-09
      7870.00   1.5780413e-09
      7880.00   1.5715487e-09
      7890.00   1.5650890e-09
      7900.00   1.5586616e-09
      7910.00   1.5522667e-09
      7920.00   1.5459039e-09
      7930.00   1.5395729e-09
      7940.00   1.5332737e-09
      7950.00   1.5270060e-09
      7960.00   1.5207699e-09
      7970.00   1.5145648e-09
      7980.00   1.5083908e-09
      7990.00   1.5022475e-09
      8000.00   1.4961349e-09
