      1600.00   2.6081123e-08
      1610.00   2.6256257e-08
      1620.00   2.6425401e-08
      1630.00   2.6588600e-08
      1640.00   2.6745884e-08
      1650.00   2.6897299e-08
      1660.00   2.7042887e-08
      1670.00   2.7182703e-08
      1680.00   2.7316790e-08
      1690.00   2.7445206e-08
      1700.00   2.7568009e-08
      1710.00   2.7685257e-08
      1720.00   2.7797010e-08
      1730.00   2.7903331e-08
      1740.00   2.8004281e-08
      1750.00   2.8099934e-08
      1760.00   2.8190352e-08
      1770.00   2.8275609e-08
      1780.00   2.8355773e-08
      1790.00   2.8430917e-08
      1800.00   2.8501112e-08
      1810.00   2.8566438e-08
      1820.00   2.8626959e-08
      1830.00   2.8682762e-08
      1840.00   2.8733917e-08
      1850.00   2.8780500e-08
      1860.00   2.8822591e-08
      1870.00   2.8860268e-08
      1880.00   2.8893605e-08
      1890.00   2.8922683e-08
      1900.00   2.8947578e-08
      1910.00   2.8968368e-08
      1920.00   2.8985131e-08
      1930.00   2.8997944e-08
      1940.00   2.9006890e-08
      1950.00   2.9012039e-08
      1960.00   2.9013473e-08
      1970.00   2.9011263e-08
      1980.00   2.9005493e-08
      1990.00   2.8996235e-08
      2000.00   2.8983562e-08
      2010.00   2.8967551e-08
      2020.00   2.8948278e-08
      2030.00   2.8925813e-08
      2040.00   2.8900233e-08
      2050.00   2.8871609e-08
      2060.00   2.8840010e-08
      2070.00   2.8805509e-08
      2080.00   2.8768181e-08
      2090.00   2.8728085e-08
      2100.00   2.8685296e-08
      2110.00   2.8639884e-08
      2120.00   2.8591910e-08
      2130.00   2.8541447e-08
      2140.00   2.8488554e-08
      2150.00   2.8433299e-08
      2160.00   2.8375746e-08
      2170.00   2.8315952e-08
      2180.00   2.8253987e-08
      2190.00   2.8189907e-08
      2200.00   2.8123773e-08
      2210.00   2.8055645e-08
      2220.00   2.7985579e-08
      2230.00   2.7913636e-08
      2240.00   2.7839867e-08
      2250.00   2.7764332e-08
      2260.00   2.7687084e-08
      2270.00   2.7608173e-08
      2280.00   2.7527659e-08
      2290.00   2.7445586e-08
      2300.00   2.7362011e-08
      2310.00   2.7276981e-08
      2320.00   2.7190545e-08
      2330.00   2.7102753e-08
      2340.00   2.7013648e-08
      2350.00   2.6923281e-08
      2360.00   2.6831695e-08
      2370.00   2.6738937e-08
      2380.00   2.6645047e-08
      2390.00   2.6550070e-08
      2400.00   2.6454050e-08
      2410.00   2.6357021e-08
      2420.00   2.6259032e-08
      2430.00   2.6160118e-08
      2440.00   2.6060319e-08
      2450.00   2.5959673e-08
      2460.00   2.5858219e-08
      2470.00   2.5755986e-08
      2480.00   2.5653014e-08
      2490.00   2.5549341e-08
      2500.00   2.5444998e-08
      2510.00   2.5340018e-08
      2520.00   2.5234435e-08
      2530.00   2.5128276e-08
      2540.00   2.5021580e-08
      2550.00   2.4914373e-08
      2560.00   2.4806683e-08
      2570.00   2.4698542e-08
      2580.00   2.4589977e-08
      2590.00   2.4481015e-08
      2600.00   2.4371686e-08
      2610.00   2.4262014e-08
      2620.00   2.4152025e-08
      2630.00   2.4041742e-08
      2640.00   2.3931193e-08
      2650.00   2.3820400e-08
      2660.00   2.3709389e-08
      2670.00   2.3598179e-08
      2680.00   2.3486795e-08
      2690.00   2.3375257e-08
      2700.00   2.3263583e-08
      2710.00   2.3151800e-08
      2720.00   2.3039927e-08
      2730.00   2.2927977e-08
      2740.00   2.2815975e-08
      2750.00   2.2703938e-08
      2760.00   2.2591886e-08
      2770.00   2.2479831e-08
      2780.00   2.2367793e-08
      2790.00   2.2255792e-08
      2800.00   2.2143837e-08
      2810.00   2.2031949e-08
      2820.00   2.1920143e-08
      2830.00   2.1808431e-08
      2840.00   2.1696829e-08
      2850.00   2.1585350e-08
      2860.00   2.1474010e-08
      2870.00   2.1362819e-08
      2880.00   2.1251789e-08
      2890.00   2.1140937e-08
      2900.00   2.1030270e-08
      2910.00   2.0919807e-08
      2920.00   2.0809551e-08
      2930.00   2.0699516e-08
      2940.00   2.0589713e-08
      2950.00   2.0480153e-08
      2960.00   2.0370843e-08
      2970.00   2.0261798e-08
      2980.00   2.0153022e-08
      2990.00   2.0044526e-08
      3000.00   1.9936319e-08
      3010.00   1.9828408e-08
      3020.00   1.9720804e-08
      3030.00   1.9613511e-08
      3040.00   1.9506540e-08
      3050.00   1.9399897e-08
      3060.00   1.9293589e-08
      3070.00   1.9187622e-08
      3080.00   1.9082003e-08
      3090.00   1.8976739e-08
      3100.00   1.8871837e-08
      3110.00   1.8767298e-08
      3120.00   1.8663135e-08
      3130.00   1.8559347e-08
      3140.00   1.8455944e-08
      3150.00   1.8352926e-08
      3160.00   1.8250303e-08
      3170.00   1.8148073e-08
      3180.00   1.8046248e-08
      3190.00   1.7944827e-08
      3200.00   1.7843816e-08
      3210.00   1.7743216e-08
      3220.00   1.7643036e-08
      3230.00   1.7543274e-08
      3240.00   1.7443936e-08
      3250.00   1.7345026e-08
      3260.00   1.7246545e-08
      3270.00   1.7148495e-08
      3280.00   1.7050883e-08
      3290.00   1.6953706e-08
      3300.00   1.6856970e-08
      3310.00   1.6760677e-08
      3320.00   1.6664826e-08
      3330.00   1.6569423e-08
      3340.00   1.6474468e-08
      3350.00   1.6379961e-08
      3360.00   1.6285906e-08
      3370.00   1.6192304e-08
      3380.00   1.6099156e-08
      3390.00   1.6006464e-08
      3400.00   1.5914227e-08
      3410.00   1.5822449e-08
      3420.00   1.5731128e-08
      3430.00   1.5640267e-08
      3440.00   1.5549865e-08
      3450.00   1.5459922e-08
      3460.00   1.5370444e-08
      3470.00   1.5281424e-08
      3480.00   1.5192865e-08
      3490.00   1.5104769e-08
      3500.00   1.5017136e-08
      3510.00   1.4929963e-08
      3520.00   1.4843253e-08
      3530.00   1.4757006e-08
      3540.00   1.4671219e-08
      3550.00   1.4585894e-08
      3560.00   1.4501031e-08
      3570.00   1.4416628e-08
      3580.00   1.4332687e-08
      3590.00   1.4249204e-08
      3600.00   1.4166181e-08
      3610.00   1.4083619e-08
      3620.00   1.4001514e-08
      3630.00   1.3919864e-08
      3640.00   1.3838672e-08
      3650.00   1.3757937e-08
      3660.00   1.3677655e-08
      3670.00   1.3597828e-08
      3680.00   1.3518454e-08
      3690.00   1.3439532e-08
      3700.00   1.3361061e-08
      3710.00   1.3283039e-08
      3720.00   1.3205466e-08
      3730.00   1.3128341e-08
      3740.00   1.3051661e-08
      3750.00   1.2975428e-08
      3760.00   1.2899636e-08
      3770.00   1.2824287e-08
      3780.00   1.2749379e-08
      3790.00   1.2674909e-08
      3800.00   1.2600880e-08
      3810.00   1.2527285e-08
      3820.00   1.2454126e-08
      3830.00   1.2381400e-08
      3840.00   1.2309106e-08
      3850.00   1.2237242e-08
      3860.00   1.2165806e-08
      3870.00   1.2094799e-08
      3880.00   1.2024216e-08
      3890.00   1.1954057e-08
      3900.00   1.1884321e-08
      3910.00   1.1815004e-08
      3920.00   1.1746107e-08
      3930.00   1.1677625e-08
      3940.00   1.1609558e-08
      3950.00   1.1541906e-08
      3960.00   1.1474665e-08
      3970.00   1.1407833e-08
      3980.00   1.1341410e-08
      3990.00   1.1275391e-08
      4000.00   1.1209777e-08
      4010.00   1.1144565e-08
      4020.00   1.1079754e-08
      4030.00   1.1015341e-08
      4040.00   1.0951325e-08
      4050.00   1.0887703e-08
      4060.00   1.0824474e-08
      4070.00   1.0761636e-08
      4080.00   1.0699186e-08
      4090.00   1.0637124e-08
      4100.00   1.0575446e-08
      4110.00   1.0514152e-08
      4120.00   1.0453238e-08
      4130.00   1.0392704e-08
      4140.00   1.0332547e-08
      4150.00   1.0272766e-08
      4160.00   1.0213357e-08
      4170.00   1.0154319e-08
      4180.00   1.0095650e-08
      4190.00   1.0037348e-08
      4200.00   9.9794124e-09
      4210.00   9.9218409e-09
      4220.00   9.8646284e-09
      4230.00   9.8077769e-09
      4240.00   9.7512810e-09
      4250.00   9.6951416e-09
      4260.00   9.6393557e-09
      4270.00   9.5839201e-09
      4280.00   9.5288347e-09
      4290.00   9.4740966e-09
      4300.00   9.4197038e-09
      4310.00   9.3656544e-09
      4320.00   9.3119465e-09
      4330.00   9.2585773e-09
      4340.00   9.2055459e-09
      4350.00   9.1528505e-09
      4360.00   9.1004884e-09
      4370.00   9.0484580e-09
      4380.00   8.9967567e-09
      4390.00   8.9453837e-09
      4400.00   8.8943358e-09
      4410.00   8.8436127e-09
      4420.00   8.7932101e-09
      4430.00   8.7431278e-09
      4440.00   8.6933635e-09
      4450.00   8.6439158e-09
      4460.00   8.5947817e-09
      4470.00   8.5459598e-09
      4480.00   8.4974479e-09
      4490.00   8.4492448e-09
      4500.00   8.4013482e-09
      4510.00   8.3537557e-09
      4520.00   8.3064670e-09
      4530.00   8.2594778e-09
      4540.00   8.2127881e-09
      4550.00   8.1663958e-09
      4560.00   8.1202987e-09
      4570.00   8.0744942e-09
      4580.00   8.0289818e-09
      4590.00   7.9837591e-09
      4600.00   7.9388244e-09
      4610.00   7.8941760e-09
      4620.00   7.8498112e-09
      4630.00   7.8057288e-09
      4640.00   7.7619277e-09
      4650.00   7.7184053e-09
      4660.00   7.6751600e-09
      4670.00   7.6321894e-09
      4680.00   7.5894928e-09
      4690.00   7.5470682e-09
      4700.00   7.5049129e-09
      4710.00   7.4630266e-09
      4720.00   7.4214062e-09
      4730.00   7.3800508e-09
      4740.00   7.3389592e-09
      4750.00   7.2981281e-09
      4760.00   7.2575573e-09
      4770.00   7.2172443e-09
      4780.00   7.1771874e-09
      4790.00   7.1373856e-09
      4800.00   7.0978365e-09
      4810.00   7.0585385e-09
      4820.00   7.0194899e-09
      4830.00   6.9806899e-09
      4840.00   6.9421362e-09
      4850.00   6.9038273e-09
      4860.00   6.8657615e-09
      4870.00   6.8279375e-09
      4880.00   6.7903530e-09
      4890.00   6.7530073e-09
      4900.00   6.7158982e-09
      4910.00   6.6790244e-09
      4920.00   6.6423850e-09
      4930.00   6.6059762e-09
      4940.00   6.5697991e-09
      4950.00   6.5338504e-09
      4960.00   6.4981290e-09
      4970.00   6.4626341e-09
      4980.00   6.4273638e-09
      4990.00   6.3923163e-09
      5000.00   6.3574903e-09
      5010.00   6.3228845e-09
      5020.00   6.2884968e-09
      5030.00   6.2543263e-09
      5040.00   6.2203720e-09
      5050.00   6.1866311e-09
      5060.00   6.1531030e-09
      5070.00   6.1197869e-09
      5080.00   6.0866799e-09
      5090.00   6.0537818e-09
      5100.00   6.0210909e-09
      5110.00   5.9886054e-09
      5120.00   5.9563240e-09
      5130.00   5.9242454e-09
      5140.00   5.8923689e-09
      5150.00   5.8606922e-09
      5160.00   5.8292147e-09
      5170.00   5.7979345e-09
      5180.00   5.7668502e-09
      5190.00   5.7359613e-09
      5200.00   5.7052656e-09
      5210.00   5.6747620e-09
      5220.00   5.6444494e-09
      5230.00   5.6143263e-09
      5240.00   5.5843919e-09
      5250.00   5.5546442e-09
      5260.00   5.5250821e-09
      5270.00   5.4957045e-09
      5280.00   5.4665105e-09
      5290.00   5.4374986e-09
      5300.00   5.4086671e-09
      5310.00   5.3800157e-09
      5320.00   5.3515423e-09
      5330.00   5.3232460e-09
      5340.00   5.2951258e-09
      5350.00   5.2671803e-09
      5360.00   5.2394084e-09
      5370.00   5.2118088e-09
      5380.00   5.1843805e-09
      5390.00   5.1571220e-09
      5400.00   5.1300322e-09
      5410.00   5.1031106e-09
      5420.00   5.0763554e-09
      5430.00   5.0497658e-09
      5440.00   5.0233407e-09
      5450.00   4.9970787e-09
      5460.00   4.9709782e-09
      5470.00   4.9450394e-09
      5480.00   4.9192602e-09
      5490.00   4.8936402e-09
      5500.00   4.8681773e-09
      5510.00   4.8428719e-09
      5520.00   4.8177218e-09
      5530.00   4.7927262e-09
      5540.00   4.7678838e-09
      5550.00   4.7431946e-09
      5560.00   4.7186558e-09
      5570.00   4.6942680e-09
      5580.00   4.6700299e-09
      5590.00   4.6459398e-09
      5600.00   4.6219968e-09
      5610.00   4.5982005e-09
      5620.00   4.5745493e-09
      5630.00   4.5510428e-09
      5640.00   4.5276798e-09
      5650.00   4.5044587e-09
      5660.00   4.4813795e-09
      5670.00   4.4584406e-09
      5680.00   4.4356413e-09
      5690.00   4.4129806e-09
      5700.00   4.3904575e-09
      5710.00   4.3680711e-09
      5720.00   4.3458209e-09
      5730.00   4.3237048e-09
      5740.00   4.3017236e-09
      5750.00   4.2798747e-09
      5760.00   4.2581582e-09
      5770.00   4.2365731e-09
      5780.00   4.2151182e-09
      5790.00   4.1937927e-09
      5800.00   4.1725958e-09
      5810.00   4.1515274e-09
      5820.00   4.1305853e-09
      5830.00   4.1097692e-09
      5840.00   4.0890783e-09
      5850.00   4.0685116e-09
      5860.00   4.0480686e-09
      5870.00   4.0277481e-09
      5880.00   4.0075495e-09
      5890.00   3.9874721e-09
      5900.00   3.9675146e-09
      5910.00   3.9476766e-09
      5920.00   3.9279569e-09
      5930.00   3.9083555e-09
      5940.00   3.8888709e-09
      5950.00   3.8695024e-09
      5960.00   3.8502494e-09
      5970.00   3.8311108e-09
      5980.00   3.8120864e-09
      5990.00   3.7931751e-09
      6000.00   3.7743761e-09
      6010.00   3.7556884e-09
      6020.00   3.7371117e-09
      6030.00   3.7186453e-09
      6040.00   3.7002882e-09
      6050.00   3.6820396e-09
      6060.00   3.6638989e-09
      6070.00   3.6458654e-09
      6080.00   3.6279386e-09
      6090.00   3.6101174e-09
      6100.00   3.5924012e-09
      6110.00   3.5747891e-09
      6120.00   3.5572812e-09
      6130.00   3.5398759e-09
      6140.00   3.5225730e-09
      6150.00   3.5053715e-09
      6160.00   3.4882709e-09
      6170.00   3.4712707e-09
      6180.00   3.4543699e-09
      6190.00   3.4375680e-09
      6200.00   3.4208647e-09
      6210.00   3.4042586e-09
      6220.00   3.3877494e-09
      6230.00   3.3713369e-09
      6240.00   3.3550200e-09
      6250.00   3.3387976e-09
      6260.00   3.3226701e-09
      6270.00   3.3066365e-09
      6280.00   3.2906957e-09
      6290.00   3.2748473e-09
      6300.00   3.2590911e-09
      6310.00   3.2434261e-09
      6320.00   3.2278522e-09
      6330.00   3.2123677e-09
      6340.00   3.1969729e-09
      6350.00   3.1816675e-09
      6360.00   3.1664500e-09
      6370.00   3.1513203e-09
      6380.00   3.1362778e-09
      6390.00   3.1213220e-09
      6400.00   3.1064522e-09
      6410.00   3.0916677e-09
      6420.00   3.0769681e-09
      6430.00   3.0623530e-09
      6440.00   3.0478219e-09
      6450.00   3.0333736e-09
      6460.00   3.0190081e-09
      6470.00   3.0047249e-09
      6480.00   2.9905231e-09
      6490.00   2.9764027e-09
      6500.00   2.9623626e-09
      6510.00   2.9484027e-09
      6520.00   2.9345223e-09
      6530.00   2.9207205e-09
      6540.00   2.9069974e-09
      6550.00   2.8933525e-09
      6560.00   2.8797848e-09
      6570.00   2.8662939e-09
      6580.00   2.8528796e-09
      6590.00   2.8395413e-09
      6600.00   2.8262784e-09
      6610.00   2.8130904e-09
      6620.00   2.7999770e-09
      6630.00   2.7869372e-09
      6640.00   2.7739713e-09
      6650.00   2.7610784e-09
      6660.00   2.7482579e-09
      6670.00   2.7355095e-09
      6680.00   2.7228329e-09
      6690.00   2.7102271e-09
      6700.00   2.6976924e-09
      6710.00   2.6852276e-09
      6720.00   2.6728328e-09
      6730.00   2.6605071e-09
      6740.00   2.6482506e-09
      6750.00   2.6360623e-09
      6760.00   2.6239421e-09
      6770.00   2.6118897e-09
      6780.00   2.5999041e-09
      6790.00   2.5879853e-09
      6800.00   2.5761328e-09
      6810.00   2.5643462e-09
      6820.00   2.5526250e-09
      6830.00   2.5409688e-09
      6840.00   2.5293771e-09
      6850.00   2.5178496e-09
      6860.00   2.5063859e-09
      6870.00   2.4949855e-09
      6880.00   2.4836482e-09
      6890.00   2.4723733e-09
      6900.00   2.4611605e-09
      6910.00   2.4500096e-09
      6920.00   2.4389203e-09
      6930.00   2.4278916e-09
      6940.00   2.4169237e-09
      6950.00   2.4060158e-09
      6960.00   2.3951677e-09
      6970.00   2.3843791e-09
      6980.00   2.3736497e-09
      6990.00   2.3629791e-09
      7000.00   2.3523665e-09
      7010.00   2.3418119e-09
      7020.00   2.3313149e-09
      7030.00   2.3208754e-09
      7040.00   2.3104924e-09
      7050.00   2.3001661e-09
      7060.00   2.2898959e-09
      7070.00   2.2796815e-09
      7080.00   2.2695224e-09
      7090.00   2.2594184e-09
      7100.00   2.2493692e-09
      7110.00   2.2393744e-09
      7120.00   2.2294338e-09
      7130.00   2.2195469e-09
      7140.00   2.2097131e-09
      7150.00   2.1999326e-09
      7160.00   2.1902047e-09
      7170.00   2.1805292e-09
      7180.00   2.1709057e-09
      7190.00   2.1613341e-09
      7200.00   2.1518137e-09
      7210.00   2.1423446e-09
      7220.00   2.1329264e-09
      7230.00   2.1235582e-09
      7240.00   2.1142406e-09
      7250.00   2.1049724e-09
      7260.00   2.0957538e-09
      7270.00   2.0865847e-09
      7280.00   2.0774641e-09
      7290.00   2.0683924e-09
      7300.00   2.0593690e-09
      7310.00   2.0503936e-09
      7320.00   2.0414657e-09
      7330.00   2.0325854e-09
      7340.00   2.0237521e-09
      7350.00   2.0149657e-09
      7360.00   2.0062259e-09
      7370.00   1.9975324e-09
      7380.00   1.9888845e-09
      7390.00   1.9802826e-09
      7400.00   1.9717260e-09
      7410.00   1.9632145e-09
      7420.00   1.9547480e-09
      7430.00   1.9463259e-09
      7440.00   1.9379481e-09
      7450.00   1.9296144e-09
      7460.00   1.9213245e-09
      7470.00   1.9130780e-09
      7480.00   1.9048748e-09
      7490.00   1.8967144e-09
      7500.00   1.8885970e-09
      7510.00   1.8805217e-09
      7520.00   1.8724887e-09
      7530.00   1.8644976e-09
      7540.00   1.8565483e-09
      7550.00   1.8486403e-09
      7560.00   1.8407735e-09
      7570.00   1.8329476e-09
      7580.00   1.8251621e-09
      7590.00   1.8174174e-09
      7600.00   1.8097128e-09
      7610.00   1.8020480e-09
      7620.00   1.7944230e-09
      7630.00   1.7868372e-09
      7640.00   1.7792910e-09
      7650.00   1.7717834e-09
      7660.00   1.7643148e-09
      7670.00   1.7568846e-09
      7680.00   1.7494926e-09
      7690.00   1.7421387e-09
      7700.00   1.7348227e-09
      7710.00   1.7275442e-09
      7720.00   1.7203030e-09
      7730.00   1.7130991e-09
      7740.00   1.7059320e-09
      7750.00   1.6988016e-09
      7760.00   1.6917077e-09
      7770.00   1.6846500e-09
      7780.00   1.6776284e-09
      7790.00   1.6706426e-09
      7800.00   1.6636924e-09
      7810.00   1.6567775e-09
      7820.00   1.6498980e-09
      7830.00   1.6430533e-09
      7840.00   1.6362435e-09
      7850.00   1.6294682e-09
      7860.00   1.6227272e-09
      7870.00   1.6160204e-09
      7880.00   1.6093475e-09
      7890.00   1.6027084e-09
      7900.00   1.5961028e-09
      7910.00   1.5895307e-09
      7920.00   1.5829916e-09
      7930.00   1.5764855e-09
      7940.00   1.5700122e-09
      7950.00   1.5635714e-09
      7960.00   1.5571631e-09
      7970.00   1.5507869e-09
      7980.00   1.5444427e-09
      7990.00   1.5381303e-09
      8000.00   1.5318495e-09
