      1600.00   3.3071245e-08
      1610.00   3.3245017e-08
      1620.00   3.3411260e-08
      1630.00   3.3570062e-08
      1640.00   3.3721492e-08
      1650.00   3.3865637e-08
      1660.00   3.4002579e-08
      1670.00   3.4132413e-08
      1680.00   3.4255222e-08
      1690.00   3.4371103e-08
      1700.00   3.4480153e-08
      1710.00   3.4582469e-08
      1720.00   3.4678147e-08
      1730.00   3.4767288e-08
      1740.00   3.4849991e-08
      1750.00   3.4926366e-08
      1760.00   3.4996509e-08
      1770.00   3.5060531e-08
      1780.00   3.5118535e-08
      1790.00   3.5170626e-08
      1800.00   3.5216910e-08
      1810.00   3.5257501e-08
      1820.00   3.5292491e-08
      1830.00   3.5322002e-08
      1840.00   3.5346134e-08
      1850.00   3.5364995e-08
      1860.00   3.5378691e-08
      1870.00   3.5387333e-08
      1880.00   3.5391020e-08
      1890.00   3.5389863e-08
      1900.00   3.5383964e-08
      1910.00   3.5373429e-08
      1920.00   3.5358359e-08
      1930.00   3.5338859e-08
      1940.00   3.5315036e-08
      1950.00   3.5286984e-08
      1960.00   3.5254808e-08
      1970.00   3.5218602e-08
      1980.00   3.5178472e-08
      1990.00   3.5134513e-08
      2000.00   3.5086816e-08
      2010.00   3.5035482e-08
      2020.00   3.4980604e-08
      2030.00   3.4922274e-08
      2040.00   3.4860587e-08
      2050.00   3.4795630e-08
      2060.00   3.4727493e-08
      2070.00   3.4656265e-08
      2080.00   3.4582037e-08
      2090.00   3.4504885e-08
      2100.00   3.4424899e-08
      2110.00   3.4342165e-08
      2120.00   3.4256759e-08
      2130.00   3.4168767e-08
      2140.00   3.4078263e-08
      2150.00   3.3985328e-08
      2160.00   3.3890038e-08
      2170.00   3.3792465e-08
      2180.00   3.3692689e-08
      2190.00   3.3590778e-08
      2200.00   3.3486805e-08
      2210.00   3.3380840e-08
      2220.00   3.3272950e-08
      2230.00   3.3163206e-08
      2240.00   3.3051669e-08
      2250.00   3.2938409e-08
      2260.00   3.2823488e-08
      2270.00   3.2706962e-08
      2280.00   3.2588903e-08
      2290.00   3.2469361e-08
      2300.00   3.2348402e-08
      2310.00   3.2226079e-08
      2320.00   3.2102451e-08
      2330.00   3.1977572e-08
      2340.00   3.1851492e-08
      2350.00   3.1724269e-08
      2360.00   3.1595952e-08
      2370.00   3.1466594e-08
      2380.00   3.1336241e-08
      2390.00   3.1204941e-08
      2400.00   3.1072745e-08
      2410.00   3.0939693e-08
      2420.00   3.0805836e-08
      2430.00   3.0671215e-08
      2440.00   3.0535873e-08
      2450.00   3.0399853e-08
      2460.00   3.0263198e-08
      2470.00   3.0125940e-08
      2480.00   2.9988122e-08
      2490.00   2.9849786e-08
      2500.00   2.9710965e-08
      2510.00   2.9571696e-08
      2520.00   2.9432017e-08
      2530.00   2.9291954e-08
      2540.00   2.9151550e-08
      2550.00   2.9010835e-08
      2560.00   2.8869836e-08
      2570.00   2.8728589e-08
      2580.00   2.8587122e-08
      2590.00   2.8445465e-08
      2600.00   2.8303648e-08
      2610.00   2.8161697e-08
      2620.00   2.8019640e-08
      2630.00   2.7877500e-08
      2640.00   2.7735306e-08
      2650.00   2.7593082e-08
      2660.00   2.7450855e-08
      2670.00   2.7308644e-08
      2680.00   2.7166475e-08
      2690.00   2.7024368e-08
      2700.00   2.6882343e-08
      2710.00   2.6740426e-08
      2720.00   2.6598636e-08
      2730.00   2.6456988e-08
      2740.00   2.6315506e-08
      2750.00   2.6174207e-08
      2760.00   2.6033111e-08
      2770.00   2.5892231e-08
      2780.00   2.5751586e-08
      2790.00   2.5611197e-08
      2800.00   2.5471070e-08
      2810.00   2.5331228e-08
      2820.00   2.5191687e-08
      2830.00   2.5052454e-08
      2840.00   2.4913549e-08
      2850.00   2.4774982e-08
      2860.00   2.4636770e-08
      2870.00   2.4498922e-08
      2880.00   2.4361449e-08
      2890.00   2.4224366e-08
      2900.00   2.4087681e-08
      2910.00   2.3951412e-08
      2920.00   2.3815562e-08
      2930.00   2.3680143e-08
      2940.00   2.3545165e-08
      2950.00   2.3410638e-08
      2960.00   2.3276569e-08
      2970.00   2.3142972e-08
      2980.00   2.3009850e-08
      2990.00   2.2877211e-08
      3000.00   2.2745067e-08
      3010.00   2.2613420e-08
      3020.00   2.2482282e-08
      3030.00   2.2351655e-08
      3040.00   2.2221550e-08
      3050.00   2.2091971e-08
      3060.00   2.1962924e-08
      3070.00   2.1834414e-08
      3080.00   2.1706446e-08
      3090.00   2.1579027e-08
      3100.00   2.1452161e-08
      3110.00   2.1325851e-08
      3120.00   2.1200107e-08
      3130.00   2.1074926e-08
      3140.00   2.0950316e-08
      3150.00   2.0826279e-08
      3160.00   2.0702822e-08
      3170.00   2.0579940e-08
      3180.00   2.0457646e-08
      3190.00   2.0335936e-08
      3200.00   2.0214817e-08
      3210.00   2.0094288e-08
      3220.00   1.9974356e-08
      3230.00   1.9855016e-08
      3240.00   1.9736275e-08
      3250.00   1.9618136e-08
      3260.00   1.9500599e-08
      3270.00   1.9383662e-08
      3280.00   1.9267332e-08
      3290.00   1.9151606e-08
      3300.00   1.9036488e-08
      3310.00   1.8921977e-08
      3320.00   1.8808072e-08
      3330.00   1.8694778e-08
      3340.00   1.8582094e-08
      3350.00   1.8470018e-08
      3360.00   1.8358553e-08
      3370.00   1.8247698e-08
      3380.00   1.8137453e-08
      3390.00   1.8027819e-08
      3400.00   1.7918794e-08
      3410.00   1.7810380e-08
      3420.00   1.7702575e-08
      3430.00   1.7595378e-08
      3440.00   1.7488790e-08
      3450.00   1.7382807e-08
      3460.00   1.7277435e-08
      3470.00   1.7172667e-08
      3480.00   1.7068502e-08
      3490.00   1.6964943e-08
      3500.00   1.6861987e-08
      3510.00   1.6759632e-08
      3520.00   1.6657878e-08
      3530.00   1.6556724e-08
      3540.00   1.6456166e-08
      3550.00   1.6356205e-08
      3560.00   1.6256839e-08
      3570.00   1.6158067e-08
      3580.00   1.6059886e-08
      3590.00   1.5962295e-08
      3600.00   1.5865292e-08
      3610.00   1.5768878e-08
      3620.00   1.5673047e-08
      3630.00   1.5577796e-08
      3640.00   1.5483129e-08
      3650.00   1.5389041e-08
      3660.00   1.5295528e-08
      3670.00   1.5202591e-08
      3680.00   1.5110227e-08
      3690.00   1.5018433e-08
      3700.00   1.4927207e-08
      3710.00   1.4836548e-08
      3720.00   1.4746452e-08
      3730.00   1.4656919e-08
      3740.00   1.4567945e-08
      3750.00   1.4479528e-08
      3760.00   1.4391665e-08
      3770.00   1.4304355e-08
      3780.00   1.4217594e-08
      3790.00   1.4131379e-08
      3800.00   1.4045712e-08
      3810.00   1.3960587e-08
      3820.00   1.3876000e-08
      3830.00   1.3791952e-08
      3840.00   1.3708438e-08
      3850.00   1.3625456e-08
      3860.00   1.3543004e-08
      3870.00   1.3461080e-08
      3880.00   1.3379680e-08
      3890.00   1.3298802e-08
      3900.00   1.3218443e-08
      3910.00   1.3138601e-08
      3920.00   1.3059273e-08
      3930.00   1.2980455e-08
      3940.00   1.2902146e-08
      3950.00   1.2824344e-08
      3960.00   1.2747045e-08
      3970.00   1.2670246e-08
      3980.00   1.2593946e-08
      3990.00   1.2518140e-08
      4000.00   1.2442826e-08
      4010.00   1.2368003e-08
      4020.00   1.2293666e-08
      4030.00   1.2219814e-08
      4040.00   1.2146442e-08
      4050.00   1.2073550e-08
      4060.00   1.2001133e-08
      4070.00   1.1929191e-08
      4080.00   1.1857718e-08
      4090.00   1.1786714e-08
      4100.00   1.1716175e-08
      4110.00   1.1646098e-08
      4120.00   1.1576480e-08
      4130.00   1.1507320e-08
      4140.00   1.1438613e-08
      4150.00   1.1370359e-08
      4160.00   1.1302553e-08
      4170.00   1.1235193e-08
      4180.00   1.1168276e-08
      4190.00   1.1101799e-08
      4200.00   1.1035761e-08
      4210.00   1.0970160e-08
      4220.00   1.0904989e-08
      4230.00   1.0840249e-08
      4240.00   1.0775935e-08
      4250.00   1.0712047e-08
      4260.00   1.0648580e-08
      4270.00   1.0585532e-08
      4280.00   1.0522902e-08
      4290.00   1.0460685e-08
      4300.00   1.0398880e-08
      4310.00   1.0337483e-08
      4320.00   1.0276492e-08
      4330.00   1.0215904e-08
      4340.00   1.0155718e-08
      4350.00   1.0095930e-08
      4360.00   1.0036538e-08
      4370.00   9.9775390e-09
      4380.00   9.9189302e-09
      4390.00   9.8607101e-09
      4400.00   9.8028749e-09
      4410.00   9.7454239e-09
      4420.00   9.6883520e-09
      4430.00   9.6316585e-09
      4440.00   9.5753406e-09
      4450.00   9.5193962e-09
      4460.00   9.4638219e-09
      4470.00   9.4086157e-09
      4480.00   9.3537750e-09
      4490.00   9.2992978e-09
      4500.00   9.2451815e-09
      4510.00   9.1914229e-09
      4520.00   9.1380216e-09
      4530.00   9.0849724e-09
      4540.00   9.0322749e-09
      4550.00   8.9799267e-09
      4560.00   8.9279248e-09
      4570.00   8.8762662e-09
      4580.00   8.8249501e-09
      4590.00   8.7739734e-09
      4600.00   8.7233341e-09
      4610.00   8.6730299e-09
      4620.00   8.6230575e-09
      4630.00   8.5734155e-09
      4640.00   8.5241023e-09
      4650.00   8.4751147e-09
      4660.00   8.4264508e-09
      4670.00   8.3781075e-09
      4680.00   8.3300840e-09
      4690.00   8.2823778e-09
      4700.00   8.2349855e-09
      4710.00   8.1879067e-09
      4720.00   8.1411376e-09
      4730.00   8.0946770e-09
      4740.00   8.0485235e-09
      4750.00   8.0026730e-09
      4760.00   7.9571251e-09
      4770.00   7.9118769e-09
      4780.00   7.8669263e-09
      4790.00   7.8222719e-09
      4800.00   7.7779108e-09
      4810.00   7.7338411e-09
      4820.00   7.6900608e-09
      4830.00   7.6465687e-09
      4840.00   7.6033621e-09
      4850.00   7.5604390e-09
      4860.00   7.5177975e-09
      4870.00   7.4754359e-09
      4880.00   7.4333514e-09
      4890.00   7.3915431e-09
      4900.00   7.3500085e-09
      4910.00   7.3087458e-09
      4920.00   7.2677539e-09
      4930.00   7.2270284e-09
      4940.00   7.1865704e-09
      4950.00   7.1463761e-09
      4960.00   7.1064440e-09
      4970.00   7.0667730e-09
      4980.00   7.0273611e-09
      4990.00   6.9882058e-09
      5000.00   6.9493058e-09
      5010.00   6.9106594e-09
      5020.00   6.8722640e-09
      5030.00   6.8341188e-09
      5040.00   6.7962221e-09
      5050.00   6.7585709e-09
      5060.00   6.7211643e-09
      5070.00   6.6840014e-09
      5080.00   6.6470788e-09
      5090.00   6.6103960e-09
      5100.00   6.5739512e-09
      5110.00   6.5377421e-09
      5120.00   6.5017673e-09
      5130.00   6.4660250e-09
      5140.00   6.4305145e-09
      5150.00   6.3952330e-09
      5160.00   6.3601797e-09
      5170.00   6.3253525e-09
      5180.00   6.2907497e-09
      5190.00   6.2563705e-09
      5200.00   6.2222124e-09
      5210.00   6.1882743e-09
      5220.00   6.1545545e-09
      5230.00   6.1210514e-09
      5240.00   6.0877640e-09
      5250.00   6.0546899e-09
      5260.00   6.0218280e-09
      5270.00   5.9891768e-09
      5280.00   5.9567352e-09
      5290.00   5.9245013e-09
      5300.00   5.8924735e-09
      5310.00   5.8606509e-09
      5320.00   5.8290315e-09
      5330.00   5.7976139e-09
      5340.00   5.7663971e-09
      5350.00   5.7353794e-09
      5360.00   5.7045594e-09
      5370.00   5.6739356e-09
      5380.00   5.6435069e-09
      5390.00   5.6132714e-09
      5400.00   5.5832279e-09
      5410.00   5.5533758e-09
      5420.00   5.5237129e-09
      5430.00   5.4942382e-09
      5440.00   5.4649507e-09
      5450.00   5.4358484e-09
      5460.00   5.4069296e-09
      5470.00   5.3781945e-09
      5480.00   5.3496405e-09
      5490.00   5.3212673e-09
      5500.00   5.2930726e-09
      5510.00   5.2650563e-09
      5520.00   5.2372163e-09
      5530.00   5.2095516e-09
      5540.00   5.1820605e-09
      5550.00   5.1547430e-09
      5560.00   5.1275961e-09
      5570.00   5.1006202e-09
      5580.00   5.0738139e-09
      5590.00   5.0471751e-09
      5600.00   5.0207029e-09
      5610.00   4.9943967e-09
      5620.00   4.9682548e-09
      5630.00   4.9422765e-09
      5640.00   4.9164605e-09
      5650.00   4.8908050e-09
      5660.00   4.8653099e-09
      5670.00   4.8399735e-09
      5680.00   4.8147948e-09
      5690.00   4.7897725e-09
      5700.00   4.7649058e-09
      5710.00   4.7401934e-09
      5720.00   4.7156348e-09
      5730.00   4.6912276e-09
      5740.00   4.6669726e-09
      5750.00   4.6428668e-09
      5760.00   4.6189104e-09
      5770.00   4.5951021e-09
      5780.00   4.5714408e-09
      5790.00   4.5479252e-09
      5800.00   4.5245547e-09
      5810.00   4.5013287e-09
      5820.00   4.4782452e-09
      5830.00   4.4553036e-09
      5840.00   4.4325029e-09
      5850.00   4.4098421e-09
      5860.00   4.3873204e-09
      5870.00   4.3649368e-09
      5880.00   4.3426901e-09
      5890.00   4.3205798e-09
      5900.00   4.2986045e-09
      5910.00   4.2767634e-09
      5920.00   4.2550554e-09
      5930.00   4.2334802e-09
      5940.00   4.2120364e-09
      5950.00   4.1907230e-09
      5960.00   4.1695394e-09
      5970.00   4.1484843e-09
      5980.00   4.1275573e-09
      5990.00   4.1067573e-09
      6000.00   4.0860834e-09
      6010.00   4.0655344e-09
      6020.00   4.0451099e-09
      6030.00   4.0248091e-09
      6040.00   4.0046309e-09
      6050.00   3.9845745e-09
      6060.00   3.9646388e-09
      6070.00   3.9448235e-09
      6080.00   3.9251277e-09
      6090.00   3.9055503e-09
      6100.00   3.8860905e-09
      6110.00   3.8667472e-09
      6120.00   3.8475207e-09
      6130.00   3.8284090e-09
      6140.00   3.8094120e-09
      6150.00   3.7905284e-09
      6160.00   3.7717579e-09
      6170.00   3.7530996e-09
      6180.00   3.7345526e-09
      6190.00   3.7161161e-09
      6200.00   3.6977899e-09
      6210.00   3.6795723e-09
      6220.00   3.6614632e-09
      6230.00   3.6434621e-09
      6240.00   3.6255677e-09
      6250.00   3.6077792e-09
      6260.00   3.5900965e-09
      6270.00   3.5725186e-09
      6280.00   3.5550445e-09
      6290.00   3.5376735e-09
      6300.00   3.5204054e-09
      6310.00   3.5032392e-09
      6320.00   3.4861746e-09
      6330.00   3.4692098e-09
      6340.00   3.4523450e-09
      6350.00   3.4355800e-09
      6360.00   3.4189131e-09
      6370.00   3.4023439e-09
      6380.00   3.3858721e-09
      6390.00   3.3694968e-09
      6400.00   3.3532174e-09
      6410.00   3.3370331e-09
      6420.00   3.3209435e-09
      6430.00   3.3049479e-09
      6440.00   3.2890458e-09
      6450.00   3.2732360e-09
      6460.00   3.2575184e-09
      6470.00   3.2418924e-09
      6480.00   3.2263570e-09
      6490.00   3.2109123e-09
      6500.00   3.1955569e-09
      6510.00   3.1802907e-09
      6520.00   3.1651129e-09
      6530.00   3.1500227e-09
      6540.00   3.1350199e-09
      6550.00   3.1201041e-09
      6560.00   3.1052741e-09
      6570.00   3.0905294e-09
      6580.00   3.0758700e-09
      6590.00   3.0612950e-09
      6600.00   3.0468038e-09
      6610.00   3.0323958e-09
      6620.00   3.0180706e-09
      6630.00   3.0038273e-09
      6640.00   2.9896659e-09
      6650.00   2.9755857e-09
      6660.00   2.9615857e-09
      6670.00   2.9476659e-09
      6680.00   2.9338258e-09
      6690.00   2.9200642e-09
      6700.00   2.9063814e-09
      6710.00   2.8927763e-09
      6720.00   2.8792488e-09
      6730.00   2.8657980e-09
      6740.00   2.8524238e-09
      6750.00   2.8391254e-09
      6760.00   2.8259024e-09
      6770.00   2.8127545e-09
      6780.00   2.7996807e-09
      6790.00   2.7866810e-09
      6800.00   2.7737546e-09
      6810.00   2.7609014e-09
      6820.00   2.7481205e-09
      6830.00   2.7354117e-09
      6840.00   2.7227742e-09
      6850.00   2.7102079e-09
      6860.00   2.6977123e-09
      6870.00   2.6852867e-09
      6880.00   2.6729309e-09
      6890.00   2.6606443e-09
      6900.00   2.6484262e-09
      6910.00   2.6362768e-09
      6920.00   2.6241954e-09
      6930.00   2.6121811e-09
      6940.00   2.6002341e-09
      6950.00   2.5883534e-09
      6960.00   2.5765389e-09
      6970.00   2.5647901e-09
      6980.00   2.5531068e-09
      6990.00   2.5414884e-09
      7000.00   2.5299342e-09
      7010.00   2.5184441e-09
      7020.00   2.5070176e-09
      7030.00   2.4956546e-09
      7040.00   2.4843540e-09
      7050.00   2.4731162e-09
      7060.00   2.4619402e-09
      7070.00   2.4508259e-09
      7080.00   2.4397725e-09
      7090.00   2.4287801e-09
      7100.00   2.4178482e-09
      7110.00   2.4069763e-09
      7120.00   2.3961642e-09
      7130.00   2.3854115e-09
      7140.00   2.3747172e-09
      7150.00   2.3640818e-09
      7160.00   2.3535044e-09
      7170.00   2.3429847e-09
      7180.00   2.3325225e-09
      7190.00   2.3221175e-09
      7200.00   2.3117689e-09
      7210.00   2.3014768e-09
      7220.00   2.2912409e-09
      7230.00   2.2810602e-09
      7240.00   2.2709351e-09
      7250.00   2.2608646e-09
      7260.00   2.2508487e-09
      7270.00   2.2408873e-09
      7280.00   2.2309794e-09
      7290.00   2.2211252e-09
      7300.00   2.2113243e-09
      7310.00   2.2015763e-09
      7320.00   2.1918806e-09
      7330.00   2.1822373e-09
      7340.00   2.1726456e-09
      7350.00   2.1631057e-09
      7360.00   2.1536170e-09
      7370.00   2.1441793e-09
      7380.00   2.1347918e-09
      7390.00   2.1254550e-09
      7400.00   2.1161678e-09
      7410.00   2.1069304e-09
      7420.00   2.0977424e-09
      7430.00   2.0886033e-09
      7440.00   2.0795129e-09
      7450.00   2.0704710e-09
      7460.00   2.0614773e-09
      7470.00   2.0525313e-09
      7480.00   2.0436328e-09
      7490.00   2.0347815e-09
      7500.00   2.0259773e-09
      7510.00   2.0172195e-09
      7520.00   2.0085081e-09
      7530.00   1.9998427e-09
      7540.00   1.9912234e-09
      7550.00   1.9826493e-09
      7560.00   1.9741205e-09
      7570.00   1.9656366e-09
      7580.00   1.9571971e-09
      7590.00   1.9488024e-09
      7600.00   1.9404517e-09
      7610.00   1.9321448e-09
      7620.00   1.9238815e-09
      7630.00   1.9156613e-09
      7640.00   1.9074844e-09
      7650.00   1.8993501e-09
      7660.00   1.8912585e-09
      7670.00   1.8832089e-09
      7680.00   1.8752014e-09
      7690.00   1.8672356e-09
      7700.00   1.8593113e-09
      7710.00   1.8514282e-09
      7720.00   1.8435860e-09
      7730.00   1.8357848e-09
      7740.00   1.8280239e-09
      7750.00   1.8203032e-09
      7760.00   1.8126225e-09
      7770.00   1.8049816e-09
      7780.00   1.7973801e-09
      7790.00   1.7898179e-09
      7800.00   1.7822948e-09
      7810.00   1.7748103e-09
      7820.00   1.7673646e-09
      7830.00   1.7599571e-09
      7840.00   1.7525877e-09
      7850.00   1.7452561e-09
      7860.00   1.7379622e-09
      7870.00   1.7307057e-09
      7880.00   1.7234863e-09
      7890.00   1.7163040e-09
      7900.00   1.7091583e-09
      7910.00   1.7020492e-09
      7920.00   1.6949764e-09
      7930.00   1.6879396e-09
      7940.00   1.6809387e-09
      7950.00   1.6739734e-09
      7960.00   1.6670437e-09
      7970.00   1.6601490e-09
      7980.00   1.6532895e-09
      7990.00   1.6464647e-09
      8000.00   1.6396745e-09
