      1600.00   4.1200618e-08
      1610.00   4.1361669e-08
      1620.00   4.1513572e-08
      1630.00   4.1656469e-08
      1640.00   4.1790477e-08
      1650.00   4.1915733e-08
      1660.00   4.2032371e-08
      1670.00   4.2140534e-08
      1680.00   4.2240350e-08
      1690.00   4.2331965e-08
      1700.00   4.2415525e-08
      1710.00   4.2491169e-08
      1720.00   4.2559040e-08
      1730.00   4.2619283e-08
      1740.00   4.2672037e-08
      1750.00   4.2717459e-08
      1760.00   4.2755684e-08
      1770.00   4.2786864e-08
      1780.00   4.2811142e-08
      1790.00   4.2828663e-08
      1800.00   4.2839569e-08
      1810.00   4.2844013e-08
      1820.00   4.2842121e-08
      1830.00   4.2834053e-08
      1840.00   4.2819943e-08
      1850.00   4.2799932e-08
      1860.00   4.2774159e-08
      1870.00   4.2742768e-08
      1880.00   4.2705889e-08
      1890.00   4.2663662e-08
      1900.00   4.2616220e-08
      1910.00   4.2563698e-08
      1920.00   4.2506224e-08
      1930.00   4.2443930e-08
      1940.00   4.2376951e-08
      1950.00   4.2305405e-08
      1960.00   4.2229424e-08
      1970.00   4.2149124e-08
      1980.00   4.2064635e-08
      1990.00   4.1976076e-08
      2000.00   4.1883559e-08
      2010.00   4.1787206e-08
      2020.00   4.1687132e-08
      2030.00   4.1583447e-08
      2040.00   4.1476267e-08
      2050.00   4.1365697e-08
      2060.00   4.1251846e-08
      2070.00   4.1134818e-08
      2080.00   4.1014725e-08
      2090.00   4.0891655e-08
      2100.00   4.0765718e-08
      2110.00   4.0637011e-08
      2120.00   4.0505627e-08
      2130.00   4.0371667e-08
      2140.00   4.0235216e-08
      2150.00   4.0096371e-08
      2160.00   3.9955218e-08
      2170.00   3.9811841e-08
      2180.00   3.9666335e-08
      2190.00   3.9518776e-08
      2200.00   3.9369248e-08
      2210.00   3.9217834e-08
      2220.00   3.9064608e-08
      2230.00   3.8909651e-08
      2240.00   3.8753034e-08
      2250.00   3.8594836e-08
      2260.00   3.8435126e-08
      2270.00   3.8273969e-08
      2280.00   3.8111444e-08
      2290.00   3.7947609e-08
      2300.00   3.7782536e-08
      2310.00   3.7616286e-08
      2320.00   3.7448922e-08
      2330.00   3.7280507e-08
      2340.00   3.7111095e-08
      2350.00   3.6940748e-08
      2360.00   3.6769524e-08
      2370.00   3.6597478e-08
      2380.00   3.6424660e-08
      2390.00   3.6251125e-08
      2400.00   3.6076926e-08
      2410.00   3.5902107e-08
      2420.00   3.5726724e-08
      2430.00   3.5550821e-08
      2440.00   3.5374443e-08
      2450.00   3.5197638e-08
      2460.00   3.5020451e-08
      2470.00   3.4842915e-08
      2480.00   3.4665076e-08
      2490.00   3.4486981e-08
      2500.00   3.4308662e-08
      2510.00   3.4130159e-08
      2520.00   3.3951511e-08
      2530.00   3.3772747e-08
      2540.00   3.3593911e-08
      2550.00   3.3415033e-08
      2560.00   3.3236143e-08
      2570.00   3.3057276e-08
      2580.00   3.2878463e-08
      2590.00   3.2699733e-08
      2600.00   3.2521119e-08
      2610.00   3.2342644e-08
      2620.00   3.2164339e-08
      2630.00   3.1986226e-08
      2640.00   3.1808336e-08
      2650.00   3.1630691e-08
      2660.00   3.1453319e-08
      2670.00   3.1276238e-08
      2680.00   3.1099476e-08
      2690.00   3.0923050e-08
      2700.00   3.0746981e-08
      2710.00   3.0571295e-08
      2720.00   3.0396010e-08
      2730.00   3.0221140e-08
      2740.00   3.0046709e-08
      2750.00   2.9872733e-08
      2760.00   2.9699232e-08
      2770.00   2.9526216e-08
      2780.00   2.9353706e-08
      2790.00   2.9181719e-08
      2800.00   2.9010263e-08
      2810.00   2.8839358e-08
      2820.00   2.8669019e-08
      2830.00   2.8499253e-08
      2840.00   2.8330078e-08
      2850.00   2.8161503e-08
      2860.00   2.7993543e-08
      2870.00   2.7826207e-08
      2880.00   2.7659503e-08
      2890.00   2.7493447e-08
      2900.00   2.7328045e-08
      2910.00   2.7163312e-08
      2920.00   2.6999250e-08
      2930.00   2.6835869e-08
      2940.00   2.6673180e-08
      2950.00   2.6511190e-08
      2960.00   2.6349904e-08
      2970.00   2.6189335e-08
      2980.00   2.6029483e-08
      2990.00   2.5870358e-08
      3000.00   2.5711967e-08
      3010.00   2.5554310e-08
      3020.00   2.5397400e-08
      3030.00   2.5241236e-08
      3040.00   2.5085828e-08
      3050.00   2.4931178e-08
      3060.00   2.4777289e-08
      3070.00   2.4624166e-08
      3080.00   2.4471812e-08
      3090.00   2.4320231e-08
      3100.00   2.4169428e-08
      3110.00   2.4019401e-08
      3120.00   2.3870161e-08
      3130.00   2.3721701e-08
      3140.00   2.3574030e-08
      3150.00   2.3427145e-08
      3160.00   2.3281054e-08
      3170.00   2.3135749e-08
      3180.00   2.2991242e-08
      3190.00   2.2847527e-08
      3200.00   2.2704609e-08
      3210.00   2.2562484e-08
      3220.00   2.2421160e-08
      3230.00   2.2280629e-08
      3240.00   2.2140896e-08
      3250.00   2.2001962e-08
      3260.00   2.1863826e-08
      3270.00   2.1726485e-08
      3280.00   2.1589943e-08
      3290.00   2.1454195e-08
      3300.00   2.1319245e-08
      3310.00   2.1185089e-08
      3320.00   2.1051725e-08
      3330.00   2.0919156e-08
      3340.00   2.0787379e-08
      3350.00   2.0656391e-08
      3360.00   2.0526193e-08
      3370.00   2.0396783e-08
      3380.00   2.0268158e-08
      3390.00   2.0140319e-08
      3400.00   2.0013262e-08
      3410.00   1.9886987e-08
      3420.00   1.9761489e-08
      3430.00   1.9636769e-08
      3440.00   1.9512823e-08
      3450.00   1.9389647e-08
      3460.00   1.9267246e-08
      3470.00   1.9145610e-08
      3480.00   1.9024737e-08
      3490.00   1.8904629e-08
      3500.00   1.8785281e-08
      3510.00   1.8666690e-08
      3520.00   1.8548854e-08
      3530.00   1.8431770e-08
      3540.00   1.8315434e-08
      3550.00   1.8199845e-08
      3560.00   1.8085000e-08
      3570.00   1.7970894e-08
      3580.00   1.7857526e-08
      3590.00   1.7744891e-08
      3600.00   1.7632987e-08
      3610.00   1.7521814e-08
      3620.00   1.7411363e-08
      3630.00   1.7301631e-08
      3640.00   1.7192620e-08
      3650.00   1.7084324e-08
      3660.00   1.6976738e-08
      3670.00   1.6869860e-08
      3680.00   1.6763688e-08
      3690.00   1.6658215e-08
      3700.00   1.6553441e-08
      3710.00   1.6449362e-08
      3720.00   1.6345972e-08
      3730.00   1.6243271e-08
      3740.00   1.6141252e-08
      3750.00   1.6039915e-08
      3760.00   1.5939252e-08
      3770.00   1.5839263e-08
      3780.00   1.5739943e-08
      3790.00   1.5641287e-08
      3800.00   1.5543296e-08
      3810.00   1.5445962e-08
      3820.00   1.5349283e-08
      3830.00   1.5253254e-08
      3840.00   1.5157872e-08
      3850.00   1.5063135e-08
      3860.00   1.4969036e-08
      3870.00   1.4875575e-08
      3880.00   1.4782746e-08
      3890.00   1.4690545e-08
      3900.00   1.4598970e-08
      3910.00   1.4508016e-08
      3920.00   1.4417680e-08
      3930.00   1.4327957e-08
      3940.00   1.4238845e-08
      3950.00   1.4150339e-08
      3960.00   1.4062437e-08
      3970.00   1.3975133e-08
      3980.00   1.3888426e-08
      3990.00   1.3802309e-08
      4000.00   1.3716780e-08
      4010.00   1.3631836e-08
      4020.00   1.3547473e-08
      4030.00   1.3463687e-08
      4040.00   1.3380473e-08
      4050.00   1.3297831e-08
      4060.00   1.3215752e-08
      4070.00   1.3134238e-08
      4080.00   1.3053282e-08
      4090.00   1.2972880e-08
      4100.00   1.2893031e-08
      4110.00   1.2813730e-08
      4120.00   1.2734972e-08
      4130.00   1.2656756e-08
      4140.00   1.2579076e-08
      4150.00   1.2501932e-08
      4160.00   1.2425316e-08
      4170.00   1.2349227e-08
      4180.00   1.2273661e-08
      4190.00   1.2198614e-08
      4200.00   1.2124083e-08
      4210.00   1.2050067e-08
      4220.00   1.1976557e-08
      4230.00   1.1903555e-08
      4240.00   1.1831053e-08
      4250.00   1.1759052e-08
      4260.00   1.1687545e-08
      4270.00   1.1616530e-08
      4280.00   1.1546005e-08
      4290.00   1.1475964e-08
      4300.00   1.1406406e-08
      4310.00   1.1337326e-08
      4320.00   1.1268721e-08
      4330.00   1.1200587e-08
      4340.00   1.1132923e-08
      4350.00   1.1065725e-08
      4360.00   1.0998988e-08
      4370.00   1.0932711e-08
      4380.00   1.0866889e-08
      4390.00   1.0801520e-08
      4400.00   1.0736600e-08
      4410.00   1.0672127e-08
      4420.00   1.0608096e-08
      4430.00   1.0544506e-08
      4440.00   1.0481352e-08
      4450.00   1.0418632e-08
      4460.00   1.0356343e-08
      4470.00   1.0294481e-08
      4480.00   1.0233044e-08
      4490.00   1.0172028e-08
      4500.00   1.0111432e-08
      4510.00   1.0051250e-08
      4520.00   9.9914817e-09
      4530.00   9.9321218e-09
      4540.00   9.8731692e-09
      4550.00   9.8146208e-09
      4560.00   9.7564731e-09
      4570.00   9.6987226e-09
      4580.00   9.6413679e-09
      4590.00   9.5844054e-09
      4600.00   9.5278326e-09
      4610.00   9.4716467e-09
      4620.00   9.4158438e-09
      4630.00   9.3604221e-09
      4640.00   9.3053794e-09
      4650.00   9.2507122e-09
      4660.00   9.1964179e-09
      4670.00   9.1424930e-09
      4680.00   9.0889361e-09
      4690.00   9.0357444e-09
      4700.00   8.9829139e-09
      4710.00   8.9304440e-09
      4720.00   8.8783301e-09
      4730.00   8.8265707e-09
      4740.00   8.7751640e-09
      4750.00   8.7241053e-09
      4760.00   8.6733940e-09
      4770.00   8.6230266e-09
      4780.00   8.5730004e-09
      4790.00   8.5233139e-09
      4800.00   8.4739638e-09
      4810.00   8.4249474e-09
      4820.00   8.3762625e-09
      4830.00   8.3279076e-09
      4840.00   8.2798795e-09
      4850.00   8.2321758e-09
      4860.00   8.1847942e-09
      4870.00   8.1377326e-09
      4880.00   8.0909879e-09
      4890.00   8.0445587e-09
      4900.00   7.9984421e-09
      4910.00   7.9526360e-09
      4920.00   7.9071391e-09
      4930.00   7.8619462e-09
      4940.00   7.8170584e-09
      4950.00   7.7724715e-09
      4960.00   7.7281834e-09
      4970.00   7.6841930e-09
      4980.00   7.6404976e-09
      4990.00   7.5970947e-09
      5000.00   7.5539824e-09
      5010.00   7.5111588e-09
      5020.00   7.4686209e-09
      5030.00   7.4263674e-09
      5040.00   7.3843967e-09
      5050.00   7.3427051e-09
      5060.00   7.3012915e-09
      5070.00   7.2601549e-09
      5080.00   7.2192911e-09
      5090.00   7.1786998e-09
      5100.00   7.1383786e-09
      5110.00   7.0983249e-09
      5120.00   7.0585371e-09
      5130.00   7.0190131e-09
      5140.00   6.9797518e-09
      5150.00   6.9407502e-09
      5160.00   6.9020072e-09
      5170.00   6.8635204e-09
      5180.00   6.8252878e-09
      5190.00   6.7873084e-09
      5200.00   6.7495793e-09
      5210.00   6.7120992e-09
      5220.00   6.6748661e-09
      5230.00   6.6378783e-09
      5240.00   6.6011343e-09
      5250.00   6.5646315e-09
      5260.00   6.5283685e-09
      5270.00   6.4923436e-09
      5280.00   6.4565555e-09
      5290.00   6.4210021e-09
      5300.00   6.3856813e-09
      5310.00   6.3505922e-09
      5320.00   6.3157325e-09
      5330.00   6.2811004e-09
      5340.00   6.2466948e-09
      5350.00   6.2125137e-09
      5360.00   6.1785557e-09
      5370.00   6.1448187e-09
      5380.00   6.1113016e-09
      5390.00   6.0780022e-09
      5400.00   6.0449191e-09
      5410.00   6.0120515e-09
      5420.00   5.9793968e-09
      5430.00   5.9469542e-09
      5440.00   5.9147220e-09
      5450.00   5.8826983e-09
      5460.00   5.8508811e-09
      5470.00   5.8192703e-09
      5480.00   5.7878632e-09
      5490.00   5.7566593e-09
      5500.00   5.7256560e-09
      5510.00   5.6948532e-09
      5520.00   5.6642484e-09
      5530.00   5.6338404e-09
      5540.00   5.6036274e-09
      5550.00   5.5736093e-09
      5560.00   5.5437826e-09
      5570.00   5.5141479e-09
      5580.00   5.4847033e-09
      5590.00   5.4554467e-09
      5600.00   5.4263768e-09
      5610.00   5.3974931e-09
      5620.00   5.3687935e-09
      5630.00   5.3402773e-09
      5640.00   5.3119429e-09
      5650.00   5.2837883e-09
      5660.00   5.2558133e-09
      5670.00   5.2280160e-09
      5680.00   5.2003952e-09
      5690.00   5.1729496e-09
      5700.00   5.1456781e-09
      5710.00   5.1185791e-09
      5720.00   5.0916523e-09
      5730.00   5.0648947e-09
      5740.00   5.0383073e-09
      5750.00   5.0118868e-09
      5760.00   4.9856331e-09
      5770.00   4.9595451e-09
      5780.00   4.9336211e-09
      5790.00   4.9078601e-09
      5800.00   4.8822610e-09
      5810.00   4.8568233e-09
      5820.00   4.8315447e-09
      5830.00   4.8064245e-09
      5840.00   4.7814616e-09
      5850.00   4.7566547e-09
      5860.00   4.7320030e-09
      5870.00   4.7075053e-09
      5880.00   4.6831604e-09
      5890.00   4.6589675e-09
      5900.00   4.6349250e-09
      5910.00   4.6110323e-09
      5920.00   4.5872877e-09
      5930.00   4.5636912e-09
      5940.00   4.5402411e-09
      5950.00   4.5169362e-09
      5960.00   4.4937757e-09
      5970.00   4.4707584e-09
      5980.00   4.4478837e-09
      5990.00   4.4251504e-09
      6000.00   4.4025573e-09
      6010.00   4.3801032e-09
      6020.00   4.3577877e-09
      6030.00   4.3356098e-09
      6040.00   4.3135681e-09
      6050.00   4.2916618e-09
      6060.00   4.2698899e-09
      6070.00   4.2482517e-09
      6080.00   4.2267462e-09
      6090.00   4.2053723e-09
      6100.00   4.1841291e-09
      6110.00   4.1630154e-09
      6120.00   4.1420313e-09
      6130.00   4.1211746e-09
      6140.00   4.1004454e-09
      6150.00   4.0798421e-09
      6160.00   4.0593642e-09
      6170.00   4.0390108e-09
      6180.00   4.0187809e-09
      6190.00   3.9986736e-09
      6200.00   3.9786887e-09
      6210.00   3.9588243e-09
      6220.00   3.9390801e-09
      6230.00   3.9194556e-09
      6240.00   3.8999495e-09
      6250.00   3.8805606e-09
      6260.00   3.8612890e-09
      6270.00   3.8421336e-09
      6280.00   3.8230932e-09
      6290.00   3.8041670e-09
      6300.00   3.7853547e-09
      6310.00   3.7666552e-09
      6320.00   3.7480682e-09
      6330.00   3.7295917e-09
      6340.00   3.7112259e-09
      6350.00   3.6929705e-09
      6360.00   3.6748237e-09
      6370.00   3.6567850e-09
      6380.00   3.6388540e-09
      6390.00   3.6210298e-09
      6400.00   3.6033115e-09
      6410.00   3.5856985e-09
      6420.00   3.5681901e-09
      6430.00   3.5507857e-09
      6440.00   3.5334846e-09
      6450.00   3.5162856e-09
      6460.00   3.4991884e-09
      6470.00   3.4821923e-09
      6480.00   3.4652964e-09
      6490.00   3.4485006e-09
      6500.00   3.4318035e-09
      6510.00   3.4152048e-09
      6520.00   3.3987038e-09
      6530.00   3.3822995e-09
      6540.00   3.3659916e-09
      6550.00   3.3497796e-09
      6560.00   3.3336624e-09
      6570.00   3.3176395e-09
      6580.00   3.3017105e-09
      6590.00   3.2858746e-09
      6600.00   3.2701311e-09
      6610.00   3.2544794e-09
      6620.00   3.2389190e-09
      6630.00   3.2234488e-09
      6640.00   3.2080689e-09
      6650.00   3.1927785e-09
      6660.00   3.1775767e-09
      6670.00   3.1624630e-09
      6680.00   3.1474372e-09
      6690.00   3.1324979e-09
      6700.00   3.1176454e-09
      6710.00   3.1028785e-09
      6720.00   3.0881969e-09
      6730.00   3.0735998e-09
      6740.00   3.0590872e-09
      6750.00   3.0446578e-09
      6760.00   3.0303116e-09
      6770.00   3.0160479e-09
      6780.00   3.0018658e-09
      6790.00   2.9877653e-09
      6800.00   2.9737453e-09
      6810.00   2.9598059e-09
      6820.00   2.9459460e-09
      6830.00   2.9321654e-09
      6840.00   2.9184633e-09
      6850.00   2.9048393e-09
      6860.00   2.8912931e-09
      6870.00   2.8778238e-09
      6880.00   2.8644313e-09
      6890.00   2.8511148e-09
      6900.00   2.8378736e-09
      6910.00   2.8247078e-09
      6920.00   2.8116169e-09
      6930.00   2.7985995e-09
      6940.00   2.7856561e-09
      6950.00   2.7727856e-09
      6960.00   2.7599876e-09
      6970.00   2.7472619e-09
      6980.00   2.7346080e-09
      6990.00   2.7220254e-09
      7000.00   2.7095133e-09
      7010.00   2.6970714e-09
      7020.00   2.6846994e-09
      7030.00   2.6723971e-09
      7040.00   2.6601633e-09
      7050.00   2.6479982e-09
      7060.00   2.6359010e-09
      7070.00   2.6238715e-09
      7080.00   2.6119088e-09
      7090.00   2.6000130e-09
      7100.00   2.5881834e-09
      7110.00   2.5764197e-09
      7120.00   2.5647215e-09
      7130.00   2.5530883e-09
      7140.00   2.5415193e-09
      7150.00   2.5300148e-09
      7160.00   2.5185738e-09
      7170.00   2.5071960e-09
      7180.00   2.4958812e-09
      7190.00   2.4846291e-09
      7200.00   2.4734388e-09
      7210.00   2.4623104e-09
      7220.00   2.4512434e-09
      7230.00   2.4402369e-09
      7240.00   2.4292914e-09
      7250.00   2.4184054e-09
      7260.00   2.4075794e-09
      7270.00   2.3968129e-09
      7280.00   2.3861051e-09
      7290.00   2.3754560e-09
      7300.00   2.3648652e-09
      7310.00   2.3543323e-09
      7320.00   2.3438566e-09
      7330.00   2.3334382e-09
      7340.00   2.3230763e-09
      7350.00   2.3127709e-09
      7360.00   2.3025216e-09
      7370.00   2.2923281e-09
      7380.00   2.2821895e-09
      7390.00   2.2721062e-09
      7400.00   2.2620772e-09
      7410.00   2.2521027e-09
      7420.00   2.2421820e-09
      7430.00   2.2323149e-09
      7440.00   2.2225009e-09
      7450.00   2.2127400e-09
      7460.00   2.2030317e-09
      7470.00   2.1933755e-09
      7480.00   2.1837712e-09
      7490.00   2.1742185e-09
      7500.00   2.1647172e-09
      7510.00   2.1552666e-09
      7520.00   2.1458666e-09
      7530.00   2.1365169e-09
      7540.00   2.1272174e-09
      7550.00   2.1179673e-09
      7560.00   2.1087667e-09
      7570.00   2.0996151e-09
      7580.00   2.0905120e-09
      7590.00   2.0814577e-09
      7600.00   2.0724514e-09
      7610.00   2.0634928e-09
      7620.00   2.0545820e-09
      7630.00   2.0457180e-09
      7640.00   2.0369014e-09
      7650.00   2.0281311e-09
      7660.00   2.0194074e-09
      7670.00   2.0107296e-09
      7680.00   2.0020976e-09
      7690.00   1.9935112e-09
      7700.00   1.9849700e-09
      7710.00   1.9764736e-09
      7720.00   1.9680219e-09
      7730.00   1.9596148e-09
      7740.00   1.9512517e-09
      7750.00   1.9429323e-09
      7760.00   1.9346566e-09
      7770.00   1.9264242e-09
      7780.00   1.9182347e-09
      7790.00   1.9100881e-09
      7800.00   1.9019840e-09
      7810.00   1.8939220e-09
      7820.00   1.8859023e-09
      7830.00   1.8779241e-09
      7840.00   1.8699874e-09
      7850.00   1.8620919e-09
      7860.00   1.8542374e-09
      7870.00   1.8464237e-09
      7880.00   1.8386503e-09
      7890.00   1.8309173e-09
      7900.00   1.8232241e-09
      7910.00   1.8155709e-09
      7920.00   1.8079570e-09
      7930.00   1.8003823e-09
      7940.00   1.7928468e-09
      7950.00   1.7853499e-09
      7960.00   1.7778918e-09
      7970.00   1.7704718e-09
      7980.00   1.7630900e-09
      7990.00   1.7557460e-09
      8000.00   1.7484396e-09
