      1600.00   5.3910579e-08
      1610.00   5.4033086e-08
      1620.00   5.4144255e-08
      1630.00   5.4244317e-08
      1640.00   5.4333467e-08
      1650.00   5.4411924e-08
      1660.00   5.4479900e-08
      1670.00   5.4537618e-08
      1680.00   5.4585279e-08
      1690.00   5.4623107e-08
      1700.00   5.4651317e-08
      1710.00   5.4670123e-08
      1720.00   5.4679734e-08
      1730.00   5.4680365e-08
      1740.00   5.4672220e-08
      1750.00   5.4655521e-08
      1760.00   5.4630465e-08
      1770.00   5.4597268e-08
      1780.00   5.4556130e-08
      1790.00   5.4507255e-08
      1800.00   5.4450841e-08
      1810.00   5.4387100e-08
      1820.00   5.4316204e-08
      1830.00   5.4238372e-08
      1840.00   5.4153784e-08
      1850.00   5.4062632e-08
      1860.00   5.3965101e-08
      1870.00   5.3861384e-08
      1880.00   5.3751652e-08
      1890.00   5.3636091e-08
      1900.00   5.3514875e-08
      1910.00   5.3388177e-08
      1920.00   5.3256167e-08
      1930.00   5.3119016e-08
      1940.00   5.2976894e-08
      1950.00   5.2829954e-08
      1960.00   5.2678362e-08
      1970.00   5.2522268e-08
      1980.00   5.2361835e-08
      1990.00   5.2197211e-08
      2000.00   5.2028536e-08
      2010.00   5.1855965e-08
      2020.00   5.1679637e-08
      2030.00   5.1499690e-08
      2040.00   5.1316265e-08
      2050.00   5.1129493e-08
      2060.00   5.0939504e-08
      2070.00   5.0746426e-08
      2080.00   5.0550393e-08
      2090.00   5.0351514e-08
      2100.00   5.0149916e-08
      2110.00   4.9945720e-08
      2120.00   4.9739035e-08
      2130.00   4.9529980e-08
      2140.00   4.9318655e-08
      2150.00   4.9105175e-08
      2160.00   4.8889642e-08
      2170.00   4.8672152e-08
      2180.00   4.8452816e-08
      2190.00   4.8231724e-08
      2200.00   4.8008971e-08
      2210.00   4.7784653e-08
      2220.00   4.7558855e-08
      2230.00   4.7331670e-08
      2240.00   4.7103178e-08
      2250.00   4.6873468e-08
      2260.00   4.6642619e-08
      2270.00   4.6410704e-08
      2280.00   4.6177811e-08
      2290.00   4.5944005e-08
      2300.00   4.5709367e-08
      2310.00   4.5473963e-08
      2320.00   4.5237863e-08
      2330.00   4.5001137e-08
      2340.00   4.4763843e-08
      2350.00   4.4526051e-08
      2360.00   4.4287820e-08
      2370.00   4.4049214e-08
      2380.00   4.3810284e-08
      2390.00   4.3571089e-08
      2400.00   4.3331687e-08
      2410.00   4.3092124e-08
      2420.00   4.2852460e-08
      2430.00   4.2612740e-08
      2440.00   4.2373014e-08
      2450.00   4.2133330e-08
      2460.00   4.1893736e-08
      2470.00   4.1654264e-08
      2480.00   4.1414965e-08
      2490.00   4.1175885e-08
      2500.00   4.0937057e-08
      2510.00   4.0698522e-08
      2520.00   4.0460321e-08
      2530.00   4.0222480e-08
      2540.00   3.9985046e-08
      2550.00   3.9748048e-08
      2560.00   3.9511515e-08
      2570.00   3.9275482e-08
      2580.00   3.9039981e-08
      2590.00   3.8805037e-08
      2600.00   3.8570685e-08
      2610.00   3.8336947e-08
      2620.00   3.8103851e-08
      2630.00   3.7871419e-08
      2640.00   3.7639679e-08
      2650.00   3.7408654e-08
      2660.00   3.7178369e-08
      2670.00   3.6948841e-08
      2680.00   3.6720095e-08
      2690.00   3.6492149e-08
      2700.00   3.6265017e-08
      2710.00   3.6038727e-08
      2720.00   3.5813295e-08
      2730.00   3.5588729e-08
      2740.00   3.5365055e-08
      2750.00   3.5142284e-08
      2760.00   3.4920435e-08
      2770.00   3.4699515e-08
      2780.00   3.4479541e-08
      2790.00   3.4260531e-08
      2800.00   3.4042487e-08
      2810.00   3.3825427e-08
      2820.00   3.3609365e-08
      2830.00   3.3394303e-08
      2840.00   3.3180257e-08
      2850.00   3.2967234e-08
      2860.00   3.2755246e-08
      2870.00   3.2544297e-08
      2880.00   3.2334395e-08
      2890.00   3.2125551e-08
      2900.00   3.1917767e-08
      2910.00   3.1711059e-08
      2920.00   3.1505423e-08
      2930.00   3.1300867e-08
      2940.00   3.1097397e-08
      2950.00   3.0895020e-08
      2960.00   3.0693735e-08
      2970.00   3.0493554e-08
      2980.00   3.0294473e-08
      2990.00   3.0096499e-08
      3000.00   2.9899636e-08
      3010.00   2.9703881e-08
      3020.00   2.9509243e-08
      3030.00   2.9315719e-08
      3040.00   2.9123316e-08
      3050.00   2.8932031e-08
      3060.00   2.8741867e-08
      3070.00   2.8552823e-08
      3080.00   2.8364899e-08
      3090.00   2.8178099e-08
      3100.00   2.7992422e-08
      3110.00   2.7807863e-08
      3120.00   2.7624431e-08
      3130.00   2.7442115e-08
      3140.00   2.7260923e-08
      3150.00   2.7080846e-08
      3160.00   2.6901891e-08
      3170.00   2.6724045e-08
      3180.00   2.6547321e-08
      3190.00   2.6371705e-08
      3200.00   2.6197202e-08
      3210.00   2.6023805e-08
      3220.00   2.5851518e-08
      3230.00   2.5680330e-08
      3240.00   2.5510244e-08
      3250.00   2.5341258e-08
      3260.00   2.5173367e-08
      3270.00   2.5006566e-08
      3280.00   2.4840856e-08
      3290.00   2.4676229e-08
      3300.00   2.4512687e-08
      3310.00   2.4350222e-08
      3320.00   2.4188830e-08
      3330.00   2.4028511e-08
      3340.00   2.3869259e-08
      3350.00   2.3711069e-08
      3360.00   2.3553938e-08
      3370.00   2.3397862e-08
      3380.00   2.3242836e-08
      3390.00   2.3088858e-08
      3400.00   2.2935920e-08
      3410.00   2.2784022e-08
      3420.00   2.2633154e-08
      3430.00   2.2483316e-08
      3440.00   2.2334500e-08
      3450.00   2.2186701e-08
      3460.00   2.2039921e-08
      3470.00   2.1894146e-08
      3480.00   2.1749375e-08
      3490.00   2.1605604e-08
      3500.00   2.1462827e-08
      3510.00   2.1321038e-08
      3520.00   2.1180234e-08
      3530.00   2.1040410e-08
      3540.00   2.0901557e-08
      3550.00   2.0763673e-08
      3560.00   2.0626754e-08
      3570.00   2.0490791e-08
      3580.00   2.0355782e-08
      3590.00   2.0221718e-08
      3600.00   2.0088597e-08
      3610.00   1.9956416e-08
      3620.00   1.9825163e-08
      3630.00   1.9694833e-08
      3640.00   1.9565426e-08
      3650.00   1.9436936e-08
      3660.00   1.9309353e-08
      3670.00   1.9182674e-08
      3680.00   1.9056895e-08
      3690.00   1.8932007e-08
      3700.00   1.8808008e-08
      3710.00   1.8684892e-08
      3720.00   1.8562651e-08
      3730.00   1.8441283e-08
      3740.00   1.8320780e-08
      3750.00   1.8201137e-08
      3760.00   1.8082348e-08
      3770.00   1.7964409e-08
      3780.00   1.7847314e-08
      3790.00   1.7731055e-08
      3800.00   1.7615633e-08
      3810.00   1.7501036e-08
      3820.00   1.7387262e-08
      3830.00   1.7274304e-08
      3840.00   1.7162156e-08
      3850.00   1.7050815e-08
      3860.00   1.6940273e-08
      3870.00   1.6830528e-08
      3880.00   1.6721571e-08
      3890.00   1.6613399e-08
      3900.00   1.6506005e-08
      3910.00   1.6399386e-08
      3920.00   1.6293534e-08
      3930.00   1.6188445e-08
      3940.00   1.6084113e-08
      3950.00   1.5980535e-08
      3960.00   1.5877704e-08
      3970.00   1.5775614e-08
      3980.00   1.5674262e-08
      3990.00   1.5573640e-08
      4000.00   1.5473745e-08
      4010.00   1.5374571e-08
      4020.00   1.5276114e-08
      4030.00   1.5178367e-08
      4040.00   1.5081326e-08
      4050.00   1.4984987e-08
      4060.00   1.4889342e-08
      4070.00   1.4794390e-08
      4080.00   1.4700122e-08
      4090.00   1.4606536e-08
      4100.00   1.4513626e-08
      4110.00   1.4421388e-08
      4120.00   1.4329814e-08
      4130.00   1.4238903e-08
      4140.00   1.4148647e-08
      4150.00   1.4059046e-08
      4160.00   1.3970089e-08
      4170.00   1.3881775e-08
      4180.00   1.3794098e-08
      4190.00   1.3707054e-08
      4200.00   1.3620638e-08
      4210.00   1.3534848e-08
      4220.00   1.3449673e-08
      4230.00   1.3365115e-08
      4240.00   1.3281164e-08
      4250.00   1.3197820e-08
      4260.00   1.3115077e-08
      4270.00   1.3032928e-08
      4280.00   1.2951373e-08
      4290.00   1.2870404e-08
      4300.00   1.2790019e-08
      4310.00   1.2710211e-08
      4320.00   1.2630978e-08
      4330.00   1.2552314e-08
      4340.00   1.2474216e-08
      4350.00   1.2396680e-08
      4360.00   1.2319700e-08
      4370.00   1.2243274e-08
      4380.00   1.2167395e-08
      4390.00   1.2092061e-08
      4400.00   1.2017268e-08
      4410.00   1.1943011e-08
      4420.00   1.1869286e-08
      4430.00   1.1796088e-08
      4440.00   1.1723416e-08
      4450.00   1.1651263e-08
      4460.00   1.1579627e-08
      4470.00   1.1508502e-08
      4480.00   1.1437886e-08
      4490.00   1.1367774e-08
      4500.00   1.1298164e-08
      4510.00   1.1229049e-08
      4520.00   1.1160428e-08
      4530.00   1.1092295e-08
      4540.00   1.1024648e-08
      4550.00   1.0957484e-08
      4560.00   1.0890797e-08
      4570.00   1.0824583e-08
      4580.00   1.0758841e-08
      4590.00   1.0693567e-08
      4600.00   1.0628755e-08
      4610.00   1.0564404e-08
      4620.00   1.0500509e-08
      4630.00   1.0437066e-08
      4640.00   1.0374074e-08
      4650.00   1.0311527e-08
      4660.00   1.0249424e-08
      4670.00   1.0187758e-08
      4680.00   1.0126529e-08
      4690.00   1.0065732e-08
      4700.00   1.0005364e-08
      4710.00   9.9454220e-09
      4720.00   9.8859020e-09
      4730.00   9.8268013e-09
      4740.00   9.7681177e-09
      4750.00   9.7098456e-09
      4760.00   9.6519839e-09
      4770.00   9.5945284e-09
      4780.00   9.5374759e-09
      4790.00   9.4808242e-09
      4800.00   9.4245693e-09
      4810.00   9.3687081e-09
      4820.00   9.3132377e-09
      4830.00   9.2581560e-09
      4840.00   9.2034591e-09
      4850.00   9.1491443e-09
      4860.00   9.0952086e-09
      4870.00   9.0416493e-09
      4880.00   8.9884627e-09
      4890.00   8.9356470e-09
      4900.00   8.8831987e-09
      4910.00   8.8311150e-09
      4920.00   8.7793944e-09
      4930.00   8.7280307e-09
      4940.00   8.6770249e-09
      4950.00   8.6263721e-09
      4960.00   8.5760697e-09
      4970.00   8.5261161e-09
      4980.00   8.4765082e-09
      4990.00   8.4272428e-09
      5000.00   8.3783177e-09
      5010.00   8.3297304e-09
      5020.00   8.2814775e-09
      5030.00   8.2335572e-09
      5040.00   8.1859675e-09
      5050.00   8.1387040e-09
      5060.00   8.0917654e-09
      5070.00   8.0451501e-09
      5080.00   7.9988535e-09
      5090.00   7.9528749e-09
      5100.00   7.9072115e-09
      5110.00   7.8618600e-09
      5120.00   7.8168186e-09
      5130.00   7.7720847e-09
      5140.00   7.7276570e-09
      5150.00   7.6835317e-09
      5160.00   7.6397076e-09
      5170.00   7.5961817e-09
      5180.00   7.5529517e-09
      5190.00   7.5100162e-09
      5200.00   7.4673719e-09
      5210.00   7.4250170e-09
      5220.00   7.3829493e-09
      5230.00   7.3411666e-09
      5240.00   7.2996670e-09
      5250.00   7.2584476e-09
      5260.00   7.2175065e-09
      5270.00   7.1768419e-09
      5280.00   7.1364519e-09
      5290.00   7.0963341e-09
      5300.00   7.0564861e-09
      5310.00   7.0169066e-09
      5320.00   6.9775929e-09
      5330.00   6.9385430e-09
      5340.00   6.8997554e-09
      5350.00   6.8612277e-09
      5360.00   6.8229582e-09
      5370.00   6.7849445e-09
      5380.00   6.7471852e-09
      5390.00   6.7096777e-09
      5400.00   6.6724202e-09
      5410.00   6.6354118e-09
      5420.00   6.5986496e-09
      5430.00   6.5621322e-09
      5440.00   6.5258579e-09
      5450.00   6.4898244e-09
      5460.00   6.4540292e-09
      5470.00   6.4184722e-09
      5480.00   6.3831503e-09
      5490.00   6.3480627e-09
      5500.00   6.3132064e-09
      5510.00   6.2785812e-09
      5520.00   6.2441843e-09
      5530.00   6.2100141e-09
      5540.00   6.1760685e-09
      5550.00   6.1423473e-09
      5560.00   6.1088466e-09
      5570.00   6.0755668e-09
      5580.00   6.0425058e-09
      5590.00   6.0096610e-09
      5600.00   5.9770311e-09
      5610.00   5.9446152e-09
      5620.00   5.9124110e-09
      5630.00   5.8804175e-09
      5640.00   5.8486330e-09
      5650.00   5.8170550e-09
      5660.00   5.7856833e-09
      5670.00   5.7545156e-09
      5680.00   5.7235506e-09
      5690.00   5.6927865e-09
      5700.00   5.6622222e-09
      5710.00   5.6318560e-09
      5720.00   5.6016870e-09
      5730.00   5.5717122e-09
      5740.00   5.5419324e-09
      5750.00   5.5123440e-09
      5760.00   5.4829467e-09
      5770.00   5.4537391e-09
      5780.00   5.4247195e-09
      5790.00   5.3958864e-09
      5800.00   5.3672387e-09
      5810.00   5.3387757e-09
      5820.00   5.3104947e-09
      5830.00   5.2823950e-09
      5840.00   5.2544752e-09
      5850.00   5.2267338e-09
      5860.00   5.1991699e-09
      5870.00   5.1717819e-09
      5880.00   5.1445686e-09
      5890.00   5.1175289e-09
      5900.00   5.0906611e-09
      5910.00   5.0639642e-09
      5920.00   5.0374366e-09
      5930.00   5.0110780e-09
      5940.00   4.9848864e-09
      5950.00   4.9588606e-09
      5960.00   4.9329996e-09
      5970.00   4.9073018e-09
      5980.00   4.8817667e-09
      5990.00   4.8563927e-09
      6000.00   4.8311787e-09
      6010.00   4.8061231e-09
      6020.00   4.7812253e-09
      6030.00   4.7564843e-09
      6040.00   4.7318985e-09
      6050.00   4.7074669e-09
      6060.00   4.6831882e-09
      6070.00   4.6590618e-09
      6080.00   4.6350865e-09
      6090.00   4.6112609e-09
      6100.00   4.5875839e-09
      6110.00   4.5640542e-09
      6120.00   4.5406720e-09
      6130.00   4.5174347e-09
      6140.00   4.4943422e-09
      6150.00   4.4713928e-09
      6160.00   4.4485860e-09
      6170.00   4.4259207e-09
      6180.00   4.4033956e-09
      6190.00   4.3810098e-09
      6200.00   4.3587629e-09
      6210.00   4.3366529e-09
      6220.00   4.3146793e-09
      6230.00   4.2928416e-09
      6240.00   4.2711382e-09
      6250.00   4.2495678e-09
      6260.00   4.2281305e-09
      6270.00   4.2068249e-09
      6280.00   4.1856497e-09
      6290.00   4.1646040e-09
      6300.00   4.1436875e-09
      6310.00   4.1228987e-09
      6320.00   4.1022375e-09
      6330.00   4.0817014e-09
      6340.00   4.0612908e-09
      6350.00   4.0410052e-09
      6360.00   4.0208424e-09
      6370.00   4.0008022e-09
      6380.00   3.9808838e-09
      6390.00   3.9610864e-09
      6400.00   3.9414088e-09
      6410.00   3.9218502e-09
      6420.00   3.9024100e-09
      6430.00   3.8830875e-09
      6440.00   3.8638817e-09
      6450.00   3.8447914e-09
      6460.00   3.8258161e-09
      6470.00   3.8069552e-09
      6480.00   3.7882076e-09
      6490.00   3.7695729e-09
      6500.00   3.7510498e-09
      6510.00   3.7326379e-09
      6520.00   3.7143362e-09
      6530.00   3.6961438e-09
      6540.00   3.6780602e-09
      6550.00   3.6600849e-09
      6560.00   3.6422166e-09
      6570.00   3.6244546e-09
      6580.00   3.6067987e-09
      6590.00   3.5892478e-09
      6600.00   3.5718010e-09
      6610.00   3.5544579e-09
      6620.00   3.5372176e-09
      6630.00   3.5200792e-09
      6640.00   3.5030424e-09
      6650.00   3.4861066e-09
      6660.00   3.4692705e-09
      6670.00   3.4525339e-09
      6680.00   3.4358961e-09
      6690.00   3.4193558e-09
      6700.00   3.4029133e-09
      6710.00   3.3865672e-09
      6720.00   3.3703172e-09
      6730.00   3.3541623e-09
      6740.00   3.3381024e-09
      6750.00   3.3221363e-09
      6760.00   3.3062636e-09
      6770.00   3.2904840e-09
      6780.00   3.2747960e-09
      6790.00   3.2591998e-09
      6800.00   3.2436942e-09
      6810.00   3.2282792e-09
      6820.00   3.2129536e-09
      6830.00   3.1977171e-09
      6840.00   3.1825689e-09
      6850.00   3.1675085e-09
      6860.00   3.1525355e-09
      6870.00   3.1376489e-09
      6880.00   3.1228485e-09
      6890.00   3.1081335e-09
      6900.00   3.0935032e-09
      6910.00   3.0789574e-09
      6920.00   3.0644957e-09
      6930.00   3.0501167e-09
      6940.00   3.0358205e-09
      6950.00   3.0216063e-09
      6960.00   3.0074735e-09
      6970.00   2.9934217e-09
      6980.00   2.9794505e-09
      6990.00   2.9655593e-09
      7000.00   2.9517471e-09
      7010.00   2.9380137e-09
      7020.00   2.9243587e-09
      7030.00   2.9107817e-09
      7040.00   2.8972816e-09
      7050.00   2.8838585e-09
      7060.00   2.8705116e-09
      7070.00   2.8572403e-09
      7080.00   2.8440441e-09
      7090.00   2.8309227e-09
      7100.00   2.8178755e-09
      7110.00   2.8049021e-09
      7120.00   2.7920021e-09
      7130.00   2.7791749e-09
      7140.00   2.7664195e-09
      7150.00   2.7537363e-09
      7160.00   2.7411242e-09
      7170.00   2.7285829e-09
      7180.00   2.7161121e-09
      7190.00   2.7037114e-09
      7200.00   2.6913798e-09
      7210.00   2.6791175e-09
      7220.00   2.6669239e-09
      7230.00   2.6547979e-09
      7240.00   2.6427401e-09
      7250.00   2.6307489e-09
      7260.00   2.6188247e-09
      7270.00   2.6069671e-09
      7280.00   2.5951750e-09
      7290.00   2.5834487e-09
      7300.00   2.5717874e-09
      7310.00   2.5601908e-09
      7320.00   2.5486581e-09
      7330.00   2.5371894e-09
      7340.00   2.5257839e-09
      7350.00   2.5144415e-09
      7360.00   2.5031617e-09
      7370.00   2.4919442e-09
      7380.00   2.4807879e-09
      7390.00   2.4696934e-09
      7400.00   2.4586596e-09
      7410.00   2.4476865e-09
      7420.00   2.4367735e-09
      7430.00   2.4259202e-09
      7440.00   2.4151264e-09
      7450.00   2.4043916e-09
      7460.00   2.3937155e-09
      7470.00   2.3830976e-09
      7480.00   2.3725376e-09
      7490.00   2.3620350e-09
      7500.00   2.3515897e-09
      7510.00   2.3412010e-09
      7520.00   2.3308688e-09
      7530.00   2.3205925e-09
      7540.00   2.3103722e-09
      7550.00   2.3002070e-09
      7560.00   2.2900969e-09
      7570.00   2.2800415e-09
      7580.00   2.2700400e-09
      7590.00   2.2600928e-09
      7600.00   2.2501993e-09
      7610.00   2.2403588e-09
      7620.00   2.2305714e-09
      7630.00   2.2208363e-09
      7640.00   2.2111538e-09
      7650.00   2.2015230e-09
      7660.00   2.1919440e-09
      7670.00   2.1824161e-09
      7680.00   2.1729391e-09
      7690.00   2.1635128e-09
      7700.00   2.1541370e-09
      7710.00   2.1448109e-09
      7720.00   2.1355346e-09
      7730.00   2.1263078e-09
      7740.00   2.1171299e-09
      7750.00   2.1080008e-09
      7760.00   2.0989202e-09
      7770.00   2.0898877e-09
      7780.00   2.0809029e-09
      7790.00   2.0719658e-09
      7800.00   2.0630759e-09
      7810.00   2.0542329e-09
      7820.00   2.0454368e-09
      7830.00   2.0366869e-09
      7840.00   2.0279831e-09
      7850.00   2.0193250e-09
      7860.00   2.0107125e-09
      7870.00   2.0021453e-09
      7880.00   1.9936229e-09
      7890.00   1.9851453e-09
      7900.00   1.9767120e-09
      7910.00   1.9683229e-09
      7920.00   1.9599776e-09
      7930.00   1.9516759e-09
      7940.00   1.9434175e-09
      7950.00   1.9352021e-09
      7960.00   1.9270298e-09
      7970.00   1.9188996e-09
      7980.00   1.9108119e-09
      7990.00   1.9027661e-09
      8000.00   1.8947620e-09
