      1600.00   5.7434064e-08
      1610.00   5.7542542e-08
      1620.00   5.7639144e-08
      1630.00   5.7724126e-08
      1640.00   5.7797703e-08
      1650.00   5.7860119e-08
      1660.00   5.7911607e-08
      1670.00   5.7952412e-08
      1680.00   5.7982755e-08
      1690.00   5.8002880e-08
      1700.00   5.8013024e-08
      1710.00   5.8013419e-08
      1720.00   5.8004293e-08
      1730.00   5.7985879e-08
      1740.00   5.7958399e-08
      1750.00   5.7922093e-08
      1760.00   5.7877174e-08
      1770.00   5.7823875e-08
      1780.00   5.7762411e-08
      1790.00   5.7693003e-08
      1800.00   5.7615862e-08
      1810.00   5.7531216e-08
      1820.00   5.7439249e-08
      1830.00   5.7340196e-08
      1840.00   5.7234249e-08
      1850.00   5.7121612e-08
      1860.00   5.7002485e-08
      1870.00   5.6877069e-08
      1880.00   5.6745549e-08
      1890.00   5.6608122e-08
      1900.00   5.6464970e-08
      1910.00   5.6316281e-08
      1920.00   5.6162231e-08
      1930.00   5.6003001e-08
      1940.00   5.5838772e-08
      1950.00   5.5669706e-08
      1960.00   5.5495976e-08
      1970.00   5.5317739e-08
      1980.00   5.5135170e-08
      1990.00   5.4948421e-08
      2000.00   5.4757641e-08
      2010.00   5.4562991e-08
      2020.00   5.4364617e-08
      2030.00   5.4162663e-08
      2040.00   5.3957278e-08
      2050.00   5.3748596e-08
      2060.00   5.3536755e-08
      2070.00   5.3321887e-08
      2080.00   5.3104133e-08
      2090.00   5.2883604e-08
      2100.00   5.2660435e-08
      2110.00   5.2434749e-08
      2120.00   5.2206659e-08
      2130.00   5.1976290e-08
      2140.00   5.1743745e-08
      2150.00   5.1509143e-08
      2160.00   5.1272588e-08
      2170.00   5.1034181e-08
      2180.00   5.0794035e-08
      2190.00   5.0552242e-08
      2200.00   5.0308903e-08
      2210.00   5.0064114e-08
      2220.00   4.9817963e-08
      2230.00   4.9570546e-08
      2240.00   4.9321944e-08
      2250.00   4.9072249e-08
      2260.00   4.8821542e-08
      2270.00   4.8569897e-08
      2280.00   4.8317404e-08
      2290.00   4.8064129e-08
      2300.00   4.7810155e-08
      2310.00   4.7555550e-08
      2320.00   4.7300384e-08
      2330.00   4.7044729e-08
      2340.00   4.6788643e-08
      2350.00   4.6532196e-08
      2360.00   4.6275452e-08
      2370.00   4.6018471e-08
      2380.00   4.5761307e-08
      2390.00   4.5504019e-08
      2400.00   4.5246667e-08
      2410.00   4.4989293e-08
      2420.00   4.4731963e-08
      2430.00   4.4474719e-08
      2440.00   4.4217612e-08
      2450.00   4.3960689e-08
      2460.00   4.3703999e-08
      2470.00   4.3447575e-08
      2480.00   4.3191466e-08
      2490.00   4.2935719e-08
      2500.00   4.2680367e-08
      2510.00   4.2425451e-08
      2520.00   4.2171011e-08
      2530.00   4.1917072e-08
      2540.00   4.1663682e-08
      2550.00   4.1410870e-08
      2560.00   4.1158663e-08
      2570.00   4.0907097e-08
      2580.00   4.0656202e-08
      2590.00   4.0406005e-08
      2600.00   4.0156538e-08
      2610.00   3.9907822e-08
      2620.00   3.9659888e-08
      2630.00   3.9412753e-08
      2640.00   3.9166447e-08
      2650.00   3.8920993e-08
      2660.00   3.8676413e-08
      2670.00   3.8432724e-08
      2680.00   3.8189951e-08
      2690.00   3.7948110e-08
      2700.00   3.7707215e-08
      2710.00   3.7467294e-08
      2720.00   3.7228361e-08
      2730.00   3.6990424e-08
      2740.00   3.6753507e-08
      2750.00   3.6517620e-08
      2760.00   3.6282784e-08
      2770.00   3.6049001e-08
      2780.00   3.5816291e-08
      2790.00   3.5584668e-08
      2800.00   3.5354135e-08
      2810.00   3.5124708e-08
      2820.00   3.4896401e-08
      2830.00   3.4669214e-08
      2840.00   3.4443163e-08
      2850.00   3.4218254e-08
      2860.00   3.3994497e-08
      2870.00   3.3771897e-08
      2880.00   3.3550458e-08
      2890.00   3.3330194e-08
      2900.00   3.3111103e-08
      2910.00   3.2893201e-08
      2920.00   3.2676483e-08
      2930.00   3.2460956e-08
      2940.00   3.2246625e-08
      2950.00   3.2033496e-08
      2960.00   3.1821567e-08
      2970.00   3.1610850e-08
      2980.00   3.1401340e-08
      2990.00   3.1193041e-08
      3000.00   3.0985957e-08
      3010.00   3.0780085e-08
      3020.00   3.0575433e-08
      3030.00   3.0371996e-08
      3040.00   3.0169781e-08
      3050.00   2.9968783e-08
      3060.00   2.9769004e-08
      3070.00   2.9570443e-08
      3080.00   2.9373100e-08
      3090.00   2.9176976e-08
      3100.00   2.8982070e-08
      3110.00   2.8788376e-08
      3120.00   2.8595902e-08
      3130.00   2.8404637e-08
      3140.00   2.8214586e-08
      3150.00   2.8025741e-08
      3160.00   2.7838108e-08
      3170.00   2.7651672e-08
      3180.00   2.7466445e-08
      3190.00   2.7282414e-08
      3200.00   2.7099582e-08
      3210.00   2.6917940e-08
      3220.00   2.6737493e-08
      3230.00   2.6558228e-08
      3240.00   2.6380148e-08
      3250.00   2.6203250e-08
      3260.00   2.6027528e-08
      3270.00   2.5852974e-08
      3280.00   2.5679592e-08
      3290.00   2.5507371e-08
      3300.00   2.5336312e-08
      3310.00   2.5166408e-08
      3320.00   2.4997652e-08
      3330.00   2.4830044e-08
      3340.00   2.4663579e-08
      3350.00   2.4498248e-08
      3360.00   2.4334049e-08
      3370.00   2.4170978e-08
      3380.00   2.4009027e-08
      3390.00   2.3848195e-08
      3400.00   2.3688474e-08
      3410.00   2.3529861e-08
      3420.00   2.3372347e-08
      3430.00   2.3215929e-08
      3440.00   2.3060602e-08
      3450.00   2.2906357e-08
      3460.00   2.2753196e-08
      3470.00   2.2601106e-08
      3480.00   2.2450083e-08
      3490.00   2.2300124e-08
      3500.00   2.2151223e-08
      3510.00   2.2003370e-08
      3520.00   2.1856565e-08
      3530.00   2.1710800e-08
      3540.00   2.1566066e-08
      3550.00   2.1422361e-08
      3560.00   2.1279678e-08
      3570.00   2.1138011e-08
      3580.00   2.0997355e-08
      3590.00   2.0857701e-08
      3600.00   2.0719047e-08
      3610.00   2.0581388e-08
      3620.00   2.0444712e-08
      3630.00   2.0309014e-08
      3640.00   2.0174293e-08
      3650.00   2.0040541e-08
      3660.00   1.9907750e-08
      3670.00   1.9775915e-08
      3680.00   1.9645031e-08
      3690.00   1.9515090e-08
      3700.00   1.9386089e-08
      3710.00   1.9258019e-08
      3720.00   1.9130874e-08
      3730.00   1.9004652e-08
      3740.00   1.8879342e-08
      3750.00   1.8754942e-08
      3760.00   1.8631441e-08
      3770.00   1.8508838e-08
      3780.00   1.8387125e-08
      3790.00   1.8266293e-08
      3800.00   1.8146344e-08
      3810.00   1.8027266e-08
      3820.00   1.7909053e-08
      3830.00   1.7791701e-08
      3840.00   1.7675203e-08
      3850.00   1.7559554e-08
      3860.00   1.7444746e-08
      3870.00   1.7330778e-08
      3880.00   1.7217640e-08
      3890.00   1.7105327e-08
      3900.00   1.6993833e-08
      3910.00   1.6883154e-08
      3920.00   1.6773282e-08
      3930.00   1.6664211e-08
      3940.00   1.6555938e-08
      3950.00   1.6448456e-08
      3960.00   1.6341759e-08
      3970.00   1.6235842e-08
      3980.00   1.6130699e-08
      3990.00   1.6026324e-08
      4000.00   1.5922711e-08
      4010.00   1.5819856e-08
      4020.00   1.5717752e-08
      4030.00   1.5616396e-08
      4040.00   1.5515779e-08
      4050.00   1.5415899e-08
      4060.00   1.5316747e-08
      4070.00   1.5218321e-08
      4080.00   1.5120614e-08
      4090.00   1.5023621e-08
      4100.00   1.4927338e-08
      4110.00   1.4831757e-08
      4120.00   1.4736874e-08
      4130.00   1.4642685e-08
      4140.00   1.4549183e-08
      4150.00   1.4456365e-08
      4160.00   1.4364224e-08
      4170.00   1.4272755e-08
      4180.00   1.4181953e-08
      4190.00   1.4091814e-08
      4200.00   1.4002333e-08
      4210.00   1.3913505e-08
      4220.00   1.3825323e-08
      4230.00   1.3737785e-08
      4240.00   1.3650883e-08
      4250.00   1.3564615e-08
      4260.00   1.3478976e-08
      4270.00   1.3393959e-08
      4280.00   1.3309561e-08
      4290.00   1.3225778e-08
      4300.00   1.3142603e-08
      4310.00   1.3060033e-08
      4320.00   1.2978063e-08
      4330.00   1.2896688e-08
      4340.00   1.2815904e-08
      4350.00   1.2735706e-08
      4360.00   1.2656090e-08
      4370.00   1.2577052e-08
      4380.00   1.2498586e-08
      4390.00   1.2420689e-08
      4400.00   1.2343355e-08
      4410.00   1.2266583e-08
      4420.00   1.2190364e-08
      4430.00   1.2114696e-08
      4440.00   1.2039576e-08
      4450.00   1.1964999e-08
      4460.00   1.1890959e-08
      4470.00   1.1817454e-08
      4480.00   1.1744479e-08
      4490.00   1.1672030e-08
      4500.00   1.1600103e-08
      4510.00   1.1528694e-08
      4520.00   1.1457800e-08
      4530.00   1.1387413e-08
      4540.00   1.1317534e-08
      4550.00   1.1248157e-08
      4560.00   1.1179278e-08
      4570.00   1.1110892e-08
      4580.00   1.1042997e-08
      4590.00   1.0975588e-08
      4600.00   1.0908663e-08
      4610.00   1.0842217e-08
      4620.00   1.0776245e-08
      4630.00   1.0710745e-08
      4640.00   1.0645713e-08
      4650.00   1.0581146e-08
      4660.00   1.0517039e-08
      4670.00   1.0453389e-08
      4680.00   1.0390192e-08
      4690.00   1.0327446e-08
      4700.00   1.0265145e-08
      4710.00   1.0203288e-08
      4720.00   1.0141870e-08
      4730.00   1.0080888e-08
      4740.00   1.0020340e-08
      4750.00   9.9602195e-09
      4760.00   9.9005261e-09
      4770.00   9.8412549e-09
      4780.00   9.7824026e-09
      4790.00   9.7239671e-09
      4800.00   9.6659440e-09
      4810.00   9.6083301e-09
      4820.00   9.5511222e-09
      4830.00   9.4943184e-09
      4840.00   9.4379145e-09
      4850.00   9.3819074e-09
      4860.00   9.3262943e-09
      4870.00   9.2710721e-09
      4880.00   9.2162371e-09
      4890.00   9.1617873e-09
      4900.00   9.1077190e-09
      4910.00   9.0540295e-09
      4920.00   9.0007168e-09
      4930.00   8.9477748e-09
      4940.00   8.8952044e-09
      4950.00   8.8430003e-09
      4960.00   8.7911600e-09
      4970.00   8.7396818e-09
      4980.00   8.6885623e-09
      4990.00   8.6377982e-09
      5000.00   8.5873873e-09
      5010.00   8.5373269e-09
      5020.00   8.4876133e-09
      5030.00   8.4382449e-09
      5040.00   8.3892194e-09
      5050.00   8.3405323e-09
      5060.00   8.2921821e-09
      5070.00   8.2441673e-09
      5080.00   8.1964830e-09
      5090.00   8.1491283e-09
      5100.00   8.1021005e-09
      5110.00   8.0553962e-09
      5120.00   8.0090132e-09
      5130.00   7.9629491e-09
      5140.00   7.9172022e-09
      5150.00   7.8717689e-09
      5160.00   7.8266478e-09
      5170.00   7.7818357e-09
      5180.00   7.7373301e-09
      5190.00   7.6931298e-09
      5200.00   7.6492312e-09
      5210.00   7.6056324e-09
      5220.00   7.5623311e-09
      5230.00   7.5193250e-09
      5240.00   7.4766123e-09
      5250.00   7.4341896e-09
      5260.00   7.3920553e-09
      5270.00   7.3502073e-09
      5280.00   7.3086437e-09
      5290.00   7.2673619e-09
      5300.00   7.2263594e-09
      5310.00   7.1856350e-09
      5320.00   7.1451857e-09
      5330.00   7.1050094e-09
      5340.00   7.0651047e-09
      5350.00   7.0254691e-09
      5360.00   6.9861006e-09
      5370.00   6.9469969e-09
      5380.00   6.9081565e-09
      5390.00   6.8695766e-09
      5400.00   6.8312554e-09
      5410.00   6.7931920e-09
      5420.00   6.7553832e-09
      5430.00   6.7178277e-09
      5440.00   6.6805237e-09
      5450.00   6.6434688e-09
      5460.00   6.6066603e-09
      5470.00   6.5700982e-09
      5480.00   6.5337793e-09
      5490.00   6.4977027e-09
      5500.00   6.4618652e-09
      5510.00   6.4262668e-09
      5520.00   6.3909043e-09
      5530.00   6.3557763e-09
      5540.00   6.3208805e-09
      5550.00   6.2862167e-09
      5560.00   6.2517807e-09
      5570.00   6.2175731e-09
      5580.00   6.1835917e-09
      5590.00   6.1498338e-09
      5600.00   6.1162979e-09
      5610.00   6.0829832e-09
      5620.00   6.0498872e-09
      5630.00   6.0170090e-09
      5640.00   5.9843467e-09
      5650.00   5.9518978e-09
      5660.00   5.9196620e-09
      5670.00   5.8876370e-09
      5680.00   5.8558213e-09
      5690.00   5.8242133e-09
      5700.00   5.7928116e-09
      5710.00   5.7616144e-09
      5720.00   5.7306210e-09
      5730.00   5.6998281e-09
      5740.00   5.6692366e-09
      5750.00   5.6388427e-09
      5760.00   5.6086462e-09
      5770.00   5.5786455e-09
      5780.00   5.5488390e-09
      5790.00   5.5192250e-09
      5800.00   5.4898023e-09
      5810.00   5.4605705e-09
      5820.00   5.4315264e-09
      5830.00   5.4026695e-09
      5840.00   5.3739983e-09
      5850.00   5.3455112e-09
      5860.00   5.3172073e-09
      5870.00   5.2890850e-09
      5880.00   5.2611429e-09
      5890.00   5.2333799e-09
      5900.00   5.2057944e-09
      5910.00   5.1783852e-09
      5920.00   5.1511506e-09
      5930.00   5.1240905e-09
      5940.00   5.0972026e-09
      5950.00   5.0704857e-09
      5960.00   5.0439389e-09
      5970.00   5.0175604e-09
      5980.00   4.9913498e-09
      5990.00   4.9653053e-09
      6000.00   4.9394258e-09
      6010.00   4.9137096e-09
      6020.00   4.8881563e-09
      6030.00   4.8627646e-09
      6040.00   4.8375330e-09
      6050.00   4.8124603e-09
      6060.00   4.7875454e-09
      6070.00   4.7627874e-09
      6080.00   4.7381852e-09
      6090.00   4.7137373e-09
      6100.00   4.6894427e-09
      6110.00   4.6653000e-09
      6120.00   4.6413092e-09
      6130.00   4.6174678e-09
      6140.00   4.5937757e-09
      6150.00   4.5702311e-09
      6160.00   4.5468334e-09
      6170.00   4.5235815e-09
      6180.00   4.5004742e-09
      6190.00   4.4775105e-09
      6200.00   4.4546898e-09
      6210.00   4.4320102e-09
      6220.00   4.4094711e-09
      6230.00   4.3870721e-09
      6240.00   4.3648114e-09
      6250.00   4.3426878e-09
      6260.00   4.3207013e-09
      6270.00   4.2988505e-09
      6280.00   4.2771339e-09
      6290.00   4.2555508e-09
      6300.00   4.2341008e-09
      6310.00   4.2127823e-09
      6320.00   4.1915952e-09
      6330.00   4.1705370e-09
      6340.00   4.1496080e-09
      6350.00   4.1288077e-09
      6360.00   4.1081340e-09
      6370.00   4.0875865e-09
      6380.00   4.0671643e-09
      6390.00   4.0468668e-09
      6400.00   4.0266926e-09
      6410.00   4.0066410e-09
      6420.00   3.9867113e-09
      6430.00   3.9669026e-09
      6440.00   3.9472143e-09
      6450.00   3.9276447e-09
      6460.00   3.9081936e-09
      6470.00   3.8888602e-09
      6480.00   3.8696434e-09
      6490.00   3.8505429e-09
      6500.00   3.8315572e-09
      6510.00   3.8126859e-09
      6520.00   3.7939282e-09
      6530.00   3.7752828e-09
      6540.00   3.7567495e-09
      6550.00   3.7383276e-09
      6560.00   3.7200158e-09
      6570.00   3.7018133e-09
      6580.00   3.6837200e-09
      6590.00   3.6657348e-09
      6600.00   3.6478568e-09
      6610.00   3.6300853e-09
      6620.00   3.6124197e-09
      6630.00   3.5948588e-09
      6640.00   3.5774026e-09
      6650.00   3.5600502e-09
      6660.00   3.5428003e-09
      6670.00   3.5256528e-09
      6680.00   3.5086069e-09
      6690.00   3.4916614e-09
      6700.00   3.4748164e-09
      6710.00   3.4580705e-09
      6720.00   3.4414235e-09
      6730.00   3.4248743e-09
      6740.00   3.4084228e-09
      6750.00   3.3920677e-09
      6760.00   3.3758088e-09
      6770.00   3.3596454e-09
      6780.00   3.3435764e-09
      6790.00   3.3276017e-09
      6800.00   3.3117202e-09
      6810.00   3.2959318e-09
      6820.00   3.2802354e-09
      6830.00   3.2646305e-09
      6840.00   3.2491164e-09
      6850.00   3.2336926e-09
      6860.00   3.2183586e-09
      6870.00   3.2031134e-09
      6880.00   3.1879569e-09
      6890.00   3.1728881e-09
      6900.00   3.1579064e-09
      6910.00   3.1430116e-09
      6920.00   3.1282031e-09
      6930.00   3.1134797e-09
      6940.00   3.0988414e-09
      6950.00   3.0842873e-09
      6960.00   3.0698169e-09
      6970.00   3.0554297e-09
      6980.00   3.0411254e-09
      6990.00   3.0269033e-09
      7000.00   3.0127623e-09
      7010.00   2.9987023e-09
      7020.00   2.9847229e-09
      7030.00   2.9708237e-09
      7040.00   2.9570034e-09
      7050.00   2.9432622e-09
      7060.00   2.9295993e-09
      7070.00   2.9160141e-09
      7080.00   2.9025061e-09
      7090.00   2.8890748e-09
      7100.00   2.8757199e-09
      7110.00   2.8624407e-09
      7120.00   2.8492368e-09
      7130.00   2.8361078e-09
      7140.00   2.8230526e-09
      7150.00   2.8100714e-09
      7160.00   2.7971633e-09
      7170.00   2.7843280e-09
      7180.00   2.7715650e-09
      7190.00   2.7588740e-09
      7200.00   2.7462540e-09
      7210.00   2.7337051e-09
      7220.00   2.7212268e-09
      7230.00   2.7088179e-09
      7240.00   2.6964791e-09
      7250.00   2.6842086e-09
      7260.00   2.6720070e-09
      7270.00   2.6598737e-09
      7280.00   2.6478077e-09
      7290.00   2.6358091e-09
      7300.00   2.6238774e-09
      7310.00   2.6120120e-09
      7320.00   2.6002123e-09
      7330.00   2.5884783e-09
      7340.00   2.5768091e-09
      7350.00   2.5652048e-09
      7360.00   2.5536647e-09
      7370.00   2.5421885e-09
      7380.00   2.5307752e-09
      7390.00   2.5194252e-09
      7400.00   2.5081376e-09
      7410.00   2.4969123e-09
      7420.00   2.4857488e-09
      7430.00   2.4746464e-09
      7440.00   2.4636051e-09
      7450.00   2.4526244e-09
      7460.00   2.4417039e-09
      7470.00   2.4308431e-09
      7480.00   2.4200417e-09
      7490.00   2.4092993e-09
      7500.00   2.3986157e-09
      7510.00   2.3879901e-09
      7520.00   2.3774225e-09
      7530.00   2.3669123e-09
      7540.00   2.3564595e-09
      7550.00   2.3460633e-09
      7560.00   2.3357236e-09
      7570.00   2.3254399e-09
      7580.00   2.3152116e-09
      7590.00   2.3050391e-09
      7600.00   2.2949215e-09
      7610.00   2.2848584e-09
      7620.00   2.2748498e-09
      7630.00   2.2648948e-09
      7640.00   2.2549938e-09
      7650.00   2.2451457e-09
      7660.00   2.2353508e-09
      7670.00   2.2256083e-09
      7680.00   2.2159182e-09
      7690.00   2.2062799e-09
      7700.00   2.1966933e-09
      7710.00   2.1871579e-09
      7720.00   2.1776734e-09
      7730.00   2.1682398e-09
      7740.00   2.1588564e-09
      7750.00   2.1495229e-09
      7760.00   2.1402391e-09
      7770.00   2.1310047e-09
      7780.00   2.1218194e-09
      7790.00   2.1126828e-09
      7800.00   2.1035946e-09
      7810.00   2.0945546e-09
      7820.00   2.0855625e-09
      7830.00   2.0766179e-09
      7840.00   2.0677206e-09
      7850.00   2.0588702e-09
      7860.00   2.0500664e-09
      7870.00   2.0413090e-09
      7880.00   2.0325977e-09
      7890.00   2.0239323e-09
      7900.00   2.0153122e-09
      7910.00   2.0067376e-09
      7920.00   1.9982078e-09
      7930.00   1.9897227e-09
      7940.00   1.9812820e-09
      7950.00   1.9728853e-09
      7960.00   1.9645328e-09
      7970.00   1.9562235e-09
      7980.00   1.9479578e-09
      7990.00   1.9397350e-09
      8000.00   1.9315549e-09
