      1600.00   8.6126200e-08
      1610.00   8.6078911e-08
      1620.00   8.6016341e-08
      1630.00   8.5938944e-08
      1640.00   8.5847110e-08
      1650.00   8.5741265e-08
      1660.00   8.5621811e-08
      1670.00   8.5489168e-08
      1680.00   8.5343711e-08
      1690.00   8.5185846e-08
      1700.00   8.5015966e-08
      1710.00   8.4834447e-08
      1720.00   8.4641661e-08
      1730.00   8.4437981e-08
      1740.00   8.4223759e-08
      1750.00   8.3999371e-08
      1760.00   8.3765151e-08
      1770.00   8.3521454e-08
      1780.00   8.3268613e-08
      1790.00   8.3006959e-08
      1800.00   8.2736813e-08
      1810.00   8.2458511e-08
      1820.00   8.2172328e-08
      1830.00   8.1878605e-08
      1840.00   8.1577625e-08
      1850.00   8.1269679e-08
      1860.00   8.0955054e-08
      1870.00   8.0634039e-08
      1880.00   8.0306891e-08
      1890.00   7.9973887e-08
      1900.00   7.9635281e-08
      1910.00   7.9291331e-08
      1920.00   7.8942279e-08
      1930.00   7.8588372e-08
      1940.00   7.8229853e-08
      1950.00   7.7866940e-08
      1960.00   7.7499865e-08
      1970.00   7.7128834e-08
      1980.00   7.6754077e-08
      1990.00   7.6375794e-08
      2000.00   7.5994177e-08
      2010.00   7.5609435e-08
      2020.00   7.5221753e-08
      2030.00   7.4831316e-08
      2040.00   7.4438311e-08
      2050.00   7.4042907e-08
      2060.00   7.3645274e-08
      2070.00   7.3245579e-08
      2080.00   7.2843993e-08
      2090.00   7.2440652e-08
      2100.00   7.2035720e-08
      2110.00   7.1629346e-08
      2120.00   7.1221664e-08
      2130.00   7.0812825e-08
      2140.00   7.0402948e-08
      2150.00   6.9992175e-08
      2160.00   6.9580627e-08
      2170.00   6.9168419e-08
      2180.00   6.8755685e-08
      2190.00   6.8342526e-08
      2200.00   6.7929058e-08
      2210.00   6.7515390e-08
      2220.00   6.7101619e-08
      2230.00   6.6687853e-08
      2240.00   6.6274179e-08
      2250.00   6.5860701e-08
      2260.00   6.5447504e-08
      2270.00   6.5034667e-08
      2280.00   6.4622292e-08
      2290.00   6.4210442e-08
      2300.00   6.3799208e-08
      2310.00   6.3388660e-08
      2320.00   6.2978871e-08
      2330.00   6.2569915e-08
      2340.00   6.2161849e-08
      2350.00   6.1754747e-08
      2360.00   6.1348670e-08
      2370.00   6.0943679e-08
      2380.00   6.0539826e-08
      2390.00   6.0137168e-08
      2400.00   5.9735764e-08
      2410.00   5.9335653e-08
      2420.00   5.8936897e-08
      2430.00   5.8539536e-08
      2440.00   5.8143616e-08
      2450.00   5.7749181e-08
      2460.00   5.7356276e-08
      2470.00   5.6964925e-08
      2480.00   5.6575174e-08
      2490.00   5.6187067e-08
      2500.00   5.5800628e-08
      2510.00   5.5415893e-08
      2520.00   5.5032895e-08
      2530.00   5.4651653e-08
      2540.00   5.4272208e-08
      2550.00   5.3894583e-08
      2560.00   5.3518795e-08
      2570.00   5.3144874e-08
      2580.00   5.2772843e-08
      2590.00   5.2402720e-08
      2600.00   5.2034531e-08
      2610.00   5.1668287e-08
      2620.00   5.1304011e-08
      2630.00   5.0941711e-08
      2640.00   5.0581411e-08
      2650.00   5.0223122e-08
      2660.00   4.9866860e-08
      2670.00   4.9512633e-08
      2680.00   4.9160455e-08
      2690.00   4.8810335e-08
      2700.00   4.8462278e-08
      2710.00   4.8116301e-08
      2720.00   4.7772412e-08
      2730.00   4.7430606e-08
      2740.00   4.7090901e-08
      2750.00   4.6753297e-08
      2760.00   4.6417805e-08
      2770.00   4.6084417e-08
      2780.00   4.5753146e-08
      2790.00   4.5423996e-08
      2800.00   4.5096958e-08
      2810.00   4.4772042e-08
      2820.00   4.4449252e-08
      2830.00   4.4128577e-08
      2840.00   4.3810026e-08
      2850.00   4.3493593e-08
      2860.00   4.3179283e-08
      2870.00   4.2867087e-08
      2880.00   4.2557002e-08
      2890.00   4.2249031e-08
      2900.00   4.1943166e-08
      2910.00   4.1639413e-08
      2920.00   4.1337756e-08
      2930.00   4.1038193e-08
      2940.00   4.0740723e-08
      2950.00   4.0445340e-08
      2960.00   4.0152034e-08
      2970.00   3.9860809e-08
      2980.00   3.9571649e-08
      2990.00   3.9284551e-08
      3000.00   3.8999510e-08
      3010.00   3.8716513e-08
      3020.00   3.8435562e-08
      3030.00   3.8156640e-08
      3040.00   3.7879747e-08
      3050.00   3.7604871e-08
      3060.00   3.7332005e-08
      3070.00   3.7061138e-08
      3080.00   3.6792262e-08
      3090.00   3.6525371e-08
      3100.00   3.6260455e-08
      3110.00   3.5997500e-08
      3120.00   3.5736507e-08
      3130.00   3.5477455e-08
      3140.00   3.5220343e-08
      3150.00   3.4965154e-08
      3160.00   3.4711887e-08
      3170.00   3.4460517e-08
      3180.00   3.4211053e-08
      3190.00   3.3963469e-08
      3200.00   3.3717764e-08
      3210.00   3.3473921e-08
      3220.00   3.3231936e-08
      3230.00   3.2991791e-08
      3240.00   3.2753479e-08
      3250.00   3.2516993e-08
      3260.00   3.2282318e-08
      3270.00   3.2049440e-08
      3280.00   3.1818354e-08
      3290.00   3.1589044e-08
      3300.00   3.1361503e-08
      3310.00   3.1135718e-08
      3320.00   3.0911675e-08
      3330.00   3.0689367e-08
      3340.00   3.0468784e-08
      3350.00   3.0249908e-08
      3360.00   3.0032732e-08
      3370.00   2.9817245e-08
      3380.00   2.9603435e-08
      3390.00   2.9391291e-08
      3400.00   2.9180802e-08
      3410.00   2.8971957e-08
      3420.00   2.8764741e-08
      3430.00   2.8559147e-08
      3440.00   2.8355161e-08
      3450.00   2.8152771e-08
      3460.00   2.7951972e-08
      3470.00   2.7752745e-08
      3480.00   2.7555080e-08
      3490.00   2.7358970e-08
      3500.00   2.7164401e-08
      3510.00   2.6971360e-08
      3520.00   2.6779839e-08
      3530.00   2.6589827e-08
      3540.00   2.6401310e-08
      3550.00   2.6214277e-08
      3560.00   2.6028721e-08
      3570.00   2.5844627e-08
      3580.00   2.5661986e-08
      3590.00   2.5480785e-08
      3600.00   2.5301015e-08
      3610.00   2.5122667e-08
      3620.00   2.4945726e-08
      3630.00   2.4770179e-08
      3640.00   2.4596022e-08
      3650.00   2.4423243e-08
      3660.00   2.4251828e-08
      3670.00   2.4081768e-08
      3680.00   2.3913054e-08
      3690.00   2.3745673e-08
      3700.00   2.3579616e-08
      3710.00   2.3414873e-08
      3720.00   2.3251431e-08
      3730.00   2.3089284e-08
      3740.00   2.2928419e-08
      3750.00   2.2768826e-08
      3760.00   2.2610493e-08
      3770.00   2.2453414e-08
      3780.00   2.2297577e-08
      3790.00   2.2142969e-08
      3800.00   2.1989588e-08
      3810.00   2.1837417e-08
      3820.00   2.1686448e-08
      3830.00   2.1536673e-08
      3840.00   2.1388080e-08
      3850.00   2.1240661e-08
      3860.00   2.1094405e-08
      3870.00   2.0949306e-08
      3880.00   2.0805351e-08
      3890.00   2.0662532e-08
      3900.00   2.0520839e-08
      3910.00   2.0380264e-08
      3920.00   2.0240797e-08
      3930.00   2.0102428e-08
      3940.00   1.9965150e-08
      3950.00   1.9828953e-08
      3960.00   1.9693829e-08
      3970.00   1.9559767e-08
      3980.00   1.9426761e-08
      3990.00   1.9294800e-08
      4000.00   1.9163875e-08
      4010.00   1.9033980e-08
      4020.00   1.8905104e-08
      4030.00   1.8777240e-08
      4040.00   1.8650378e-08
      4050.00   1.8524513e-08
      4060.00   1.8399632e-08
      4070.00   1.8275731e-08
      4080.00   1.8152799e-08
      4090.00   1.8030829e-08
      4100.00   1.7909814e-08
      4110.00   1.7789745e-08
      4120.00   1.7670612e-08
      4130.00   1.7552411e-08
      4140.00   1.7435131e-08
      4150.00   1.7318768e-08
      4160.00   1.7203310e-08
      4170.00   1.7088751e-08
      4180.00   1.6975085e-08
      4190.00   1.6862302e-08
      4200.00   1.6750397e-08
      4210.00   1.6639363e-08
      4220.00   1.6529188e-08
      4230.00   1.6419871e-08
      4240.00   1.6311398e-08
      4250.00   1.6203768e-08
      4260.00   1.6096972e-08
      4270.00   1.5991001e-08
      4280.00   1.5885851e-08
      4290.00   1.5781513e-08
      4300.00   1.5677981e-08
      4310.00   1.5575247e-08
      4320.00   1.5473306e-08
      4330.00   1.5372150e-08
      4340.00   1.5271773e-08
      4350.00   1.5172169e-08
      4360.00   1.5073330e-08
      4370.00   1.4975251e-08
      4380.00   1.4877925e-08
      4390.00   1.4781345e-08
      4400.00   1.4685506e-08
      4410.00   1.4590401e-08
      4420.00   1.4496023e-08
      4430.00   1.4402367e-08
      4440.00   1.4309426e-08
      4450.00   1.4217196e-08
      4460.00   1.4125669e-08
      4470.00   1.4034840e-08
      4480.00   1.3944701e-08
      4490.00   1.3855250e-08
      4500.00   1.3766478e-08
      4510.00   1.3678380e-08
      4520.00   1.3590953e-08
      4530.00   1.3504186e-08
      4540.00   1.3418078e-08
      4550.00   1.3332622e-08
      4560.00   1.3247813e-08
      4570.00   1.3163643e-08
      4580.00   1.3080110e-08
      4590.00   1.2997207e-08
      4600.00   1.2914929e-08
      4610.00   1.2833271e-08
      4620.00   1.2752226e-08
      4630.00   1.2671791e-08
      4640.00   1.2591961e-08
      4650.00   1.2512730e-08
      4660.00   1.2434093e-08
      4670.00   1.2356043e-08
      4680.00   1.2278579e-08
      4690.00   1.2201695e-08
      4700.00   1.2125383e-08
      4710.00   1.2049643e-08
      4720.00   1.1974466e-08
      4730.00   1.1899849e-08
      4740.00   1.1825789e-08
      4750.00   1.1752278e-08
      4760.00   1.1679314e-08
      4770.00   1.1606891e-08
      4780.00   1.1535005e-08
      4790.00   1.1463652e-08
      4800.00   1.1392827e-08
      4810.00   1.1322525e-08
      4820.00   1.1252742e-08
      4830.00   1.1183474e-08
      4840.00   1.1114717e-08
      4850.00   1.1046467e-08
      4860.00   1.0978719e-08
      4870.00   1.0911469e-08
      4880.00   1.0844712e-08
      4890.00   1.0778445e-08
      4900.00   1.0712664e-08
      4910.00   1.0647364e-08
      4920.00   1.0582544e-08
      4930.00   1.0518194e-08
      4940.00   1.0454317e-08
      4950.00   1.0390904e-08
      4960.00   1.0327952e-08
      4970.00   1.0265460e-08
      4980.00   1.0203422e-08
      4990.00   1.0141835e-08
      5000.00   1.0080694e-08
      5010.00   1.0019997e-08
      5020.00   9.9597392e-09
      5030.00   9.8999172e-09
      5040.00   9.8405284e-09
      5050.00   9.7815672e-09
      5060.00   9.7230312e-09
      5070.00   9.6649183e-09
      5080.00   9.6072223e-09
      5090.00   9.5499418e-09
      5100.00   9.4930732e-09
      5110.00   9.4366119e-09
      5120.00   9.3805553e-09
      5130.00   9.3248998e-09
      5140.00   9.2696434e-09
      5150.00   9.2147811e-09
      5160.00   9.1603111e-09
      5170.00   9.1062293e-09
      5180.00   9.0525323e-09
      5190.00   8.9992184e-09
      5200.00   8.9462830e-09
      5210.00   8.8937235e-09
      5220.00   8.8415369e-09
      5230.00   8.7897200e-09
      5240.00   8.7382706e-09
      5250.00   8.6871843e-09
      5260.00   8.6364588e-09
      5270.00   8.5860913e-09
      5280.00   8.5360793e-09
      5290.00   8.4864196e-09
      5300.00   8.4371088e-09
      5310.00   8.3881452e-09
      5320.00   8.3395249e-09
      5330.00   8.2912454e-09
      5340.00   8.2433045e-09
      5350.00   8.1956991e-09
      5360.00   8.1484265e-09
      5370.00   8.1014838e-09
      5380.00   8.0548688e-09
      5390.00   8.0085783e-09
      5400.00   7.9626096e-09
      5410.00   7.9169614e-09
      5420.00   7.8716299e-09
      5430.00   7.8266132e-09
      5440.00   7.7819089e-09
      5450.00   7.7375138e-09
      5460.00   7.6934248e-09
      5470.00   7.6496415e-09
      5480.00   7.6061599e-09
      5490.00   7.5629786e-09
      5500.00   7.5200939e-09
      5510.00   7.4775053e-09
      5520.00   7.4352090e-09
      5530.00   7.3932030e-09
      5540.00   7.3514844e-09
      5550.00   7.3100529e-09
      5560.00   7.2689033e-09
      5570.00   7.2280359e-09
      5580.00   7.1874482e-09
      5590.00   7.1471365e-09
      5600.00   7.1070992e-09
      5610.00   7.0673350e-09
      5620.00   7.0278407e-09
      5630.00   6.9886152e-09
      5640.00   6.9496559e-09
      5650.00   6.9109597e-09
      5660.00   6.8725263e-09
      5670.00   6.8343526e-09
      5680.00   6.7964368e-09
      5690.00   6.7587766e-09
      5700.00   6.7213704e-09
      5710.00   6.6842160e-09
      5720.00   6.6473122e-09
      5730.00   6.6106550e-09
      5740.00   6.5742453e-09
      5750.00   6.5380786e-09
      5760.00   6.5021544e-09
      5770.00   6.4664707e-09
      5780.00   6.4310253e-09
      5790.00   6.3958163e-09
      5800.00   6.3608422e-09
      5810.00   6.3261020e-09
      5820.00   6.2915921e-09
      5830.00   6.2573116e-09
      5840.00   6.2232588e-09
      5850.00   6.1894315e-09
      5860.00   6.1558285e-09
      5870.00   6.1224480e-09
      5880.00   6.0892880e-09
      5890.00   6.0563473e-09
      5900.00   6.0236235e-09
      5910.00   5.9911155e-09
      5920.00   5.9588209e-09
      5930.00   5.9267395e-09
      5940.00   5.8948686e-09
      5950.00   5.8632066e-09
      5960.00   5.8317522e-09
      5970.00   5.8005034e-09
      5980.00   5.7694594e-09
      5990.00   5.7386181e-09
      6000.00   5.7079781e-09
      6010.00   5.6775372e-09
      6020.00   5.6472949e-09
      6030.00   5.6172495e-09
      6040.00   5.5873992e-09
      6050.00   5.5577425e-09
      6060.00   5.5282779e-09
      6070.00   5.4990043e-09
      6080.00   5.4699204e-09
      6090.00   5.4410242e-09
      6100.00   5.4123144e-09
      6110.00   5.3837894e-09
      6120.00   5.3554490e-09
      6130.00   5.3272902e-09
      6140.00   5.2993128e-09
      6150.00   5.2715147e-09
      6160.00   5.2438949e-09
      6170.00   5.2164521e-09
      6180.00   5.1891848e-09
      6190.00   5.1620918e-09
      6200.00   5.1351722e-09
      6210.00   5.1084238e-09
      6220.00   5.0818459e-09
      6230.00   5.0554376e-09
      6240.00   5.0291971e-09
      6250.00   5.0031226e-09
      6260.00   4.9772142e-09
      6270.00   4.9514701e-09
      6280.00   4.9258885e-09
      6290.00   4.9004685e-09
      6300.00   4.8752095e-09
      6310.00   4.8501097e-09
      6320.00   4.8251687e-09
      6330.00   4.8003837e-09
      6340.00   4.7757548e-09
      6350.00   4.7512815e-09
      6360.00   4.7269611e-09
      6370.00   4.7027932e-09
      6380.00   4.6787766e-09
      6390.00   4.6549106e-09
      6400.00   4.6311934e-09
      6410.00   4.6076243e-09
      6420.00   4.5842021e-09
      6430.00   4.5609260e-09
      6440.00   4.5377950e-09
      6450.00   4.5148072e-09
      6460.00   4.4919622e-09
      6470.00   4.4692591e-09
      6480.00   4.4466965e-09
      6490.00   4.4242739e-09
      6500.00   4.4019896e-09
      6510.00   4.3798432e-09
      6520.00   4.3578333e-09
      6530.00   4.3359587e-09
      6540.00   4.3142190e-09
      6550.00   4.2926132e-09
      6560.00   4.2711399e-09
      6570.00   4.2497981e-09
      6580.00   4.2285875e-09
      6590.00   4.2075069e-09
      6600.00   4.1865550e-09
      6610.00   4.1657311e-09
      6620.00   4.1450344e-09
      6630.00   4.1244635e-09
      6640.00   4.1040182e-09
      6650.00   4.0836975e-09
      6660.00   4.0635000e-09
      6670.00   4.0434252e-09
      6680.00   4.0234724e-09
      6690.00   4.0036398e-09
      6700.00   3.9839279e-09
      6710.00   3.9643348e-09
      6720.00   3.9448601e-09
      6730.00   3.9255027e-09
      6740.00   3.9062624e-09
      6750.00   3.8871375e-09
      6760.00   3.8681278e-09
      6770.00   3.8492326e-09
      6780.00   3.8304502e-09
      6790.00   3.8117808e-09
      6800.00   3.7932229e-09
      6810.00   3.7747763e-09
      6820.00   3.7564398e-09
      6830.00   3.7382128e-09
      6840.00   3.7200943e-09
      6850.00   3.7020838e-09
      6860.00   3.6841806e-09
      6870.00   3.6663836e-09
      6880.00   3.6486924e-09
      6890.00   3.6311061e-09
      6900.00   3.6136237e-09
      6910.00   3.5962451e-09
      6920.00   3.5789696e-09
      6930.00   3.5617956e-09
      6940.00   3.5447233e-09
      6950.00   3.5277513e-09
      6960.00   3.5108792e-09
      6970.00   3.4941064e-09
      6980.00   3.4774323e-09
      6990.00   3.4608563e-09
      7000.00   3.4443770e-09
      7010.00   3.4279942e-09
      7020.00   3.4117075e-09
      7030.00   3.3955162e-09
      7040.00   3.3794190e-09
      7050.00   3.3634160e-09
      7060.00   3.3475062e-09
      7070.00   3.3316889e-09
      7080.00   3.3159634e-09
      7090.00   3.3003294e-09
      7100.00   3.2847861e-09
      7110.00   3.2693329e-09
      7120.00   3.2539694e-09
      7130.00   3.2386948e-09
      7140.00   3.2235080e-09
      7150.00   3.2084093e-09
      7160.00   3.1933974e-09
      7170.00   3.1784719e-09
      7180.00   3.1636324e-09
      7190.00   3.1488784e-09
      7200.00   3.1342088e-09
      7210.00   3.1196236e-09
      7220.00   3.1051222e-09
      7230.00   3.0907032e-09
      7240.00   3.0763673e-09
      7250.00   3.0621127e-09
      7260.00   3.0479396e-09
      7270.00   3.0338477e-09
      7280.00   3.0198355e-09
      7290.00   3.0059034e-09
      7300.00   2.9920505e-09
      7310.00   2.9782762e-09
      7320.00   2.9645799e-09
      7330.00   2.9509613e-09
      7340.00   2.9374196e-09
      7350.00   2.9239547e-09
      7360.00   2.9105658e-09
      7370.00   2.8972527e-09
      7380.00   2.8840141e-09
      7390.00   2.8708505e-09
      7400.00   2.8577607e-09
      7410.00   2.8447445e-09
      7420.00   2.8318015e-09
      7430.00   2.8189309e-09
      7440.00   2.8061325e-09
      7450.00   2.7934059e-09
      7460.00   2.7807504e-09
      7470.00   2.7681655e-09
      7480.00   2.7556508e-09
      7490.00   2.7432058e-09
      7500.00   2.7308305e-09
      7510.00   2.7185236e-09
      7520.00   2.7062852e-09
      7530.00   2.6941146e-09
      7540.00   2.6820119e-09
      7550.00   2.6699760e-09
      7560.00   2.6580068e-09
      7570.00   2.6461037e-09
      7580.00   2.6342661e-09
      7590.00   2.6224943e-09
      7600.00   2.6107872e-09
      7610.00   2.5991445e-09
      7620.00   2.5875661e-09
      7630.00   2.5760509e-09
      7640.00   2.5645993e-09
      7650.00   2.5532103e-09
      7660.00   2.5418840e-09
      7670.00   2.5306193e-09
      7680.00   2.5194164e-09
      7690.00   2.5082746e-09
      7700.00   2.4971938e-09
      7710.00   2.4861732e-09
      7720.00   2.4752127e-09
      7730.00   2.4643120e-09
      7740.00   2.4534704e-09
      7750.00   2.4426877e-09
      7760.00   2.4319635e-09
      7770.00   2.4212974e-09
      7780.00   2.4106890e-09
      7790.00   2.4001380e-09
      7800.00   2.3896441e-09
      7810.00   2.3792067e-09
      7820.00   2.3688258e-09
      7830.00   2.3585006e-09
      7840.00   2.3482312e-09
      7850.00   2.3380168e-09
      7860.00   2.3278572e-09
      7870.00   2.3177523e-09
      7880.00   2.3077015e-09
      7890.00   2.2977046e-09
      7900.00   2.2877610e-09
      7910.00   2.2778708e-09
      7920.00   2.2680333e-09
      7930.00   2.2582482e-09
      7940.00   2.2485153e-09
      7950.00   2.2388341e-09
      7960.00   2.2292048e-09
      7970.00   2.2196262e-09
      7980.00   2.2100987e-09
      7990.00   2.2006216e-09
      8000.00   2.1911947e-09
