      1600.00   9.0812641e-08
      1610.00   9.0734055e-08
      1620.00   9.0639782e-08
      1630.00   9.0530307e-08
      1640.00   9.0406049e-08
      1650.00   9.0267460e-08
      1660.00   9.0114970e-08
      1670.00   8.9949024e-08
      1680.00   8.9770022e-08
      1690.00   8.9578396e-08
      1700.00   8.9374559e-08
      1710.00   8.9158912e-08
      1720.00   8.8931848e-08
      1730.00   8.8693759e-08
      1740.00   8.8445017e-08
      1750.00   8.8186019e-08
      1760.00   8.7917116e-08
      1770.00   8.7638682e-08
      1780.00   8.7351065e-08
      1790.00   8.7054614e-08
      1800.00   8.6749663e-08
      1810.00   8.6436565e-08
      1820.00   8.6115608e-08
      1830.00   8.5787149e-08
      1840.00   8.5451481e-08
      1850.00   8.5108909e-08
      1860.00   8.4759732e-08
      1870.00   8.4404249e-08
      1880.00   8.4042729e-08
      1890.00   8.3675459e-08
      1900.00   8.3302702e-08
      1910.00   8.2924726e-08
      1920.00   8.2541782e-08
      1930.00   8.2154124e-08
      1940.00   8.1762005e-08
      1950.00   8.1365648e-08
      1960.00   8.0965295e-08
      1970.00   8.0561157e-08
      1980.00   8.0153470e-08
      1990.00   7.9742441e-08
      2000.00   7.9328266e-08
      2010.00   7.8911160e-08
      2020.00   7.8491315e-08
      2030.00   7.8068917e-08
      2040.00   7.7644160e-08
      2050.00   7.7217216e-08
      2060.00   7.6788259e-08
      2070.00   7.6357459e-08
      2080.00   7.5924992e-08
      2090.00   7.5490993e-08
      2100.00   7.5055632e-08
      2110.00   7.4619060e-08
      2120.00   7.4181414e-08
      2130.00   7.3742845e-08
      2140.00   7.3303476e-08
      2150.00   7.2863448e-08
      2160.00   7.2422886e-08
      2170.00   7.1981905e-08
      2180.00   7.1540639e-08
      2190.00   7.1099193e-08
      2200.00   7.0657683e-08
      2210.00   7.0216216e-08
      2220.00   6.9774892e-08
      2230.00   6.9333819e-08
      2240.00   6.8893084e-08
      2250.00   6.8452790e-08
      2260.00   6.8013024e-08
      2270.00   6.7573864e-08
      2280.00   6.7135410e-08
      2290.00   6.6697727e-08
      2300.00   6.6260906e-08
      2310.00   6.5825015e-08
      2320.00   6.5390127e-08
      2330.00   6.4956315e-08
      2340.00   6.4523635e-08
      2350.00   6.4092160e-08
      2360.00   6.3661951e-08
      2370.00   6.3233068e-08
      2380.00   6.2805561e-08
      2390.00   6.2379487e-08
      2400.00   6.1954903e-08
      2410.00   6.1531846e-08
      2420.00   6.1110378e-08
      2430.00   6.0690539e-08
      2440.00   6.0272370e-08
      2450.00   5.9855916e-08
      2460.00   5.9441222e-08
      2470.00   5.9028307e-08
      2480.00   5.8617217e-08
      2490.00   5.8207995e-08
      2500.00   5.7800663e-08
      2510.00   5.7395255e-08
      2520.00   5.6991804e-08
      2530.00   5.6590325e-08
      2540.00   5.6190859e-08
      2550.00   5.5793427e-08
      2560.00   5.5398043e-08
      2570.00   5.5004738e-08
      2580.00   5.4613530e-08
      2590.00   5.4224437e-08
      2600.00   5.3837484e-08
      2610.00   5.3452679e-08
      2620.00   5.3070043e-08
      2630.00   5.2689583e-08
      2640.00   5.2311320e-08
      2650.00   5.1935265e-08
      2660.00   5.1561432e-08
      2670.00   5.1189825e-08
      2680.00   5.0820459e-08
      2690.00   5.0453339e-08
      2700.00   5.0088468e-08
      2710.00   4.9725864e-08
      2720.00   4.9365531e-08
      2730.00   4.9007462e-08
      2740.00   4.8651674e-08
      2750.00   4.8298165e-08
      2760.00   4.7946945e-08
      2770.00   4.7598003e-08
      2780.00   4.7251350e-08
      2790.00   4.6906990e-08
      2800.00   4.6564910e-08
      2810.00   4.6225120e-08
      2820.00   4.5887621e-08
      2830.00   4.5552401e-08
      2840.00   4.5219467e-08
      2850.00   4.4888812e-08
      2860.00   4.4560438e-08
      2870.00   4.4234335e-08
      2880.00   4.3910498e-08
      2890.00   4.3588930e-08
      2900.00   4.3269618e-08
      2910.00   4.2952569e-08
      2920.00   4.2637765e-08
      2930.00   4.2325202e-08
      2940.00   4.2014877e-08
      2950.00   4.1706783e-08
      2960.00   4.1400907e-08
      2970.00   4.1097254e-08
      2980.00   4.0795804e-08
      2990.00   4.0496553e-08
      3000.00   4.0199497e-08
      3010.00   3.9904617e-08
      3020.00   3.9611917e-08
      3030.00   3.9321377e-08
      3040.00   3.9032996e-08
      3050.00   3.8746760e-08
      3060.00   3.8462660e-08
      3070.00   3.8180686e-08
      3080.00   3.7900826e-08
      3090.00   3.7623073e-08
      3100.00   3.7347417e-08
      3110.00   3.7073842e-08
      3120.00   3.6802347e-08
      3130.00   3.6532910e-08
      3140.00   3.6265528e-08
      3150.00   3.6000184e-08
      3160.00   3.5736874e-08
      3170.00   3.5475573e-08
      3180.00   3.5216288e-08
      3190.00   3.4958993e-08
      3200.00   3.4703684e-08
      3210.00   3.4450343e-08
      3220.00   3.4198967e-08
      3230.00   3.3949533e-08
      3240.00   3.3702036e-08
      3250.00   3.3456466e-08
      3260.00   3.3212807e-08
      3270.00   3.2971044e-08
      3280.00   3.2731173e-08
      3290.00   3.2493173e-08
      3300.00   3.2257038e-08
      3310.00   3.2022754e-08
      3320.00   3.1790305e-08
      3330.00   3.1559684e-08
      3340.00   3.1330878e-08
      3350.00   3.1103870e-08
      3360.00   3.0878652e-08
      3370.00   3.0655210e-08
      3380.00   3.0433531e-08
      3390.00   3.0213606e-08
      3400.00   2.9995420e-08
      3410.00   2.9778962e-08
      3420.00   2.9564216e-08
      3430.00   2.9351174e-08
      3440.00   2.9139821e-08
      3450.00   2.8930143e-08
      3460.00   2.8722137e-08
      3470.00   2.8515781e-08
      3480.00   2.8311063e-08
      3490.00   2.8107976e-08
      3500.00   2.7906506e-08
      3510.00   2.7706639e-08
      3520.00   2.7508366e-08
      3530.00   2.7311674e-08
      3540.00   2.7116548e-08
      3550.00   2.6922979e-08
      3560.00   2.6730956e-08
      3570.00   2.6540464e-08
      3580.00   2.6351494e-08
      3590.00   2.6164031e-08
      3600.00   2.5978067e-08
      3610.00   2.5793592e-08
      3620.00   2.5610588e-08
      3630.00   2.5429042e-08
      3640.00   2.5248951e-08
      3650.00   2.5070301e-08
      3660.00   2.4893076e-08
      3670.00   2.4717269e-08
      3680.00   2.4542868e-08
      3690.00   2.4369860e-08
      3700.00   2.4198236e-08
      3710.00   2.4027985e-08
      3720.00   2.3859092e-08
      3730.00   2.3691553e-08
      3740.00   2.3525350e-08
      3750.00   2.3360478e-08
      3760.00   2.3196920e-08
      3770.00   2.3034671e-08
      3780.00   2.2873717e-08
      3790.00   2.2714046e-08
      3800.00   2.2555655e-08
      3810.00   2.2398527e-08
      3820.00   2.2242652e-08
      3830.00   2.2088021e-08
      3840.00   2.1934623e-08
      3850.00   2.1782449e-08
      3860.00   2.1631487e-08
      3870.00   2.1481731e-08
      3880.00   2.1333167e-08
      3890.00   2.1185785e-08
      3900.00   2.1039578e-08
      3910.00   2.0894535e-08
      3920.00   2.0750646e-08
      3930.00   2.0607899e-08
      3940.00   2.0466289e-08
      3950.00   2.0325803e-08
      3960.00   2.0186435e-08
      3970.00   2.0048172e-08
      3980.00   1.9911008e-08
      3990.00   1.9774931e-08
      4000.00   1.9639932e-08
      4010.00   1.9506004e-08
      4020.00   1.9373136e-08
      4030.00   1.9241321e-08
      4040.00   1.9110547e-08
      4050.00   1.8980809e-08
      4060.00   1.8852095e-08
      4070.00   1.8724399e-08
      4080.00   1.8597710e-08
      4090.00   1.8472021e-08
      4100.00   1.8347325e-08
      4110.00   1.8223611e-08
      4120.00   1.8100869e-08
      4130.00   1.7979096e-08
      4140.00   1.7858278e-08
      4150.00   1.7738414e-08
      4160.00   1.7619489e-08
      4170.00   1.7501498e-08
      4180.00   1.7384432e-08
      4190.00   1.7268285e-08
      4200.00   1.7153048e-08
      4210.00   1.7038715e-08
      4220.00   1.6925273e-08
      4230.00   1.6812721e-08
      4240.00   1.6701046e-08
      4250.00   1.6590245e-08
      4260.00   1.6480309e-08
      4270.00   1.6371228e-08
      4280.00   1.6262998e-08
      4290.00   1.6155611e-08
      4300.00   1.6049060e-08
      4310.00   1.5943336e-08
      4320.00   1.5838434e-08
      4330.00   1.5734345e-08
      4340.00   1.5631064e-08
      4350.00   1.5528584e-08
      4360.00   1.5426897e-08
      4370.00   1.5325997e-08
      4380.00   1.5225877e-08
      4390.00   1.5126531e-08
      4400.00   1.5027951e-08
      4410.00   1.4930132e-08
      4420.00   1.4833066e-08
      4430.00   1.4736747e-08
      4440.00   1.4641170e-08
      4450.00   1.4546328e-08
      4460.00   1.4452213e-08
      4470.00   1.4358821e-08
      4480.00   1.4266145e-08
      4490.00   1.4174179e-08
      4500.00   1.4082917e-08
      4510.00   1.3992352e-08
      4520.00   1.3902481e-08
      4530.00   1.3813293e-08
      4540.00   1.3724787e-08
      4550.00   1.3636956e-08
      4560.00   1.3549793e-08
      4570.00   1.3463292e-08
      4580.00   1.3377449e-08
      4590.00   1.3292259e-08
      4600.00   1.3207714e-08
      4610.00   1.3123811e-08
      4620.00   1.3040542e-08
      4630.00   1.2957902e-08
      4640.00   1.2875889e-08
      4650.00   1.2794494e-08
      4660.00   1.2713714e-08
      4670.00   1.2633541e-08
      4680.00   1.2553972e-08
      4690.00   1.2475003e-08
      4700.00   1.2396626e-08
      4710.00   1.2318839e-08
      4720.00   1.2241634e-08
      4730.00   1.2165008e-08
      4740.00   1.2088956e-08
      4750.00   1.2013472e-08
      4760.00   1.1938554e-08
      4770.00   1.1864194e-08
      4780.00   1.1790388e-08
      4790.00   1.1717133e-08
      4800.00   1.1644422e-08
      4810.00   1.1572252e-08
      4820.00   1.1500618e-08
      4830.00   1.1429516e-08
      4840.00   1.1358941e-08
      4850.00   1.1288889e-08
      4860.00   1.1219355e-08
      4870.00   1.1150335e-08
      4880.00   1.1081825e-08
      4890.00   1.1013820e-08
      4900.00   1.0946316e-08
      4910.00   1.0879309e-08
      4920.00   1.0812797e-08
      4930.00   1.0746770e-08
      4940.00   1.0681230e-08
      4950.00   1.0616170e-08
      4960.00   1.0551586e-08
      4970.00   1.0487475e-08
      4980.00   1.0423833e-08
      4990.00   1.0360655e-08
      5000.00   1.0297938e-08
      5010.00   1.0235679e-08
      5020.00   1.0173872e-08
      5030.00   1.0112515e-08
      5040.00   1.0051604e-08
      5050.00   9.9911346e-09
      5060.00   9.9311033e-09
      5070.00   9.8715081e-09
      5080.00   9.8123426e-09
      5090.00   9.7536054e-09
      5100.00   9.6952926e-09
      5110.00   9.6373997e-09
      5120.00   9.5799238e-09
      5130.00   9.5228612e-09
      5140.00   9.4662098e-09
      5150.00   9.4099646e-09
      5160.00   9.3541235e-09
      5170.00   9.2986824e-09
      5180.00   9.2436377e-09
      5190.00   9.1889876e-09
      5200.00   9.1347274e-09
      5210.00   9.0808544e-09
      5220.00   9.0273655e-09
      5230.00   8.9742574e-09
      5240.00   8.9215276e-09
      5250.00   8.8691718e-09
      5260.00   8.8171876e-09
      5270.00   8.7655720e-09
      5280.00   8.7143225e-09
      5290.00   8.6634356e-09
      5300.00   8.6129080e-09
      5310.00   8.5627377e-09
      5320.00   8.5129210e-09
      5330.00   8.4634550e-09
      5340.00   8.4143376e-09
      5350.00   8.3655654e-09
      5360.00   8.3171358e-09
      5370.00   8.2690457e-09
      5380.00   8.2212929e-09
      5390.00   8.1738740e-09
      5400.00   8.1267863e-09
      5410.00   8.0800284e-09
      5420.00   8.0335962e-09
      5430.00   7.9874880e-09
      5440.00   7.9417012e-09
      5450.00   7.8962325e-09
      5460.00   7.8510787e-09
      5470.00   7.8062394e-09
      5480.00   7.7617104e-09
      5490.00   7.7174903e-09
      5500.00   7.6735753e-09
      5510.00   7.6299647e-09
      5520.00   7.5866548e-09
      5530.00   7.5436435e-09
      5540.00   7.5009278e-09
      5550.00   7.4585072e-09
      5560.00   7.4163765e-09
      5570.00   7.3745360e-09
      5580.00   7.3329830e-09
      5590.00   7.2917139e-09
      5600.00   7.2507268e-09
      5610.00   7.2100205e-09
      5620.00   7.1695917e-09
      5630.00   7.1294391e-09
      5640.00   7.0895602e-09
      5650.00   7.0499517e-09
      5660.00   7.0106134e-09
      5670.00   6.9715419e-09
      5680.00   6.9327355e-09
      5690.00   6.8941918e-09
      5700.00   6.8559091e-09
      5710.00   6.8178851e-09
      5720.00   6.7801187e-09
      5730.00   6.7426057e-09
      5740.00   6.7053470e-09
      5750.00   6.6683379e-09
      5760.00   6.6315780e-09
      5770.00   6.5950651e-09
      5780.00   6.5587971e-09
      5790.00   6.5227719e-09
      5800.00   6.4869880e-09
      5810.00   6.4514443e-09
      5820.00   6.4161372e-09
      5830.00   6.3810659e-09
      5840.00   6.3462282e-09
      5850.00   6.3116223e-09
      5860.00   6.2772467e-09
      5870.00   6.2430995e-09
      5880.00   6.2091788e-09
      5890.00   6.1754832e-09
      5900.00   6.1420105e-09
      5910.00   6.1087593e-09
      5920.00   6.0757272e-09
      5930.00   6.0429140e-09
      5940.00   6.0103170e-09
      5950.00   5.9779344e-09
      5960.00   5.9457649e-09
      5970.00   5.9138065e-09
      5980.00   5.8820583e-09
      5990.00   5.8505182e-09
      6000.00   5.8191847e-09
      6010.00   5.7880557e-09
      6020.00   5.7571304e-09
      6030.00   5.7264072e-09
      6040.00   5.6958843e-09
      6050.00   5.6655600e-09
      6060.00   5.6354329e-09
      6070.00   5.6055019e-09
      6080.00   5.5757654e-09
      6090.00   5.5462216e-09
      6100.00   5.5168690e-09
      6110.00   5.4877060e-09
      6120.00   5.4587325e-09
      6130.00   5.4299454e-09
      6140.00   5.4013442e-09
      6150.00   5.3729270e-09
      6160.00   5.3446928e-09
      6170.00   5.3166402e-09
      6180.00   5.2887676e-09
      6190.00   5.2610737e-09
      6200.00   5.2335579e-09
      6210.00   5.2062175e-09
      6220.00   5.1790520e-09
      6230.00   5.1520605e-09
      6240.00   5.1252410e-09
      6250.00   5.0985919e-09
      6260.00   5.0721131e-09
      6270.00   5.0458027e-09
      6280.00   5.0196592e-09
      6290.00   4.9936812e-09
      6300.00   4.9678683e-09
      6310.00   4.9422187e-09
      6320.00   4.9167318e-09
      6330.00   4.8914051e-09
      6340.00   4.8662383e-09
      6350.00   4.8412310e-09
      6360.00   4.8163805e-09
      6370.00   4.7916863e-09
      6380.00   4.7671474e-09
      6390.00   4.7427627e-09
      6400.00   4.7185306e-09
      6410.00   4.6944503e-09
      6420.00   4.6705206e-09
      6430.00   4.6467407e-09
      6440.00   4.6231095e-09
      6450.00   4.5996250e-09
      6460.00   4.5762870e-09
      6470.00   4.5530943e-09
      6480.00   4.5300456e-09
      6490.00   4.5071404e-09
      6500.00   4.4843770e-09
      6510.00   4.4617548e-09
      6520.00   4.4392726e-09
      6530.00   4.4169290e-09
      6540.00   4.3947237e-09
      6550.00   4.3726556e-09
      6560.00   4.3507231e-09
      6570.00   4.3289255e-09
      6580.00   4.3072623e-09
      6590.00   4.2857322e-09
      6600.00   4.2643340e-09
      6610.00   4.2430670e-09
      6620.00   4.2219303e-09
      6630.00   4.2009224e-09
      6640.00   4.1800433e-09
      6650.00   4.1592918e-09
      6660.00   4.1386664e-09
      6670.00   4.1181667e-09
      6680.00   4.0977920e-09
      6690.00   4.0775405e-09
      6700.00   4.0574125e-09
      6710.00   4.0374063e-09
      6720.00   4.0175214e-09
      6730.00   3.9977565e-09
      6740.00   3.9781115e-09
      6750.00   3.9585848e-09
      6760.00   3.9391760e-09
      6770.00   3.9198845e-09
      6780.00   3.9007085e-09
      6790.00   3.8816482e-09
      6800.00   3.8627021e-09
      6810.00   3.8438700e-09
      6820.00   3.8251506e-09
      6830.00   3.8065432e-09
      6840.00   3.7880470e-09
      6850.00   3.7696614e-09
      6860.00   3.7513856e-09
      6870.00   3.7332186e-09
      6880.00   3.7151599e-09
      6890.00   3.6972086e-09
      6900.00   3.6793636e-09
      6910.00   3.6616250e-09
      6920.00   3.6439918e-09
      6930.00   3.6264625e-09
      6940.00   3.6090373e-09
      6950.00   3.5917149e-09
      6960.00   3.5744946e-09
      6970.00   3.5573760e-09
      6980.00   3.5403585e-09
      6990.00   3.5234413e-09
      7000.00   3.5066231e-09
      7010.00   3.4899038e-09
      7020.00   3.4732826e-09
      7030.00   3.4567592e-09
      7040.00   3.4403320e-09
      7050.00   3.4240013e-09
      7060.00   3.4077659e-09
      7070.00   3.3916253e-09
      7080.00   3.3755786e-09
      7090.00   3.3596254e-09
      7100.00   3.3437651e-09
      7110.00   3.3279970e-09
      7120.00   3.3123206e-09
      7130.00   3.2967353e-09
      7140.00   3.2812397e-09
      7150.00   3.2658342e-09
      7160.00   3.2505176e-09
      7170.00   3.2352894e-09
      7180.00   3.2201492e-09
      7190.00   3.2050965e-09
      7200.00   3.1901301e-09
      7210.00   3.1752499e-09
      7220.00   3.1604556e-09
      7230.00   3.1457456e-09
      7240.00   3.1311205e-09
      7250.00   3.1165786e-09
      7260.00   3.1021201e-09
      7270.00   3.0877446e-09
      7280.00   3.0734507e-09
      7290.00   3.0592386e-09
      7300.00   3.0451077e-09
      7310.00   3.0310571e-09
      7320.00   3.0170861e-09
      7330.00   3.0031948e-09
      7340.00   2.9893821e-09
      7350.00   2.9756479e-09
      7360.00   2.9619915e-09
      7370.00   2.9484125e-09
      7380.00   2.9349097e-09
      7390.00   2.9214836e-09
      7400.00   2.9081330e-09
      7410.00   2.8948577e-09
      7420.00   2.8816572e-09
      7430.00   2.8685308e-09
      7440.00   2.8554781e-09
      7450.00   2.8424989e-09
      7460.00   2.8295924e-09
      7470.00   2.8167580e-09
      7480.00   2.8039955e-09
      7490.00   2.7913042e-09
      7500.00   2.7786841e-09
      7510.00   2.7661340e-09
      7520.00   2.7536539e-09
      7530.00   2.7412432e-09
      7540.00   2.7289019e-09
      7550.00   2.7166288e-09
      7560.00   2.7044239e-09
      7570.00   2.6922866e-09
      7580.00   2.6802162e-09
      7590.00   2.6682131e-09
      7600.00   2.6562763e-09
      7610.00   2.6444051e-09
      7620.00   2.6325997e-09
      7630.00   2.6208589e-09
      7640.00   2.6091831e-09
      7650.00   2.5975713e-09
      7660.00   2.5860235e-09
      7670.00   2.5745388e-09
      7680.00   2.5631171e-09
      7690.00   2.5517580e-09
      7700.00   2.5404612e-09
      7710.00   2.5292259e-09
      7720.00   2.5180519e-09
      7730.00   2.5069392e-09
      7740.00   2.4958869e-09
      7750.00   2.4848946e-09
      7760.00   2.4739622e-09
      7770.00   2.4630892e-09
      7780.00   2.4522751e-09
      7790.00   2.4415198e-09
      7800.00   2.4308226e-09
      7810.00   2.4201833e-09
      7820.00   2.4096017e-09
      7830.00   2.3990770e-09
      7840.00   2.3886093e-09
      7850.00   2.3781978e-09
      7860.00   2.3678423e-09
      7870.00   2.3575427e-09
      7880.00   2.3472983e-09
      7890.00   2.3371091e-09
      7900.00   2.3269743e-09
      7910.00   2.3168940e-09
      7920.00   2.3068675e-09
      7930.00   2.2968946e-09
      7940.00   2.2869750e-09
      7950.00   2.2771083e-09
      7960.00   2.2672945e-09
      7970.00   2.2575326e-09
      7980.00   2.2478228e-09
      7990.00   2.2381645e-09
      8000.00   2.2285575e-09
