      1600.00   1.2207962e-07
      1610.00   1.2175986e-07
      1620.00   1.2142263e-07
      1630.00   1.2106862e-07
      1640.00   1.2069841e-07
      1650.00   1.2031264e-07
      1660.00   1.1991188e-07
      1670.00   1.1949676e-07
      1680.00   1.1906782e-07
      1690.00   1.1862564e-07
      1700.00   1.1817077e-07
      1710.00   1.1770374e-07
      1720.00   1.1722509e-07
      1730.00   1.1673532e-07
      1740.00   1.1623492e-07
      1750.00   1.1572441e-07
      1760.00   1.1520424e-07
      1770.00   1.1467488e-07
      1780.00   1.1413679e-07
      1790.00   1.1359040e-07
      1800.00   1.1303614e-07
      1810.00   1.1247444e-07
      1820.00   1.1190568e-07
      1830.00   1.1133028e-07
      1840.00   1.1074861e-07
      1850.00   1.1016105e-07
      1860.00   1.0956795e-07
      1870.00   1.0896968e-07
      1880.00   1.0836657e-07
      1890.00   1.0775895e-07
      1900.00   1.0714715e-07
      1910.00   1.0653147e-07
      1920.00   1.0591221e-07
      1930.00   1.0528967e-07
      1940.00   1.0466415e-07
      1950.00   1.0403590e-07
      1960.00   1.0340520e-07
      1970.00   1.0277229e-07
      1980.00   1.0213744e-07
      1990.00   1.0150089e-07
      2000.00   1.0086285e-07
      2010.00   1.0022356e-07
      2020.00   9.9583248e-08
      2030.00   9.8942106e-08
      2040.00   9.8300351e-08
      2050.00   9.7658170e-08
      2060.00   9.7015752e-08
      2070.00   9.6373279e-08
      2080.00   9.5730944e-08
      2090.00   9.5088884e-08
      2100.00   9.4447282e-08
      2110.00   9.3806297e-08
      2120.00   9.3166069e-08
      2130.00   9.2526758e-08
      2140.00   9.1888486e-08
      2150.00   9.1251403e-08
      2160.00   9.0615630e-08
      2170.00   8.9981283e-08
      2180.00   8.9348500e-08
      2190.00   8.8717380e-08
      2200.00   8.8088039e-08
      2210.00   8.7460583e-08
      2220.00   8.6835104e-08
      2230.00   8.6211709e-08
      2240.00   8.5590478e-08
      2250.00   8.4971511e-08
      2260.00   8.4354886e-08
      2270.00   8.3740672e-08
      2280.00   8.3128968e-08
      2290.00   8.2519824e-08
      2300.00   8.1913326e-08
      2310.00   8.1309533e-08
      2320.00   8.0708507e-08
      2330.00   8.0110314e-08
      2340.00   7.9514995e-08
      2350.00   7.8922617e-08
      2360.00   7.8333228e-08
      2370.00   7.7746877e-08
      2380.00   7.7163602e-08
      2390.00   7.6583448e-08
      2400.00   7.6006461e-08
      2410.00   7.5432663e-08
      2420.00   7.4862109e-08
      2430.00   7.4294820e-08
      2440.00   7.3730827e-08
      2450.00   7.3170163e-08
      2460.00   7.2612859e-08
      2470.00   7.2058918e-08
      2480.00   7.1508373e-08
      2490.00   7.0961257e-08
      2500.00   7.0417576e-08
      2510.00   6.9877351e-08
      2520.00   6.9340600e-08
      2530.00   6.8807322e-08
      2540.00   6.8277549e-08
      2550.00   6.7751285e-08
      2560.00   6.7228529e-08
      2570.00   6.6709300e-08
      2580.00   6.6193601e-08
      2590.00   6.5681436e-08
      2600.00   6.5172816e-08
      2610.00   6.4667734e-08
      2620.00   6.4166199e-08
      2630.00   6.3668201e-08
      2640.00   6.3173749e-08
      2650.00   6.2682840e-08
      2660.00   6.2195473e-08
      2670.00   6.1711639e-08
      2680.00   6.1231338e-08
      2690.00   6.0754563e-08
      2700.00   6.0281301e-08
      2710.00   5.9811558e-08
      2720.00   5.9345324e-08
      2730.00   5.8882578e-08
      2740.00   5.8423324e-08
      2750.00   5.7967546e-08
      2760.00   5.7515242e-08
      2770.00   5.7066385e-08
      2780.00   5.6620976e-08
      2790.00   5.6179005e-08
      2800.00   5.5740444e-08
      2810.00   5.5305293e-08
      2820.00   5.4873539e-08
      2830.00   5.4445158e-08
      2840.00   5.4020143e-08
      2850.00   5.3598475e-08
      2860.00   5.3180144e-08
      2870.00   5.2765128e-08
      2880.00   5.2353408e-08
      2890.00   5.1944978e-08
      2900.00   5.1539810e-08
      2910.00   5.1137903e-08
      2920.00   5.0739223e-08
      2930.00   5.0343757e-08
      2940.00   4.9951489e-08
      2950.00   4.9562401e-08
      2960.00   4.9176469e-08
      2970.00   4.8793688e-08
      2980.00   4.8414025e-08
      2990.00   4.8037466e-08
      3000.00   4.7663996e-08
      3010.00   4.7293585e-08
      3020.00   4.6926226e-08
      3030.00   4.6561889e-08
      3040.00   4.6200564e-08
      3050.00   4.5842224e-08
      3060.00   4.5486852e-08
      3070.00   4.5134426e-08
      3080.00   4.4784926e-08
      3090.00   4.4438334e-08
      3100.00   4.4094631e-08
      3110.00   4.3753789e-08
      3120.00   4.3415801e-08
      3130.00   4.3080632e-08
      3140.00   4.2748274e-08
      3150.00   4.2418697e-08
      3160.00   4.2091890e-08
      3170.00   4.1767817e-08
      3180.00   4.1446478e-08
      3190.00   4.1127838e-08
      3200.00   4.0811882e-08
      3210.00   4.0498587e-08
      3220.00   4.0187940e-08
      3230.00   3.9879908e-08
      3240.00   3.9574480e-08
      3250.00   3.9271636e-08
      3260.00   3.8971355e-08
      3270.00   3.8673610e-08
      3280.00   3.8378390e-08
      3290.00   3.8085669e-08
      3300.00   3.7795431e-08
      3310.00   3.7507654e-08
      3320.00   3.7222315e-08
      3330.00   3.6939402e-08
      3340.00   3.6658891e-08
      3350.00   3.6380759e-08
      3360.00   3.6104991e-08
      3370.00   3.5831566e-08
      3380.00   3.5560465e-08
      3390.00   3.5291671e-08
      3400.00   3.5025161e-08
      3410.00   3.4760920e-08
      3420.00   3.4498924e-08
      3430.00   3.4239158e-08
      3440.00   3.3981601e-08
      3450.00   3.3726232e-08
      3460.00   3.3473044e-08
      3470.00   3.3222005e-08
      3480.00   3.2973099e-08
      3490.00   3.2726314e-08
      3500.00   3.2481629e-08
      3510.00   3.2239022e-08
      3520.00   3.1998481e-08
      3530.00   3.1759987e-08
      3540.00   3.1523518e-08
      3550.00   3.1289059e-08
      3560.00   3.1056596e-08
      3570.00   3.0826106e-08
      3580.00   3.0597576e-08
      3590.00   3.0370984e-08
      3600.00   3.0146319e-08
      3610.00   2.9923564e-08
      3620.00   2.9702697e-08
      3630.00   2.9483699e-08
      3640.00   2.9266562e-08
      3650.00   2.9051269e-08
      3660.00   2.8837797e-08
      3670.00   2.8626134e-08
      3680.00   2.8416265e-08
      3690.00   2.8208171e-08
      3700.00   2.8001839e-08
      3710.00   2.7797252e-08
      3720.00   2.7594393e-08
      3730.00   2.7393251e-08
      3740.00   2.7193806e-08
      3750.00   2.6996046e-08
      3760.00   2.6799951e-08
      3770.00   2.6605513e-08
      3780.00   2.6412713e-08
      3790.00   2.6221533e-08
      3800.00   2.6031969e-08
      3810.00   2.5843998e-08
      3820.00   2.5657606e-08
      3830.00   2.5472782e-08
      3840.00   2.5289508e-08
      3850.00   2.5107774e-08
      3860.00   2.4927563e-08
      3870.00   2.4748866e-08
      3880.00   2.4571664e-08
      3890.00   2.4395945e-08
      3900.00   2.4221696e-08
      3910.00   2.4048906e-08
      3920.00   2.3877558e-08
      3930.00   2.3707639e-08
      3940.00   2.3539139e-08
      3950.00   2.3372044e-08
      3960.00   2.3206342e-08
      3970.00   2.3042018e-08
      3980.00   2.2879063e-08
      3990.00   2.2717460e-08
      4000.00   2.2557199e-08
      4010.00   2.2398269e-08
      4020.00   2.2240657e-08
      4030.00   2.2084352e-08
      4040.00   2.1929339e-08
      4050.00   2.1775610e-08
      4060.00   2.1623149e-08
      4070.00   2.1471951e-08
      4080.00   2.1321998e-08
      4090.00   2.1173282e-08
      4100.00   2.1025793e-08
      4110.00   2.0879517e-08
      4120.00   2.0734443e-08
      4130.00   2.0590562e-08
      4140.00   2.0447861e-08
      4150.00   2.0306334e-08
      4160.00   2.0165965e-08
      4170.00   2.0026744e-08
      4180.00   1.9888663e-08
      4190.00   1.9751710e-08
      4200.00   1.9615876e-08
      4210.00   1.9481153e-08
      4220.00   1.9347523e-08
      4230.00   1.9214985e-08
      4240.00   1.9083523e-08
      4250.00   1.8953131e-08
      4260.00   1.8823799e-08
      4270.00   1.8695513e-08
      4280.00   1.8568270e-08
      4290.00   1.8442057e-08
      4300.00   1.8316864e-08
      4310.00   1.8192684e-08
      4320.00   1.8069506e-08
      4330.00   1.7947321e-08
      4340.00   1.7826120e-08
      4350.00   1.7705897e-08
      4360.00   1.7586640e-08
      4370.00   1.7468342e-08
      4380.00   1.7350992e-08
      4390.00   1.7234585e-08
      4400.00   1.7119108e-08
      4410.00   1.7004559e-08
      4420.00   1.6890922e-08
      4430.00   1.6778193e-08
      4440.00   1.6666365e-08
      4450.00   1.6555428e-08
      4460.00   1.6445374e-08
      4470.00   1.6336195e-08
      4480.00   1.6227884e-08
      4490.00   1.6120432e-08
      4500.00   1.6013833e-08
      4510.00   1.5908078e-08
      4520.00   1.5803161e-08
      4530.00   1.5699071e-08
      4540.00   1.5595804e-08
      4550.00   1.5493352e-08
      4560.00   1.5391707e-08
      4570.00   1.5290861e-08
      4580.00   1.5190809e-08
      4590.00   1.5091543e-08
      4600.00   1.4993056e-08
      4610.00   1.4895341e-08
      4620.00   1.4798390e-08
      4630.00   1.4702197e-08
      4640.00   1.4606756e-08
      4650.00   1.4512061e-08
      4660.00   1.4418103e-08
      4670.00   1.4324876e-08
      4680.00   1.4232376e-08
      4690.00   1.4140594e-08
      4700.00   1.4049523e-08
      4710.00   1.3959160e-08
      4720.00   1.3869496e-08
      4730.00   1.3780525e-08
      4740.00   1.3692243e-08
      4750.00   1.3604641e-08
      4760.00   1.3517716e-08
      4770.00   1.3431459e-08
      4780.00   1.3345866e-08
      4790.00   1.3260932e-08
      4800.00   1.3176648e-08
      4810.00   1.3093011e-08
      4820.00   1.3010014e-08
      4830.00   1.2927653e-08
      4840.00   1.2845921e-08
      4850.00   1.2764813e-08
      4860.00   1.2684324e-08
      4870.00   1.2604448e-08
      4880.00   1.2525178e-08
      4890.00   1.2446512e-08
      4900.00   1.2368443e-08
      4910.00   1.2290966e-08
      4920.00   1.2214076e-08
      4930.00   1.2137766e-08
      4940.00   1.2062034e-08
      4950.00   1.1986874e-08
      4960.00   1.1912279e-08
      4970.00   1.1838246e-08
      4980.00   1.1764771e-08
      4990.00   1.1691848e-08
      5000.00   1.1619472e-08
      5010.00   1.1547639e-08
      5020.00   1.1476343e-08
      5030.00   1.1405580e-08
      5040.00   1.1335347e-08
      5050.00   1.1265637e-08
      5060.00   1.1196446e-08
      5070.00   1.1127772e-08
      5080.00   1.1059607e-08
      5090.00   1.0991949e-08
      5100.00   1.0924794e-08
      5110.00   1.0858135e-08
      5120.00   1.0791970e-08
      5130.00   1.0726294e-08
      5140.00   1.0661104e-08
      5150.00   1.0596394e-08
      5160.00   1.0532161e-08
      5170.00   1.0468401e-08
      5180.00   1.0405109e-08
      5190.00   1.0342283e-08
      5200.00   1.0279917e-08
      5210.00   1.0218008e-08
      5220.00   1.0156551e-08
      5230.00   1.0095544e-08
      5240.00   1.0034983e-08
      5250.00   9.9748632e-09
      5260.00   9.9151807e-09
      5270.00   9.8559324e-09
      5280.00   9.7971152e-09
      5290.00   9.7387249e-09
      5300.00   9.6807574e-09
      5310.00   9.6232104e-09
      5320.00   9.5660792e-09
      5330.00   9.5093604e-09
      5340.00   9.4530514e-09
      5350.00   9.3971482e-09
      5360.00   9.3416476e-09
      5370.00   9.2865457e-09
      5380.00   9.2318400e-09
      5390.00   9.1775262e-09
      5400.00   9.1236012e-09
      5410.00   9.0700632e-09
      5420.00   9.0169074e-09
      5430.00   8.9641314e-09
      5440.00   8.9117323e-09
      5450.00   8.8597062e-09
      5460.00   8.8080492e-09
      5470.00   8.7567605e-09
      5480.00   8.7058353e-09
      5490.00   8.6552720e-09
      5500.00   8.6050657e-09
      5510.00   8.5552159e-09
      5520.00   8.5057179e-09
      5530.00   8.4565691e-09
      5540.00   8.4077662e-09
      5550.00   8.3593083e-09
      5560.00   8.3111894e-09
      5570.00   8.2634096e-09
      5580.00   8.2159657e-09
      5590.00   8.1688536e-09
      5600.00   8.1220708e-09
      5610.00   8.0756159e-09
      5620.00   8.0294849e-09
      5630.00   7.9836763e-09
      5640.00   7.9381870e-09
      5650.00   7.8930134e-09
      5660.00   7.8481546e-09
      5670.00   7.8036071e-09
      5680.00   7.7593686e-09
      5690.00   7.7154364e-09
      5700.00   7.6718083e-09
      5710.00   7.6284815e-09
      5720.00   7.5854548e-09
      5730.00   7.5427232e-09
      5740.00   7.5002876e-09
      5750.00   7.4581426e-09
      5760.00   7.4162875e-09
      5770.00   7.3747199e-09
      5780.00   7.3334372e-09
      5790.00   7.2924368e-09
      5800.00   7.2517170e-09
      5810.00   7.2112764e-09
      5820.00   7.1711109e-09
      5830.00   7.1312192e-09
      5840.00   7.0915990e-09
      5850.00   7.0522480e-09
      5860.00   7.0131645e-09
      5870.00   6.9743462e-09
      5880.00   6.9357908e-09
      5890.00   6.8974967e-09
      5900.00   6.8594611e-09
      5910.00   6.8216825e-09
      5920.00   6.7841581e-09
      5930.00   6.7468875e-09
      5940.00   6.7098675e-09
      5950.00   6.6730960e-09
      5960.00   6.6365716e-09
      5970.00   6.6002917e-09
      5980.00   6.5642553e-09
      5990.00   6.5284601e-09
      6000.00   6.4929039e-09
      6010.00   6.4575846e-09
      6020.00   6.4225011e-09
      6030.00   6.3876516e-09
      6040.00   6.3530337e-09
      6050.00   6.3186456e-09
      6060.00   6.2844857e-09
      6070.00   6.2505524e-09
      6080.00   6.2168441e-09
      6090.00   6.1833585e-09
      6100.00   6.1500941e-09
      6110.00   6.1170487e-09
      6120.00   6.0842221e-09
      6130.00   6.0516109e-09
      6140.00   6.0192145e-09
      6150.00   5.9870306e-09
      6160.00   5.9550579e-09
      6170.00   5.9232948e-09
      6180.00   5.8917395e-09
      6190.00   5.8603904e-09
      6200.00   5.8292467e-09
      6210.00   5.7983054e-09
      6220.00   5.7675659e-09
      6230.00   5.7370269e-09
      6240.00   5.7066863e-09
      6250.00   5.6765421e-09
      6260.00   5.6465941e-09
      6270.00   5.6168402e-09
      6280.00   5.5872785e-09
      6290.00   5.5579076e-09
      6300.00   5.5287267e-09
      6310.00   5.4997340e-09
      6320.00   5.4709286e-09
      6330.00   5.4423075e-09
      6340.00   5.4138705e-09
      6350.00   5.3856170e-09
      6360.00   5.3575440e-09
      6370.00   5.3296508e-09
      6380.00   5.3019361e-09
      6390.00   5.2743988e-09
      6400.00   5.2470370e-09
      6410.00   5.2198497e-09
      6420.00   5.1928355e-09
      6430.00   5.1659934e-09
      6440.00   5.1393221e-09
      6450.00   5.1128196e-09
      6460.00   5.0864851e-09
      6470.00   5.0603176e-09
      6480.00   5.0343155e-09
      6490.00   5.0084782e-09
      6500.00   4.9828036e-09
      6510.00   4.9572911e-09
      6520.00   4.9319392e-09
      6530.00   4.9067464e-09
      6540.00   4.8817121e-09
      6550.00   4.8568354e-09
      6560.00   4.8321142e-09
      6570.00   4.8075476e-09
      6580.00   4.7831351e-09
      6590.00   4.7588752e-09
      6600.00   4.7347665e-09
      6610.00   4.7108082e-09
      6620.00   4.6869991e-09
      6630.00   4.6633377e-09
      6640.00   4.6398238e-09
      6650.00   4.6164559e-09
      6660.00   4.5932326e-09
      6670.00   4.5701532e-09
      6680.00   4.5472168e-09
      6690.00   4.5244215e-09
      6700.00   4.5017676e-09
      6710.00   4.4792529e-09
      6720.00   4.4568771e-09
      6730.00   4.4346386e-09
      6740.00   4.4125373e-09
      6750.00   4.3905713e-09
      6760.00   4.3687401e-09
      6770.00   4.3470429e-09
      6780.00   4.3254779e-09
      6790.00   4.3040450e-09
      6800.00   4.2827427e-09
      6810.00   4.2615707e-09
      6820.00   4.2405274e-09
      6830.00   4.2196122e-09
      6840.00   4.1988239e-09
      6850.00   4.1781619e-09
      6860.00   4.1576253e-09
      6870.00   4.1372129e-09
      6880.00   4.1169243e-09
      6890.00   4.0967581e-09
      6900.00   4.0767134e-09
      6910.00   4.0567899e-09
      6920.00   4.0369869e-09
      6930.00   4.0173023e-09
      6940.00   3.9977365e-09
      6950.00   3.9782879e-09
      6960.00   3.9589559e-09
      6970.00   3.9397397e-09
      6980.00   3.9206388e-09
      6990.00   3.9016522e-09
      7000.00   3.8827786e-09
      7010.00   3.8640175e-09
      7020.00   3.8453684e-09
      7030.00   3.8268306e-09
      7040.00   3.8084025e-09
      7050.00   3.7900843e-09
      7060.00   3.7718746e-09
      7070.00   3.7537728e-09
      7080.00   3.7357779e-09
      7090.00   3.7178896e-09
      7100.00   3.7001070e-09
      7110.00   3.6824294e-09
      7120.00   3.6648561e-09
      7130.00   3.6473864e-09
      7140.00   3.6300189e-09
      7150.00   3.6127539e-09
      7160.00   3.5955900e-09
      7170.00   3.5785266e-09
      7180.00   3.5615633e-09
      7190.00   3.5446995e-09
      7200.00   3.5279338e-09
      7210.00   3.5112663e-09
      7220.00   3.4946962e-09
      7230.00   3.4782220e-09
      7240.00   3.4618444e-09
      7250.00   3.4455612e-09
      7260.00   3.4293728e-09
      7270.00   3.4132787e-09
      7280.00   3.3972773e-09
      7290.00   3.3813688e-09
      7300.00   3.3655524e-09
      7310.00   3.3498273e-09
      7320.00   3.3341927e-09
      7330.00   3.3186484e-09
      7340.00   3.3031933e-09
      7350.00   3.2878274e-09
      7360.00   3.2725497e-09
      7370.00   3.2573600e-09
      7380.00   3.2422567e-09
      7390.00   3.2272404e-09
      7400.00   3.2123097e-09
      7410.00   3.1974645e-09
      7420.00   3.1827040e-09
      7430.00   3.1680276e-09
      7440.00   3.1534348e-09
      7450.00   3.1389252e-09
      7460.00   3.1244982e-09
      7470.00   3.1101529e-09
      7480.00   3.0958890e-09
      7490.00   3.0817058e-09
      7500.00   3.0676033e-09
      7510.00   3.0535801e-09
      7520.00   3.0396363e-09
      7530.00   3.0257710e-09
      7540.00   3.0119843e-09
      7550.00   2.9982749e-09
      7560.00   2.9846427e-09
      7570.00   2.9710871e-09
      7580.00   2.9576072e-09
      7590.00   2.9442035e-09
      7600.00   2.9308747e-09
      7610.00   2.9176204e-09
      7620.00   2.9044403e-09
      7630.00   2.8913335e-09
      7640.00   2.8783003e-09
      7650.00   2.8653393e-09
      7660.00   2.8524508e-09
      7670.00   2.8396337e-09
      7680.00   2.8268879e-09
      7690.00   2.8142128e-09
      7700.00   2.8016081e-09
      7710.00   2.7890731e-09
      7720.00   2.7766073e-09
      7730.00   2.7642108e-09
      7740.00   2.7518825e-09
      7750.00   2.7396222e-09
      7760.00   2.7274295e-09
      7770.00   2.7153038e-09
      7780.00   2.7032448e-09
      7790.00   2.6912521e-09
      7800.00   2.6793252e-09
      7810.00   2.6674636e-09
      7820.00   2.6556672e-09
      7830.00   2.6439351e-09
      7840.00   2.6322672e-09
      7850.00   2.6206629e-09
      7860.00   2.6091219e-09
      7870.00   2.5976438e-09
      7880.00   2.5862282e-09
      7890.00   2.5748747e-09
      7900.00   2.5635827e-09
      7910.00   2.5523522e-09
      7920.00   2.5411825e-09
      7930.00   2.5300732e-09
      7940.00   2.5190241e-09
      7950.00   2.5080345e-09
      7960.00   2.4971046e-09
      7970.00   2.4862333e-09
      7980.00   2.4754208e-09
      7990.00   2.4646664e-09
      8000.00   2.4539697e-09
