      1600.00   1.3974960e-07
      1610.00   1.3927265e-07
      1620.00   1.3877787e-07
      1630.00   1.3826603e-07
      1640.00   1.3773782e-07
      1650.00   1.3719395e-07
      1660.00   1.3663509e-07
      1670.00   1.3606194e-07
      1680.00   1.3547510e-07
      1690.00   1.3487524e-07
      1700.00   1.3426297e-07
      1710.00   1.3363890e-07
      1720.00   1.3300361e-07
      1730.00   1.3235767e-07
      1740.00   1.3170161e-07
      1750.00   1.3103602e-07
      1760.00   1.3036139e-07
      1770.00   1.2967825e-07
      1780.00   1.2898709e-07
      1790.00   1.2828838e-07
      1800.00   1.2758260e-07
      1810.00   1.2687022e-07
      1820.00   1.2615162e-07
      1830.00   1.2542730e-07
      1840.00   1.2469764e-07
      1850.00   1.2396304e-07
      1860.00   1.2322388e-07
      1870.00   1.2248057e-07
      1880.00   1.2173344e-07
      1890.00   1.2098286e-07
      1900.00   1.2022916e-07
      1910.00   1.1947268e-07
      1920.00   1.1871373e-07
      1930.00   1.1795262e-07
      1940.00   1.1718966e-07
      1950.00   1.1642512e-07
      1960.00   1.1565928e-07
      1970.00   1.1489241e-07
      1980.00   1.1412478e-07
      1990.00   1.1335663e-07
      2000.00   1.1258818e-07
      2010.00   1.1181969e-07
      2020.00   1.1105137e-07
      2030.00   1.1028343e-07
      2040.00   1.0951608e-07
      2050.00   1.0874953e-07
      2060.00   1.0798395e-07
      2070.00   1.0721952e-07
      2080.00   1.0645645e-07
      2090.00   1.0569487e-07
      2100.00   1.0493496e-07
      2110.00   1.0417688e-07
      2120.00   1.0342076e-07
      2130.00   1.0266677e-07
      2140.00   1.0191501e-07
      2150.00   1.0116564e-07
      2160.00   1.0041878e-07
      2170.00   9.9674527e-08
      2180.00   9.8933025e-08
      2190.00   9.8194364e-08
      2200.00   9.7458653e-08
      2210.00   9.6725993e-08
      2220.00   9.5996468e-08
      2230.00   9.5270181e-08
      2240.00   9.4547202e-08
      2250.00   9.3827624e-08
      2260.00   9.3111518e-08
      2270.00   9.2398945e-08
      2280.00   9.1689996e-08
      2290.00   9.0984713e-08
      2300.00   9.0283173e-08
      2310.00   8.9585427e-08
      2320.00   8.8891528e-08
      2330.00   8.8201532e-08
      2340.00   8.7515473e-08
      2350.00   8.6833407e-08
      2360.00   8.6155374e-08
      2370.00   8.5481414e-08
      2380.00   8.4811554e-08
      2390.00   8.4145831e-08
      2400.00   8.3484281e-08
      2410.00   8.2826916e-08
      2420.00   8.2173781e-08
      2430.00   8.1524889e-08
      2440.00   8.0880262e-08
      2450.00   8.0239920e-08
      2460.00   7.9603887e-08
      2470.00   7.8972155e-08
      2480.00   7.8344747e-08
      2490.00   7.7721688e-08
      2500.00   7.7102973e-08
      2510.00   7.6488612e-08
      2520.00   7.5878617e-08
      2530.00   7.5272973e-08
      2540.00   7.4671706e-08
      2550.00   7.4074809e-08
      2560.00   7.3482271e-08
      2570.00   7.2894101e-08
      2580.00   7.2310295e-08
      2590.00   7.1730845e-08
      2600.00   7.1155754e-08
      2610.00   7.0585006e-08
      2620.00   7.0018599e-08
      2630.00   6.9456515e-08
      2640.00   6.8898753e-08
      2650.00   6.8345301e-08
      2660.00   6.7796151e-08
      2670.00   6.7251283e-08
      2680.00   6.6710690e-08
      2690.00   6.6174353e-08
      2700.00   6.5642252e-08
      2710.00   6.5114385e-08
      2720.00   6.4590732e-08
      2730.00   6.4071264e-08
      2740.00   6.3555977e-08
      2750.00   6.3044847e-08
      2760.00   6.2537863e-08
      2770.00   6.2034989e-08
      2780.00   6.1536218e-08
      2790.00   6.1041534e-08
      2800.00   6.0550899e-08
      2810.00   6.0064304e-08
      2820.00   5.9581732e-08
      2830.00   5.9103147e-08
      2840.00   5.8628537e-08
      2850.00   5.8157875e-08
      2860.00   5.7691143e-08
      2870.00   5.7228312e-08
      2880.00   5.6769354e-08
      2890.00   5.6314257e-08
      2900.00   5.5862987e-08
      2910.00   5.5415534e-08
      2920.00   5.4971858e-08
      2930.00   5.4531938e-08
      2940.00   5.4095751e-08
      2950.00   5.3663275e-08
      2960.00   5.3234476e-08
      2970.00   5.2809343e-08
      2980.00   5.2387838e-08
      2990.00   5.1969939e-08
      3000.00   5.1555624e-08
      3010.00   5.1144858e-08
      3020.00   5.0737629e-08
      3030.00   5.0333898e-08
      3040.00   4.9933650e-08
      3050.00   4.9536853e-08
      3060.00   4.9143482e-08
      3070.00   4.8753511e-08
      3080.00   4.8366912e-08
      3090.00   4.7983663e-08
      3100.00   4.7603740e-08
      3110.00   4.7227107e-08
      3120.00   4.6853754e-08
      3130.00   4.6483639e-08
      3140.00   4.6116748e-08
      3150.00   4.5753047e-08
      3160.00   4.5392520e-08
      3170.00   4.5035124e-08
      3180.00   4.4680856e-08
      3190.00   4.4329674e-08
      3200.00   4.3981560e-08
      3210.00   4.3636484e-08
      3220.00   4.3294429e-08
      3230.00   4.2955358e-08
      3240.00   4.2619254e-08
      3250.00   4.2286094e-08
      3260.00   4.1955850e-08
      3270.00   4.1628491e-08
      3280.00   4.1304004e-08
      3290.00   4.0982356e-08
      3300.00   4.0663528e-08
      3310.00   4.0347492e-08
      3320.00   4.0034222e-08
      3330.00   3.9723701e-08
      3340.00   3.9415902e-08
      3350.00   3.9110798e-08
      3360.00   3.8808368e-08
      3370.00   3.8508590e-08
      3380.00   3.8211438e-08
      3390.00   3.7916892e-08
      3400.00   3.7624927e-08
      3410.00   3.7335522e-08
      3420.00   3.7048650e-08
      3430.00   3.6764292e-08
      3440.00   3.6482425e-08
      3450.00   3.6203022e-08
      3460.00   3.5926074e-08
      3470.00   3.5651545e-08
      3480.00   3.5379417e-08
      3490.00   3.5109671e-08
      3500.00   3.4842287e-08
      3510.00   3.4577237e-08
      3520.00   3.4314506e-08
      3530.00   3.4054073e-08
      3540.00   3.3795911e-08
      3550.00   3.3540004e-08
      3560.00   3.3286333e-08
      3570.00   3.3034873e-08
      3580.00   3.2785608e-08
      3590.00   3.2538513e-08
      3600.00   3.2293573e-08
      3610.00   3.2050769e-08
      3620.00   3.1810077e-08
      3630.00   3.1571474e-08
      3640.00   3.1334949e-08
      3650.00   3.1100483e-08
      3660.00   3.0868050e-08
      3670.00   3.0637636e-08
      3680.00   3.0409223e-08
      3690.00   3.0182788e-08
      3700.00   2.9958318e-08
      3710.00   2.9735792e-08
      3720.00   2.9515190e-08
      3730.00   2.9296499e-08
      3740.00   2.9079698e-08
      3750.00   2.8864771e-08
      3760.00   2.8651697e-08
      3770.00   2.8440464e-08
      3780.00   2.8231050e-08
      3790.00   2.8023438e-08
      3800.00   2.7817620e-08
      3810.00   2.7613570e-08
      3820.00   2.7411273e-08
      3830.00   2.7210715e-08
      3840.00   2.7011877e-08
      3850.00   2.6814747e-08
      3860.00   2.6619304e-08
      3870.00   2.6425538e-08
      3880.00   2.6233429e-08
      3890.00   2.6042962e-08
      3900.00   2.5854123e-08
      3910.00   2.5666897e-08
      3920.00   2.5481268e-08
      3930.00   2.5297219e-08
      3940.00   2.5114738e-08
      3950.00   2.4933810e-08
      3960.00   2.4754422e-08
      3970.00   2.4576556e-08
      3980.00   2.4400202e-08
      3990.00   2.4225341e-08
      4000.00   2.4051961e-08
      4010.00   2.3880050e-08
      4020.00   2.3709592e-08
      4030.00   2.3540575e-08
      4040.00   2.3372983e-08
      4050.00   2.3206807e-08
      4060.00   2.3042028e-08
      4070.00   2.2878639e-08
      4080.00   2.2716622e-08
      4090.00   2.2555967e-08
      4100.00   2.2396662e-08
      4110.00   2.2238692e-08
      4120.00   2.2082045e-08
      4130.00   2.1926710e-08
      4140.00   2.1772672e-08
      4150.00   2.1619925e-08
      4160.00   2.1468450e-08
      4170.00   2.1318237e-08
      4180.00   2.1169276e-08
      4190.00   2.1021554e-08
      4200.00   2.0875061e-08
      4210.00   2.0729787e-08
      4220.00   2.0585713e-08
      4230.00   2.0442837e-08
      4240.00   2.0301140e-08
      4250.00   2.0160617e-08
      4260.00   2.0021256e-08
      4270.00   1.9883043e-08
      4280.00   1.9745972e-08
      4290.00   1.9610029e-08
      4300.00   1.9475205e-08
      4310.00   1.9341488e-08
      4320.00   1.9208870e-08
      4330.00   1.9077338e-08
      4340.00   1.8946884e-08
      4350.00   1.8817499e-08
      4360.00   1.8689171e-08
      4370.00   1.8561892e-08
      4380.00   1.8435650e-08
      4390.00   1.8310438e-08
      4400.00   1.8186244e-08
      4410.00   1.8063062e-08
      4420.00   1.7940878e-08
      4430.00   1.7819686e-08
      4440.00   1.7699477e-08
      4450.00   1.7580242e-08
      4460.00   1.7461970e-08
      4470.00   1.7344654e-08
      4480.00   1.7228284e-08
      4490.00   1.7112852e-08
      4500.00   1.6998351e-08
      4510.00   1.6884768e-08
      4520.00   1.6772101e-08
      4530.00   1.6660335e-08
      4540.00   1.6549466e-08
      4550.00   1.6439486e-08
      4560.00   1.6330385e-08
      4570.00   1.6222154e-08
      4580.00   1.6114787e-08
      4590.00   1.6008277e-08
      4600.00   1.5902614e-08
      4610.00   1.5797793e-08
      4620.00   1.5693802e-08
      4630.00   1.5590637e-08
      4640.00   1.5488291e-08
      4650.00   1.5386754e-08
      4660.00   1.5286021e-08
      4670.00   1.5186082e-08
      4680.00   1.5086932e-08
      4690.00   1.4988564e-08
      4700.00   1.4890969e-08
      4710.00   1.4794142e-08
      4720.00   1.4698075e-08
      4730.00   1.4602761e-08
      4740.00   1.4508196e-08
      4750.00   1.4414369e-08
      4760.00   1.4321276e-08
      4770.00   1.4228910e-08
      4780.00   1.4137264e-08
      4790.00   1.4046332e-08
      4800.00   1.3956107e-08
      4810.00   1.3866583e-08
      4820.00   1.3777753e-08
      4830.00   1.3689614e-08
      4840.00   1.3602156e-08
      4850.00   1.3515375e-08
      4860.00   1.3429264e-08
      4870.00   1.3343818e-08
      4880.00   1.3259030e-08
      4890.00   1.3174895e-08
      4900.00   1.3091407e-08
      4910.00   1.3008560e-08
      4920.00   1.2926350e-08
      4930.00   1.2844767e-08
      4940.00   1.2763810e-08
      4950.00   1.2683471e-08
      4960.00   1.2603745e-08
      4970.00   1.2524628e-08
      4980.00   1.2446114e-08
      4990.00   1.2368196e-08
      5000.00   1.2290871e-08
      5010.00   1.2214133e-08
      5020.00   1.2137976e-08
      5030.00   1.2062396e-08
      5040.00   1.1987388e-08
      5050.00   1.1912945e-08
      5060.00   1.1839064e-08
      5070.00   1.1765742e-08
      5080.00   1.1692969e-08
      5090.00   1.1620745e-08
      5100.00   1.1549063e-08
      5110.00   1.1477917e-08
      5120.00   1.1407305e-08
      5130.00   1.1337221e-08
      5140.00   1.1267661e-08
      5150.00   1.1198620e-08
      5160.00   1.1130094e-08
      5170.00   1.1062078e-08
      5180.00   1.0994567e-08
      5190.00   1.0927559e-08
      5200.00   1.0861047e-08
      5210.00   1.0795029e-08
      5220.00   1.0729499e-08
      5230.00   1.0664453e-08
      5240.00   1.0599888e-08
      5250.00   1.0535798e-08
      5260.00   1.0472181e-08
      5270.00   1.0409031e-08
      5280.00   1.0346346e-08
      5290.00   1.0284121e-08
      5300.00   1.0222351e-08
      5310.00   1.0161035e-08
      5320.00   1.0100167e-08
      5330.00   1.0039743e-08
      5340.00   9.9797598e-09
      5350.00   9.9202140e-09
      5360.00   9.8611016e-09
      5370.00   9.8024186e-09
      5380.00   9.7441621e-09
      5390.00   9.6863274e-09
      5400.00   9.6289113e-09
      5410.00   9.5719115e-09
      5420.00   9.5153231e-09
      5430.00   9.4591433e-09
      5440.00   9.4033689e-09
      5450.00   9.3479957e-09
      5460.00   9.2930196e-09
      5470.00   9.2384395e-09
      5480.00   9.1842504e-09
      5490.00   9.1304502e-09
      5500.00   9.0770341e-09
      5510.00   9.0240010e-09
      5520.00   8.9713460e-09
      5530.00   8.9190665e-09
      5540.00   8.8671586e-09
      5550.00   8.8156213e-09
      5560.00   8.7644484e-09
      5570.00   8.7136398e-09
      5580.00   8.6631919e-09
      5590.00   8.6131003e-09
      5600.00   8.5633625e-09
      5610.00   8.5139768e-09
      5620.00   8.4649388e-09
      5630.00   8.4162470e-09
      5640.00   8.3678980e-09
      5650.00   8.3198878e-09
      5660.00   8.2722155e-09
      5670.00   8.2248773e-09
      5680.00   8.1778707e-09
      5690.00   8.1311926e-09
      5700.00   8.0848409e-09
      5710.00   8.0388124e-09
      5720.00   7.9931057e-09
      5730.00   7.9477157e-09
      5740.00   7.9026430e-09
      5750.00   7.8578819e-09
      5760.00   7.8134318e-09
      5770.00   7.7692899e-09
      5780.00   7.7254533e-09
      5790.00   7.6819194e-09
      5800.00   7.6386862e-09
      5810.00   7.5957523e-09
      5820.00   7.5531131e-09
      5830.00   7.5107674e-09
      5840.00   7.4687125e-09
      5850.00   7.4269461e-09
      5860.00   7.3854662e-09
      5870.00   7.3442703e-09
      5880.00   7.3033561e-09
      5890.00   7.2627216e-09
      5900.00   7.2223641e-09
      5910.00   7.1822816e-09
      5920.00   7.1424714e-09
      5930.00   7.1029328e-09
      5940.00   7.0636625e-09
      5950.00   7.0246583e-09
      5960.00   6.9859184e-09
      5970.00   6.9474403e-09
      5980.00   6.9092227e-09
      5990.00   6.8712631e-09
      6000.00   6.8335594e-09
      6010.00   6.7961090e-09
      6020.00   6.7589109e-09
      6030.00   6.7219630e-09
      6040.00   6.6852629e-09
      6050.00   6.6488086e-09
      6060.00   6.6125982e-09
      6070.00   6.5766302e-09
      6080.00   6.5409027e-09
      6090.00   6.5054134e-09
      6100.00   6.4701605e-09
      6110.00   6.4351416e-09
      6120.00   6.4003568e-09
      6130.00   6.3658020e-09
      6140.00   6.3314768e-09
      6150.00   6.2973786e-09
      6160.00   6.2635062e-09
      6170.00   6.2298577e-09
      6180.00   6.1964312e-09
      6190.00   6.1632250e-09
      6200.00   6.1302381e-09
      6210.00   6.0974675e-09
      6220.00   6.0649123e-09
      6230.00   6.0325713e-09
      6240.00   6.0004421e-09
      6250.00   5.9685226e-09
      6260.00   5.9368126e-09
      6270.00   5.9053099e-09
      6280.00   5.8740123e-09
      6290.00   5.8429184e-09
      6300.00   5.8120273e-09
      6310.00   5.7813370e-09
      6320.00   5.7508466e-09
      6330.00   5.7205528e-09
      6340.00   5.6904556e-09
      6350.00   5.6605541e-09
      6360.00   5.6308451e-09
      6370.00   5.6013280e-09
      6380.00   5.5720013e-09
      6390.00   5.5428637e-09
      6400.00   5.5139135e-09
      6410.00   5.4851492e-09
      6420.00   5.4565696e-09
      6430.00   5.4281734e-09
      6440.00   5.3999595e-09
      6450.00   5.3719254e-09
      6460.00   5.3440705e-09
      6470.00   5.3163936e-09
      6480.00   5.2888930e-09
      6490.00   5.2615680e-09
      6500.00   5.2344165e-09
      6510.00   5.2074377e-09
      6520.00   5.1806301e-09
      6530.00   5.1539920e-09
      6540.00   5.1275228e-09
      6550.00   5.1012214e-09
      6560.00   5.0750858e-09
      6570.00   5.0491149e-09
      6580.00   5.0233081e-09
      6590.00   4.9976638e-09
      6600.00   4.9721806e-09
      6610.00   4.9468575e-09
      6620.00   4.9216934e-09
      6630.00   4.8966865e-09
      6640.00   4.8718366e-09
      6650.00   4.8471424e-09
      6660.00   4.8226019e-09
      6670.00   4.7982147e-09
      6680.00   4.7739797e-09
      6690.00   4.7498949e-09
      6700.00   4.7259605e-09
      6710.00   4.7021744e-09
      6720.00   4.6785361e-09
      6730.00   4.6550439e-09
      6740.00   4.6316977e-09
      6750.00   4.6084954e-09
      6760.00   4.5854365e-09
      6770.00   4.5625203e-09
      6780.00   4.5397447e-09
      6790.00   4.5171096e-09
      6800.00   4.4946134e-09
      6810.00   4.4722558e-09
      6820.00   4.4500351e-09
      6830.00   4.4279506e-09
      6840.00   4.4060011e-09
      6850.00   4.3841859e-09
      6860.00   4.3625041e-09
      6870.00   4.3409543e-09
      6880.00   4.3195360e-09
      6890.00   4.2982480e-09
      6900.00   4.2770890e-09
      6910.00   4.2560591e-09
      6920.00   4.2351570e-09
      6930.00   4.2143809e-09
      6940.00   4.1937310e-09
      6950.00   4.1732057e-09
      6960.00   4.1528043e-09
      6970.00   4.1325259e-09
      6980.00   4.1123701e-09
      6990.00   4.0923357e-09
      7000.00   4.0724214e-09
      7010.00   4.0526266e-09
      7020.00   4.0329507e-09
      7030.00   4.0133931e-09
      7040.00   3.9939520e-09
      7050.00   3.9746276e-09
      7060.00   3.9554185e-09
      7070.00   3.9363240e-09
      7080.00   3.9173431e-09
      7090.00   3.8984753e-09
      7100.00   3.8797197e-09
      7110.00   3.8610756e-09
      7120.00   3.8425423e-09
      7130.00   3.8241190e-09
      7140.00   3.8058041e-09
      7150.00   3.7875981e-09
      7160.00   3.7694993e-09
      7170.00   3.7515073e-09
      7180.00   3.7336215e-09
      7190.00   3.7158413e-09
      7200.00   3.6981653e-09
      7210.00   3.6805933e-09
      7220.00   3.6631248e-09
      7230.00   3.6457581e-09
      7240.00   3.6284938e-09
      7250.00   3.6113297e-09
      7260.00   3.5942662e-09
      7270.00   3.5773027e-09
      7280.00   3.5604375e-09
      7290.00   3.5436710e-09
      7300.00   3.5270021e-09
      7310.00   3.5104300e-09
      7320.00   3.4939539e-09
      7330.00   3.4775737e-09
      7340.00   3.4612880e-09
      7350.00   3.4450968e-09
      7360.00   3.4289993e-09
      7370.00   3.4129950e-09
      7380.00   3.3970823e-09
      7390.00   3.3812619e-09
      7400.00   3.3655322e-09
      7410.00   3.3498931e-09
      7420.00   3.3343439e-09
      7430.00   3.3188838e-09
      7440.00   3.3035124e-09
      7450.00   3.2882291e-09
      7460.00   3.2730332e-09
      7470.00   3.2579241e-09
      7480.00   3.2429012e-09
      7490.00   3.2279639e-09
      7500.00   3.2131120e-09
      7510.00   3.1983442e-09
      7520.00   3.1836604e-09
      7530.00   3.1690599e-09
      7540.00   3.1545426e-09
      7550.00   3.1401072e-09
      7560.00   3.1257537e-09
      7570.00   3.1114812e-09
      7580.00   3.0972890e-09
      7590.00   3.0831774e-09
      7600.00   3.0691453e-09
      7610.00   3.0551920e-09
      7620.00   3.0413173e-09
      7630.00   3.0275202e-09
      7640.00   3.0138010e-09
      7650.00   3.0001584e-09
      7660.00   2.9865924e-09
      7670.00   2.9731021e-09
      7680.00   2.9596872e-09
      7690.00   2.9463472e-09
      7700.00   2.9330818e-09
      7710.00   2.9198901e-09
      7720.00   2.9067717e-09
      7730.00   2.8937266e-09
      7740.00   2.8807538e-09
      7750.00   2.8678529e-09
      7760.00   2.8550235e-09
      7770.00   2.8422652e-09
      7780.00   2.8295773e-09
      7790.00   2.8169596e-09
      7800.00   2.8044115e-09
      7810.00   2.7919326e-09
      7820.00   2.7795226e-09
      7830.00   2.7671807e-09
      7840.00   2.7549067e-09
      7850.00   2.7427000e-09
      7860.00   2.7305602e-09
      7870.00   2.7184871e-09
      7880.00   2.7064799e-09
      7890.00   2.6945386e-09
      7900.00   2.6826623e-09
      7910.00   2.6708510e-09
      7920.00   2.6591039e-09
      7930.00   2.6474208e-09
      7940.00   2.6358014e-09
      7950.00   2.6242449e-09
      7960.00   2.6127516e-09
      7970.00   2.6013201e-09
      7980.00   2.5899509e-09
      7990.00   2.5786430e-09
      8000.00   2.5673963e-09
