      1600.00   1.5228479e-07
      1610.00   1.5168868e-07
      1620.00   1.5107473e-07
      1630.00   1.5044379e-07
      1640.00   1.4979658e-07
      1650.00   1.4913388e-07
      1660.00   1.4845641e-07
      1670.00   1.4776492e-07
      1680.00   1.4706008e-07
      1690.00   1.4634257e-07
      1700.00   1.4561307e-07
      1710.00   1.4487222e-07
      1720.00   1.4412064e-07
      1730.00   1.4335893e-07
      1740.00   1.4258767e-07
      1750.00   1.4180747e-07
      1760.00   1.4101885e-07
      1770.00   1.4022238e-07
      1780.00   1.3941856e-07
      1790.00   1.3860790e-07
      1800.00   1.3779089e-07
      1810.00   1.3696804e-07
      1820.00   1.3613974e-07
      1830.00   1.3530650e-07
      1840.00   1.3446872e-07
      1850.00   1.3362683e-07
      1860.00   1.3278122e-07
      1870.00   1.3193231e-07
      1880.00   1.3108043e-07
      1890.00   1.3022599e-07
      1900.00   1.2936930e-07
      1910.00   1.2851073e-07
      1920.00   1.2765059e-07
      1930.00   1.2678919e-07
      1940.00   1.2592686e-07
      1950.00   1.2506387e-07
      1960.00   1.2420052e-07
      1970.00   1.2333705e-07
      1980.00   1.2247376e-07
      1990.00   1.2161088e-07
      2000.00   1.2074864e-07
      2010.00   1.1988729e-07
      2020.00   1.1902705e-07
      2030.00   1.1816813e-07
      2040.00   1.1731075e-07
      2050.00   1.1645509e-07
      2060.00   1.1560134e-07
      2070.00   1.1474968e-07
      2080.00   1.1390030e-07
      2090.00   1.1305334e-07
      2100.00   1.1220898e-07
      2110.00   1.1136736e-07
      2120.00   1.1052863e-07
      2130.00   1.0969293e-07
      2140.00   1.0886038e-07
      2150.00   1.0803113e-07
      2160.00   1.0720527e-07
      2170.00   1.0638292e-07
      2180.00   1.0556421e-07
      2190.00   1.0474922e-07
      2200.00   1.0393806e-07
      2210.00   1.0313082e-07
      2220.00   1.0232758e-07
      2230.00   1.0152843e-07
      2240.00   1.0073344e-07
      2250.00   9.9942694e-08
      2260.00   9.9156260e-08
      2270.00   9.8374187e-08
      2280.00   9.7596563e-08
      2290.00   9.6823419e-08
      2300.00   9.6054827e-08
      2310.00   9.5290830e-08
      2320.00   9.4531474e-08
      2330.00   9.3776808e-08
      2340.00   9.3026856e-08
      2350.00   9.2281669e-08
      2360.00   9.1541278e-08
      2370.00   9.0805717e-08
      2380.00   9.0075003e-08
      2390.00   8.9349167e-08
      2400.00   8.8628238e-08
      2410.00   8.7912217e-08
      2420.00   8.7201145e-08
      2430.00   8.6495026e-08
      2440.00   8.5793873e-08
      2450.00   8.5097700e-08
      2460.00   8.4406523e-08
      2470.00   8.3720326e-08
      2480.00   8.3039124e-08
      2490.00   8.2362935e-08
      2500.00   8.1691746e-08
      2510.00   8.1025561e-08
      2520.00   8.0364383e-08
      2530.00   7.9708189e-08
      2540.00   7.9056999e-08
      2550.00   7.8410799e-08
      2560.00   7.7769569e-08
      2570.00   7.7133311e-08
      2580.00   7.6502015e-08
      2590.00   7.5875664e-08
      2600.00   7.5254256e-08
      2610.00   7.4637766e-08
      2620.00   7.4026187e-08
      2630.00   7.3419491e-08
      2640.00   7.2817674e-08
      2650.00   7.2220714e-08
      2660.00   7.1628597e-08
      2670.00   7.1041297e-08
      2680.00   7.0458800e-08
      2690.00   6.9881080e-08
      2700.00   6.9308111e-08
      2710.00   6.8739884e-08
      2720.00   6.8176374e-08
      2730.00   6.7617543e-08
      2740.00   6.7063383e-08
      2750.00   6.6513862e-08
      2760.00   6.5968965e-08
      2770.00   6.5428648e-08
      2780.00   6.4892899e-08
      2790.00   6.4361696e-08
      2800.00   6.3834994e-08
      2810.00   6.3312780e-08
      2820.00   6.2795030e-08
      2830.00   6.2281701e-08
      2840.00   6.1772778e-08
      2850.00   6.1268227e-08
      2860.00   6.0768026e-08
      2870.00   6.0272137e-08
      2880.00   5.9780531e-08
      2890.00   5.9293187e-08
      2900.00   5.8810068e-08
      2910.00   5.8331158e-08
      2920.00   5.7856413e-08
      2930.00   5.7385804e-08
      2940.00   5.6919307e-08
      2950.00   5.6456891e-08
      2960.00   5.5998520e-08
      2970.00   5.5544177e-08
      2980.00   5.5093820e-08
      2990.00   5.4647422e-08
      3000.00   5.4204956e-08
      3010.00   5.3766382e-08
      3020.00   5.3331684e-08
      3030.00   5.2900818e-08
      3040.00   5.2473767e-08
      3050.00   5.2050491e-08
      3060.00   5.1630964e-08
      3070.00   5.1215153e-08
      3080.00   5.0803028e-08
      3090.00   5.0394562e-08
      3100.00   4.9989725e-08
      3110.00   4.9588481e-08
      3120.00   4.9190813e-08
      3130.00   4.8796676e-08
      3140.00   4.8406053e-08
      3150.00   4.8018903e-08
      3160.00   4.7635210e-08
      3170.00   4.7254926e-08
      3180.00   4.6878043e-08
      3190.00   4.6504517e-08
      3200.00   4.6134326e-08
      3210.00   4.5767437e-08
      3220.00   4.5403828e-08
      3230.00   4.5043460e-08
      3240.00   4.4686312e-08
      3250.00   4.4332357e-08
      3260.00   4.3981566e-08
      3270.00   4.3633903e-08
      3280.00   4.3289352e-08
      3290.00   4.2947875e-08
      3300.00   4.2609453e-08
      3310.00   4.2274055e-08
      3320.00   4.1941649e-08
      3330.00   4.1612218e-08
      3340.00   4.1285730e-08
      3350.00   4.0962156e-08
      3360.00   4.0641472e-08
      3370.00   4.0323653e-08
      3380.00   4.0008670e-08
      3390.00   3.9696502e-08
      3400.00   3.9387118e-08
      3410.00   3.9080498e-08
      3420.00   3.8776610e-08
      3430.00   3.8475433e-08
      3440.00   3.8176942e-08
      3450.00   3.7881106e-08
      3460.00   3.7587915e-08
      3470.00   3.7297330e-08
      3480.00   3.7009329e-08
      3490.00   3.6723895e-08
      3500.00   3.6441000e-08
      3510.00   3.6160618e-08
      3520.00   3.5882731e-08
      3530.00   3.5607313e-08
      3540.00   3.5334338e-08
      3550.00   3.5063786e-08
      3560.00   3.4795636e-08
      3570.00   3.4529862e-08
      3580.00   3.4266444e-08
      3590.00   3.4005357e-08
      3600.00   3.3746583e-08
      3610.00   3.3490101e-08
      3620.00   3.3235884e-08
      3630.00   3.2983908e-08
      3640.00   3.2734161e-08
      3650.00   3.2486620e-08
      3660.00   3.2241260e-08
      3670.00   3.1998061e-08
      3680.00   3.1757007e-08
      3690.00   3.1518072e-08
      3700.00   3.1281239e-08
      3710.00   3.1046489e-08
      3720.00   3.0813798e-08
      3730.00   3.0583152e-08
      3740.00   3.0354528e-08
      3750.00   3.0127908e-08
      3760.00   2.9903269e-08
      3770.00   2.9680599e-08
      3780.00   2.9459874e-08
      3790.00   2.9241074e-08
      3800.00   2.9024191e-08
      3810.00   2.8809197e-08
      3820.00   2.8596075e-08
      3830.00   2.8384810e-08
      3840.00   2.8175381e-08
      3850.00   2.7967774e-08
      3860.00   2.7761969e-08
      3870.00   2.7557953e-08
      3880.00   2.7355704e-08
      3890.00   2.7155207e-08
      3900.00   2.6956446e-08
      3910.00   2.6759404e-08
      3920.00   2.6564065e-08
      3930.00   2.6370409e-08
      3940.00   2.6178425e-08
      3950.00   2.5988096e-08
      3960.00   2.5799406e-08
      3970.00   2.5612337e-08
      3980.00   2.5426878e-08
      3990.00   2.5243009e-08
      4000.00   2.5060716e-08
      4010.00   2.4879986e-08
      4020.00   2.4700802e-08
      4030.00   2.4523152e-08
      4040.00   2.4347017e-08
      4050.00   2.4172388e-08
      4060.00   2.3999244e-08
      4070.00   2.3827579e-08
      4080.00   2.3657372e-08
      4090.00   2.3488612e-08
      4100.00   2.3321287e-08
      4110.00   2.3155381e-08
      4120.00   2.2990879e-08
      4130.00   2.2827771e-08
      4140.00   2.2666041e-08
      4150.00   2.2505680e-08
      4160.00   2.2346671e-08
      4170.00   2.2189002e-08
      4180.00   2.2032661e-08
      4190.00   2.1877634e-08
      4200.00   2.1723912e-08
      4210.00   2.1571482e-08
      4220.00   2.1420326e-08
      4230.00   2.1270440e-08
      4240.00   2.1121805e-08
      4250.00   2.0974414e-08
      4260.00   2.0828255e-08
      4270.00   2.0683312e-08
      4280.00   2.0539580e-08
      4290.00   2.0397043e-08
      4300.00   2.0255691e-08
      4310.00   2.0115513e-08
      4320.00   1.9976498e-08
      4330.00   1.9838633e-08
      4340.00   1.9701910e-08
      4350.00   1.9566319e-08
      4360.00   1.9431847e-08
      4370.00   1.9298484e-08
      4380.00   1.9166219e-08
      4390.00   1.9035045e-08
      4400.00   1.8904947e-08
      4410.00   1.8775920e-08
      4420.00   1.8647949e-08
      4430.00   1.8521027e-08
      4440.00   1.8395144e-08
      4450.00   1.8270291e-08
      4460.00   1.8146456e-08
      4470.00   1.8023632e-08
      4480.00   1.7901808e-08
      4490.00   1.7780976e-08
      4500.00   1.7661126e-08
      4510.00   1.7542248e-08
      4520.00   1.7424336e-08
      4530.00   1.7307377e-08
      4540.00   1.7191365e-08
      4550.00   1.7076291e-08
      4560.00   1.6962146e-08
      4570.00   1.6848919e-08
      4580.00   1.6736606e-08
      4590.00   1.6625196e-08
      4600.00   1.6514681e-08
      4610.00   1.6405053e-08
      4620.00   1.6296303e-08
      4630.00   1.6188423e-08
      4640.00   1.6081407e-08
      4650.00   1.5975246e-08
      4660.00   1.5869931e-08
      4670.00   1.5765454e-08
      4680.00   1.5661810e-08
      4690.00   1.5558990e-08
      4700.00   1.5456985e-08
      4710.00   1.5355791e-08
      4720.00   1.5255396e-08
      4730.00   1.5155796e-08
      4740.00   1.5056985e-08
      4750.00   1.4958951e-08
      4760.00   1.4861691e-08
      4770.00   1.4765197e-08
      4780.00   1.4669461e-08
      4790.00   1.4574478e-08
      4800.00   1.4480240e-08
      4810.00   1.4386739e-08
      4820.00   1.4293970e-08
      4830.00   1.4201927e-08
      4840.00   1.4110602e-08
      4850.00   1.4019990e-08
      4860.00   1.3930083e-08
      4870.00   1.3840876e-08
      4880.00   1.3752361e-08
      4890.00   1.3664533e-08
      4900.00   1.3577387e-08
      4910.00   1.3490914e-08
      4920.00   1.3405112e-08
      4930.00   1.3319970e-08
      4940.00   1.3235486e-08
      4950.00   1.3151652e-08
      4960.00   1.3068463e-08
      4970.00   1.2985914e-08
      4980.00   1.2903999e-08
      4990.00   1.2822711e-08
      5000.00   1.2742046e-08
      5010.00   1.2661998e-08
      5020.00   1.2582561e-08
      5030.00   1.2503730e-08
      5040.00   1.2425501e-08
      5050.00   1.2347865e-08
      5060.00   1.2270820e-08
      5070.00   1.2194361e-08
      5080.00   1.2118481e-08
      5090.00   1.2043176e-08
      5100.00   1.1968440e-08
      5110.00   1.1894269e-08
      5120.00   1.1820657e-08
      5130.00   1.1747600e-08
      5140.00   1.1675094e-08
      5150.00   1.1603132e-08
      5160.00   1.1531711e-08
      5170.00   1.1460825e-08
      5180.00   1.1390470e-08
      5190.00   1.1320642e-08
      5200.00   1.1251335e-08
      5210.00   1.1182546e-08
      5220.00   1.1114269e-08
      5230.00   1.1046501e-08
      5240.00   1.0979237e-08
      5250.00   1.0912471e-08
      5260.00   1.0846201e-08
      5270.00   1.0780422e-08
      5280.00   1.0715130e-08
      5290.00   1.0650321e-08
      5300.00   1.0585989e-08
      5310.00   1.0522132e-08
      5320.00   1.0458746e-08
      5330.00   1.0395825e-08
      5340.00   1.0333366e-08
      5350.00   1.0271366e-08
      5360.00   1.0209820e-08
      5370.00   1.0148724e-08
      5380.00   1.0088076e-08
      5390.00   1.0027869e-08
      5400.00   9.9681010e-09
      5410.00   9.9087692e-09
      5420.00   9.8498684e-09
      5430.00   9.7913958e-09
      5440.00   9.7333480e-09
      5450.00   9.6757204e-09
      5460.00   9.6185088e-09
      5470.00   9.5617120e-09
      5480.00   9.5053247e-09
      5490.00   9.4493447e-09
      5500.00   9.3937669e-09
      5510.00   9.3385902e-09
      5520.00   9.2838095e-09
      5530.00   9.2294218e-09
      5540.00   9.1754232e-09
      5550.00   9.1218127e-09
      5560.00   9.0685836e-09
      5570.00   9.0157358e-09
      5580.00   8.9632655e-09
      5590.00   8.9111682e-09
      5600.00   8.8594411e-09
      5610.00   8.8080824e-09
      5620.00   8.7570877e-09
      5630.00   8.7064551e-09
      5640.00   8.6561813e-09
      5650.00   8.6062618e-09
      5660.00   8.5566960e-09
      5670.00   8.5074795e-09
      5680.00   8.4586099e-09
      5690.00   8.4100840e-09
      5700.00   8.3618994e-09
      5710.00   8.3140529e-09
      5720.00   8.2665428e-09
      5730.00   8.2193639e-09
      5740.00   8.1725168e-09
      5750.00   8.1259955e-09
      5760.00   8.0797994e-09
      5770.00   8.0339254e-09
      5780.00   7.9883706e-09
      5790.00   7.9431323e-09
      5800.00   7.8982082e-09
      5810.00   7.8535969e-09
      5820.00   7.8092937e-09
      5830.00   7.7652972e-09
      5840.00   7.7216047e-09
      5850.00   7.6782135e-09
      5860.00   7.6351217e-09
      5870.00   7.5923267e-09
      5880.00   7.5498260e-09
      5890.00   7.5076175e-09
      5900.00   7.4656983e-09
      5910.00   7.4240665e-09
      5920.00   7.3827191e-09
      5930.00   7.3416554e-09
      5940.00   7.3008718e-09
      5950.00   7.2603662e-09
      5960.00   7.2201366e-09
      5970.00   7.1801803e-09
      5980.00   7.1404962e-09
      5990.00   7.1010813e-09
      6000.00   7.0619337e-09
      6010.00   7.0230505e-09
      6020.00   6.9844307e-09
      6030.00   6.9460722e-09
      6040.00   6.9079722e-09
      6050.00   6.8701289e-09
      6060.00   6.8325401e-09
      6070.00   6.7952043e-09
      6080.00   6.7581196e-09
      6090.00   6.7212834e-09
      6100.00   6.6846938e-09
      6110.00   6.6483486e-09
      6120.00   6.6122474e-09
      6130.00   6.5763864e-09
      6140.00   6.5407649e-09
      6150.00   6.5053802e-09
      6160.00   6.4702310e-09
      6170.00   6.4353155e-09
      6180.00   6.4006315e-09
      6190.00   6.3661773e-09
      6200.00   6.3319518e-09
      6210.00   6.2979519e-09
      6220.00   6.2641767e-09
      6230.00   6.2306248e-09
      6240.00   6.1972939e-09
      6250.00   6.1641816e-09
      6260.00   6.1312878e-09
      6270.00   6.0986100e-09
      6280.00   6.0661462e-09
      6290.00   6.0338946e-09
      6300.00   6.0018546e-09
      6310.00   5.9700238e-09
      6320.00   5.9384014e-09
      6330.00   5.9069841e-09
      6340.00   5.8757715e-09
      6350.00   5.8447630e-09
      6360.00   5.8139551e-09
      6370.00   5.7833472e-09
      6380.00   5.7529377e-09
      6390.00   5.7227253e-09
      6400.00   5.6927081e-09
      6410.00   5.6628847e-09
      6420.00   5.6332537e-09
      6430.00   5.6038138e-09
      6440.00   5.5745638e-09
      6450.00   5.5455011e-09
      6460.00   5.5166252e-09
      6470.00   5.4879347e-09
      6480.00   5.4594278e-09
      6490.00   5.4311038e-09
      6500.00   5.4029605e-09
      6510.00   5.3749971e-09
      6520.00   5.3472119e-09
      6530.00   5.3196034e-09
      6540.00   5.2921707e-09
      6550.00   5.2649128e-09
      6560.00   5.2378275e-09
      6570.00   5.2109137e-09
      6580.00   5.1841707e-09
      6590.00   5.1575971e-09
      6600.00   5.1311911e-09
      6610.00   5.1049517e-09
      6620.00   5.0788780e-09
      6630.00   5.0529678e-09
      6640.00   5.0272211e-09
      6650.00   5.0016364e-09
      6660.00   4.9762117e-09
      6670.00   4.9509466e-09
      6680.00   4.9258400e-09
      6690.00   4.9008896e-09
      6700.00   4.8760958e-09
      6710.00   4.8514563e-09
      6720.00   4.8269706e-09
      6730.00   4.8026369e-09
      6740.00   4.7784551e-09
      6750.00   4.7544231e-09
      6760.00   4.7305403e-09
      6770.00   4.7068059e-09
      6780.00   4.6832178e-09
      6790.00   4.6597759e-09
      6800.00   4.6364786e-09
      6810.00   4.6133253e-09
      6820.00   4.5903145e-09
      6830.00   4.5674453e-09
      6840.00   4.5447166e-09
      6850.00   4.5221275e-09
      6860.00   4.4996772e-09
      6870.00   4.4773642e-09
      6880.00   4.4551880e-09
      6890.00   4.4331472e-09
      6900.00   4.4112407e-09
      6910.00   4.3894683e-09
      6920.00   4.3678289e-09
      6930.00   4.3463205e-09
      6940.00   4.3249432e-09
      6950.00   4.3036955e-09
      6960.00   4.2825766e-09
      6970.00   4.2615857e-09
      6980.00   4.2407222e-09
      6990.00   4.2199849e-09
      7000.00   4.1993723e-09
      7010.00   4.1788841e-09
      7020.00   4.1585195e-09
      7030.00   4.1382777e-09
      7040.00   4.1181572e-09
      7050.00   4.0981579e-09
      7060.00   4.0782784e-09
      7070.00   4.0585180e-09
      7080.00   4.0388756e-09
      7090.00   4.0193508e-09
      7100.00   3.9999427e-09
      7110.00   3.9806503e-09
      7120.00   3.9614731e-09
      7130.00   3.9424102e-09
      7140.00   3.9234600e-09
      7150.00   3.9046228e-09
      7160.00   3.8858971e-09
      7170.00   3.8672823e-09
      7180.00   3.8487778e-09
      7190.00   3.8303831e-09
      7200.00   3.8120965e-09
      7210.00   3.7939181e-09
      7220.00   3.7758471e-09
      7230.00   3.7578819e-09
      7240.00   3.7400230e-09
      7250.00   3.7222682e-09
      7260.00   3.7046179e-09
      7270.00   3.6870715e-09
      7280.00   3.6696271e-09
      7290.00   3.6522852e-09
      7300.00   3.6350447e-09
      7310.00   3.6179047e-09
      7320.00   3.6008644e-09
      7330.00   3.5839236e-09
      7340.00   3.5670811e-09
      7350.00   3.5503366e-09
      7360.00   3.5336894e-09
      7370.00   3.5171390e-09
      7380.00   3.5006837e-09
      7390.00   3.4843241e-09
      7400.00   3.4680588e-09
      7410.00   3.4518876e-09
      7420.00   3.4358096e-09
      7430.00   3.4198241e-09
      7440.00   3.4039307e-09
      7450.00   3.3881287e-09
      7460.00   3.3724176e-09
      7470.00   3.3567964e-09
      7480.00   3.3412647e-09
      7490.00   3.3258219e-09
      7500.00   3.3104676e-09
      7510.00   3.2952007e-09
      7520.00   3.2800210e-09
      7530.00   3.2649277e-09
      7540.00   3.2499207e-09
      7550.00   3.2349987e-09
      7560.00   3.2201617e-09
      7570.00   3.2054088e-09
      7580.00   3.1907391e-09
      7590.00   3.1761531e-09
      7600.00   3.1616496e-09
      7610.00   3.1472277e-09
      7620.00   3.1328876e-09
      7630.00   3.1186278e-09
      7640.00   3.1044489e-09
      7650.00   3.0903494e-09
      7660.00   3.0763295e-09
      7670.00   3.0623880e-09
      7680.00   3.0485248e-09
      7690.00   3.0347392e-09
      7700.00   3.0210310e-09
      7710.00   3.0073992e-09
      7720.00   2.9938436e-09
      7730.00   2.9803639e-09
      7740.00   2.9669591e-09
      7750.00   2.9536290e-09
      7760.00   2.9403730e-09
      7770.00   2.9271907e-09
      7780.00   2.9140815e-09
      7790.00   2.9010450e-09
      7800.00   2.8880808e-09
      7810.00   2.8751882e-09
      7820.00   2.8623671e-09
      7830.00   2.8496166e-09
      7840.00   2.8369365e-09
      7850.00   2.8243262e-09
      7860.00   2.8117853e-09
      7870.00   2.7993135e-09
      7880.00   2.7869100e-09
      7890.00   2.7745748e-09
      7900.00   2.7623070e-09
      7910.00   2.7501066e-09
      7920.00   2.7379728e-09
      7930.00   2.7259053e-09
      7940.00   2.7139038e-09
      7950.00   2.7019675e-09
      7960.00   2.6900967e-09
      7970.00   2.6782901e-09
      7980.00   2.6665479e-09
      7990.00   2.6548693e-09
      8000.00   2.6432541e-09
