      1600.00   1.7221672e-07
      1610.00   1.7141960e-07
      1620.00   1.7060502e-07
      1630.00   1.6977393e-07
      1640.00   1.6892712e-07
      1650.00   1.6806545e-07
      1660.00   1.6718973e-07
      1670.00   1.6630077e-07
      1680.00   1.6539931e-07
      1690.00   1.6448611e-07
      1700.00   1.6356189e-07
      1710.00   1.6262736e-07
      1720.00   1.6168318e-07
      1730.00   1.6073002e-07
      1740.00   1.5976849e-07
      1750.00   1.5879925e-07
      1760.00   1.5782286e-07
      1770.00   1.5683992e-07
      1780.00   1.5585098e-07
      1790.00   1.5485658e-07
      1800.00   1.5385723e-07
      1810.00   1.5285347e-07
      1820.00   1.5184572e-07
      1830.00   1.5083452e-07
      1840.00   1.4982028e-07
      1850.00   1.4880345e-07
      1860.00   1.4778444e-07
      1870.00   1.4676368e-07
      1880.00   1.4574152e-07
      1890.00   1.4471838e-07
      1900.00   1.4369459e-07
      1910.00   1.4267050e-07
      1920.00   1.4164645e-07
      1930.00   1.4062277e-07
      1940.00   1.3959977e-07
      1950.00   1.3857773e-07
      1960.00   1.3755694e-07
      1970.00   1.3653767e-07
      1980.00   1.3552020e-07
      1990.00   1.3450476e-07
      2000.00   1.3349159e-07
      2010.00   1.3248093e-07
      2020.00   1.3147300e-07
      2030.00   1.3046800e-07
      2040.00   1.2946614e-07
      2050.00   1.2846760e-07
      2060.00   1.2747258e-07
      2070.00   1.2648123e-07
      2080.00   1.2549375e-07
      2090.00   1.2451025e-07
      2100.00   1.2353092e-07
      2110.00   1.2255589e-07
      2120.00   1.2158529e-07
      2130.00   1.2061927e-07
      2140.00   1.1965792e-07
      2150.00   1.1870137e-07
      2160.00   1.1774973e-07
      2170.00   1.1680309e-07
      2180.00   1.1586157e-07
      2190.00   1.1492525e-07
      2200.00   1.1399421e-07
      2210.00   1.1306853e-07
      2220.00   1.1214829e-07
      2230.00   1.1123356e-07
      2240.00   1.1032440e-07
      2250.00   1.0942088e-07
      2260.00   1.0852305e-07
      2270.00   1.0763095e-07
      2280.00   1.0674465e-07
      2290.00   1.0586417e-07
      2300.00   1.0498958e-07
      2310.00   1.0412090e-07
      2320.00   1.0325816e-07
      2330.00   1.0240139e-07
      2340.00   1.0155062e-07
      2350.00   1.0070586e-07
      2360.00   9.9867156e-08
      2370.00   9.9034511e-08
      2380.00   9.8207933e-08
      2390.00   9.7387437e-08
      2400.00   9.6573042e-08
      2410.00   9.5764732e-08
      2420.00   9.4962537e-08
      2430.00   9.4166446e-08
      2440.00   9.3376460e-08
      2450.00   9.2592579e-08
      2460.00   9.1814806e-08
      2470.00   9.1043109e-08
      2480.00   9.0277494e-08
      2490.00   8.9517964e-08
      2500.00   8.8764493e-08
      2510.00   8.8017071e-08
      2520.00   8.7275690e-08
      2530.00   8.6540314e-08
      2540.00   8.5810950e-08
      2550.00   8.5087571e-08
      2560.00   8.4370145e-08
      2570.00   8.3658661e-08
      2580.00   8.2953098e-08
      2590.00   8.2253426e-08
      2600.00   8.1559632e-08
      2610.00   8.0871678e-08
      2620.00   8.0189545e-08
      2630.00   7.9513194e-08
      2640.00   7.8842609e-08
      2650.00   7.8177757e-08
      2660.00   7.7518614e-08
      2670.00   7.6865139e-08
      2680.00   7.6217310e-08
      2690.00   7.5575090e-08
      2700.00   7.4938439e-08
      2710.00   7.4307342e-08
      2720.00   7.3681760e-08
      2730.00   7.3061645e-08
      2740.00   7.2446978e-08
      2750.00   7.1837719e-08
      2760.00   7.1233842e-08
      2770.00   7.0635292e-08
      2780.00   7.0042046e-08
      2790.00   6.9454076e-08
      2800.00   6.8871323e-08
      2810.00   6.8293767e-08
      2820.00   6.7721375e-08
      2830.00   6.7154093e-08
      2840.00   6.6591897e-08
      2850.00   6.6034744e-08
      2860.00   6.5482604e-08
      2870.00   6.4935429e-08
      2880.00   6.4393181e-08
      2890.00   6.3855832e-08
      2900.00   6.3323334e-08
      2910.00   6.2795666e-08
      2920.00   6.2272772e-08
      2930.00   6.1754616e-08
      2940.00   6.1241167e-08
      2950.00   6.0732385e-08
      2960.00   6.0228226e-08
      2970.00   5.9728666e-08
      2980.00   5.9233654e-08
      2990.00   5.8743156e-08
      3000.00   5.8257138e-08
      3010.00   5.7775553e-08
      3020.00   5.7298376e-08
      3030.00   5.6825557e-08
      3040.00   5.6357071e-08
      3050.00   5.5892873e-08
      3060.00   5.5432927e-08
      3070.00   5.4977196e-08
      3080.00   5.4525641e-08
      3090.00   5.4078230e-08
      3100.00   5.3634927e-08
      3110.00   5.3195687e-08
      3120.00   5.2760489e-08
      3130.00   5.2329280e-08
      3140.00   5.1902038e-08
      3150.00   5.1478716e-08
      3160.00   5.1059291e-08
      3170.00   5.0643709e-08
      3180.00   5.0231958e-08
      3190.00   4.9823986e-08
      3200.00   4.9419766e-08
      3210.00   4.9019260e-08
      3220.00   4.8622441e-08
      3230.00   4.8229261e-08
      3240.00   4.7839698e-08
      3250.00   4.7453719e-08
      3260.00   4.7071287e-08
      3270.00   4.6692363e-08
      3280.00   4.6316925e-08
      3290.00   4.5944931e-08
      3300.00   4.5576357e-08
      3310.00   4.5211165e-08
      3320.00   4.4849321e-08
      3330.00   4.4490801e-08
      3340.00   4.4135571e-08
      3350.00   4.3783594e-08
      3360.00   4.3434845e-08
      3370.00   4.3089291e-08
      3380.00   4.2746902e-08
      3390.00   4.2407649e-08
      3400.00   4.2071501e-08
      3410.00   4.1738430e-08
      3420.00   4.1408402e-08
      3430.00   4.1081391e-08
      3440.00   4.0757367e-08
      3450.00   4.0436298e-08
      3460.00   4.0118167e-08
      3470.00   3.9802933e-08
      3480.00   3.9490570e-08
      3490.00   3.9181055e-08
      3500.00   3.8874360e-08
      3510.00   3.8570452e-08
      3520.00   3.8269310e-08
      3530.00   3.7970907e-08
      3540.00   3.7675211e-08
      3550.00   3.7382199e-08
      3560.00   3.7091847e-08
      3570.00   3.6804126e-08
      3580.00   3.6519011e-08
      3590.00   3.6236475e-08
      3600.00   3.5956497e-08
      3610.00   3.5679053e-08
      3620.00   3.5404112e-08
      3630.00   3.5131647e-08
      3640.00   3.4861643e-08
      3650.00   3.4594074e-08
      3660.00   3.4328912e-08
      3670.00   3.4066136e-08
      3680.00   3.3805724e-08
      3690.00   3.3547649e-08
      3700.00   3.3291891e-08
      3710.00   3.3038427e-08
      3720.00   3.2787232e-08
      3730.00   3.2538290e-08
      3740.00   3.2291572e-08
      3750.00   3.2047060e-08
      3760.00   3.1804728e-08
      3770.00   3.1564561e-08
      3780.00   3.1326533e-08
      3790.00   3.1090622e-08
      3800.00   3.0856816e-08
      3810.00   3.0625085e-08
      3820.00   3.0395411e-08
      3830.00   3.0167776e-08
      3840.00   2.9942156e-08
      3850.00   2.9718536e-08
      3860.00   2.9496892e-08
      3870.00   2.9277211e-08
      3880.00   2.9059467e-08
      3890.00   2.8843644e-08
      3900.00   2.8629722e-08
      3910.00   2.8417685e-08
      3920.00   2.8207512e-08
      3930.00   2.7999184e-08
      3940.00   2.7792685e-08
      3950.00   2.7587997e-08
      3960.00   2.7385102e-08
      3970.00   2.7183982e-08
      3980.00   2.6984622e-08
      3990.00   2.6787000e-08
      4000.00   2.6591101e-08
      4010.00   2.6396910e-08
      4020.00   2.6204409e-08
      4030.00   2.6013583e-08
      4040.00   2.5824412e-08
      4050.00   2.5636885e-08
      4060.00   2.5450980e-08
      4070.00   2.5266687e-08
      4080.00   2.5083986e-08
      4090.00   2.4902863e-08
      4100.00   2.4723305e-08
      4110.00   2.4545295e-08
      4120.00   2.4368815e-08
      4130.00   2.4193855e-08
      4140.00   2.4020395e-08
      4150.00   2.3848428e-08
      4160.00   2.3677933e-08
      4170.00   2.3508896e-08
      4180.00   2.3341305e-08
      4190.00   2.3175146e-08
      4200.00   2.3010406e-08
      4210.00   2.2847072e-08
      4220.00   2.2685124e-08
      4230.00   2.2524556e-08
      4240.00   2.2365349e-08
      4250.00   2.2207495e-08
      4260.00   2.2050979e-08
      4270.00   2.1895786e-08
      4280.00   2.1741907e-08
      4290.00   2.1589327e-08
      4300.00   2.1438034e-08
      4310.00   2.1288016e-08
      4320.00   2.1139260e-08
      4330.00   2.0991753e-08
      4340.00   2.0845485e-08
      4350.00   2.0700444e-08
      4360.00   2.0556618e-08
      4370.00   2.0413996e-08
      4380.00   2.0272564e-08
      4390.00   2.0132314e-08
      4400.00   1.9993231e-08
      4410.00   1.9855309e-08
      4420.00   1.9718531e-08
      4430.00   1.9582890e-08
      4440.00   1.9448374e-08
      4450.00   1.9314974e-08
      4460.00   1.9182677e-08
      4470.00   1.9051473e-08
      4480.00   1.8921352e-08
      4490.00   1.8792305e-08
      4500.00   1.8664321e-08
      4510.00   1.8537388e-08
      4520.00   1.8411501e-08
      4530.00   1.8286644e-08
      4540.00   1.8162812e-08
      4550.00   1.8039993e-08
      4560.00   1.7918179e-08
      4570.00   1.7797358e-08
      4580.00   1.7677523e-08
      4590.00   1.7558665e-08
      4600.00   1.7440774e-08
      4610.00   1.7323841e-08
      4620.00   1.7207856e-08
      4630.00   1.7092811e-08
      4640.00   1.6978699e-08
      4650.00   1.6865509e-08
      4660.00   1.6753233e-08
      4670.00   1.6641862e-08
      4680.00   1.6531388e-08
      4690.00   1.6421805e-08
      4700.00   1.6313100e-08
      4710.00   1.6205269e-08
      4720.00   1.6098301e-08
      4730.00   1.5992190e-08
      4740.00   1.5886929e-08
      4750.00   1.5782507e-08
      4760.00   1.5678919e-08
      4770.00   1.5576155e-08
      4780.00   1.5474209e-08
      4790.00   1.5373074e-08
      4800.00   1.5272741e-08
      4810.00   1.5173202e-08
      4820.00   1.5074451e-08
      4830.00   1.4976483e-08
      4840.00   1.4879287e-08
      4850.00   1.4782858e-08
      4860.00   1.4687189e-08
      4870.00   1.4592273e-08
      4880.00   1.4498101e-08
      4890.00   1.4404670e-08
      4900.00   1.4311970e-08
      4910.00   1.4219996e-08
      4920.00   1.4128743e-08
      4930.00   1.4038199e-08
      4940.00   1.3948364e-08
      4950.00   1.3859227e-08
      4960.00   1.3770782e-08
      4970.00   1.3683026e-08
      4980.00   1.3595952e-08
      4990.00   1.3509551e-08
      5000.00   1.3423819e-08
      5010.00   1.3338751e-08
      5020.00   1.3254338e-08
      5030.00   1.3170576e-08
      5040.00   1.3087461e-08
      5050.00   1.3004983e-08
      5060.00   1.2923139e-08
      5070.00   1.2841924e-08
      5080.00   1.2761330e-08
      5090.00   1.2681353e-08
      5100.00   1.2601989e-08
      5110.00   1.2523229e-08
      5120.00   1.2445069e-08
      5130.00   1.2367504e-08
      5140.00   1.2290531e-08
      5150.00   1.2214140e-08
      5160.00   1.2138331e-08
      5170.00   1.2063095e-08
      5180.00   1.1988427e-08
      5190.00   1.1914326e-08
      5200.00   1.1840782e-08
      5210.00   1.1767793e-08
      5220.00   1.1695354e-08
      5230.00   1.1623459e-08
      5240.00   1.1552105e-08
      5250.00   1.1481285e-08
      5260.00   1.1410995e-08
      5270.00   1.1341231e-08
      5280.00   1.1271989e-08
      5290.00   1.1203264e-08
      5300.00   1.1135050e-08
      5310.00   1.1067345e-08
      5320.00   1.1000142e-08
      5330.00   1.0933439e-08
      5340.00   1.0867230e-08
      5350.00   1.0801512e-08
      5360.00   1.0736280e-08
      5370.00   1.0671529e-08
      5380.00   1.0607257e-08
      5390.00   1.0543457e-08
      5400.00   1.0480127e-08
      5410.00   1.0417264e-08
      5420.00   1.0354861e-08
      5430.00   1.0292916e-08
      5440.00   1.0231425e-08
      5450.00   1.0170384e-08
      5460.00   1.0109787e-08
      5470.00   1.0049634e-08
      5480.00   9.9899178e-09
      5490.00   9.9306374e-09
      5500.00   9.8717867e-09
      5510.00   9.8133645e-09
      5520.00   9.7553655e-09
      5530.00   9.6977863e-09
      5540.00   9.6406227e-09
      5550.00   9.5838736e-09
      5560.00   9.5275318e-09
      5570.00   9.4715972e-09
      5580.00   9.4160657e-09
      5590.00   9.3609325e-09
      5600.00   9.3061944e-09
      5610.00   9.2518497e-09
      5620.00   9.1978934e-09
      5630.00   9.1443237e-09
      5640.00   9.0911367e-09
      5650.00   9.0383280e-09
      5660.00   8.9858965e-09
      5670.00   8.9338378e-09
      5680.00   8.8821493e-09
      5690.00   8.8308273e-09
      5700.00   8.7798693e-09
      5710.00   8.7292719e-09
      5720.00   8.6790333e-09
      5730.00   8.6291479e-09
      5740.00   8.5796162e-09
      5750.00   8.5304320e-09
      5760.00   8.4815944e-09
      5770.00   8.4331002e-09
      5780.00   8.3849462e-09
      5790.00   8.3371295e-09
      5800.00   8.2896478e-09
      5810.00   8.2424994e-09
      5820.00   8.1956792e-09
      5830.00   8.1491858e-09
      5840.00   8.1030163e-09
      5850.00   8.0571678e-09
      5860.00   8.0116383e-09
      5870.00   7.9664248e-09
      5880.00   7.9215247e-09
      5890.00   7.8769359e-09
      5900.00   7.8326552e-09
      5910.00   7.7886804e-09
      5920.00   7.7450085e-09
      5930.00   7.7016385e-09
      5940.00   7.6585669e-09
      5950.00   7.6157910e-09
      5960.00   7.5733090e-09
      5970.00   7.5311179e-09
      5980.00   7.4892163e-09
      5990.00   7.4476014e-09
      6000.00   7.4062708e-09
      6010.00   7.3652216e-09
      6020.00   7.3244525e-09
      6030.00   7.2839614e-09
      6040.00   7.2437454e-09
      6050.00   7.2038023e-09
      6060.00   7.1641300e-09
      6070.00   7.1247267e-09
      6080.00   7.0855904e-09
      6090.00   7.0467184e-09
      6100.00   7.0081086e-09
      6110.00   6.9697586e-09
      6120.00   6.9316681e-09
      6130.00   6.8938329e-09
      6140.00   6.8562522e-09
      6150.00   6.8189233e-09
      6160.00   6.7818447e-09
      6170.00   6.7450144e-09
      6180.00   6.7084301e-09
      6190.00   6.6720900e-09
      6200.00   6.6359929e-09
      6210.00   6.6001356e-09
      6220.00   6.5645169e-09
      6230.00   6.5291354e-09
      6240.00   6.4939887e-09
      6250.00   6.4590742e-09
      6260.00   6.4243916e-09
      6270.00   6.3899387e-09
      6280.00   6.3557128e-09
      6290.00   6.3217124e-09
      6300.00   6.2879365e-09
      6310.00   6.2543829e-09
      6320.00   6.2210505e-09
      6330.00   6.1879357e-09
      6340.00   6.1550384e-09
      6350.00   6.1223576e-09
      6360.00   6.0898898e-09
      6370.00   6.0576342e-09
      6380.00   6.0255892e-09
      6390.00   5.9937533e-09
      6400.00   5.9621246e-09
      6410.00   5.9307015e-09
      6420.00   5.8994825e-09
      6430.00   5.8684664e-09
      6440.00   5.8376515e-09
      6450.00   5.8070355e-09
      6460.00   5.7766175e-09
      6470.00   5.7463962e-09
      6480.00   5.7163697e-09
      6490.00   5.6865371e-09
      6500.00   5.6568961e-09
      6510.00   5.6274459e-09
      6520.00   5.5981847e-09
      6530.00   5.5691108e-09
      6540.00   5.5402233e-09
      6550.00   5.5115211e-09
      6560.00   5.4830018e-09
      6570.00   5.4546644e-09
      6580.00   5.4265080e-09
      6590.00   5.3985310e-09
      6600.00   5.3707318e-09
      6610.00   5.3431092e-09
      6620.00   5.3156620e-09
      6630.00   5.2883882e-09
      6640.00   5.2612876e-09
      6650.00   5.2343587e-09
      6660.00   5.2075993e-09
      6670.00   5.1810089e-09
      6680.00   5.1545864e-09
      6690.00   5.1283295e-09
      6700.00   5.1022383e-09
      6710.00   5.0763106e-09
      6720.00   5.0505457e-09
      6730.00   5.0249419e-09
      6740.00   4.9994989e-09
      6750.00   4.9742146e-09
      6760.00   4.9490883e-09
      6770.00   4.9241190e-09
      6780.00   4.8993047e-09
      6790.00   4.8746451e-09
      6800.00   4.8501385e-09
      6810.00   4.8257845e-09
      6820.00   4.8015813e-09
      6830.00   4.7775280e-09
      6840.00   4.7536233e-09
      6850.00   4.7298664e-09
      6860.00   4.7062564e-09
      6870.00   4.6827917e-09
      6880.00   4.6594718e-09
      6890.00   4.6362951e-09
      6900.00   4.6132605e-09
      6910.00   4.5903678e-09
      6920.00   4.5676157e-09
      6930.00   4.5450023e-09
      6940.00   4.5225277e-09
      6950.00   4.5001900e-09
      6960.00   4.4779886e-09
      6970.00   4.4559226e-09
      6980.00   4.4339912e-09
      6990.00   4.4121934e-09
      7000.00   4.3905276e-09
      7010.00   4.3689931e-09
      7020.00   4.3475894e-09
      7030.00   4.3263156e-09
      7040.00   4.3051699e-09
      7050.00   4.2841525e-09
      7060.00   4.2632617e-09
      7070.00   4.2424968e-09
      7080.00   4.2218566e-09
      7090.00   4.2013408e-09
      7100.00   4.1809482e-09
      7110.00   4.1606781e-09
      7120.00   4.1405296e-09
      7130.00   4.1205019e-09
      7140.00   4.1005933e-09
      7150.00   4.0808042e-09
      7160.00   4.0611328e-09
      7170.00   4.0415787e-09
      7180.00   4.0221411e-09
      7190.00   4.0028194e-09
      7200.00   3.9836121e-09
      7210.00   3.9645189e-09
      7220.00   3.9455394e-09
      7230.00   3.9266714e-09
      7240.00   3.9079158e-09
      7250.00   3.8892702e-09
      7260.00   3.8707349e-09
      7270.00   3.8523093e-09
      7280.00   3.8339916e-09
      7290.00   3.8157820e-09
      7300.00   3.7976795e-09
      7310.00   3.7796832e-09
      7320.00   3.7617921e-09
      7330.00   3.7440061e-09
      7340.00   3.7263238e-09
      7350.00   3.7087450e-09
      7360.00   3.6912690e-09
      7370.00   3.6738950e-09
      7380.00   3.6566215e-09
      7390.00   3.6394491e-09
      7400.00   3.6223762e-09
      7410.00   3.6054025e-09
      7420.00   3.5885273e-09
      7430.00   3.5717497e-09
      7440.00   3.5550692e-09
      7450.00   3.5384853e-09
      7460.00   3.5219972e-09
      7470.00   3.5056040e-09
      7480.00   3.4893053e-09
      7490.00   3.4731003e-09
      7500.00   3.4569888e-09
      7510.00   3.4409695e-09
      7520.00   3.4250420e-09
      7530.00   3.4092058e-09
      7540.00   3.3934606e-09
      7550.00   3.3778052e-09
      7560.00   3.3622392e-09
      7570.00   3.3467621e-09
      7580.00   3.3313727e-09
      7590.00   3.3160716e-09
      7600.00   3.3008574e-09
      7610.00   3.2857294e-09
      7620.00   3.2706875e-09
      7630.00   3.2557304e-09
      7640.00   3.2408586e-09
      7650.00   3.2260705e-09
      7660.00   3.2113663e-09
      7670.00   3.1967448e-09
      7680.00   3.1822058e-09
      7690.00   3.1677487e-09
      7700.00   3.1533731e-09
      7710.00   3.1390781e-09
      7720.00   3.1248633e-09
      7730.00   3.1107287e-09
      7740.00   3.0966730e-09
      7750.00   3.0826958e-09
      7760.00   3.0687970e-09
      7770.00   3.0549757e-09
      7780.00   3.0412315e-09
      7790.00   3.0275640e-09
      7800.00   3.0139725e-09
      7810.00   3.0004565e-09
      7820.00   2.9870159e-09
      7830.00   2.9736497e-09
      7840.00   2.9603577e-09
      7850.00   2.9471392e-09
      7860.00   2.9339938e-09
      7870.00   2.9209211e-09
      7880.00   2.9079205e-09
      7890.00   2.8949918e-09
      7900.00   2.8821341e-09
      7910.00   2.8693475e-09
      7920.00   2.8566309e-09
      7930.00   2.8439842e-09
      7940.00   2.8314069e-09
      7950.00   2.8188985e-09
      7960.00   2.8064589e-09
      7970.00   2.7940869e-09
      7980.00   2.7817828e-09
      7990.00   2.7695457e-09
      8000.00   2.7573752e-09
