      1600.00   1.8625358e-07
      1610.00   1.8530726e-07
      1620.00   1.8434401e-07
      1630.00   1.8336483e-07
      1640.00   1.8237059e-07
      1650.00   1.8136218e-07
      1660.00   1.8034047e-07
      1670.00   1.7930632e-07
      1680.00   1.7826049e-07
      1690.00   1.7720379e-07
      1700.00   1.7613699e-07
      1710.00   1.7506082e-07
      1720.00   1.7397597e-07
      1730.00   1.7288315e-07
      1740.00   1.7178300e-07
      1750.00   1.7067618e-07
      1760.00   1.6956331e-07
      1770.00   1.6844498e-07
      1780.00   1.6732178e-07
      1790.00   1.6619425e-07
      1800.00   1.6506294e-07
      1810.00   1.6392839e-07
      1820.00   1.6279102e-07
      1830.00   1.6165140e-07
      1840.00   1.6050995e-07
      1850.00   1.5936712e-07
      1860.00   1.5822334e-07
      1870.00   1.5707904e-07
      1880.00   1.5593458e-07
      1890.00   1.5479036e-07
      1900.00   1.5364674e-07
      1910.00   1.5250407e-07
      1920.00   1.5136269e-07
      1930.00   1.5022291e-07
      1940.00   1.4908507e-07
      1950.00   1.4794942e-07
      1960.00   1.4681629e-07
      1970.00   1.4568590e-07
      1980.00   1.4455855e-07
      1990.00   1.4343448e-07
      2000.00   1.4231390e-07
      2010.00   1.4119705e-07
      2020.00   1.4008416e-07
      2030.00   1.3897540e-07
      2040.00   1.3787100e-07
      2050.00   1.3677113e-07
      2060.00   1.3567595e-07
      2070.00   1.3458565e-07
      2080.00   1.3350039e-07
      2090.00   1.3242029e-07
      2100.00   1.3134551e-07
      2110.00   1.3027619e-07
      2120.00   1.2921245e-07
      2130.00   1.2815442e-07
      2140.00   1.2710219e-07
      2150.00   1.2605588e-07
      2160.00   1.2501559e-07
      2170.00   1.2398140e-07
      2180.00   1.2295341e-07
      2190.00   1.2193170e-07
      2200.00   1.2091634e-07
      2210.00   1.1990740e-07
      2220.00   1.1890494e-07
      2230.00   1.1790904e-07
      2240.00   1.1691973e-07
      2250.00   1.1593707e-07
      2260.00   1.1496111e-07
      2270.00   1.1399188e-07
      2280.00   1.1302943e-07
      2290.00   1.1207378e-07
      2300.00   1.1112497e-07
      2310.00   1.1018303e-07
      2320.00   1.0924797e-07
      2330.00   1.0831981e-07
      2340.00   1.0739856e-07
      2350.00   1.0648425e-07
      2360.00   1.0557688e-07
      2370.00   1.0467646e-07
      2380.00   1.0378298e-07
      2390.00   1.0289645e-07
      2400.00   1.0201688e-07
      2410.00   1.0114424e-07
      2420.00   1.0027855e-07
      2430.00   9.9419795e-08
      2440.00   9.8567954e-08
      2450.00   9.7723025e-08
      2460.00   9.6884998e-08
      2470.00   9.6053831e-08
      2480.00   9.5229520e-08
      2490.00   9.4412061e-08
      2500.00   9.3601415e-08
      2510.00   9.2797564e-08
      2520.00   9.2000490e-08
      2530.00   9.1210146e-08
      2540.00   9.0426532e-08
      2550.00   8.9649610e-08
      2560.00   8.8879339e-08
      2570.00   8.8115700e-08
      2580.00   8.7358661e-08
      2590.00   8.6608185e-08
      2600.00   8.5864249e-08
      2610.00   8.5126805e-08
      2620.00   8.4395828e-08
      2630.00   8.3671269e-08
      2640.00   8.2953102e-08
      2650.00   8.2241288e-08
      2660.00   8.1535794e-08
      2670.00   8.0836570e-08
      2680.00   8.0143587e-08
      2690.00   7.9456798e-08
      2700.00   7.8776157e-08
      2710.00   7.8101640e-08
      2720.00   7.7433201e-08
      2730.00   7.6770784e-08
      2740.00   7.6114363e-08
      2750.00   7.5463889e-08
      2760.00   7.4819330e-08
      2770.00   7.4180623e-08
      2780.00   7.3547739e-08
      2790.00   7.2920642e-08
      2800.00   7.2299265e-08
      2810.00   7.1683582e-08
      2820.00   7.1073554e-08
      2830.00   7.0469119e-08
      2840.00   6.9870247e-08
      2850.00   6.9276888e-08
      2860.00   6.8689005e-08
      2870.00   6.8106545e-08
      2880.00   6.7529463e-08
      2890.00   6.6957725e-08
      2900.00   6.6391275e-08
      2910.00   6.5830090e-08
      2920.00   6.5274103e-08
      2930.00   6.4723277e-08
      2940.00   6.4177571e-08
      2950.00   6.3636942e-08
      2960.00   6.3101339e-08
      2970.00   6.2570734e-08
      2980.00   6.2045068e-08
      2990.00   6.1524303e-08
      3000.00   6.1008400e-08
      3010.00   6.0497305e-08
      3020.00   5.9990991e-08
      3030.00   5.9489400e-08
      3040.00   5.8992503e-08
      3050.00   5.8500250e-08
      3060.00   5.8012600e-08
      3070.00   5.7529510e-08
      3080.00   5.7050939e-08
      3090.00   5.6576848e-08
      3100.00   5.6107196e-08
      3110.00   5.5641935e-08
      3120.00   5.5181039e-08
      3130.00   5.4724450e-08
      3140.00   5.4272143e-08
      3150.00   5.3824065e-08
      3160.00   5.3380190e-08
      3170.00   5.2940458e-08
      3180.00   5.2504856e-08
      3190.00   5.2073324e-08
      3200.00   5.1645835e-08
      3210.00   5.1222343e-08
      3220.00   5.0802821e-08
      3230.00   5.0387215e-08
      3240.00   4.9975498e-08
      3250.00   4.9567636e-08
      3260.00   4.9163587e-08
      3270.00   4.8763308e-08
      3280.00   4.8366774e-08
      3290.00   4.7973940e-08
      3300.00   4.7584777e-08
      3310.00   4.7199245e-08
      3320.00   4.6817305e-08
      3330.00   4.6438932e-08
      3340.00   4.6064087e-08
      3350.00   4.5692730e-08
      3360.00   4.5324833e-08
      3370.00   4.4960360e-08
      3380.00   4.4599277e-08
      3390.00   4.4241555e-08
      3400.00   4.3887155e-08
      3410.00   4.3536051e-08
      3420.00   4.3188202e-08
      3430.00   4.2843583e-08
      3440.00   4.2502158e-08
      3450.00   4.2163893e-08
      3460.00   4.1828769e-08
      3470.00   4.1496742e-08
      3480.00   4.1167783e-08
      3490.00   4.0841867e-08
      3500.00   4.0518963e-08
      3510.00   4.0199035e-08
      3520.00   3.9882060e-08
      3530.00   3.9568009e-08
      3540.00   3.9256846e-08
      3550.00   3.8948547e-08
      3560.00   3.8643086e-08
      3570.00   3.8340430e-08
      3580.00   3.8040553e-08
      3590.00   3.7743425e-08
      3600.00   3.7449023e-08
      3610.00   3.7157321e-08
      3620.00   3.6868285e-08
      3630.00   3.6581887e-08
      3640.00   3.6298109e-08
      3650.00   3.6016925e-08
      3660.00   3.5738301e-08
      3670.00   3.5462217e-08
      3680.00   3.5188648e-08
      3690.00   3.4917566e-08
      3700.00   3.4648947e-08
      3710.00   3.4382769e-08
      3720.00   3.4119002e-08
      3730.00   3.3857630e-08
      3740.00   3.3598622e-08
      3750.00   3.3341959e-08
      3760.00   3.3087611e-08
      3770.00   3.2835562e-08
      3780.00   3.2585786e-08
      3790.00   3.2338257e-08
      3800.00   3.2092963e-08
      3810.00   3.1849871e-08
      3820.00   3.1608963e-08
      3830.00   3.1370218e-08
      3840.00   3.1133610e-08
      3850.00   3.0899125e-08
      3860.00   3.0666734e-08
      3870.00   3.0436425e-08
      3880.00   3.0208170e-08
      3890.00   2.9981950e-08
      3900.00   2.9757747e-08
      3910.00   2.9535540e-08
      3920.00   2.9315308e-08
      3930.00   2.9097029e-08
      3940.00   2.8880689e-08
      3950.00   2.8666266e-08
      3960.00   2.8453743e-08
      3970.00   2.8243098e-08
      3980.00   2.8034315e-08
      3990.00   2.7827373e-08
      4000.00   2.7622254e-08
      4010.00   2.7418942e-08
      4020.00   2.7217417e-08
      4030.00   2.7017664e-08
      4040.00   2.6819662e-08
      4050.00   2.6623397e-08
      4060.00   2.6428847e-08
      4070.00   2.6236002e-08
      4080.00   2.6044840e-08
      4090.00   2.5855345e-08
      4100.00   2.5667503e-08
      4110.00   2.5481297e-08
      4120.00   2.5296707e-08
      4130.00   2.5113722e-08
      4140.00   2.4932323e-08
      4150.00   2.4752499e-08
      4160.00   2.4574229e-08
      4170.00   2.4397499e-08
      4180.00   2.4222295e-08
      4190.00   2.4048602e-08
      4200.00   2.3876406e-08
      4210.00   2.3705694e-08
      4220.00   2.3536444e-08
      4230.00   2.3368651e-08
      4240.00   2.3202292e-08
      4250.00   2.3037361e-08
      4260.00   2.2873840e-08
      4270.00   2.2711713e-08
      4280.00   2.2550972e-08
      4290.00   2.2391601e-08
      4300.00   2.2233586e-08
      4310.00   2.2076913e-08
      4320.00   2.1921572e-08
      4330.00   2.1767546e-08
      4340.00   2.1614825e-08
      4350.00   2.1463397e-08
      4360.00   2.1313248e-08
      4370.00   2.1164367e-08
      4380.00   2.1016739e-08
      4390.00   2.0870355e-08
      4400.00   2.0725201e-08
      4410.00   2.0581268e-08
      4420.00   2.0438539e-08
      4430.00   2.0297007e-08
      4440.00   2.0156658e-08
      4450.00   2.0017484e-08
      4460.00   1.9879470e-08
      4470.00   1.9742606e-08
      4480.00   1.9606881e-08
      4490.00   1.9472286e-08
      4500.00   1.9338808e-08
      4510.00   1.9206436e-08
      4520.00   1.9075163e-08
      4530.00   1.8944972e-08
      4540.00   1.8815859e-08
      4550.00   1.8687812e-08
      4560.00   1.8560820e-08
      4570.00   1.8434871e-08
      4580.00   1.8309959e-08
      4590.00   1.8186073e-08
      4600.00   1.8063203e-08
      4610.00   1.7941339e-08
      4620.00   1.7820471e-08
      4630.00   1.7700590e-08
      4640.00   1.7581689e-08
      4650.00   1.7463756e-08
      4660.00   1.7346783e-08
      4670.00   1.7230759e-08
      4680.00   1.7115678e-08
      4690.00   1.7001531e-08
      4700.00   1.6888306e-08
      4710.00   1.6775998e-08
      4720.00   1.6664596e-08
      4730.00   1.6554093e-08
      4740.00   1.6444481e-08
      4750.00   1.6335750e-08
      4760.00   1.6227893e-08
      4770.00   1.6120902e-08
      4780.00   1.6014767e-08
      4790.00   1.5909483e-08
      4800.00   1.5805040e-08
      4810.00   1.5701431e-08
      4820.00   1.5598647e-08
      4830.00   1.5496682e-08
      4840.00   1.5395529e-08
      4850.00   1.5295179e-08
      4860.00   1.5195625e-08
      4870.00   1.5096860e-08
      4880.00   1.4998876e-08
      4890.00   1.4901666e-08
      4900.00   1.4805224e-08
      4910.00   1.4709542e-08
      4920.00   1.4614615e-08
      4930.00   1.4520431e-08
      4940.00   1.4426988e-08
      4950.00   1.4334278e-08
      4960.00   1.4242292e-08
      4970.00   1.4151028e-08
      4980.00   1.4060476e-08
      4990.00   1.3970631e-08
      5000.00   1.3881486e-08
      5010.00   1.3793035e-08
      5020.00   1.3705270e-08
      5030.00   1.3618187e-08
      5040.00   1.3531780e-08
      5050.00   1.3446040e-08
      5060.00   1.3360964e-08
      5070.00   1.3276546e-08
      5080.00   1.3192777e-08
      5090.00   1.3109654e-08
      5100.00   1.3027171e-08
      5110.00   1.2945321e-08
      5120.00   1.2864099e-08
      5130.00   1.2783499e-08
      5140.00   1.2703517e-08
      5150.00   1.2624145e-08
      5160.00   1.2545380e-08
      5170.00   1.2467216e-08
      5180.00   1.2389645e-08
      5190.00   1.2312666e-08
      5200.00   1.2236271e-08
      5210.00   1.2160455e-08
      5220.00   1.2085213e-08
      5230.00   1.2010541e-08
      5240.00   1.1936433e-08
      5250.00   1.1862884e-08
      5260.00   1.1789889e-08
      5270.00   1.1717443e-08
      5280.00   1.1645542e-08
      5290.00   1.1574182e-08
      5300.00   1.1503355e-08
      5310.00   1.1433060e-08
      5320.00   1.1363290e-08
      5330.00   1.1294041e-08
      5340.00   1.1225309e-08
      5350.00   1.1157089e-08
      5360.00   1.1089377e-08
      5370.00   1.1022168e-08
      5380.00   1.0955457e-08
      5390.00   1.0889241e-08
      5400.00   1.0823514e-08
      5410.00   1.0758275e-08
      5420.00   1.0693516e-08
      5430.00   1.0629236e-08
      5440.00   1.0565429e-08
      5450.00   1.0502091e-08
      5460.00   1.0439218e-08
      5470.00   1.0376807e-08
      5480.00   1.0314852e-08
      5490.00   1.0253352e-08
      5500.00   1.0192301e-08
      5510.00   1.0131696e-08
      5520.00   1.0071533e-08
      5530.00   1.0011807e-08
      5540.00   9.9525154e-09
      5550.00   9.8936558e-09
      5560.00   9.8352211e-09
      5570.00   9.7772110e-09
      5580.00   9.7196214e-09
      5590.00   9.6624470e-09
      5600.00   9.6056847e-09
      5610.00   9.5493324e-09
      5620.00   9.4933852e-09
      5630.00   9.4378409e-09
      5640.00   9.3826957e-09
      5650.00   9.3279448e-09
      5660.00   9.2735871e-09
      5670.00   9.2196179e-09
      5680.00   9.1660345e-09
      5690.00   9.1128332e-09
      5700.00   9.0600112e-09
      5710.00   9.0075649e-09
      5720.00   8.9554926e-09
      5730.00   8.9037882e-09
      5740.00   8.8524524e-09
      5750.00   8.8014787e-09
      5760.00   8.7508660e-09
      5770.00   8.7006110e-09
      5780.00   8.6507105e-09
      5790.00   8.6011613e-09
      5800.00   8.5519610e-09
      5810.00   8.5031078e-09
      5820.00   8.4545965e-09
      5830.00   8.4064255e-09
      5840.00   8.3585918e-09
      5850.00   8.3110924e-09
      5860.00   8.2639251e-09
      5870.00   8.2170869e-09
      5880.00   8.1705750e-09
      5890.00   8.1243872e-09
      5900.00   8.0785200e-09
      5910.00   8.0329714e-09
      5920.00   7.9877380e-09
      5930.00   7.9428190e-09
      5940.00   7.8982105e-09
      5950.00   7.8539098e-09
      5960.00   7.8099149e-09
      5970.00   7.7662228e-09
      5980.00   7.7228320e-09
      5990.00   7.6797395e-09
      6000.00   7.6369428e-09
      6010.00   7.5944389e-09
      6020.00   7.5522266e-09
      6030.00   7.5103033e-09
      6040.00   7.4686663e-09
      6050.00   7.4273133e-09
      6060.00   7.3862419e-09
      6070.00   7.3454503e-09
      6080.00   7.3049365e-09
      6090.00   7.2646975e-09
      6100.00   7.2247313e-09
      6110.00   7.1850353e-09
      6120.00   7.1456091e-09
      6130.00   7.1064484e-09
      6140.00   7.0675525e-09
      6150.00   7.0289183e-09
      6160.00   6.9905444e-09
      6170.00   6.9524286e-09
      6180.00   6.9145687e-09
      6190.00   6.8769626e-09
      6200.00   6.8396092e-09
      6210.00   6.8025050e-09
      6220.00   6.7656488e-09
      6230.00   6.7290393e-09
      6240.00   6.6926738e-09
      6250.00   6.6565496e-09
      6260.00   6.6206666e-09
      6270.00   6.5850221e-09
      6280.00   6.5496136e-09
      6290.00   6.5144395e-09
      6300.00   6.4794987e-09
      6310.00   6.4447888e-09
      6320.00   6.4103088e-09
      6330.00   6.3760549e-09
      6340.00   6.3420270e-09
      6350.00   6.3082240e-09
      6360.00   6.2746423e-09
      6370.00   6.2412810e-09
      6380.00   6.2081386e-09
      6390.00   6.1752134e-09
      6400.00   6.1425033e-09
      6410.00   6.1100068e-09
      6420.00   6.0777224e-09
      6430.00   6.0456486e-09
      6440.00   6.0137839e-09
      6450.00   5.9821257e-09
      6460.00   5.9506732e-09
      6470.00   5.9194248e-09
      6480.00   5.8883788e-09
      6490.00   5.8575341e-09
      6500.00   5.8268884e-09
      6510.00   5.7964408e-09
      6520.00   5.7661894e-09
      6530.00   5.7361324e-09
      6540.00   5.7062690e-09
      6550.00   5.6765979e-09
      6560.00   5.6471168e-09
      6570.00   5.6178244e-09
      6580.00   5.5887200e-09
      6590.00   5.5598018e-09
      6600.00   5.5310681e-09
      6610.00   5.5025177e-09
      6620.00   5.4741494e-09
      6630.00   5.4459610e-09
      6640.00   5.4179524e-09
      6650.00   5.3901218e-09
      6660.00   5.3624673e-09
      6670.00   5.3349881e-09
      6680.00   5.3076831e-09
      6690.00   5.2805499e-09
      6700.00   5.2535888e-09
      6710.00   5.2267972e-09
      6720.00   5.2001746e-09
      6730.00   5.1737190e-09
      6740.00   5.1474303e-09
      6750.00   5.1213062e-09
      6760.00   5.0953460e-09
      6770.00   5.0695487e-09
      6780.00   5.0439122e-09
      6790.00   5.0184361e-09
      6800.00   4.9931188e-09
      6810.00   4.9679597e-09
      6820.00   4.9429570e-09
      6830.00   4.9181097e-09
      6840.00   4.8934167e-09
      6850.00   4.8688769e-09
      6860.00   4.8444893e-09
      6870.00   4.8202525e-09
      6880.00   4.7961658e-09
      6890.00   4.7722276e-09
      6900.00   4.7484367e-09
      6910.00   4.7247929e-09
      6920.00   4.7012951e-09
      6930.00   4.6779409e-09
      6940.00   4.6547306e-09
      6950.00   4.6316623e-09
      6960.00   4.6087353e-09
      6970.00   4.5859486e-09
      6980.00   4.5633015e-09
      6990.00   4.5407928e-09
      7000.00   4.5184209e-09
      7010.00   4.4961852e-09
      7020.00   4.4740850e-09
      7030.00   4.4521195e-09
      7040.00   4.4302868e-09
      7050.00   4.4085869e-09
      7060.00   4.3870183e-09
      7070.00   4.3655802e-09
      7080.00   4.3442713e-09
      7090.00   4.3230912e-09
      7100.00   4.3020390e-09
      7110.00   4.2811135e-09
      7120.00   4.2603141e-09
      7130.00   4.2396398e-09
      7140.00   4.2190890e-09
      7150.00   4.1986619e-09
      7160.00   4.1783569e-09
      7170.00   4.1581733e-09
      7180.00   4.1381104e-09
      7190.00   4.1181676e-09
      7200.00   4.0983432e-09
      7210.00   4.0786372e-09
      7220.00   4.0590488e-09
      7230.00   4.0395760e-09
      7240.00   4.0202195e-09
      7250.00   4.0009770e-09
      7260.00   3.9818488e-09
      7270.00   3.9628342e-09
      7280.00   3.9439312e-09
      7290.00   3.9251403e-09
      7300.00   3.9064603e-09
      7310.00   3.8878902e-09
      7320.00   3.8694291e-09
      7330.00   3.8510768e-09
      7340.00   3.8328319e-09
      7350.00   3.8146942e-09
      7360.00   3.7966628e-09
      7370.00   3.7787372e-09
      7380.00   3.7609156e-09
      7390.00   3.7431987e-09
      7400.00   3.7255847e-09
      7410.00   3.7080735e-09
      7420.00   3.6906642e-09
      7430.00   3.6733560e-09
      7440.00   3.6561483e-09
      7450.00   3.6390406e-09
      7460.00   3.6220320e-09
      7470.00   3.6051217e-09
      7480.00   3.5883092e-09
      7490.00   3.5715937e-09
      7500.00   3.5549750e-09
      7510.00   3.5384516e-09
      7520.00   3.5220234e-09
      7530.00   3.5056896e-09
      7540.00   3.4894500e-09
      7550.00   3.4733032e-09
      7560.00   3.4572491e-09
      7570.00   3.4412868e-09
      7580.00   3.4254154e-09
      7590.00   3.4096354e-09
      7600.00   3.3939452e-09
      7610.00   3.3783443e-09
      7620.00   3.3628324e-09
      7630.00   3.3474083e-09
      7640.00   3.3320725e-09
      7650.00   3.3168232e-09
      7660.00   3.3016607e-09
      7670.00   3.2865838e-09
      7680.00   3.2715923e-09
      7690.00   3.2566855e-09
      7700.00   3.2418630e-09
      7710.00   3.2271239e-09
      7720.00   3.2124677e-09
      7730.00   3.1978944e-09
      7740.00   3.1834028e-09
      7750.00   3.1689925e-09
      7760.00   3.1546632e-09
      7770.00   3.1404141e-09
      7780.00   3.1262447e-09
      7790.00   3.1121545e-09
      7800.00   3.0981431e-09
      7810.00   3.0842098e-09
      7820.00   3.0703544e-09
      7830.00   3.0565759e-09
      7840.00   3.0428741e-09
      7850.00   3.0292484e-09
      7860.00   3.0156982e-09
      7870.00   3.0022233e-09
      7880.00   2.9888229e-09
      7890.00   2.9754969e-09
      7900.00   2.9622442e-09
      7910.00   2.9490650e-09
      7920.00   2.9359583e-09
      7930.00   2.9229238e-09
      7940.00   2.9099611e-09
      7950.00   2.8970696e-09
      7960.00   2.8842492e-09
      7970.00   2.8714988e-09
      7980.00   2.8588185e-09
      7990.00   2.8462074e-09
      8000.00   2.8336654e-09
