      1600.00   1.9735463e-23
      1610.00   2.4662042e-23
      1620.00   3.0727879e-23
      1630.00   3.8175275e-23
      1640.00   4.7293462e-23
      1650.00   5.8426825e-23
      1660.00   7.1984338e-23
      1670.00   8.8450465e-23
      1680.00   1.0839762e-22
      1690.00   1.3250055e-22
      1700.00   1.6155270e-22
      1710.00   1.9648486e-22
      1720.00   2.3838645e-22
      1730.00   2.8852971e-22
      1740.00   3.4839695e-22
      1750.00   4.1971168e-22
      1760.00   5.0447330e-22
      1770.00   6.0499663e-22
      1780.00   7.2395592e-22
      1790.00   8.6443448e-22
      1800.00   1.0299801e-21
      1810.00   1.2246675e-21
      1820.00   1.4531660e-21
      1830.00   1.7208189e-21
      1840.00   2.0337265e-21
      1850.00   2.3988425e-21
      1860.00   2.8240784e-21
      1870.00   3.3184199e-21
      1880.00   3.8920542e-21
      1890.00   4.5565122e-21
      1900.00   5.3248227e-21
      1910.00   6.2116834e-21
      1920.00   7.2336471e-21
      1930.00   8.4093273e-21
      1940.00   9.7596215e-21
      1950.00   1.1307952e-20
      1960.00   1.3080538e-20
      1970.00   1.5106675e-20
      1980.00   1.7419064e-20
      1990.00   2.0054137e-20
      2000.00   2.3052431e-20
      2010.00   2.6458997e-20
      2020.00   3.0323820e-20
      2030.00   3.4702288e-20
      2040.00   3.9655702e-20
      2050.00   4.5251804e-20
      2060.00   5.1565368e-20
      2070.00   5.8678819e-20
      2080.00   6.6682918e-20
      2090.00   7.5677432e-20
      2100.00   8.5771965e-20
      2110.00   9.7086739e-20
      2120.00   1.0975346e-19
      2130.00   1.2391629e-19
      2140.00   1.3973277e-19
      2150.00   1.5737497e-19
      2160.00   1.7703054e-19
      2170.00   1.9890388e-19
      2180.00   2.2321752e-19
      2190.00   2.5021332e-19
      2200.00   2.8015394e-19
      2210.00   3.1332438e-19
      2220.00   3.5003345e-19
      2230.00   3.9061556e-19
      2240.00   4.3543234e-19
      2250.00   4.8487462e-19
      2260.00   5.3936428e-19
      2270.00   5.9935622e-19
      2280.00   6.6534082e-19
      2290.00   7.3784567e-19
      2300.00   8.1743849e-19
      2310.00   9.0472911e-19
      2320.00   1.0003723e-18
      2330.00   1.1050706e-18
      2340.00   1.2195764e-18
      2350.00   1.3446960e-18
      2360.00   1.4812918e-18
      2370.00   1.6302858e-18
      2380.00   1.7926627e-18
      2390.00   1.9694736e-18
      2400.00   2.1618398e-18
      2410.00   2.3709553e-18
      2420.00   2.5980926e-18
      2430.00   2.8446049e-18
      2440.00   3.1119311e-18
      2450.00   3.4016000e-18
      2460.00   3.7152349e-18
      2470.00   4.0545564e-18
      2480.00   4.4213903e-18
      2490.00   4.8176707e-18
      2500.00   5.2454439e-18
      2510.00   5.7068754e-18
      2520.00   6.2042549e-18
      2530.00   6.7399994e-18
      2540.00   7.3166641e-18
      2550.00   7.9369424e-18
      2560.00   8.6036738e-18
      2570.00   9.3198524e-18
      2580.00   1.0088630e-17
      2590.00   1.0913324e-17
      2600.00   1.1797424e-17
      2610.00   1.2744596e-17
      2620.00   1.3758694e-17
      2630.00   1.4843759e-17
      2640.00   1.6004039e-17
      2650.00   1.7243983e-17
      2660.00   1.8568256e-17
      2670.00   1.9981741e-17
      2680.00   2.1489557e-17
      2690.00   2.3097052e-17
      2700.00   2.4809821e-17
      2710.00   2.6633719e-17
      2720.00   2.8574854e-17
      2730.00   3.0639600e-17
      2740.00   3.2834622e-17
      2750.00   3.5166858e-17
      2760.00   3.7643553e-17
      2770.00   4.0272238e-17
      2780.00   4.3060775e-17
      2790.00   4.6017344e-17
      2800.00   4.9150437e-17
      2810.00   5.2468910e-17
      2820.00   5.5981960e-17
      2830.00   5.9699128e-17
      2840.00   6.3630343e-17
      2850.00   6.7785895e-17
      2860.00   7.2176475e-17
      2870.00   7.6813152e-17
      2880.00   8.1707405e-17
      2890.00   8.6871146e-17
      2900.00   9.2316682e-17
      2910.00   9.8056797e-17
      2920.00   1.0410466e-16
      2930.00   1.1047394e-16
      2940.00   1.1717875e-16
      2950.00   1.2423369e-16
      2960.00   1.3165380e-16
      2970.00   1.3945470e-16
      2980.00   1.4765242e-16
      2990.00   1.5626354e-16
      3000.00   1.6530517e-16
      3010.00   1.7479492e-16
      3020.00   1.8475100e-16
      3030.00   1.9519209e-16
      3040.00   2.0613752e-16
      3050.00   2.1760709e-16
      3060.00   2.2962125e-16
      3070.00   2.4220101e-16
      3080.00   2.5536797e-16
      3090.00   2.6914437e-16
      3100.00   2.8355303e-16
      3110.00   2.9861737e-16
      3120.00   3.1436155e-16
      3130.00   3.3081021e-16
      3140.00   3.4798879e-16
      3150.00   3.6592325e-16
      3160.00   3.8464039e-16
      3170.00   4.0416740e-16
      3180.00   4.2453254e-16
      3190.00   4.4576439e-16
      3200.00   4.6789246e-16
      3210.00   4.9094683e-16
      3220.00   5.1495844e-16
      3230.00   5.3995870e-16
      3240.00   5.6598001e-16
      3250.00   5.9305540e-16
      3260.00   6.2121858e-16
      3270.00   6.5050397e-16
      3280.00   6.8094697e-16
      3290.00   7.1258343e-16
      3300.00   7.4545022e-16
      3310.00   7.7958480e-16
      3320.00   8.1502539e-16
      3330.00   8.5181121e-16
      3340.00   8.8998206e-16
      3350.00   9.2957844e-16
      3360.00   9.7064188e-16
      3370.00   1.0132145e-15
      3380.00   1.0573394e-15
      3390.00   1.1030604e-15
      3400.00   1.1504219e-15
      3410.00   1.1994696e-15
      3420.00   1.2502493e-15
      3430.00   1.3028083e-15
      3440.00   1.3571943e-15
      3450.00   1.4134558e-15
      3460.00   1.4716427e-15
      3470.00   1.5318047e-15
      3480.00   1.5939930e-15
      3490.00   1.6582596e-15
      3500.00   1.7246571e-15
      3510.00   1.7932389e-15
      3520.00   1.8640595e-15
      3530.00   1.9371740e-15
      3540.00   2.0126380e-15
      3550.00   2.0905084e-15
      3560.00   2.1708430e-15
      3570.00   2.2536997e-15
      3580.00   2.3391379e-15
      3590.00   2.4272172e-15
      3600.00   2.5179987e-15
      3610.00   2.6115441e-15
      3620.00   2.7079150e-15
      3630.00   2.8071745e-15
      3640.00   2.9093870e-15
      3650.00   3.0146171e-15
      3660.00   3.1229298e-15
      3670.00   3.2343913e-15
      3680.00   3.3490689e-15
      3690.00   3.4670298e-15
      3700.00   3.5883427e-15
      3710.00   3.7130766e-15
      3720.00   3.8413012e-15
      3730.00   3.9730878e-15
      3740.00   4.1085069e-15
      3750.00   4.2476311e-15
      3760.00   4.3905324e-15
      3770.00   4.5372850e-15
      3780.00   4.6879625e-15
      3790.00   4.8426394e-15
      3800.00   5.0013926e-15
      3810.00   5.1642967e-15
      3820.00   5.3314288e-15
      3830.00   5.5028665e-15
      3840.00   5.6786873e-15
      3850.00   5.8589707e-15
      3860.00   6.0437948e-15
      3870.00   6.2332411e-15
      3880.00   6.4273883e-15
      3890.00   6.6263181e-15
      3900.00   6.8301120e-15
      3910.00   7.0388523e-15
      3920.00   7.2526213e-15
      3930.00   7.4715018e-15
      3940.00   7.6955782e-15
      3950.00   7.9249344e-15
      3960.00   8.1596554e-15
      3970.00   8.3998255e-15
      3980.00   8.6455314e-15
      3990.00   8.8968578e-15
      4000.00   9.1538917e-15
      4010.00   9.4167204e-15
      4020.00   9.6854307e-15
      4030.00   9.9601110e-15
      4040.00   1.0240848e-14
      4050.00   1.0527732e-14
      4060.00   1.0820849e-14
      4070.00   1.1120292e-14
      4080.00   1.1426147e-14
      4090.00   1.1738505e-14
      4100.00   1.2057456e-14
      4110.00   1.2383091e-14
      4120.00   1.2715499e-14
      4130.00   1.3054773e-14
      4140.00   1.3401000e-14
      4150.00   1.3754277e-14
      4160.00   1.4114691e-14
      4170.00   1.4482335e-14
      4180.00   1.4857300e-14
      4190.00   1.5239679e-14
      4200.00   1.5629564e-14
      4210.00   1.6027049e-14
      4220.00   1.6432220e-14
      4230.00   1.6845177e-14
      4240.00   1.7266006e-14
      4250.00   1.7694804e-14
      4260.00   1.8131663e-14
      4270.00   1.8576672e-14
      4280.00   1.9029928e-14
      4290.00   1.9491521e-14
      4300.00   1.9961544e-14
      4310.00   2.0440090e-14
      4320.00   2.0927251e-14
      4330.00   2.1423118e-14
      4340.00   2.1927784e-14
      4350.00   2.2441344e-14
      4360.00   2.2963886e-14
      4370.00   2.3495504e-14
      4380.00   2.4036289e-14
      4390.00   2.4586333e-14
      4400.00   2.5145725e-14
      4410.00   2.5714562e-14
      4420.00   2.6292926e-14
      4430.00   2.6880915e-14
      4440.00   2.7478616e-14
      4450.00   2.8086122e-14
      4460.00   2.8703520e-14
      4470.00   2.9330900e-14
      4480.00   2.9968350e-14
      4490.00   3.0615963e-14
      4500.00   3.1273825e-14
      4510.00   3.1942021e-14
      4520.00   3.2620648e-14
      4530.00   3.3309781e-14
      4540.00   3.4009516e-14
      4550.00   3.4719938e-14
      4560.00   3.5441132e-14
      4570.00   3.6173180e-14
      4580.00   3.6916173e-14
      4590.00   3.7670195e-14
      4600.00   3.8435328e-14
      4610.00   3.9211658e-14
      4620.00   3.9999263e-14
      4630.00   4.0798229e-14
      4640.00   4.1608643e-14
      4650.00   4.2430580e-14
      4660.00   4.3264123e-14
      4670.00   4.4109349e-14
      4680.00   4.4966344e-14
      4690.00   4.5835185e-14
      4700.00   4.6715944e-14
      4710.00   4.7608710e-14
      4720.00   4.8513550e-14
      4730.00   4.9430546e-14
      4740.00   5.0359778e-14
      4750.00   5.1301309e-14
      4760.00   5.2255225e-14
      4770.00   5.3221593e-14
      4780.00   5.4200486e-14
      4790.00   5.5191982e-14
      4800.00   5.6196146e-14
      4810.00   5.7213050e-14
      4820.00   5.8242763e-14
      4830.00   5.9285361e-14
      4840.00   6.0340906e-14
      4850.00   6.1409468e-14
      4860.00   6.2491113e-14
      4870.00   6.3585907e-14
      4880.00   6.4693912e-14
      4890.00   6.5815199e-14
      4900.00   6.6949825e-14
      4910.00   6.8097855e-14
      4920.00   6.9259360e-14
      4930.00   7.0434373e-14
      4940.00   7.1622986e-14
      4950.00   7.2825237e-14
      4960.00   7.4041187e-14
      4970.00   7.5270904e-14
      4980.00   7.6514438e-14
      4990.00   7.7771841e-14
      5000.00   7.9043170e-14
      5010.00   8.0328482e-14
      5020.00   8.1627818e-14
      5030.00   8.2941241e-14
      5040.00   8.4268803e-14
      5050.00   8.5610538e-14
      5060.00   8.6966505e-14
      5070.00   8.8336763e-14
      5080.00   8.9721333e-14
      5090.00   9.1120281e-14
      5100.00   9.2533649e-14
      5110.00   9.3961469e-14
      5120.00   9.5403791e-14
      5130.00   9.6860652e-14
      5140.00   9.8332107e-14
      5150.00   9.9818178e-14
      5160.00   1.0131892e-13
      5170.00   1.0283435e-13
      5180.00   1.0436452e-13
      5190.00   1.0590947e-13
      5200.00   1.0746921e-13
      5210.00   1.0904380e-13
      5220.00   1.1063325e-13
      5230.00   1.1223761e-13
      5240.00   1.1385691e-13
      5250.00   1.1549115e-13
      5260.00   1.1714039e-13
      5270.00   1.1880463e-13
      5280.00   1.2048393e-13
      5290.00   1.2217830e-13
      5300.00   1.2388774e-13
      5310.00   1.2561231e-13
      5320.00   1.2735201e-13
      5330.00   1.2910685e-13
      5340.00   1.3087688e-13
      5350.00   1.3266210e-13
      5360.00   1.3446253e-13
      5370.00   1.3627818e-13
      5380.00   1.3810907e-13
      5390.00   1.3995521e-13
      5400.00   1.4181662e-13
      5410.00   1.4369331e-13
      5420.00   1.4558529e-13
      5430.00   1.4749258e-13
      5440.00   1.4941517e-13
      5450.00   1.5135308e-13
      5460.00   1.5330629e-13
      5470.00   1.5527485e-13
      5480.00   1.5725874e-13
      5490.00   1.5925796e-13
      5500.00   1.6127251e-13
      5510.00   1.6330242e-13
      5520.00   1.6534766e-13
      5530.00   1.6740823e-13
      5540.00   1.6948413e-13
      5550.00   1.7157538e-13
      5560.00   1.7368193e-13
      5570.00   1.7580382e-13
      5580.00   1.7794105e-13
      5590.00   1.8009356e-13
      5600.00   1.8226136e-13
      5610.00   1.8444448e-13
      5620.00   1.8664286e-13
      5630.00   1.8885652e-13
      5640.00   1.9108545e-13
      5650.00   1.9332959e-13
      5660.00   1.9558899e-13
      5670.00   1.9786359e-13
      5680.00   2.0015339e-13
      5690.00   2.0245836e-13
      5700.00   2.0477850e-13
      5710.00   2.0711377e-13
      5720.00   2.0946419e-13
      5730.00   2.1182967e-13
      5740.00   2.1421027e-13
      5750.00   2.1660588e-13
      5760.00   2.1901653e-13
      5770.00   2.2144219e-13
      5780.00   2.2388283e-13
      5790.00   2.2633840e-13
      5800.00   2.2880890e-13
      5810.00   2.3129432e-13
      5820.00   2.3379458e-13
      5830.00   2.3630966e-13
      5840.00   2.3883955e-13
      5850.00   2.4138419e-13
      5860.00   2.4394357e-13
      5870.00   2.4651764e-13
      5880.00   2.4910637e-13
      5890.00   2.5170974e-13
      5900.00   2.5432768e-13
      5910.00   2.5696017e-13
      5920.00   2.5960715e-13
      5930.00   2.6226863e-13
      5940.00   2.6494453e-13
      5950.00   2.6763480e-13
      5960.00   2.7033943e-13
      5970.00   2.7305833e-13
      5980.00   2.7579151e-13
      5990.00   2.7853890e-13
      6000.00   2.8130045e-13
      6010.00   2.8407608e-13
      6020.00   2.8686580e-13
      6030.00   2.8966956e-13
      6040.00   2.9248727e-13
      6050.00   2.9531890e-13
      6060.00   2.9816439e-13
      6070.00   3.0102370e-13
      6080.00   3.0389679e-13
      6090.00   3.0678359e-13
      6100.00   3.0968403e-13
      6110.00   3.1259806e-13
      6120.00   3.1552568e-13
      6130.00   3.1846675e-13
      6140.00   3.2142128e-13
      6150.00   3.2438916e-13
      6160.00   3.2737036e-13
      6170.00   3.3036483e-13
      6180.00   3.3337249e-13
      6190.00   3.3639327e-13
      6200.00   3.3942717e-13
      6210.00   3.4247404e-13
      6220.00   3.4553387e-13
      6230.00   3.4860662e-13
      6240.00   3.5169218e-13
      6250.00   3.5479046e-13
      6260.00   3.5790148e-13
      6270.00   3.6102514e-13
      6280.00   3.6416134e-13
      6290.00   3.6731001e-13
      6300.00   3.7047113e-13
      6310.00   3.7364461e-13
      6320.00   3.7683042e-13
      6330.00   3.8002838e-13
      6340.00   3.8323850e-13
      6350.00   3.8646077e-13
      6360.00   3.8969500e-13
      6370.00   3.9294116e-13
      6380.00   3.9619920e-13
      6390.00   3.9946905e-13
      6400.00   4.0275060e-13
      6410.00   4.0604379e-13
      6420.00   4.0934856e-13
      6430.00   4.1266484e-13
      6440.00   4.1599257e-13
      6450.00   4.1933160e-13
      6460.00   4.2268190e-13
      6470.00   4.2604341e-13
      6480.00   4.2941602e-13
      6490.00   4.3279972e-13
      6500.00   4.3619434e-13
      6510.00   4.3959987e-13
      6520.00   4.4301620e-13
      6530.00   4.4644322e-13
      6540.00   4.4988091e-13
      6550.00   4.5332920e-13
      6560.00   4.5678794e-13
      6570.00   4.6025706e-13
      6580.00   4.6373654e-13
      6590.00   4.6722628e-13
      6600.00   4.7072615e-13
      6610.00   4.7423610e-13
      6620.00   4.7775606e-13
      6630.00   4.8128588e-13
      6640.00   4.8482558e-13
      6650.00   4.8837504e-13
      6660.00   4.9193412e-13
      6670.00   4.9550279e-13
      6680.00   4.9908099e-13
      6690.00   5.0266852e-13
      6700.00   5.0626544e-13
      6710.00   5.0987156e-13
      6720.00   5.1348685e-13
      6730.00   5.1711117e-13
      6740.00   5.2074453e-13
      6750.00   5.2438674e-13
      6760.00   5.2803777e-13
      6770.00   5.3169756e-13
      6780.00   5.3536591e-13
      6790.00   5.3904285e-13
      6800.00   5.4272822e-13
      6810.00   5.4642200e-13
      6820.00   5.5012404e-13
      6830.00   5.5383427e-13
      6840.00   5.5755259e-13
      6850.00   5.6127893e-13
      6860.00   5.6501323e-13
      6870.00   5.6875533e-13
      6880.00   5.7250522e-13
      6890.00   5.7626274e-13
      6900.00   5.8002778e-13
      6910.00   5.8380038e-13
      6920.00   5.8758041e-13
      6930.00   5.9136765e-13
      6940.00   5.9516216e-13
      6950.00   5.9896376e-13
      6960.00   6.0277237e-13
      6970.00   6.0658793e-13
      6980.00   6.1041039e-13
      6990.00   6.1423963e-13
      7000.00   6.1807547e-13
      7010.00   6.2191788e-13
      7020.00   6.2576681e-13
      7030.00   6.2962220e-13
      7040.00   6.3348381e-13
      7050.00   6.3735170e-13
      7060.00   6.4122570e-13
      7070.00   6.4510573e-13
      7080.00   6.4899167e-13
      7090.00   6.5288348e-13
      7100.00   6.5678107e-13
      7110.00   6.6068433e-13
      7120.00   6.6459321e-13
      7130.00   6.6850760e-13
      7140.00   6.7242728e-13
      7150.00   6.7635236e-13
      7160.00   6.8028261e-13
      7170.00   6.8421798e-13
      7180.00   6.8815840e-13
      7190.00   6.9210382e-13
      7200.00   6.9605402e-13
      7210.00   7.0000903e-13
      7220.00   7.0396877e-13
      7230.00   7.0793297e-13
      7240.00   7.1190180e-13
      7250.00   7.1587489e-13
      7260.00   7.1985233e-13
      7270.00   7.2383408e-13
      7280.00   7.2781984e-13
      7290.00   7.3180971e-13
      7300.00   7.3580356e-13
      7310.00   7.3980126e-13
      7320.00   7.4380267e-13
      7330.00   7.4780783e-13
      7340.00   7.5181651e-13
      7350.00   7.5582875e-13
      7360.00   7.5984441e-13
      7370.00   7.6386344e-13
      7380.00   7.6788556e-13
      7390.00   7.7191095e-13
      7400.00   7.7593933e-13
      7410.00   7.7997071e-13
      7420.00   7.8400498e-13
      7430.00   7.8804201e-13
      7440.00   7.9208174e-13
      7450.00   7.9612414e-13
      7460.00   8.0016906e-13
      7470.00   8.0421640e-13
      7480.00   8.0826609e-13
      7490.00   8.1231803e-13
      7500.00   8.1637223e-13
      7510.00   8.2042842e-13
      7520.00   8.2448663e-13
      7530.00   8.2854674e-13
      7540.00   8.3260879e-13
      7550.00   8.3667249e-13
      7560.00   8.4073788e-13
      7570.00   8.4480485e-13
      7580.00   8.4887319e-13
      7590.00   8.5294309e-13
      7600.00   8.5701428e-13
      7610.00   8.6108665e-13
      7620.00   8.6516023e-13
      7630.00   8.6923475e-13
      7640.00   8.7331040e-13
      7650.00   8.7738683e-13
      7660.00   8.8146417e-13
      7670.00   8.8554214e-13
      7680.00   8.8962078e-13
      7690.00   8.9369998e-13
      7700.00   8.9777970e-13
      7710.00   9.0185976e-13
      7720.00   9.0594013e-13
      7730.00   9.1002082e-13
      7740.00   9.1410160e-13
      7750.00   9.1818243e-13
      7760.00   9.2226327e-13
      7770.00   9.2634401e-13
      7780.00   9.3042456e-13
      7790.00   9.3450486e-13
      7800.00   9.3858483e-13
      7810.00   9.4266435e-13
      7820.00   9.4674347e-13
      7830.00   9.5082194e-13
      7840.00   9.5489979e-13
      7850.00   9.5897686e-13
      7860.00   9.6305312e-13
      7870.00   9.6712853e-13
      7880.00   9.7120293e-13
      7890.00   9.7527635e-13
      7900.00   9.7934857e-13
      7910.00   9.8341968e-13
      7920.00   9.8748946e-13
      7930.00   9.9155787e-13
      7940.00   9.9562490e-13
      7950.00   9.9969037e-13
      7960.00   1.0037544e-12
      7970.00   1.0078166e-12
      7980.00   1.0118772e-12
      7990.00   1.0159359e-12
      8000.00   1.0199928e-12
