      1600.00   2.0842312e-07
      1610.00   2.0722966e-07
      1620.00   2.0602053e-07
      1630.00   2.0479682e-07
      1640.00   2.0355946e-07
      1650.00   2.0230942e-07
      1660.00   2.0104764e-07
      1670.00   1.9977503e-07
      1680.00   1.9849241e-07
      1690.00   1.9720065e-07
      1700.00   1.9590056e-07
      1710.00   1.9459291e-07
      1720.00   1.9327846e-07
      1730.00   1.9195792e-07
      1740.00   1.9063198e-07
      1750.00   1.8930136e-07
      1760.00   1.8796665e-07
      1770.00   1.8662851e-07
      1780.00   1.8528754e-07
      1790.00   1.8394431e-07
      1800.00   1.8259936e-07
      1810.00   1.8125327e-07
      1820.00   1.7990647e-07
      1830.00   1.7855954e-07
      1840.00   1.7721290e-07
      1850.00   1.7586702e-07
      1860.00   1.7452232e-07
      1870.00   1.7317925e-07
      1880.00   1.7183816e-07
      1890.00   1.7049946e-07
      1900.00   1.6916350e-07
      1910.00   1.6783064e-07
      1920.00   1.6650120e-07
      1930.00   1.6517550e-07
      1940.00   1.6385386e-07
      1950.00   1.6253655e-07
      1960.00   1.6122385e-07
      1970.00   1.5991601e-07
      1980.00   1.5861330e-07
      1990.00   1.5731595e-07
      2000.00   1.5602416e-07
      2010.00   1.5473818e-07
      2020.00   1.5345818e-07
      2030.00   1.5218437e-07
      2040.00   1.5091692e-07
      2050.00   1.4965601e-07
      2060.00   1.4840179e-07
      2070.00   1.4715442e-07
      2080.00   1.4591405e-07
      2090.00   1.4468078e-07
      2100.00   1.4345476e-07
      2110.00   1.4223611e-07
      2120.00   1.4102493e-07
      2130.00   1.3982133e-07
      2140.00   1.3862539e-07
      2150.00   1.3743722e-07
      2160.00   1.3625688e-07
      2170.00   1.3508444e-07
      2180.00   1.3391999e-07
      2190.00   1.3276358e-07
      2200.00   1.3161527e-07
      2210.00   1.3047512e-07
      2220.00   1.2934315e-07
      2230.00   1.2821943e-07
      2240.00   1.2710396e-07
      2250.00   1.2599681e-07
      2260.00   1.2489800e-07
      2270.00   1.2380751e-07
      2280.00   1.2272542e-07
      2290.00   1.2165169e-07
      2300.00   1.2058637e-07
      2310.00   1.1952945e-07
      2320.00   1.1848094e-07
      2330.00   1.1744083e-07
      2340.00   1.1640912e-07
      2350.00   1.1538581e-07
      2360.00   1.1437088e-07
      2370.00   1.1336434e-07
      2380.00   1.1236615e-07
      2390.00   1.1137631e-07
      2400.00   1.1039480e-07
      2410.00   1.0942157e-07
      2420.00   1.0845664e-07
      2430.00   1.0749996e-07
      2440.00   1.0655150e-07
      2450.00   1.0561125e-07
      2460.00   1.0467917e-07
      2470.00   1.0375520e-07
      2480.00   1.0283933e-07
      2490.00   1.0193153e-07
      2500.00   1.0103175e-07
      2510.00   1.0013995e-07
      2520.00   9.9256104e-08
      2530.00   9.8380143e-08
      2540.00   9.7512055e-08
      2550.00   9.6651785e-08
      2560.00   9.5799276e-08
      2570.00   9.4954495e-08
      2580.00   9.4117394e-08
      2590.00   9.3287921e-08
      2600.00   9.2466039e-08
      2610.00   9.1651687e-08
      2620.00   9.0844823e-08
      2630.00   9.0045383e-08
      2640.00   8.9253331e-08
      2650.00   8.8468612e-08
      2660.00   8.7691179e-08
      2670.00   8.6920969e-08
      2680.00   8.6157940e-08
      2690.00   8.5402032e-08
      2700.00   8.4653184e-08
      2710.00   8.3911361e-08
      2720.00   8.3176506e-08
      2730.00   8.2448546e-08
      2740.00   8.1727447e-08
      2750.00   8.1013146e-08
      2760.00   8.0305600e-08
      2770.00   7.9604732e-08
      2780.00   7.8910502e-08
      2790.00   7.8222864e-08
      2800.00   7.7541739e-08
      2810.00   7.6867090e-08
      2820.00   7.6198866e-08
      2830.00   7.5536994e-08
      2840.00   7.4881435e-08
      2850.00   7.4232127e-08
      2860.00   7.3589024e-08
      2870.00   7.2952060e-08
      2880.00   7.2321181e-08
      2890.00   7.1696345e-08
      2900.00   7.1077484e-08
      2910.00   7.0464565e-08
      2920.00   6.9857514e-08
      2930.00   6.9256280e-08
      2940.00   6.8660817e-08
      2950.00   6.8071072e-08
      2960.00   6.7486982e-08
      2970.00   6.6908514e-08
      2980.00   6.6335598e-08
      2990.00   6.5768187e-08
      3000.00   6.5206236e-08
      3010.00   6.4649679e-08
      3020.00   6.4098483e-08
      3030.00   6.3552581e-08
      3040.00   6.3011937e-08
      3050.00   6.2476491e-08
      3060.00   6.1946197e-08
      3070.00   6.1421002e-08
      3080.00   6.0900858e-08
      3090.00   6.0385718e-08
      3100.00   5.9875536e-08
      3110.00   5.9370253e-08
      3120.00   5.8869839e-08
      3130.00   5.8374229e-08
      3140.00   5.7883388e-08
      3150.00   5.7397258e-08
      3160.00   5.6915807e-08
      3170.00   5.6438967e-08
      3180.00   5.5966719e-08
      3190.00   5.5498997e-08
      3200.00   5.5035767e-08
      3210.00   5.4576977e-08
      3220.00   5.4122593e-08
      3230.00   5.3672556e-08
      3240.00   5.3226834e-08
      3250.00   5.2785384e-08
      3260.00   5.2348161e-08
      3270.00   5.1915115e-08
      3280.00   5.1486216e-08
      3290.00   5.1061412e-08
      3300.00   5.0640670e-08
      3310.00   5.0223945e-08
      3320.00   4.9811192e-08
      3330.00   4.9402379e-08
      3340.00   4.8997464e-08
      3350.00   4.8596402e-08
      3360.00   4.8199158e-08
      3370.00   4.7805694e-08
      3380.00   4.7415969e-08
      3390.00   4.7029950e-08
      3400.00   4.6647593e-08
      3410.00   4.6268867e-08
      3420.00   4.5893728e-08
      3430.00   4.5522143e-08
      3440.00   4.5154076e-08
      3450.00   4.4789485e-08
      3460.00   4.4428351e-08
      3470.00   4.4070620e-08
      3480.00   4.3716263e-08
      3490.00   4.3365249e-08
      3500.00   4.3017544e-08
      3510.00   4.2673107e-08
      3520.00   4.2331913e-08
      3530.00   4.1993927e-08
      3540.00   4.1659110e-08
      3550.00   4.1327434e-08
      3560.00   4.0998870e-08
      3570.00   4.0673380e-08
      3580.00   4.0350936e-08
      3590.00   4.0031502e-08
      3600.00   3.9715055e-08
      3610.00   3.9401563e-08
      3620.00   3.9090989e-08
      3630.00   3.8783301e-08
      3640.00   3.8478480e-08
      3650.00   3.8176495e-08
      3660.00   3.7877310e-08
      3670.00   3.7580899e-08
      3680.00   3.7287237e-08
      3690.00   3.6996291e-08
      3700.00   3.6708037e-08
      3710.00   3.6422446e-08
      3720.00   3.6139487e-08
      3730.00   3.5859141e-08
      3740.00   3.5581375e-08
      3750.00   3.5306165e-08
      3760.00   3.5033480e-08
      3770.00   3.4763302e-08
      3780.00   3.4495599e-08
      3790.00   3.4230346e-08
      3800.00   3.3967526e-08
      3810.00   3.3707106e-08
      3820.00   3.3449062e-08
      3830.00   3.3193372e-08
      3840.00   3.2940009e-08
      3850.00   3.2688955e-08
      3860.00   3.2440179e-08
      3870.00   3.2193666e-08
      3880.00   3.1949387e-08
      3890.00   3.1707320e-08
      3900.00   3.1467443e-08
      3910.00   3.1229736e-08
      3920.00   3.0994174e-08
      3930.00   3.0760734e-08
      3940.00   3.0529398e-08
      3950.00   3.0300144e-08
      3960.00   3.0072950e-08
      3970.00   2.9847795e-08
      3980.00   2.9624660e-08
      3990.00   2.9403520e-08
      4000.00   2.9184358e-08
      4010.00   2.8967155e-08
      4020.00   2.8751889e-08
      4030.00   2.8538543e-08
      4040.00   2.8327094e-08
      4050.00   2.8117526e-08
      4060.00   2.7909817e-08
      4070.00   2.7703953e-08
      4080.00   2.7499910e-08
      4090.00   2.7297673e-08
      4100.00   2.7097224e-08
      4110.00   2.6898545e-08
      4120.00   2.6701614e-08
      4130.00   2.6506420e-08
      4140.00   2.6312939e-08
      4150.00   2.6121162e-08
      4160.00   2.5931064e-08
      4170.00   2.5742631e-08
      4180.00   2.5555847e-08
      4190.00   2.5370695e-08
      4200.00   2.5187160e-08
      4210.00   2.5005227e-08
      4220.00   2.4824874e-08
      4230.00   2.4646092e-08
      4240.00   2.4468859e-08
      4250.00   2.4293166e-08
      4260.00   2.4118995e-08
      4270.00   2.3946329e-08
      4280.00   2.3775157e-08
      4290.00   2.3605462e-08
      4300.00   2.3437229e-08
      4310.00   2.3270444e-08
      4320.00   2.3105093e-08
      4330.00   2.2941160e-08
      4340.00   2.2778634e-08
      4350.00   2.2617501e-08
      4360.00   2.2457745e-08
      4370.00   2.2299354e-08
      4380.00   2.2142313e-08
      4390.00   2.1986612e-08
      4400.00   2.1832234e-08
      4410.00   2.1679171e-08
      4420.00   2.1527403e-08
      4430.00   2.1376923e-08
      4440.00   2.1227717e-08
      4450.00   2.1079773e-08
      4460.00   2.0933078e-08
      4470.00   2.0787619e-08
      4480.00   2.0643385e-08
      4490.00   2.0500365e-08
      4500.00   2.0358547e-08
      4510.00   2.0217916e-08
      4520.00   2.0078467e-08
      4530.00   1.9940181e-08
      4540.00   1.9803052e-08
      4550.00   1.9667068e-08
      4560.00   1.9532217e-08
      4570.00   1.9398487e-08
      4580.00   1.9265870e-08
      4590.00   1.9134353e-08
      4600.00   1.9003928e-08
      4610.00   1.8874582e-08
      4620.00   1.8746305e-08
      4630.00   1.8619087e-08
      4640.00   1.8492920e-08
      4650.00   1.8367791e-08
      4660.00   1.8243692e-08
      4670.00   1.8120611e-08
      4680.00   1.7998541e-08
      4690.00   1.7877471e-08
      4700.00   1.7757391e-08
      4710.00   1.7638293e-08
      4720.00   1.7520166e-08
      4730.00   1.7403002e-08
      4740.00   1.7286794e-08
      4750.00   1.7171528e-08
      4760.00   1.7057199e-08
      4770.00   1.6943797e-08
      4780.00   1.6831312e-08
      4790.00   1.6719738e-08
      4800.00   1.6609065e-08
      4810.00   1.6499283e-08
      4820.00   1.6390385e-08
      4830.00   1.6282365e-08
      4840.00   1.6175211e-08
      4850.00   1.6068918e-08
      4860.00   1.5963476e-08
      4870.00   1.5858878e-08
      4880.00   1.5755115e-08
      4890.00   1.5652181e-08
      4900.00   1.5550067e-08
      4910.00   1.5448766e-08
      4920.00   1.5348272e-08
      4930.00   1.5248572e-08
      4940.00   1.5149665e-08
      4950.00   1.5051540e-08
      4960.00   1.4954190e-08
      4970.00   1.4857610e-08
      4980.00   1.4761792e-08
      4990.00   1.4666728e-08
      5000.00   1.4572412e-08
      5010.00   1.4478837e-08
      5020.00   1.4385995e-08
      5030.00   1.4293881e-08
      5040.00   1.4202489e-08
      5050.00   1.4111810e-08
      5060.00   1.4021838e-08
      5070.00   1.3932569e-08
      5080.00   1.3843992e-08
      5090.00   1.3756106e-08
      5100.00   1.3668902e-08
      5110.00   1.3582373e-08
      5120.00   1.3496514e-08
      5130.00   1.3411318e-08
      5140.00   1.3326781e-08
      5150.00   1.3242896e-08
      5160.00   1.3159657e-08
      5170.00   1.3077058e-08
      5180.00   1.2995094e-08
      5190.00   1.2913759e-08
      5200.00   1.2833046e-08
      5210.00   1.2752951e-08
      5220.00   1.2673469e-08
      5230.00   1.2594592e-08
      5240.00   1.2516318e-08
      5250.00   1.2438638e-08
      5260.00   1.2361548e-08
      5270.00   1.2285044e-08
      5280.00   1.2209121e-08
      5290.00   1.2133772e-08
      5300.00   1.2058992e-08
      5310.00   1.1984779e-08
      5320.00   1.1911124e-08
      5330.00   1.1838024e-08
      5340.00   1.1765474e-08
      5350.00   1.1693469e-08
      5360.00   1.1622004e-08
      5370.00   1.1551075e-08
      5380.00   1.1480677e-08
      5390.00   1.1410804e-08
      5400.00   1.1341452e-08
      5410.00   1.1272619e-08
      5420.00   1.1204297e-08
      5430.00   1.1136484e-08
      5440.00   1.1069174e-08
      5450.00   1.1002364e-08
      5460.00   1.0936046e-08
      5470.00   1.0870221e-08
      5480.00   1.0804881e-08
      5490.00   1.0740024e-08
      5500.00   1.0675644e-08
      5510.00   1.0611739e-08
      5520.00   1.0548303e-08
      5530.00   1.0485332e-08
      5540.00   1.0422823e-08
      5550.00   1.0360772e-08
      5560.00   1.0299173e-08
      5570.00   1.0238025e-08
      5580.00   1.0177323e-08
      5590.00   1.0117063e-08
      5600.00   1.0057241e-08
      5610.00   9.9978534e-09
      5620.00   9.9388964e-09
      5630.00   9.8803673e-09
      5640.00   9.8222619e-09
      5650.00   9.7645752e-09
      5660.00   9.7073059e-09
      5670.00   9.6504491e-09
      5680.00   9.5940017e-09
      5690.00   9.5379598e-09
      5700.00   9.4823206e-09
      5710.00   9.4270801e-09
      5720.00   9.3722363e-09
      5730.00   9.3177830e-09
      5740.00   9.2637208e-09
      5750.00   9.2100426e-09
      5760.00   9.1567475e-09
      5770.00   9.1038318e-09
      5780.00   9.0512922e-09
      5790.00   8.9991251e-09
      5800.00   8.9473279e-09
      5810.00   8.8958989e-09
      5820.00   8.8448325e-09
      5830.00   8.7941268e-09
      5840.00   8.7437788e-09
      5850.00   8.6937852e-09
      5860.00   8.6441435e-09
      5870.00   8.5948508e-09
      5880.00   8.5459038e-09
      5890.00   8.4973004e-09
      5900.00   8.4490368e-09
      5910.00   8.4011108e-09
      5920.00   8.3535187e-09
      5930.00   8.3062598e-09
      5940.00   8.2593297e-09
      5950.00   8.2127259e-09
      5960.00   8.1664460e-09
      5970.00   8.1204868e-09
      5980.00   8.0748467e-09
      5990.00   8.0295226e-09
      6000.00   7.9845117e-09
      6010.00   7.9398109e-09
      6020.00   7.8954188e-09
      6030.00   7.8513328e-09
      6040.00   7.8075499e-09
      6050.00   7.7640676e-09
      6060.00   7.7208835e-09
      6070.00   7.6779956e-09
      6080.00   7.6354016e-09
      6090.00   7.5930986e-09
      6100.00   7.5510843e-09
      6110.00   7.5093559e-09
      6120.00   7.4679130e-09
      6130.00   7.4267511e-09
      6140.00   7.3858693e-09
      6150.00   7.3452644e-09
      6160.00   7.3049349e-09
      6170.00   7.2648785e-09
      6180.00   7.2250927e-09
      6190.00   7.1855754e-09
      6200.00   7.1463254e-09
      6210.00   7.1073389e-09
      6220.00   7.0686147e-09
      6230.00   7.0301514e-09
      6240.00   6.9919461e-09
      6250.00   6.9539960e-09
      6260.00   6.9163008e-09
      6270.00   6.8788578e-09
      6280.00   6.8416643e-09
      6290.00   6.8047186e-09
      6300.00   6.7680195e-09
      6310.00   6.7315645e-09
      6320.00   6.6953524e-09
      6330.00   6.6593794e-09
      6340.00   6.6236451e-09
      6350.00   6.5881485e-09
      6360.00   6.5528858e-09
      6370.00   6.5178559e-09
      6380.00   6.4830573e-09
      6390.00   6.4484882e-09
      6400.00   6.4141464e-09
      6410.00   6.3800302e-09
      6420.00   6.3461380e-09
      6430.00   6.3124682e-09
      6440.00   6.2790194e-09
      6450.00   6.2457886e-09
      6460.00   6.2127750e-09
      6470.00   6.1799771e-09
      6480.00   6.1473927e-09
      6490.00   6.1150210e-09
      6500.00   6.0828594e-09
      6510.00   6.0509069e-09
      6520.00   6.0191616e-09
      6530.00   5.9876216e-09
      6540.00   5.9562859e-09
      6550.00   5.9251531e-09
      6560.00   5.8942209e-09
      6570.00   5.8634879e-09
      6580.00   5.8329533e-09
      6590.00   5.8026152e-09
      6600.00   5.7724718e-09
      6610.00   5.7425218e-09
      6620.00   5.7127640e-09
      6630.00   5.6831960e-09
      6640.00   5.6538177e-09
      6650.00   5.6246272e-09
      6660.00   5.5956225e-09
      6670.00   5.5668027e-09
      6680.00   5.5381667e-09
      6690.00   5.5097119e-09
      6700.00   5.4814386e-09
      6710.00   5.4533441e-09
      6720.00   5.4254278e-09
      6730.00   5.3976877e-09
      6740.00   5.3701235e-09
      6750.00   5.3427329e-09
      6760.00   5.3155151e-09
      6770.00   5.2884691e-09
      6780.00   5.2615926e-09
      6790.00   5.2348853e-09
      6800.00   5.2083454e-09
      6810.00   5.1819721e-09
      6820.00   5.1557638e-09
      6830.00   5.1297194e-09
      6840.00   5.1038374e-09
      6850.00   5.0781170e-09
      6860.00   5.0525571e-09
      6870.00   5.0271560e-09
      6880.00   5.0019131e-09
      6890.00   4.9768267e-09
      6900.00   4.9518956e-09
      6910.00   4.9271194e-09
      6920.00   4.9024970e-09
      6930.00   4.8780260e-09
      6940.00   4.8537065e-09
      6950.00   4.8295367e-09
      6960.00   4.8055156e-09
      6970.00   4.7816425e-09
      6980.00   4.7579163e-09
      6990.00   4.7343359e-09
      7000.00   4.7108996e-09
      7010.00   4.6876068e-09
      7020.00   4.6644567e-09
      7030.00   4.6414483e-09
      7040.00   4.6185799e-09
      7050.00   4.5958513e-09
      7060.00   4.5732609e-09
      7070.00   4.5508079e-09
      7080.00   4.5284911e-09
      7090.00   4.5063098e-09
      7100.00   4.4842631e-09
      7110.00   4.4623498e-09
      7120.00   4.4405693e-09
      7130.00   4.4189205e-09
      7140.00   4.3974016e-09
      7150.00   4.3760130e-09
      7160.00   4.3547529e-09
      7170.00   4.3336205e-09
      7180.00   4.3126152e-09
      7190.00   4.2917362e-09
      7200.00   4.2709820e-09
      7210.00   4.2503521e-09
      7220.00   4.2298461e-09
      7230.00   4.2094617e-09
      7240.00   4.1891998e-09
      7250.00   4.1690578e-09
      7260.00   4.1490359e-09
      7270.00   4.1291336e-09
      7280.00   4.1093488e-09
      7290.00   4.0896817e-09
      7300.00   4.0701314e-09
      7310.00   4.0506967e-09
      7320.00   4.0313767e-09
      7330.00   4.0121710e-09
      7340.00   3.9930783e-09
      7350.00   3.9740985e-09
      7360.00   3.9552303e-09
      7370.00   3.9364734e-09
      7380.00   3.9178259e-09
      7390.00   3.8992884e-09
      7400.00   3.8808592e-09
      7410.00   3.8625381e-09
      7420.00   3.8443242e-09
      7430.00   3.8262164e-09
      7440.00   3.8082144e-09
      7450.00   3.7903175e-09
      7460.00   3.7725247e-09
      7470.00   3.7548354e-09
      7480.00   3.7372488e-09
      7490.00   3.7197641e-09
      7500.00   3.7023812e-09
      7510.00   3.6850985e-09
      7520.00   3.6679158e-09
      7530.00   3.6508323e-09
      7540.00   3.6338478e-09
      7550.00   3.6169609e-09
      7560.00   3.6001713e-09
      7570.00   3.5834783e-09
      7580.00   3.5668808e-09
      7590.00   3.5503792e-09
      7600.00   3.5339721e-09
      7610.00   3.5176587e-09
      7620.00   3.5014389e-09
      7630.00   3.4853114e-09
      7640.00   3.4692764e-09
      7650.00   3.4533325e-09
      7660.00   3.4374798e-09
      7670.00   3.4217169e-09
      7680.00   3.4060437e-09
      7690.00   3.3904595e-09
      7700.00   3.3749638e-09
      7710.00   3.3595557e-09
      7720.00   3.3442348e-09
      7730.00   3.3290009e-09
      7740.00   3.3138527e-09
      7750.00   3.2987900e-09
      7760.00   3.2838122e-09
      7770.00   3.2689187e-09
      7780.00   3.2541089e-09
      7790.00   3.2393823e-09
      7800.00   3.2247384e-09
      7810.00   3.2101764e-09
      7820.00   3.1956963e-09
      7830.00   3.1812969e-09
      7840.00   3.1669781e-09
      7850.00   3.1527390e-09
      7860.00   3.1385794e-09
      7870.00   3.1244987e-09
      7880.00   3.1104962e-09
      7890.00   3.0965718e-09
      7900.00   3.0827243e-09
      7910.00   3.0689540e-09
      7920.00   3.0552598e-09
      7930.00   3.0416413e-09
      7940.00   3.0280982e-09
      7950.00   3.0146298e-09
      7960.00   3.0012361e-09
      7970.00   2.9879157e-09
      7980.00   2.9746689e-09
      7990.00   2.9614948e-09
      8000.00   2.9483931e-09
