      1600.00   2.2393899e-07
      1610.00   2.2256497e-07
      1620.00   2.2117644e-07
      1630.00   2.1977456e-07
      1640.00   2.1836028e-07
      1650.00   2.1693463e-07
      1660.00   2.1549858e-07
      1670.00   2.1405307e-07
      1680.00   2.1259897e-07
      1690.00   2.1113717e-07
      1700.00   2.0966851e-07
      1710.00   2.0819378e-07
      1720.00   2.0671376e-07
      1730.00   2.0522920e-07
      1740.00   2.0374078e-07
      1750.00   2.0224925e-07
      1760.00   2.0075522e-07
      1770.00   1.9925935e-07
      1780.00   1.9776226e-07
      1790.00   1.9626452e-07
      1800.00   1.9476668e-07
      1810.00   1.9326934e-07
      1820.00   1.9177291e-07
      1830.00   1.9027798e-07
      1840.00   1.8878499e-07
      1850.00   1.8729438e-07
      1860.00   1.8580660e-07
      1870.00   1.8432206e-07
      1880.00   1.8284115e-07
      1890.00   1.8136425e-07
      1900.00   1.7989172e-07
      1910.00   1.7842389e-07
      1920.00   1.7696109e-07
      1930.00   1.7550364e-07
      1940.00   1.7405185e-07
      1950.00   1.7260596e-07
      1960.00   1.7116627e-07
      1970.00   1.6973299e-07
      1980.00   1.6830641e-07
      1990.00   1.6688673e-07
      2000.00   1.6547415e-07
      2010.00   1.6406889e-07
      2020.00   1.6267114e-07
      2030.00   1.6128106e-07
      2040.00   1.5989885e-07
      2050.00   1.5852464e-07
      2060.00   1.5715858e-07
      2070.00   1.5580081e-07
      2080.00   1.5445149e-07
      2090.00   1.5311068e-07
      2100.00   1.5177853e-07
      2110.00   1.5045514e-07
      2120.00   1.4914059e-07
      2130.00   1.4783500e-07
      2140.00   1.4653840e-07
      2150.00   1.4525091e-07
      2160.00   1.4397258e-07
      2170.00   1.4270344e-07
      2180.00   1.4144360e-07
      2190.00   1.4019306e-07
      2200.00   1.3895189e-07
      2210.00   1.3772011e-07
      2220.00   1.3649776e-07
      2230.00   1.3528486e-07
      2240.00   1.3408143e-07
      2250.00   1.3288750e-07
      2260.00   1.3170308e-07
      2270.00   1.3052814e-07
      2280.00   1.2936274e-07
      2290.00   1.2820684e-07
      2300.00   1.2706046e-07
      2310.00   1.2592358e-07
      2320.00   1.2479619e-07
      2330.00   1.2367828e-07
      2340.00   1.2256983e-07
      2350.00   1.2147082e-07
      2360.00   1.2038123e-07
      2370.00   1.1930104e-07
      2380.00   1.1823021e-07
      2390.00   1.1716871e-07
      2400.00   1.1611652e-07
      2410.00   1.1507358e-07
      2420.00   1.1403989e-07
      2430.00   1.1301538e-07
      2440.00   1.1200003e-07
      2450.00   1.1099378e-07
      2460.00   1.0999662e-07
      2470.00   1.0900845e-07
      2480.00   1.0802925e-07
      2490.00   1.0705899e-07
      2500.00   1.0609760e-07
      2510.00   1.0514504e-07
      2520.00   1.0420125e-07
      2530.00   1.0326616e-07
      2540.00   1.0233975e-07
      2550.00   1.0142195e-07
      2560.00   1.0051269e-07
      2570.00   9.9611934e-08
      2580.00   9.8719615e-08
      2590.00   9.7835674e-08
      2600.00   9.6960062e-08
      2610.00   9.6092707e-08
      2620.00   9.5233559e-08
      2630.00   9.4382542e-08
      2640.00   9.3539609e-08
      2650.00   9.2704696e-08
      2660.00   9.1877747e-08
      2670.00   9.1058688e-08
      2680.00   9.0247468e-08
      2690.00   8.9444017e-08
      2700.00   8.8648265e-08
      2710.00   8.7860169e-08
      2720.00   8.7079661e-08
      2730.00   8.6306660e-08
      2740.00   8.5541123e-08
      2750.00   8.4782978e-08
      2760.00   8.4032173e-08
      2770.00   8.3288624e-08
      2780.00   8.2552283e-08
      2790.00   8.1823093e-08
      2800.00   8.1100969e-08
      2810.00   8.0385865e-08
      2820.00   7.9677724e-08
      2830.00   7.8976463e-08
      2840.00   7.8282036e-08
      2850.00   7.7594374e-08
      2860.00   7.6913423e-08
      2870.00   7.6239111e-08
      2880.00   7.5571374e-08
      2890.00   7.4910165e-08
      2900.00   7.4255409e-08
      2910.00   7.3607066e-08
      2920.00   7.2965054e-08
      2930.00   7.2329317e-08
      2940.00   7.1699801e-08
      2950.00   7.1076446e-08
      2960.00   7.0459185e-08
      2970.00   6.9847977e-08
      2980.00   6.9242746e-08
      2990.00   6.8643440e-08
      3000.00   6.8050005e-08
      3010.00   6.7462372e-08
      3020.00   6.6880501e-08
      3030.00   6.6304319e-08
      3040.00   6.5733785e-08
      3050.00   6.5168834e-08
      3060.00   6.4609412e-08
      3070.00   6.4055463e-08
      3080.00   6.3506932e-08
      3090.00   6.2963768e-08
      3100.00   6.2425919e-08
      3110.00   6.1893322e-08
      3120.00   6.1365941e-08
      3130.00   6.0843705e-08
      3140.00   6.0326576e-08
      3150.00   5.9814491e-08
      3160.00   5.9307413e-08
      3170.00   5.8805268e-08
      3180.00   5.8308034e-08
      3190.00   5.7815641e-08
      3200.00   5.7328048e-08
      3210.00   5.6845201e-08
      3220.00   5.6367062e-08
      3230.00   5.5893565e-08
      3240.00   5.5424675e-08
      3250.00   5.4960347e-08
      3260.00   5.4500529e-08
      3270.00   5.4045168e-08
      3280.00   5.3594232e-08
      3290.00   5.3147662e-08
      3300.00   5.2705423e-08
      3310.00   5.2267466e-08
      3320.00   5.1833741e-08
      3330.00   5.1404215e-08
      3340.00   5.0978841e-08
      3350.00   5.0557569e-08
      3360.00   5.0140363e-08
      3370.00   4.9727179e-08
      3380.00   4.9317975e-08
      3390.00   4.8912713e-08
      3400.00   4.8511348e-08
      3410.00   4.8113843e-08
      3420.00   4.7720152e-08
      3430.00   4.7330240e-08
      3440.00   4.6944066e-08
      3450.00   4.6561585e-08
      3460.00   4.6182776e-08
      3470.00   4.5807583e-08
      3480.00   4.5435972e-08
      3490.00   4.5067911e-08
      3500.00   4.4703361e-08
      3510.00   4.4342280e-08
      3520.00   4.3984640e-08
      3530.00   4.3630402e-08
      3540.00   4.3279526e-08
      3550.00   4.2931981e-08
      3560.00   4.2587734e-08
      3570.00   4.2246747e-08
      3580.00   4.1908988e-08
      3590.00   4.1574419e-08
      3600.00   4.1243013e-08
      3610.00   4.0914738e-08
      3620.00   4.0589553e-08
      3630.00   4.0267424e-08
      3640.00   3.9948331e-08
      3650.00   3.9632238e-08
      3660.00   3.9319110e-08
      3670.00   3.9008917e-08
      3680.00   3.8701632e-08
      3690.00   3.8397220e-08
      3700.00   3.8095654e-08
      3710.00   3.7796905e-08
      3720.00   3.7500939e-08
      3730.00   3.7207734e-08
      3740.00   3.6917256e-08
      3750.00   3.6629480e-08
      3760.00   3.6344371e-08
      3770.00   3.6061910e-08
      3780.00   3.5782065e-08
      3790.00   3.5504805e-08
      3800.00   3.5230115e-08
      3810.00   3.4957959e-08
      3820.00   3.4688311e-08
      3830.00   3.4421148e-08
      3840.00   3.4156440e-08
      3850.00   3.3894167e-08
      3860.00   3.3634299e-08
      3870.00   3.3376818e-08
      3880.00   3.3121692e-08
      3890.00   3.2868899e-08
      3900.00   3.2618416e-08
      3910.00   3.2370220e-08
      3920.00   3.2124285e-08
      3930.00   3.1880586e-08
      3940.00   3.1639105e-08
      3950.00   3.1399816e-08
      3960.00   3.1162699e-08
      3970.00   3.0927728e-08
      3980.00   3.0694886e-08
      3990.00   3.0464145e-08
      4000.00   3.0235486e-08
      4010.00   3.0008889e-08
      4020.00   2.9784332e-08
      4030.00   2.9561795e-08
      4040.00   2.9341254e-08
      4050.00   2.9122694e-08
      4060.00   2.8906088e-08
      4070.00   2.8691424e-08
      4080.00   2.8478676e-08
      4090.00   2.8267826e-08
      4100.00   2.8058858e-08
      4110.00   2.7851750e-08
      4120.00   2.7646480e-08
      4130.00   2.7443035e-08
      4140.00   2.7241392e-08
      4150.00   2.7041539e-08
      4160.00   2.6843452e-08
      4170.00   2.6647113e-08
      4180.00   2.6452507e-08
      4190.00   2.6259615e-08
      4200.00   2.6068421e-08
      4210.00   2.5878911e-08
      4220.00   2.5691059e-08
      4230.00   2.5504857e-08
      4240.00   2.5320282e-08
      4250.00   2.5137323e-08
      4260.00   2.4955962e-08
      4270.00   2.4776181e-08
      4280.00   2.4597967e-08
      4290.00   2.4421303e-08
      4300.00   2.4246173e-08
      4310.00   2.4072563e-08
      4320.00   2.3900457e-08
      4330.00   2.3729838e-08
      4340.00   2.3560695e-08
      4350.00   2.3393012e-08
      4360.00   2.3226774e-08
      4370.00   2.3061967e-08
      4380.00   2.2898575e-08
      4390.00   2.2736588e-08
      4400.00   2.2575988e-08
      4410.00   2.2416765e-08
      4420.00   2.2258901e-08
      4430.00   2.2102385e-08
      4440.00   2.1947205e-08
      4450.00   2.1793347e-08
      4460.00   2.1640796e-08
      4470.00   2.1489542e-08
      4480.00   2.1339570e-08
      4490.00   2.1190869e-08
      4500.00   2.1043426e-08
      4510.00   2.0897228e-08
      4520.00   2.0752266e-08
      4530.00   2.0608523e-08
      4540.00   2.0465990e-08
      4550.00   2.0324656e-08
      4560.00   2.0184507e-08
      4570.00   2.0045532e-08
      4580.00   1.9907721e-08
      4590.00   1.9771063e-08
      4600.00   1.9635545e-08
      4610.00   1.9501157e-08
      4620.00   1.9367887e-08
      4630.00   1.9235725e-08
      4640.00   1.9104662e-08
      4650.00   1.8974685e-08
      4660.00   1.8845785e-08
      4670.00   1.8717949e-08
      4680.00   1.8591170e-08
      4690.00   1.8465438e-08
      4700.00   1.8340739e-08
      4710.00   1.8217068e-08
      4720.00   1.8094411e-08
      4730.00   1.7972761e-08
      4740.00   1.7852109e-08
      4750.00   1.7732442e-08
      4760.00   1.7613755e-08
      4770.00   1.7496035e-08
      4780.00   1.7379274e-08
      4790.00   1.7263465e-08
      4800.00   1.7148596e-08
      4810.00   1.7034658e-08
      4820.00   1.6921644e-08
      4830.00   1.6809546e-08
      4840.00   1.6698353e-08
      4850.00   1.6588058e-08
      4860.00   1.6478653e-08
      4870.00   1.6370129e-08
      4880.00   1.6262476e-08
      4890.00   1.6155688e-08
      4900.00   1.6049757e-08
      4910.00   1.5944674e-08
      4920.00   1.5840433e-08
      4930.00   1.5737021e-08
      4940.00   1.5634436e-08
      4950.00   1.5532667e-08
      4960.00   1.5431707e-08
      4970.00   1.5331551e-08
      4980.00   1.5232189e-08
      4990.00   1.5133614e-08
      5000.00   1.5035818e-08
      5010.00   1.4938797e-08
      5020.00   1.4842539e-08
      5030.00   1.4747040e-08
      5040.00   1.4652295e-08
      5050.00   1.4558292e-08
      5060.00   1.4465027e-08
      5070.00   1.4372495e-08
      5080.00   1.4280685e-08
      5090.00   1.4189593e-08
      5100.00   1.4099214e-08
      5110.00   1.4009538e-08
      5120.00   1.3920560e-08
      5130.00   1.3832274e-08
      5140.00   1.3744675e-08
      5150.00   1.3657754e-08
      5160.00   1.3571507e-08
      5170.00   1.3485926e-08
      5180.00   1.3401007e-08
      5190.00   1.3316743e-08
      5200.00   1.3233128e-08
      5210.00   1.3150156e-08
      5220.00   1.3067822e-08
      5230.00   1.2986119e-08
      5240.00   1.2905043e-08
      5250.00   1.2824587e-08
      5260.00   1.2744745e-08
      5270.00   1.2665512e-08
      5280.00   1.2586885e-08
      5290.00   1.2508855e-08
      5300.00   1.2431419e-08
      5310.00   1.2354571e-08
      5320.00   1.2278305e-08
      5330.00   1.2202616e-08
      5340.00   1.2127501e-08
      5350.00   1.2052952e-08
      5360.00   1.1978966e-08
      5370.00   1.1905537e-08
      5380.00   1.1832660e-08
      5390.00   1.1760331e-08
      5400.00   1.1688543e-08
      5410.00   1.1617295e-08
      5420.00   1.1546579e-08
      5430.00   1.1476391e-08
      5440.00   1.1406729e-08
      5450.00   1.1337585e-08
      5460.00   1.1268954e-08
      5470.00   1.1200835e-08
      5480.00   1.1133221e-08
      5490.00   1.1066109e-08
      5500.00   1.0999492e-08
      5510.00   1.0933370e-08
      5520.00   1.0867736e-08
      5530.00   1.0802585e-08
      5540.00   1.0737914e-08
      5550.00   1.0673720e-08
      5560.00   1.0609996e-08
      5570.00   1.0546740e-08
      5580.00   1.0483949e-08
      5590.00   1.0421616e-08
      5600.00   1.0359738e-08
      5610.00   1.0298313e-08
      5620.00   1.0237334e-08
      5630.00   1.0176801e-08
      5640.00   1.0116708e-08
      5650.00   1.0057050e-08
      5660.00   9.9978252e-09
      5670.00   9.9390294e-09
      5680.00   9.8806590e-09
      5690.00   9.8227099e-09
      5700.00   9.7651791e-09
      5710.00   9.7080625e-09
      5720.00   9.6513581e-09
      5730.00   9.5950593e-09
      5740.00   9.5391667e-09
      5750.00   9.4836730e-09
      5760.00   9.4285771e-09
      5770.00   9.3738753e-09
      5780.00   9.3195639e-09
      5790.00   9.2656395e-09
      5800.00   9.2120993e-09
      5810.00   9.1589413e-09
      5820.00   9.1061597e-09
      5830.00   9.0537528e-09
      5840.00   9.0017171e-09
      5850.00   8.9500494e-09
      5860.00   8.8987471e-09
      5870.00   8.8478070e-09
      5880.00   8.7972259e-09
      5890.00   8.7470013e-09
      5900.00   8.6971294e-09
      5910.00   8.6476079e-09
      5920.00   8.5984330e-09
      5930.00   8.5496038e-09
      5940.00   8.5011160e-09
      5950.00   8.4529666e-09
      5960.00   8.4051534e-09
      5970.00   8.3576730e-09
      5980.00   8.3105237e-09
      5990.00   8.2637022e-09
      6000.00   8.2172057e-09
      6010.00   8.1710309e-09
      6020.00   8.1251764e-09
      6030.00   8.0796394e-09
      6040.00   8.0344168e-09
      6050.00   7.9895060e-09
      6060.00   7.9449045e-09
      6070.00   7.9006103e-09
      6080.00   7.8566209e-09
      6090.00   7.8129332e-09
      6100.00   7.7695450e-09
      6110.00   7.7264533e-09
      6120.00   7.6836576e-09
      6130.00   7.6411533e-09
      6140.00   7.5989394e-09
      6150.00   7.5570128e-09
      6160.00   7.5153715e-09
      6170.00   7.4740135e-09
      6180.00   7.4329360e-09
      6190.00   7.3921368e-09
      6200.00   7.3516148e-09
      6210.00   7.3113659e-09
      6220.00   7.2713890e-09
      6230.00   7.2316824e-09
      6240.00   7.1922432e-09
      6250.00   7.1530686e-09
      6260.00   7.1141582e-09
      6270.00   7.0755091e-09
      6280.00   7.0371187e-09
      6290.00   6.9989850e-09
      6300.00   6.9611068e-09
      6310.00   6.9234816e-09
      6320.00   6.8861081e-09
      6330.00   6.8489824e-09
      6340.00   6.8121039e-09
      6350.00   6.7754718e-09
      6360.00   6.7390820e-09
      6370.00   6.7029334e-09
      6380.00   6.6670244e-09
      6390.00   6.6313531e-09
      6400.00   6.5959173e-09
      6410.00   6.5607151e-09
      6420.00   6.5257451e-09
      6430.00   6.4910054e-09
      6440.00   6.4564945e-09
      6450.00   6.4222095e-09
      6460.00   6.3881495e-09
      6470.00   6.3543127e-09
      6480.00   6.3206972e-09
      6490.00   6.2873019e-09
      6500.00   6.2541241e-09
      6510.00   6.2211629e-09
      6520.00   6.1884163e-09
      6530.00   6.1558821e-09
      6540.00   6.1235595e-09
      6550.00   6.0914471e-09
      6560.00   6.0595423e-09
      6570.00   6.0278438e-09
      6580.00   5.9963506e-09
      6590.00   5.9650608e-09
      6600.00   5.9339726e-09
      6610.00   5.9030847e-09
      6620.00   5.8723956e-09
      6630.00   5.8419030e-09
      6640.00   5.8116068e-09
      6650.00   5.7815050e-09
      6660.00   5.7515954e-09
      6670.00   5.7218772e-09
      6680.00   5.6923492e-09
      6690.00   5.6630088e-09
      6700.00   5.6338561e-09
      6710.00   5.6048885e-09
      6720.00   5.5761054e-09
      6730.00   5.5475045e-09
      6740.00   5.5190857e-09
      6750.00   5.4908464e-09
      6760.00   5.4627860e-09
      6770.00   5.4349034e-09
      6780.00   5.4071960e-09
      6790.00   5.3796637e-09
      6800.00   5.3523046e-09
      6810.00   5.3251180e-09
      6820.00   5.2981019e-09
      6830.00   5.2712554e-09
      6840.00   5.2445769e-09
      6850.00   5.2180655e-09
      6860.00   5.1917202e-09
      6870.00   5.1655391e-09
      6880.00   5.1395216e-09
      6890.00   5.1136660e-09
      6900.00   5.0879710e-09
      6910.00   5.0624363e-09
      6920.00   5.0370605e-09
      6930.00   5.0118413e-09
      6940.00   4.9867789e-09
      6950.00   4.9618712e-09
      6960.00   4.9371173e-09
      6970.00   4.9125163e-09
      6980.00   4.8880673e-09
      6990.00   4.8637691e-09
      7000.00   4.8396199e-09
      7010.00   4.8156190e-09
      7020.00   4.7917655e-09
      7030.00   4.7680588e-09
      7040.00   4.7444965e-09
      7050.00   4.7210790e-09
      7060.00   4.6978042e-09
      7070.00   4.6746716e-09
      7080.00   4.6516796e-09
      7090.00   4.6288278e-09
      7100.00   4.6061150e-09
      7110.00   4.5835402e-09
      7120.00   4.5611027e-09
      7130.00   4.5388012e-09
      7140.00   4.5166340e-09
      7150.00   4.4946015e-09
      7160.00   4.4727017e-09
      7170.00   4.4509340e-09
      7180.00   4.4292976e-09
      7190.00   4.4077917e-09
      7200.00   4.3864147e-09
      7210.00   4.3651663e-09
      7220.00   4.3440458e-09
      7230.00   4.3230510e-09
      7240.00   4.3021828e-09
      7250.00   4.2814384e-09
      7260.00   4.2608182e-09
      7270.00   4.2403214e-09
      7280.00   4.2199461e-09
      7290.00   4.1996925e-09
      7300.00   4.1795594e-09
      7310.00   4.1595459e-09
      7320.00   4.1396507e-09
      7330.00   4.1198737e-09
      7340.00   4.1002134e-09
      7350.00   4.0806696e-09
      7360.00   4.0612413e-09
      7370.00   4.0419278e-09
      7380.00   4.0227273e-09
      7390.00   4.0036405e-09
      7400.00   3.9846655e-09
      7410.00   3.9658022e-09
      7420.00   3.9470495e-09
      7430.00   3.9284065e-09
      7440.00   3.9098727e-09
      7450.00   3.8914474e-09
      7460.00   3.8731298e-09
      7470.00   3.8549188e-09
      7480.00   3.8368140e-09
      7490.00   3.8188145e-09
      7500.00   3.8009200e-09
      7510.00   3.7831290e-09
      7520.00   3.7654412e-09
      7530.00   3.7478559e-09
      7540.00   3.7303728e-09
      7550.00   3.7129905e-09
      7560.00   3.6957086e-09
      7570.00   3.6785265e-09
      7580.00   3.6614429e-09
      7590.00   3.6444584e-09
      7600.00   3.6275714e-09
      7610.00   3.6107811e-09
      7620.00   3.5940875e-09
      7630.00   3.5774890e-09
      7640.00   3.5609862e-09
      7650.00   3.5445774e-09
      7660.00   3.5282626e-09
      7670.00   3.5120406e-09
      7680.00   3.4959112e-09
      7690.00   3.4798736e-09
      7700.00   3.4639274e-09
      7710.00   3.4480716e-09
      7720.00   3.4323058e-09
      7730.00   3.4166297e-09
      7740.00   3.4010422e-09
      7750.00   3.3855428e-09
      7760.00   3.3701311e-09
      7770.00   3.3548063e-09
      7780.00   3.3395679e-09
      7790.00   3.3244155e-09
      7800.00   3.3093482e-09
      7810.00   3.2943656e-09
      7820.00   3.2794674e-09
      7830.00   3.2646525e-09
      7840.00   3.2499208e-09
      7850.00   3.2352713e-09
      7860.00   3.2207038e-09
      7870.00   3.2062177e-09
      7880.00   3.1918123e-09
      7890.00   3.1774875e-09
      7900.00   3.1632421e-09
      7910.00   3.1490762e-09
      7920.00   3.1349888e-09
      7930.00   3.1209796e-09
      7940.00   3.1070482e-09
      7950.00   3.0931937e-09
      7960.00   3.0794163e-09
      7970.00   3.0657146e-09
      7980.00   3.0520888e-09
      7990.00   3.0385380e-09
      8000.00   3.0250618e-09
