      1600.00   2.3191582e-07
      1610.00   2.3044673e-07
      1620.00   2.2896381e-07
      1630.00   2.2746825e-07
      1640.00   2.2596102e-07
      1650.00   2.2444318e-07
      1660.00   2.2291569e-07
      1670.00   2.2137954e-07
      1680.00   2.1983558e-07
      1690.00   2.1828473e-07
      1700.00   2.1672785e-07
      1710.00   2.1516574e-07
      1720.00   2.1359918e-07
      1730.00   2.1202892e-07
      1740.00   2.1045567e-07
      1750.00   2.0888017e-07
      1760.00   2.0730304e-07
      1770.00   2.0572495e-07
      1780.00   2.0414652e-07
      1790.00   2.0256831e-07
      1800.00   2.0099090e-07
      1810.00   1.9941486e-07
      1820.00   1.9784062e-07
      1830.00   1.9626877e-07
      1840.00   1.9469973e-07
      1850.00   1.9313397e-07
      1860.00   1.9157190e-07
      1870.00   1.9001398e-07
      1880.00   1.8846054e-07
      1890.00   1.8691199e-07
      1900.00   1.8536868e-07
      1910.00   1.8383093e-07
      1920.00   1.8229908e-07
      1930.00   1.8077342e-07
      1940.00   1.7925428e-07
      1950.00   1.7774189e-07
      1960.00   1.7623653e-07
      1970.00   1.7473842e-07
      1980.00   1.7324783e-07
      1990.00   1.7176496e-07
      2000.00   1.7029001e-07
      2010.00   1.6882318e-07
      2020.00   1.6736466e-07
      2030.00   1.6591461e-07
      2040.00   1.6447321e-07
      2050.00   1.6304059e-07
      2060.00   1.6161689e-07
      2070.00   1.6020224e-07
      2080.00   1.5879679e-07
      2090.00   1.5740061e-07
      2100.00   1.5601382e-07
      2110.00   1.5463653e-07
      2120.00   1.5326880e-07
      2130.00   1.5191074e-07
      2140.00   1.5056239e-07
      2150.00   1.4922385e-07
      2160.00   1.4789514e-07
      2170.00   1.4657633e-07
      2180.00   1.4526747e-07
      2190.00   1.4396860e-07
      2200.00   1.4267974e-07
      2210.00   1.4140094e-07
      2220.00   1.4013219e-07
      2230.00   1.3887355e-07
      2240.00   1.3762500e-07
      2250.00   1.3638656e-07
      2260.00   1.3515824e-07
      2270.00   1.3394002e-07
      2280.00   1.3273192e-07
      2290.00   1.3153391e-07
      2300.00   1.3034600e-07
      2310.00   1.2916817e-07
      2320.00   1.2800039e-07
      2330.00   1.2684266e-07
      2340.00   1.2569492e-07
      2350.00   1.2455717e-07
      2360.00   1.2342938e-07
      2370.00   1.2231151e-07
      2380.00   1.2120352e-07
      2390.00   1.2010538e-07
      2400.00   1.1901706e-07
      2410.00   1.1793849e-07
      2420.00   1.1686965e-07
      2430.00   1.1581049e-07
      2440.00   1.1476095e-07
      2450.00   1.1372100e-07
      2460.00   1.1269060e-07
      2470.00   1.1166965e-07
      2480.00   1.1065812e-07
      2490.00   1.0965598e-07
      2500.00   1.0866314e-07
      2510.00   1.0767956e-07
      2520.00   1.0670519e-07
      2530.00   1.0573994e-07
      2540.00   1.0478378e-07
      2550.00   1.0383664e-07
      2560.00   1.0289845e-07
      2570.00   1.0196915e-07
      2580.00   1.0104869e-07
      2590.00   1.0013698e-07
      2600.00   9.9233990e-08
      2610.00   9.8339629e-08
      2620.00   9.7453844e-08
      2630.00   9.6576554e-08
      2640.00   9.5707707e-08
      2650.00   9.4847233e-08
      2660.00   9.3995071e-08
      2670.00   9.3151144e-08
      2680.00   9.2315392e-08
      2690.00   9.1487744e-08
      2700.00   9.0668122e-08
      2710.00   8.9856480e-08
      2720.00   8.9052745e-08
      2730.00   8.8256831e-08
      2740.00   8.7468690e-08
      2750.00   8.6688247e-08
      2760.00   8.5915445e-08
      2770.00   8.5150194e-08
      2780.00   8.4392442e-08
      2790.00   8.3642131e-08
      2800.00   8.2899167e-08
      2810.00   8.2163503e-08
      2820.00   8.1435077e-08
      2830.00   8.0713803e-08
      2840.00   7.9999629e-08
      2850.00   7.9292482e-08
      2860.00   7.8592307e-08
      2870.00   7.7899026e-08
      2880.00   7.7212572e-08
      2890.00   7.6532893e-08
      2900.00   7.5859912e-08
      2910.00   7.5193585e-08
      2920.00   7.4533826e-08
      2930.00   7.3880577e-08
      2940.00   7.3233778e-08
      2950.00   7.2593368e-08
      2960.00   7.1959275e-08
      2970.00   7.1331456e-08
      2980.00   7.0709831e-08
      2990.00   7.0094344e-08
      3000.00   6.9484941e-08
      3010.00   6.8881546e-08
      3020.00   6.8284119e-08
      3030.00   6.7692583e-08
      3040.00   6.7106893e-08
      3050.00   6.6526983e-08
      3060.00   6.5952795e-08
      3070.00   6.5384271e-08
      3080.00   6.4821352e-08
      3090.00   6.4263985e-08
      3100.00   6.3712115e-08
      3110.00   6.3165677e-08
      3120.00   6.2624632e-08
      3130.00   6.2088906e-08
      3140.00   6.1558461e-08
      3150.00   6.1033227e-08
      3160.00   6.0513169e-08
      3170.00   5.9998208e-08
      3180.00   5.9488320e-08
      3190.00   5.8983433e-08
      3200.00   5.8483505e-08
      3210.00   5.7988477e-08
      3220.00   5.7498310e-08
      3230.00   5.7012937e-08
      3240.00   5.6532320e-08
      3250.00   5.6056411e-08
      3260.00   5.5585158e-08
      3270.00   5.5118504e-08
      3280.00   5.4656415e-08
      3290.00   5.4198832e-08
      3300.00   5.3745716e-08
      3310.00   5.3297016e-08
      3320.00   5.2852682e-08
      3330.00   5.2412677e-08
      3340.00   5.1976954e-08
      3350.00   5.1545460e-08
      3360.00   5.1118157e-08
      3370.00   5.0695001e-08
      3380.00   5.0275946e-08
      3390.00   4.9860954e-08
      3400.00   4.9449977e-08
      3410.00   4.9042977e-08
      3420.00   4.8639907e-08
      3430.00   4.8240730e-08
      3440.00   4.7845402e-08
      3450.00   4.7453879e-08
      3460.00   4.7066137e-08
      3470.00   4.6682117e-08
      3480.00   4.6301786e-08
      3490.00   4.5925110e-08
      3500.00   4.5552048e-08
      3510.00   4.5182557e-08
      3520.00   4.4816607e-08
      3530.00   4.4454159e-08
      3540.00   4.4095170e-08
      3550.00   4.3739608e-08
      3560.00   4.3387440e-08
      3570.00   4.3038624e-08
      3580.00   4.2693129e-08
      3590.00   4.2350916e-08
      3600.00   4.2011955e-08
      3610.00   4.1676215e-08
      3620.00   4.1343652e-08
      3630.00   4.1014231e-08
      3640.00   4.0687931e-08
      3650.00   4.0364716e-08
      3660.00   4.0044548e-08
      3670.00   3.9727397e-08
      3680.00   3.9413235e-08
      3690.00   3.9102025e-08
      3700.00   3.8793741e-08
      3710.00   3.8488350e-08
      3720.00   3.8185818e-08
      3730.00   3.7886124e-08
      3740.00   3.7589231e-08
      3750.00   3.7295113e-08
      3760.00   3.7003735e-08
      3770.00   3.6715076e-08
      3780.00   3.6429103e-08
      3790.00   3.6145786e-08
      3800.00   3.5865108e-08
      3810.00   3.5587031e-08
      3820.00   3.5311529e-08
      3830.00   3.5038578e-08
      3840.00   3.4768147e-08
      3850.00   3.4500216e-08
      3860.00   3.4234753e-08
      3870.00   3.3971740e-08
      3880.00   3.3711144e-08
      3890.00   3.3452942e-08
      3900.00   3.3197110e-08
      3910.00   3.2943624e-08
      3920.00   3.2692458e-08
      3930.00   3.2443587e-08
      3940.00   3.2196990e-08
      3950.00   3.1952642e-08
      3960.00   3.1710522e-08
      3970.00   3.1470603e-08
      3980.00   3.1232866e-08
      3990.00   3.0997285e-08
      4000.00   3.0763839e-08
      4010.00   3.0532507e-08
      4020.00   3.0303266e-08
      4030.00   3.0076097e-08
      4040.00   2.9850975e-08
      4050.00   2.9627882e-08
      4060.00   2.9406793e-08
      4070.00   2.9187694e-08
      4080.00   2.8970559e-08
      4090.00   2.8755369e-08
      4100.00   2.8542108e-08
      4110.00   2.8330752e-08
      4120.00   2.8121281e-08
      4130.00   2.7913680e-08
      4140.00   2.7707924e-08
      4150.00   2.7504003e-08
      4160.00   2.7301890e-08
      4170.00   2.7101569e-08
      4180.00   2.6903022e-08
      4190.00   2.6706231e-08
      4200.00   2.6511181e-08
      4210.00   2.6317854e-08
      4220.00   2.6126225e-08
      4230.00   2.5936286e-08
      4240.00   2.5748012e-08
      4250.00   2.5561395e-08
      4260.00   2.5376413e-08
      4270.00   2.5193048e-08
      4280.00   2.5011288e-08
      4290.00   2.4831115e-08
      4300.00   2.4652512e-08
      4310.00   2.4475465e-08
      4320.00   2.4299958e-08
      4330.00   2.4125973e-08
      4340.00   2.3953498e-08
      4350.00   2.3782518e-08
      4360.00   2.3613016e-08
      4370.00   2.3444979e-08
      4380.00   2.3278390e-08
      4390.00   2.3113238e-08
      4400.00   2.2949506e-08
      4410.00   2.2787183e-08
      4420.00   2.2626250e-08
      4430.00   2.2466696e-08
      4440.00   2.2308509e-08
      4450.00   2.2151674e-08
      4460.00   2.1996177e-08
      4470.00   2.1842006e-08
      4480.00   2.1689146e-08
      4490.00   2.1537586e-08
      4500.00   2.1387314e-08
      4510.00   2.1238313e-08
      4520.00   2.1090578e-08
      4530.00   2.0944088e-08
      4540.00   2.0798836e-08
      4550.00   2.0654810e-08
      4560.00   2.0511996e-08
      4570.00   2.0370382e-08
      4580.00   2.0229958e-08
      4590.00   2.0090712e-08
      4600.00   1.9952632e-08
      4610.00   1.9815708e-08
      4620.00   1.9679926e-08
      4630.00   1.9545277e-08
      4640.00   1.9411751e-08
      4650.00   1.9279336e-08
      4660.00   1.9148020e-08
      4670.00   1.9017793e-08
      4680.00   1.8888645e-08
      4690.00   1.8760567e-08
      4700.00   1.8633546e-08
      4710.00   1.8507574e-08
      4720.00   1.8382639e-08
      4730.00   1.8258733e-08
      4740.00   1.8135846e-08
      4750.00   1.8013966e-08
      4760.00   1.7893087e-08
      4770.00   1.7773196e-08
      4780.00   1.7654285e-08
      4790.00   1.7536345e-08
      4800.00   1.7419367e-08
      4810.00   1.7303340e-08
      4820.00   1.7188255e-08
      4830.00   1.7074107e-08
      4840.00   1.6960884e-08
      4850.00   1.6848577e-08
      4860.00   1.6737179e-08
      4870.00   1.6626680e-08
      4880.00   1.6517072e-08
      4890.00   1.6408347e-08
      4900.00   1.6300496e-08
      4910.00   1.6193512e-08
      4920.00   1.6087387e-08
      4930.00   1.5982109e-08
      4940.00   1.5877676e-08
      4950.00   1.5774076e-08
      4960.00   1.5671301e-08
      4970.00   1.5569346e-08
      4980.00   1.5468203e-08
      4990.00   1.5367863e-08
      5000.00   1.5268319e-08
      5010.00   1.5169565e-08
      5020.00   1.5071590e-08
      5030.00   1.4974391e-08
      5040.00   1.4877960e-08
      5050.00   1.4782286e-08
      5060.00   1.4687366e-08
      5070.00   1.4593194e-08
      5080.00   1.4499759e-08
      5090.00   1.4407058e-08
      5100.00   1.4315083e-08
      5110.00   1.4223826e-08
      5120.00   1.4133281e-08
      5130.00   1.4043441e-08
      5140.00   1.3954303e-08
      5150.00   1.3865857e-08
      5160.00   1.3778098e-08
      5170.00   1.3691020e-08
      5180.00   1.3604615e-08
      5190.00   1.3518880e-08
      5200.00   1.3433807e-08
      5210.00   1.3349389e-08
      5220.00   1.3265622e-08
      5230.00   1.3182500e-08
      5240.00   1.3100016e-08
      5250.00   1.3018165e-08
      5260.00   1.2936940e-08
      5270.00   1.2856337e-08
      5280.00   1.2776351e-08
      5290.00   1.2696975e-08
      5300.00   1.2618204e-08
      5310.00   1.2540033e-08
      5320.00   1.2462455e-08
      5330.00   1.2385467e-08
      5340.00   1.2309062e-08
      5350.00   1.2233236e-08
      5360.00   1.2157983e-08
      5370.00   1.2083298e-08
      5380.00   1.2009177e-08
      5390.00   1.1935613e-08
      5400.00   1.1862602e-08
      5410.00   1.1790141e-08
      5420.00   1.1718222e-08
      5430.00   1.1646843e-08
      5440.00   1.1575998e-08
      5450.00   1.1505683e-08
      5460.00   1.1435890e-08
      5470.00   1.1366619e-08
      5480.00   1.1297863e-08
      5490.00   1.1229618e-08
      5500.00   1.1161879e-08
      5510.00   1.1094644e-08
      5520.00   1.1027905e-08
      5530.00   1.0961660e-08
      5540.00   1.0895903e-08
      5550.00   1.0830633e-08
      5560.00   1.0765842e-08
      5570.00   1.0701528e-08
      5580.00   1.0637687e-08
      5590.00   1.0574314e-08
      5600.00   1.0511404e-08
      5610.00   1.0448955e-08
      5620.00   1.0386962e-08
      5630.00   1.0325422e-08
      5640.00   1.0264331e-08
      5650.00   1.0203683e-08
      5660.00   1.0143477e-08
      5670.00   1.0083708e-08
      5680.00   1.0024372e-08
      5690.00   9.9654655e-09
      5700.00   9.9069851e-09
      5710.00   9.8489267e-09
      5720.00   9.7912882e-09
      5730.00   9.7340629e-09
      5740.00   9.6772514e-09
      5750.00   9.6208463e-09
      5760.00   9.5648465e-09
      5770.00   9.5092481e-09
      5780.00   9.4540474e-09
      5790.00   9.3992409e-09
      5800.00   9.3448257e-09
      5810.00   9.2907998e-09
      5820.00   9.2371574e-09
      5830.00   9.1838966e-09
      5840.00   9.1310138e-09
      5850.00   9.0785059e-09
      5860.00   9.0263701e-09
      5870.00   8.9746031e-09
      5880.00   8.9232017e-09
      5890.00   8.8721635e-09
      5900.00   8.8214845e-09
      5910.00   8.7711622e-09
      5920.00   8.7211930e-09
      5930.00   8.6715757e-09
      5940.00   8.6223061e-09
      5950.00   8.5733811e-09
      5960.00   8.5247984e-09
      5970.00   8.4765545e-09
      5980.00   8.4286479e-09
      5990.00   8.3810749e-09
      6000.00   8.3338329e-09
      6010.00   8.2869185e-09
      6020.00   8.2403300e-09
      6030.00   8.1940649e-09
      6040.00   8.1481199e-09
      6050.00   8.1024923e-09
      6060.00   8.0571795e-09
      6070.00   8.0121796e-09
      6080.00   7.9674900e-09
      6090.00   7.9231076e-09
      6100.00   7.8790300e-09
      6110.00   7.8352542e-09
      6120.00   7.7917798e-09
      6130.00   7.7486019e-09
      6140.00   7.7057197e-09
      6150.00   7.6631298e-09
      6160.00   7.6208305e-09
      6170.00   7.5788193e-09
      6180.00   7.5370938e-09
      6190.00   7.4956515e-09
      6200.00   7.4544912e-09
      6210.00   7.4136090e-09
      6220.00   7.3730036e-09
      6230.00   7.3326732e-09
      6240.00   7.2926151e-09
      6250.00   7.2528261e-09
      6260.00   7.2133060e-09
      6270.00   7.1740519e-09
      6280.00   7.1350610e-09
      6290.00   7.0963313e-09
      6300.00   7.0578617e-09
      6310.00   7.0196494e-09
      6320.00   6.9816934e-09
      6330.00   6.9439893e-09
      6340.00   6.9065370e-09
      6350.00   6.8693352e-09
      6360.00   6.8323800e-09
      6370.00   6.7956702e-09
      6380.00   6.7592042e-09
      6390.00   6.7229801e-09
      6400.00   6.6869955e-09
      6410.00   6.6512487e-09
      6420.00   6.6157379e-09
      6430.00   6.5804616e-09
      6440.00   6.5454180e-09
      6450.00   6.5106043e-09
      6460.00   6.4760193e-09
      6470.00   6.4416615e-09
      6480.00   6.4075288e-09
      6490.00   6.3736201e-09
      6500.00   6.3399326e-09
      6510.00   6.3064655e-09
      6520.00   6.2732166e-09
      6530.00   6.2401839e-09
      6540.00   6.2073664e-09
      6550.00   6.1747626e-09
      6560.00   6.1423700e-09
      6570.00   6.1101872e-09
      6580.00   6.0782133e-09
      6590.00   6.0464462e-09
      6600.00   6.0148842e-09
      6610.00   5.9835258e-09
      6620.00   5.9523697e-09
      6630.00   5.9214135e-09
      6640.00   5.8906569e-09
      6650.00   5.8600981e-09
      6660.00   5.8297347e-09
      6670.00   5.7995660e-09
      6680.00   5.7695908e-09
      6690.00   5.7398062e-09
      6700.00   5.7102126e-09
      6710.00   5.6808072e-09
      6720.00   5.6515893e-09
      6730.00   5.6225568e-09
      6740.00   5.5937094e-09
      6750.00   5.5650446e-09
      6760.00   5.5365617e-09
      6770.00   5.5082595e-09
      6780.00   5.4801355e-09
      6790.00   5.4521896e-09
      6800.00   5.4244197e-09
      6810.00   5.3968252e-09
      6820.00   5.3694041e-09
      6830.00   5.3421554e-09
      6840.00   5.3150776e-09
      6850.00   5.2881696e-09
      6860.00   5.2614304e-09
      6870.00   5.2348582e-09
      6880.00   5.2084524e-09
      6890.00   5.1822112e-09
      6900.00   5.1561331e-09
      6910.00   5.1302181e-09
      6920.00   5.1044646e-09
      6930.00   5.0788703e-09
      6940.00   5.0534353e-09
      6950.00   5.0281577e-09
      6960.00   5.0030364e-09
      6970.00   4.9780705e-09
      6980.00   4.9532592e-09
      6990.00   4.9286011e-09
      7000.00   4.9040944e-09
      7010.00   4.8797385e-09
      7020.00   4.8555325e-09
      7030.00   4.8314755e-09
      7040.00   4.8075655e-09
      7050.00   4.7838025e-09
      7060.00   4.7601847e-09
      7070.00   4.7367114e-09
      7080.00   4.7133809e-09
      7090.00   4.6901930e-09
      7100.00   4.6671463e-09
      7110.00   4.6442399e-09
      7120.00   4.6214729e-09
      7130.00   4.5988443e-09
      7140.00   4.5763521e-09
      7150.00   4.5539968e-09
      7160.00   4.5317764e-09
      7170.00   4.5096901e-09
      7180.00   4.4877374e-09
      7190.00   4.4659173e-09
      7200.00   4.4442281e-09
      7210.00   4.4226696e-09
      7220.00   4.4012411e-09
      7230.00   4.3799404e-09
      7240.00   4.3587682e-09
      7250.00   4.3377219e-09
      7260.00   4.3168017e-09
      7270.00   4.2960070e-09
      7280.00   4.2753358e-09
      7290.00   4.2547881e-09
      7300.00   4.2343630e-09
      7310.00   4.2140592e-09
      7320.00   4.1938757e-09
      7330.00   4.1738124e-09
      7340.00   4.1538676e-09
      7350.00   4.1340412e-09
      7360.00   4.1143320e-09
      7370.00   4.0947396e-09
      7380.00   4.0752620e-09
      7390.00   4.0558999e-09
      7400.00   4.0366513e-09
      7410.00   4.0175162e-09
      7420.00   3.9984935e-09
      7430.00   3.9795823e-09
      7440.00   3.9607819e-09
      7450.00   3.9420919e-09
      7460.00   3.9235111e-09
      7470.00   3.9050388e-09
      7480.00   3.8866743e-09
      7490.00   3.8684167e-09
      7500.00   3.8502658e-09
      7510.00   3.8322200e-09
      7520.00   3.8142792e-09
      7530.00   3.7964424e-09
      7540.00   3.7787094e-09
      7550.00   3.7610788e-09
      7560.00   3.7435502e-09
      7570.00   3.7261229e-09
      7580.00   3.7087958e-09
      7590.00   3.6915692e-09
      7600.00   3.6744417e-09
      7610.00   3.6574125e-09
      7620.00   3.6404814e-09
      7630.00   3.6236470e-09
      7640.00   3.6069097e-09
      7650.00   3.5902679e-09
      7660.00   3.5737216e-09
      7670.00   3.5572695e-09
      7680.00   3.5409114e-09
      7690.00   3.5246467e-09
      7700.00   3.5084747e-09
      7710.00   3.4923946e-09
      7720.00   3.4764058e-09
      7730.00   3.4605081e-09
      7740.00   3.4447004e-09
      7750.00   3.4289822e-09
      7760.00   3.4133530e-09
      7770.00   3.3978122e-09
      7780.00   3.3823591e-09
      7790.00   3.3669932e-09
      7800.00   3.3517138e-09
      7810.00   3.3365204e-09
      7820.00   3.3214127e-09
      7830.00   3.3063897e-09
      7840.00   3.2914510e-09
      7850.00   3.2765959e-09
      7860.00   3.2618240e-09
      7870.00   3.2471348e-09
      7880.00   3.2325276e-09
      7890.00   3.2180021e-09
      7900.00   3.2035572e-09
      7910.00   3.1891932e-09
      7920.00   3.1749088e-09
      7930.00   3.1607038e-09
      7940.00   3.1465778e-09
      7950.00   3.1325300e-09
      7960.00   3.1185604e-09
      7970.00   3.1046676e-09
      7980.00   3.0908519e-09
      7990.00   3.0771123e-09
      8000.00   3.0634485e-09
