      1600.00   2.5671315e-07
      1610.00   2.5493951e-07
      1620.00   2.5315452e-07
      1630.00   2.5135944e-07
      1640.00   2.4955528e-07
      1650.00   2.4774316e-07
      1660.00   2.4592408e-07
      1670.00   2.4409908e-07
      1680.00   2.4226905e-07
      1690.00   2.4043493e-07
      1700.00   2.3859761e-07
      1710.00   2.3675792e-07
      1720.00   2.3491665e-07
      1730.00   2.3307460e-07
      1740.00   2.3123246e-07
      1750.00   2.2939099e-07
      1760.00   2.2755083e-07
      1770.00   2.2571266e-07
      1780.00   2.2387708e-07
      1790.00   2.2204468e-07
      1800.00   2.2021602e-07
      1810.00   2.1839167e-07
      1820.00   2.1657206e-07
      1830.00   2.1475777e-07
      1840.00   2.1294922e-07
      1850.00   2.1114686e-07
      1860.00   2.0935109e-07
      1870.00   2.0756235e-07
      1880.00   2.0578098e-07
      1890.00   2.0400735e-07
      1900.00   2.0224180e-07
      1910.00   2.0048465e-07
      1920.00   1.9873618e-07
      1930.00   1.9699671e-07
      1940.00   1.9526651e-07
      1950.00   1.9354580e-07
      1960.00   1.9183485e-07
      1970.00   1.9013384e-07
      1980.00   1.8844304e-07
      1990.00   1.8676261e-07
      2000.00   1.8509271e-07
      2010.00   1.8343355e-07
      2020.00   1.8178527e-07
      2030.00   1.8014801e-07
      2040.00   1.7852192e-07
      2050.00   1.7690712e-07
      2060.00   1.7530371e-07
      2070.00   1.7371179e-07
      2080.00   1.7213150e-07
      2090.00   1.7056286e-07
      2100.00   1.6900598e-07
      2110.00   1.6746093e-07
      2120.00   1.6592776e-07
      2130.00   1.6440654e-07
      2140.00   1.6289728e-07
      2150.00   1.6140005e-07
      2160.00   1.5991487e-07
      2170.00   1.5844175e-07
      2180.00   1.5698074e-07
      2190.00   1.5553182e-07
      2200.00   1.5409502e-07
      2210.00   1.5267033e-07
      2220.00   1.5125775e-07
      2230.00   1.4985727e-07
      2240.00   1.4846887e-07
      2250.00   1.4709255e-07
      2260.00   1.4572827e-07
      2270.00   1.4437600e-07
      2280.00   1.4303574e-07
      2290.00   1.4170742e-07
      2300.00   1.4039104e-07
      2310.00   1.3908653e-07
      2320.00   1.3779386e-07
      2330.00   1.3651298e-07
      2340.00   1.3524384e-07
      2350.00   1.3398639e-07
      2360.00   1.3274058e-07
      2370.00   1.3150636e-07
      2380.00   1.3028365e-07
      2390.00   1.2907240e-07
      2400.00   1.2787256e-07
      2410.00   1.2668403e-07
      2420.00   1.2550678e-07
      2430.00   1.2434074e-07
      2440.00   1.2318582e-07
      2450.00   1.2204196e-07
      2460.00   1.2090911e-07
      2470.00   1.1978715e-07
      2480.00   1.1867602e-07
      2490.00   1.1757567e-07
      2500.00   1.1648601e-07
      2510.00   1.1540695e-07
      2520.00   1.1433844e-07
      2530.00   1.1328036e-07
      2540.00   1.1223267e-07
      2550.00   1.1119528e-07
      2560.00   1.1016809e-07
      2570.00   1.0915103e-07
      2580.00   1.0814403e-07
      2590.00   1.0714699e-07
      2600.00   1.0615985e-07
      2610.00   1.0518250e-07
      2620.00   1.0421489e-07
      2630.00   1.0325689e-07
      2640.00   1.0230846e-07
      2650.00   1.0136950e-07
      2660.00   1.0043993e-07
      2670.00   9.9519668e-08
      2680.00   9.8608630e-08
      2690.00   9.7706730e-08
      2700.00   9.6813876e-08
      2710.00   9.5930007e-08
      2720.00   9.5055035e-08
      2730.00   9.4188857e-08
      2740.00   9.3331413e-08
      2750.00   9.2482612e-08
      2760.00   9.1642386e-08
      2770.00   9.0810627e-08
      2780.00   8.9987272e-08
      2790.00   8.9172248e-08
      2800.00   8.8365449e-08
      2810.00   8.7566814e-08
      2820.00   8.6776268e-08
      2830.00   8.5993713e-08
      2840.00   8.5219085e-08
      2850.00   8.4452297e-08
      2860.00   8.3693283e-08
      2870.00   8.2941953e-08
      2880.00   8.2198228e-08
      2890.00   8.1462045e-08
      2900.00   8.0733314e-08
      2910.00   8.0011982e-08
      2920.00   7.9297951e-08
      2930.00   7.8591150e-08
      2940.00   7.7891512e-08
      2950.00   7.7198964e-08
      2960.00   7.6513422e-08
      2970.00   7.5834835e-08
      2980.00   7.5163113e-08
      2990.00   7.4498188e-08
      3000.00   7.3839998e-08
      3010.00   7.3188457e-08
      3020.00   7.2543515e-08
      3030.00   7.1905086e-08
      3040.00   7.1273117e-08
      3050.00   7.0647531e-08
      3060.00   7.0028263e-08
      3070.00   6.9415244e-08
      3080.00   6.8808408e-08
      3090.00   6.8207695e-08
      3100.00   6.7613039e-08
      3110.00   6.7024368e-08
      3120.00   6.6441635e-08
      3130.00   6.5864757e-08
      3140.00   6.5293689e-08
      3150.00   6.4728355e-08
      3160.00   6.4168709e-08
      3170.00   6.3614666e-08
      3180.00   6.3066197e-08
      3190.00   6.2523219e-08
      3200.00   6.1985685e-08
      3210.00   6.1453528e-08
      3220.00   6.0926704e-08
      3230.00   6.0405137e-08
      3240.00   5.9888784e-08
      3250.00   5.9377589e-08
      3260.00   5.8871495e-08
      3270.00   5.8370437e-08
      3280.00   5.7874376e-08
      3290.00   5.7383246e-08
      3300.00   5.6897003e-08
      3310.00   5.6415589e-08
      3320.00   5.5938948e-08
      3330.00   5.5467039e-08
      3340.00   5.4999807e-08
      3350.00   5.4537194e-08
      3360.00   5.4079158e-08
      3370.00   5.3625647e-08
      3380.00   5.3176613e-08
      3390.00   5.2732009e-08
      3400.00   5.2291784e-08
      3410.00   5.1855895e-08
      3420.00   5.1424288e-08
      3430.00   5.0996923e-08
      3440.00   5.0573751e-08
      3450.00   5.0154723e-08
      3460.00   4.9739809e-08
      3470.00   4.9328948e-08
      3480.00   4.8922099e-08
      3490.00   4.8519226e-08
      3500.00   4.8120283e-08
      3510.00   4.7725222e-08
      3520.00   4.7334010e-08
      3530.00   4.6946602e-08
      3540.00   4.6562952e-08
      3550.00   4.6183023e-08
      3560.00   4.5806779e-08
      3570.00   4.5434174e-08
      3580.00   4.5065173e-08
      3590.00   4.4699731e-08
      3600.00   4.4337817e-08
      3610.00   4.3979395e-08
      3620.00   4.3624418e-08
      3630.00   4.3272846e-08
      3640.00   4.2924656e-08
      3650.00   4.2579807e-08
      3660.00   4.2238258e-08
      3670.00   4.1899977e-08
      3680.00   4.1564930e-08
      3690.00   4.1233080e-08
      3700.00   4.0904394e-08
      3710.00   4.0578838e-08
      3720.00   4.0256376e-08
      3730.00   3.9936981e-08
      3740.00   3.9620613e-08
      3750.00   3.9307246e-08
      3760.00   3.8996839e-08
      3770.00   3.8689371e-08
      3780.00   3.8384803e-08
      3790.00   3.8083104e-08
      3800.00   3.7784253e-08
      3810.00   3.7488210e-08
      3820.00   3.7194947e-08
      3830.00   3.6904435e-08
      3840.00   3.6616644e-08
      3850.00   3.6331548e-08
      3860.00   3.6049113e-08
      3870.00   3.5769320e-08
      3880.00   3.5492132e-08
      3890.00   3.5217524e-08
      3900.00   3.4945471e-08
      3910.00   3.4675944e-08
      3920.00   3.4408917e-08
      3930.00   3.4144360e-08
      3940.00   3.3882253e-08
      3950.00   3.3622566e-08
      3960.00   3.3365277e-08
      3970.00   3.3110358e-08
      3980.00   3.2857786e-08
      3990.00   3.2607533e-08
      4000.00   3.2359575e-08
      4010.00   3.2113892e-08
      4020.00   3.1870457e-08
      4030.00   3.1629249e-08
      4040.00   3.1390240e-08
      4050.00   3.1153413e-08
      4060.00   3.0918739e-08
      4070.00   3.0686202e-08
      4080.00   3.0455775e-08
      4090.00   3.0227437e-08
      4100.00   3.0001168e-08
      4110.00   2.9776946e-08
      4120.00   2.9554747e-08
      4130.00   2.9334554e-08
      4140.00   2.9116342e-08
      4150.00   2.8900098e-08
      4160.00   2.8685793e-08
      4170.00   2.8473410e-08
      4180.00   2.8262930e-08
      4190.00   2.8054332e-08
      4200.00   2.7847600e-08
      4210.00   2.7642715e-08
      4220.00   2.7439650e-08
      4230.00   2.7238396e-08
      4240.00   2.7038926e-08
      4250.00   2.6841229e-08
      4260.00   2.6645285e-08
      4270.00   2.6451072e-08
      4280.00   2.6258578e-08
      4290.00   2.6067782e-08
      4300.00   2.5878668e-08
      4310.00   2.5691218e-08
      4320.00   2.5505416e-08
      4330.00   2.5321242e-08
      4340.00   2.5138684e-08
      4350.00   2.4957725e-08
      4360.00   2.4778348e-08
      4370.00   2.4600536e-08
      4380.00   2.4424273e-08
      4390.00   2.4249546e-08
      4400.00   2.4076336e-08
      4410.00   2.3904633e-08
      4420.00   2.3734414e-08
      4430.00   2.3565670e-08
      4440.00   2.3398385e-08
      4450.00   2.3232546e-08
      4460.00   2.3068135e-08
      4470.00   2.2905140e-08
      4480.00   2.2743545e-08
      4490.00   2.2583338e-08
      4500.00   2.2424505e-08
      4510.00   2.2267031e-08
      4520.00   2.2110905e-08
      4530.00   2.1956110e-08
      4540.00   2.1802635e-08
      4550.00   2.1650468e-08
      4560.00   2.1499594e-08
      4570.00   2.1350000e-08
      4580.00   2.1201675e-08
      4590.00   2.1054606e-08
      4600.00   2.0908781e-08
      4610.00   2.0764187e-08
      4620.00   2.0620811e-08
      4630.00   2.0478643e-08
      4640.00   2.0337671e-08
      4650.00   2.0197883e-08
      4660.00   2.0059267e-08
      4670.00   1.9921809e-08
      4680.00   1.9785503e-08
      4690.00   1.9650335e-08
      4700.00   1.9516293e-08
      4710.00   1.9383368e-08
      4720.00   1.9251548e-08
      4730.00   1.9120822e-08
      4740.00   1.8991182e-08
      4750.00   1.8862613e-08
      4760.00   1.8735109e-08
      4770.00   1.8608658e-08
      4780.00   1.8483248e-08
      4790.00   1.8358873e-08
      4800.00   1.8235519e-08
      4810.00   1.8113178e-08
      4820.00   1.7991840e-08
      4830.00   1.7871497e-08
      4840.00   1.7752138e-08
      4850.00   1.7633753e-08
      4860.00   1.7516334e-08
      4870.00   1.7399872e-08
      4880.00   1.7284355e-08
      4890.00   1.7169778e-08
      4900.00   1.7056130e-08
      4910.00   1.6943403e-08
      4920.00   1.6831589e-08
      4930.00   1.6720674e-08
      4940.00   1.6610657e-08
      4950.00   1.6501524e-08
      4960.00   1.6393269e-08
      4970.00   1.6285884e-08
      4980.00   1.6179361e-08
      4990.00   1.6073691e-08
      5000.00   1.5968866e-08
      5010.00   1.5864879e-08
      5020.00   1.5761721e-08
      5030.00   1.5659384e-08
      5040.00   1.5557863e-08
      5050.00   1.5457147e-08
      5060.00   1.5357230e-08
      5070.00   1.5258106e-08
      5080.00   1.5159765e-08
      5090.00   1.5062201e-08
      5100.00   1.4965408e-08
      5110.00   1.4869377e-08
      5120.00   1.4774101e-08
      5130.00   1.4679573e-08
      5140.00   1.4585788e-08
      5150.00   1.4492737e-08
      5160.00   1.4400415e-08
      5170.00   1.4308815e-08
      5180.00   1.4217928e-08
      5190.00   1.4127752e-08
      5200.00   1.4038276e-08
      5210.00   1.3949496e-08
      5220.00   1.3861404e-08
      5230.00   1.3773996e-08
      5240.00   1.3687265e-08
      5250.00   1.3601203e-08
      5260.00   1.3515806e-08
      5270.00   1.3431066e-08
      5280.00   1.3346980e-08
      5290.00   1.3263541e-08
      5300.00   1.3180741e-08
      5310.00   1.3098577e-08
      5320.00   1.3017042e-08
      5330.00   1.2936130e-08
      5340.00   1.2855836e-08
      5350.00   1.2776154e-08
      5360.00   1.2697080e-08
      5370.00   1.2618606e-08
      5380.00   1.2540729e-08
      5390.00   1.2463442e-08
      5400.00   1.2386740e-08
      5410.00   1.2310619e-08
      5420.00   1.2235073e-08
      5430.00   1.2160097e-08
      5440.00   1.2085687e-08
      5450.00   1.2011835e-08
      5460.00   1.1938538e-08
      5470.00   1.1865792e-08
      5480.00   1.1793590e-08
      5490.00   1.1721929e-08
      5500.00   1.1650803e-08
      5510.00   1.1580209e-08
      5520.00   1.1510141e-08
      5530.00   1.1440594e-08
      5540.00   1.1371564e-08
      5550.00   1.1303048e-08
      5560.00   1.1235037e-08
      5570.00   1.1167531e-08
      5580.00   1.1100525e-08
      5590.00   1.1034013e-08
      5600.00   1.0967991e-08
      5610.00   1.0902457e-08
      5620.00   1.0837403e-08
      5630.00   1.0772828e-08
      5640.00   1.0708727e-08
      5650.00   1.0645095e-08
      5660.00   1.0581929e-08
      5670.00   1.0519224e-08
      5680.00   1.0456977e-08
      5690.00   1.0395183e-08
      5700.00   1.0333839e-08
      5710.00   1.0272941e-08
      5720.00   1.0212486e-08
      5730.00   1.0152467e-08
      5740.00   1.0092885e-08
      5750.00   1.0033732e-08
      5760.00   9.9750066e-09
      5770.00   9.9167050e-09
      5780.00   9.8588231e-09
      5790.00   9.8013571e-09
      5800.00   9.7443040e-09
      5810.00   9.6876617e-09
      5820.00   9.6314239e-09
      5830.00   9.5755887e-09
      5840.00   9.5201523e-09
      5850.00   9.4651113e-09
      5860.00   9.4104628e-09
      5870.00   9.3562034e-09
      5880.00   9.3023295e-09
      5890.00   9.2488386e-09
      5900.00   9.1957264e-09
      5910.00   9.1429905e-09
      5920.00   9.0906268e-09
      5930.00   9.0386341e-09
      5940.00   8.9870080e-09
      5950.00   8.9357451e-09
      5960.00   8.8848432e-09
      5970.00   8.8342984e-09
      5980.00   8.7841089e-09
      5990.00   8.7342712e-09
      6000.00   8.6847822e-09
      6010.00   8.6356385e-09
      6020.00   8.5868383e-09
      6030.00   8.5383788e-09
      6040.00   8.4902565e-09
      6050.00   8.4424687e-09
      6060.00   8.3950126e-09
      6070.00   8.3478861e-09
      6080.00   8.3010864e-09
      6090.00   8.2546103e-09
      6100.00   8.2084552e-09
      6110.00   8.1626180e-09
      6120.00   8.1170983e-09
      6130.00   8.0718908e-09
      6140.00   8.0269947e-09
      6150.00   7.9824063e-09
      6160.00   7.9381239e-09
      6170.00   7.8941450e-09
      6180.00   7.8504667e-09
      6190.00   7.8070867e-09
      6200.00   7.7640035e-09
      6210.00   7.7212130e-09
      6220.00   7.6787139e-09
      6230.00   7.6365043e-09
      6240.00   7.5945812e-09
      6250.00   7.5529414e-09
      6260.00   7.5115845e-09
      6270.00   7.4705076e-09
      6280.00   7.4297076e-09
      6290.00   7.3891825e-09
      6300.00   7.3489310e-09
      6310.00   7.3089502e-09
      6320.00   7.2692390e-09
      6330.00   7.2297929e-09
      6340.00   7.1906116e-09
      6350.00   7.1516939e-09
      6360.00   7.1130355e-09
      6370.00   7.0746353e-09
      6380.00   7.0364914e-09
      6390.00   6.9986019e-09
      6400.00   6.9609644e-09
      6410.00   6.9235768e-09
      6420.00   6.8864376e-09
      6430.00   6.8495448e-09
      6440.00   6.8128967e-09
      6450.00   6.7764902e-09
      6460.00   6.7403242e-09
      6470.00   6.7043972e-09
      6480.00   6.6687066e-09
      6490.00   6.6332516e-09
      6500.00   6.5980291e-09
      6510.00   6.5630383e-09
      6520.00   6.5282767e-09
      6530.00   6.4937424e-09
      6540.00   6.4594342e-09
      6550.00   6.4253507e-09
      6560.00   6.3914891e-09
      6570.00   6.3578479e-09
      6580.00   6.3244261e-09
      6590.00   6.2912218e-09
      6600.00   6.2582329e-09
      6610.00   6.2254579e-09
      6620.00   6.1928953e-09
      6630.00   6.1605428e-09
      6640.00   6.1284000e-09
      6650.00   6.0964649e-09
      6660.00   6.0647351e-09
      6670.00   6.0332098e-09
      6680.00   6.0018876e-09
      6690.00   5.9707657e-09
      6700.00   5.9398443e-09
      6710.00   5.9091206e-09
      6720.00   5.8785937e-09
      6730.00   5.8482616e-09
      6740.00   5.8181238e-09
      6750.00   5.7881777e-09
      6760.00   5.7584226e-09
      6770.00   5.7288571e-09
      6780.00   5.6994788e-09
      6790.00   5.6702874e-09
      6800.00   5.6412808e-09
      6810.00   5.6124582e-09
      6820.00   5.5838177e-09
      6830.00   5.5553582e-09
      6840.00   5.5270779e-09
      6850.00   5.4989760e-09
      6860.00   5.4710512e-09
      6870.00   5.4433016e-09
      6880.00   5.4157266e-09
      6890.00   5.3883242e-09
      6900.00   5.3610932e-09
      6910.00   5.3340331e-09
      6920.00   5.3071426e-09
      6930.00   5.2804191e-09
      6940.00   5.2538627e-09
      6950.00   5.2274713e-09
      6960.00   5.2012440e-09
      6970.00   5.1751797e-09
      6980.00   5.1492775e-09
      6990.00   5.1235360e-09
      7000.00   5.0979534e-09
      7010.00   5.0725289e-09
      7020.00   5.0472616e-09
      7030.00   5.0221506e-09
      7040.00   4.9971937e-09
      7050.00   4.9723910e-09
      7060.00   4.9477405e-09
      7070.00   4.9232415e-09
      7080.00   4.8988924e-09
      7090.00   4.8746926e-09
      7100.00   4.8506410e-09
      7110.00   4.8267364e-09
      7120.00   4.8029779e-09
      7130.00   4.7793646e-09
      7140.00   4.7558943e-09
      7150.00   4.7325674e-09
      7160.00   4.7093819e-09
      7170.00   4.6863371e-09
      7180.00   4.6634322e-09
      7190.00   4.6406663e-09
      7200.00   4.6180376e-09
      7210.00   4.5955459e-09
      7220.00   4.5731904e-09
      7230.00   4.5509689e-09
      7240.00   4.5288819e-09
      7250.00   4.5069270e-09
      7260.00   4.4851042e-09
      7270.00   4.4634129e-09
      7280.00   4.4418508e-09
      7290.00   4.4204183e-09
      7300.00   4.3991142e-09
      7310.00   4.3779372e-09
      7320.00   4.3568862e-09
      7330.00   4.3359611e-09
      7340.00   4.3151601e-09
      7350.00   4.2944832e-09
      7360.00   4.2739291e-09
      7370.00   4.2534972e-09
      7380.00   4.2331856e-09
      7390.00   4.2129950e-09
      7400.00   4.1929233e-09
      7410.00   4.1729704e-09
      7420.00   4.1531352e-09
      7430.00   4.1334168e-09
      7440.00   4.1138144e-09
      7450.00   4.0943276e-09
      7460.00   4.0749552e-09
      7470.00   4.0556963e-09
      7480.00   4.0365503e-09
      7490.00   4.0175163e-09
      7500.00   3.9985940e-09
      7510.00   3.9797817e-09
      7520.00   3.9610793e-09
      7530.00   3.9424858e-09
      7540.00   3.9240010e-09
      7550.00   3.9056232e-09
      7560.00   3.8873524e-09
      7570.00   3.8691876e-09
      7580.00   3.8511275e-09
      7590.00   3.8331728e-09
      7600.00   3.8153217e-09
      7610.00   3.7975735e-09
      7620.00   3.7799280e-09
      7630.00   3.7623836e-09
      7640.00   3.7449409e-09
      7650.00   3.7275981e-09
      7660.00   3.7103553e-09
      7670.00   3.6932110e-09
      7680.00   3.6761652e-09
      7690.00   3.6592169e-09
      7700.00   3.6423657e-09
      7710.00   3.6256106e-09
      7720.00   3.6089511e-09
      7730.00   3.5923869e-09
      7740.00   3.5759169e-09
      7750.00   3.5595404e-09
      7760.00   3.5432571e-09
      7770.00   3.5270662e-09
      7780.00   3.5109670e-09
      7790.00   3.4949591e-09
      7800.00   3.4790417e-09
      7810.00   3.4632142e-09
      7820.00   3.4474763e-09
      7830.00   3.4318269e-09
      7840.00   3.4162659e-09
      7850.00   3.4007922e-09
      7860.00   3.3854055e-09
      7870.00   3.3701053e-09
      7880.00   3.3548908e-09
      7890.00   3.3397618e-09
      7900.00   3.3247171e-09
      7910.00   3.3097569e-09
      7920.00   3.2948801e-09
      7930.00   3.2800862e-09
      7940.00   3.2653748e-09
      7950.00   3.2507452e-09
      7960.00   3.2361974e-09
      7970.00   3.2217299e-09
      7980.00   3.2073430e-09
      7990.00   3.1930357e-09
      8000.00   3.1788076e-09
