      1600.00   5.9601259e-22
      1610.00   7.2919645e-22
      1620.00   8.8975205e-22
      1630.00   1.0828066e-21
      1640.00   1.3143513e-21
      1650.00   1.5913719e-21
      1660.00   1.9219933e-21
      1670.00   2.3156450e-21
      1680.00   2.7832440e-21
      1690.00   3.3374042e-21
      1700.00   3.9926666e-21
      1710.00   4.7657583e-21
      1720.00   5.6758814e-21
      1730.00   6.7450345e-21
      1740.00   7.9983673e-21
      1750.00   9.4645799e-21
      1760.00   1.1176353e-20
      1770.00   1.3170838e-20
      1780.00   1.5490181e-20
      1790.00   1.8182114e-20
      1800.00   2.1300589e-20
      1810.00   2.4906497e-20
      1820.00   2.9068409e-20
      1830.00   3.3863461e-20
      1840.00   3.9378225e-20
      1850.00   4.5709741e-20
      1860.00   5.2966590e-20
      1870.00   6.1270081e-20
      1880.00   7.0755508e-20
      1890.00   8.1573569e-20
      1900.00   9.3891824e-20
      1910.00   1.0789633e-19
      1920.00   1.2379338e-19
      1930.00   1.4181135e-19
      1940.00   1.6220276e-19
      1950.00   1.8524632e-19
      1960.00   2.1124940e-19
      1970.00   2.4055033e-19
      1980.00   2.7352119e-19
      1990.00   3.1057054e-19
      2000.00   3.5214638e-19
      2010.00   3.9873954e-19
      2020.00   4.5088685e-19
      2030.00   5.0917488e-19
      2040.00   5.7424381e-19
      2050.00   6.4679132e-19
      2060.00   7.2757704e-19
      2070.00   8.1742703e-19
      2080.00   9.1723872e-19
      2090.00   1.0279854e-18
      2100.00   1.1507225e-18
      2110.00   1.2865923e-18
      2120.00   1.4368303e-18
      2130.00   1.6027714e-18
      2140.00   1.7858558e-18
      2150.00   1.9876369e-18
      2160.00   2.2097874e-18
      2170.00   2.4541069e-18
      2180.00   2.7225306e-18
      2190.00   3.0171360e-18
      2200.00   3.3401524e-18
      2210.00   3.6939693e-18
      2220.00   4.0811454e-18
      2230.00   4.5044190e-18
      2240.00   4.9667161e-18
      2250.00   5.4711632e-18
      2260.00   6.0210958e-18
      2270.00   6.6200694e-18
      2280.00   7.2718742e-18
      2290.00   7.9805412e-18
      2300.00   8.7503606e-18
      2310.00   9.5858894e-18
      2320.00   1.0491967e-17
      2330.00   1.1473729e-17
      2340.00   1.2536617e-17
      2350.00   1.3686399e-17
      2360.00   1.4929180e-17
      2370.00   1.6271416e-17
      2380.00   1.7719931e-17
      2390.00   1.9281934e-17
      2400.00   2.0965035e-17
      2410.00   2.2777254e-17
      2420.00   2.4727055e-17
      2430.00   2.6823343e-17
      2440.00   2.9075494e-17
      2450.00   3.1493372e-17
      2460.00   3.4087346e-17
      2470.00   3.6868296e-17
      2480.00   3.9847658e-17
      2490.00   4.3037432e-17
      2500.00   4.6450185e-17
      2510.00   5.0099093e-17
      2520.00   5.3997957e-17
      2530.00   5.8161202e-17
      2540.00   6.2603944e-17
      2550.00   6.7341963e-17
      2560.00   7.2391739e-17
      2570.00   7.7770496e-17
      2580.00   8.3496198e-17
      2590.00   8.9587576e-17
      2600.00   9.6064167e-17
      2610.00   1.0294630e-16
      2620.00   1.1025517e-16
      2630.00   1.1801279e-16
      2640.00   1.2624210e-16
      2650.00   1.3496693e-16
      2660.00   1.4421205e-16
      2670.00   1.5400314e-16
      2680.00   1.6436691e-16
      2690.00   1.7533103e-16
      2700.00   1.8692418e-16
      2710.00   1.9917615e-16
      2720.00   2.1211776e-16
      2730.00   2.2578086e-16
      2740.00   2.4019852e-16
      2750.00   2.5540488e-16
      2760.00   2.7143530e-16
      2770.00   2.8832620e-16
      2780.00   3.0611533e-16
      2790.00   3.2484166e-16
      2800.00   3.4454528e-16
      2810.00   3.6526772e-16
      2820.00   3.8705174e-16
      2830.00   4.0994132e-16
      2840.00   4.3398194e-16
      2850.00   4.5922031e-16
      2860.00   4.8570463e-16
      2870.00   5.1348436e-16
      2880.00   5.4261045e-16
      2890.00   5.7313536e-16
      2900.00   6.0511287e-16
      2910.00   6.3859847e-16
      2920.00   6.7364880e-16
      2930.00   7.1032222e-16
      2940.00   7.4867866e-16
      2950.00   7.8877954e-16
      2960.00   8.3068774e-16
      2970.00   8.7446803e-16
      2980.00   9.2018637e-16
      2990.00   9.6791058e-16
      3000.00   1.0177101e-15
      3010.00   1.0696559e-15
      3020.00   1.1238208e-15
      3030.00   1.1802790e-15
      3040.00   1.2391066e-15
      3050.00   1.3003814e-15
      3060.00   1.3641827e-15
      3070.00   1.4305917e-15
      3080.00   1.4996911e-15
      3090.00   1.5715657e-15
      3100.00   1.6463018e-15
      3110.00   1.7239872e-15
      3120.00   1.8047122e-15
      3130.00   1.8885678e-15
      3140.00   1.9756478e-15
      3150.00   2.0660469e-15
      3160.00   2.1598624e-15
      3170.00   2.2571922e-15
      3180.00   2.3581377e-15
      3190.00   2.4628003e-15
      3200.00   2.5712844e-15
      3210.00   2.6836954e-15
      3220.00   2.8001413e-15
      3230.00   2.9207306e-15
      3240.00   3.0455750e-15
      3250.00   3.1747874e-15
      3260.00   3.3084821e-15
      3270.00   3.4467751e-15
      3280.00   3.5897853e-15
      3290.00   3.7376317e-15
      3300.00   3.8904366e-15
      3310.00   4.0483229e-15
      3320.00   4.2114153e-15
      3330.00   4.3798412e-15
      3340.00   4.5537290e-15
      3350.00   4.7332081e-15
      3360.00   4.9184108e-15
      3370.00   5.1094706e-15
      3380.00   5.3065223e-15
      3390.00   5.5097032e-15
      3400.00   5.7191512e-15
      3410.00   5.9350066e-15
      3420.00   6.1574103e-15
      3430.00   6.3865060e-15
      3440.00   6.6224382e-15
      3450.00   6.8653522e-15
      3460.00   7.1153982e-15
      3470.00   7.3727228e-15
      3480.00   7.6374770e-15
      3490.00   7.9098141e-15
      3500.00   8.1898872e-15
      3510.00   8.4778503e-15
      3520.00   8.7738611e-15
      3530.00   9.0780769e-15
      3540.00   9.3906554e-15
      3550.00   9.7117580e-15
      3560.00   1.0041547e-14
      3570.00   1.0380183e-14
      3580.00   1.0727832e-14
      3590.00   1.1084658e-14
      3600.00   1.1450829e-14
      3610.00   1.1826511e-14
      3620.00   1.2211873e-14
      3630.00   1.2607083e-14
      3640.00   1.3012314e-14
      3650.00   1.3427738e-14
      3660.00   1.3853526e-14
      3670.00   1.4289852e-14
      3680.00   1.4736892e-14
      3690.00   1.5194819e-14
      3700.00   1.5663812e-14
      3710.00   1.6144046e-14
      3720.00   1.6635698e-14
      3730.00   1.7138951e-14
      3740.00   1.7653979e-14
      3750.00   1.8180966e-14
      3760.00   1.8720089e-14
      3770.00   1.9271533e-14
      3780.00   1.9835476e-14
      3790.00   2.0412101e-14
      3800.00   2.1001596e-14
      3810.00   2.1604139e-14
      3820.00   2.2219913e-14
      3830.00   2.2849105e-14
      3840.00   2.3491896e-14
      3850.00   2.4148474e-14
      3860.00   2.4819021e-14
      3870.00   2.5503727e-14
      3880.00   2.6202771e-14
      3890.00   2.6916342e-14
      3900.00   2.7644626e-14
      3910.00   2.8387807e-14
      3920.00   2.9146071e-14
      3930.00   2.9919602e-14
      3940.00   3.0708589e-14
      3950.00   3.1513215e-14
      3960.00   3.2333668e-14
      3970.00   3.3170130e-14
      3980.00   3.4022790e-14
      3990.00   3.4891827e-14
      4000.00   3.5777428e-14
      4010.00   3.6679779e-14
      4020.00   3.7599062e-14
      4030.00   3.8535462e-14
      4040.00   3.9489158e-14
      4050.00   4.0460337e-14
      4060.00   4.1449176e-14
      4070.00   4.2455864e-14
      4080.00   4.3480574e-14
      4090.00   4.4523490e-14
      4100.00   4.5584793e-14
      4110.00   4.6664660e-14
      4120.00   4.7763264e-14
      4130.00   4.8880792e-14
      4140.00   5.0017410e-14
      4150.00   5.1173308e-14
      4160.00   5.2348646e-14
      4170.00   5.3543602e-14
      4180.00   5.4758352e-14
      4190.00   5.5993065e-14
      4200.00   5.7247915e-14
      4210.00   5.8523078e-14
      4220.00   5.9818701e-14
      4230.00   6.1134975e-14
      4240.00   6.2472047e-14
      4250.00   6.3830099e-14
      4260.00   6.5209289e-14
      4270.00   6.6609772e-14
      4280.00   6.8031722e-14
      4290.00   6.9475292e-14
      4300.00   7.0940641e-14
      4310.00   7.2427928e-14
      4320.00   7.3937308e-14
      4330.00   7.5468930e-14
      4340.00   7.7022955e-14
      4350.00   7.8599536e-14
      4360.00   8.0198817e-14
      4370.00   8.1820950e-14
      4380.00   8.3466075e-14
      4390.00   8.5134349e-14
      4400.00   8.6825902e-14
      4410.00   8.8540895e-14
      4420.00   9.0279442e-14
      4430.00   9.2041699e-14
      4440.00   9.3827800e-14
      4450.00   9.5637885e-14
      4460.00   9.7472075e-14
      4470.00   9.9330509e-14
      4480.00   1.0121331e-13
      4490.00   1.0312062e-13
      4500.00   1.0505255e-13
      4510.00   1.0700923e-13
      4520.00   1.0899079e-13
      4530.00   1.1099732e-13
      4540.00   1.1302897e-13
      4550.00   1.1508585e-13
      4560.00   1.1716807e-13
      4570.00   1.1927572e-13
      4580.00   1.2140895e-13
      4590.00   1.2356784e-13
      4600.00   1.2575251e-13
      4610.00   1.2796307e-13
      4620.00   1.3019959e-13
      4630.00   1.3246219e-13
      4640.00   1.3475097e-13
      4650.00   1.3706603e-13
      4660.00   1.3940745e-13
      4670.00   1.4177531e-13
      4680.00   1.4416972e-13
      4690.00   1.4659077e-13
      4700.00   1.4903852e-13
      4710.00   1.5151308e-13
      4720.00   1.5401451e-13
      4730.00   1.5654288e-13
      4740.00   1.5909830e-13
      4750.00   1.6168081e-13
      4760.00   1.6429049e-13
      4770.00   1.6692742e-13
      4780.00   1.6959164e-13
      4790.00   1.7228324e-13
      4800.00   1.7500227e-13
      4810.00   1.7774878e-13
      4820.00   1.8052283e-13
      4830.00   1.8332449e-13
      4840.00   1.8615381e-13
      4850.00   1.8901083e-13
      4860.00   1.9189560e-13
      4870.00   1.9480816e-13
      4880.00   1.9774856e-13
      4890.00   2.0071684e-13
      4900.00   2.0371303e-13
      4910.00   2.0673718e-13
      4920.00   2.0978933e-13
      4930.00   2.1286945e-13
      4940.00   2.1597766e-13
      4950.00   2.1911391e-13
      4960.00   2.2227825e-13
      4970.00   2.2547072e-13
      4980.00   2.2869133e-13
      4990.00   2.3194009e-13
      5000.00   2.3521701e-13
      5010.00   2.3852212e-13
      5020.00   2.4185540e-13
      5030.00   2.4521688e-13
      5040.00   2.4860658e-13
      5050.00   2.5202445e-13
      5060.00   2.5547053e-13
      5070.00   2.5894485e-13
      5080.00   2.6244732e-13
      5090.00   2.6597800e-13
      5100.00   2.6953687e-13
      5110.00   2.7312390e-13
      5120.00   2.7673908e-13
      5130.00   2.8038239e-13
      5140.00   2.8405386e-13
      5150.00   2.8775340e-13
      5160.00   2.9148105e-13
      5170.00   2.9523674e-13
      5180.00   2.9902045e-13
      5190.00   3.0283219e-13
      5200.00   3.0667187e-13
      5210.00   3.1053950e-13
      5220.00   3.1443501e-13
      5230.00   3.1835839e-13
      5240.00   3.2230961e-13
      5250.00   3.2628858e-13
      5260.00   3.3029528e-13
      5270.00   3.3432966e-13
      5280.00   3.3839170e-13
      5290.00   3.4248133e-13
      5300.00   3.4659847e-13
      5310.00   3.5074311e-13
      5320.00   3.5491516e-13
      5330.00   3.5911456e-13
      5340.00   3.6334128e-13
      5350.00   3.6759523e-13
      5360.00   3.7187636e-13
      5370.00   3.7618457e-13
      5380.00   3.8051984e-13
      5390.00   3.8488205e-13
      5400.00   3.8927113e-13
      5410.00   3.9368706e-13
      5420.00   3.9812970e-13
      5430.00   4.0259902e-13
      5440.00   4.0709493e-13
      5450.00   4.1161731e-13
      5460.00   4.1616605e-13
      5470.00   4.2074117e-13
      5480.00   4.2534249e-13
      5490.00   4.2996998e-13
      5500.00   4.3462347e-13
      5510.00   4.3930298e-13
      5520.00   4.4400833e-13
      5530.00   4.4873943e-13
      5540.00   4.5349615e-13
      5550.00   4.5827851e-13
      5560.00   4.6308622e-13
      5570.00   4.6791935e-13
      5580.00   4.7277776e-13
      5590.00   4.7766126e-13
      5600.00   4.8256977e-13
      5610.00   4.8750323e-13
      5620.00   4.9246146e-13
      5630.00   4.9744442e-13
      5640.00   5.0245197e-13
      5650.00   5.0748390e-13
      5660.00   5.1254023e-13
      5670.00   5.1762076e-13
      5680.00   5.2272539e-13
      5690.00   5.2785397e-13
      5700.00   5.3300641e-13
      5710.00   5.3818255e-13
      5720.00   5.4338235e-13
      5730.00   5.4860551e-13
      5740.00   5.5385211e-13
      5750.00   5.5912181e-13
      5760.00   5.6441462e-13
      5770.00   5.6973036e-13
      5780.00   5.7506889e-13
      5790.00   5.8043005e-13
      5800.00   5.8581374e-13
      5810.00   5.9121990e-13
      5820.00   5.9664822e-13
      5830.00   6.0209865e-13
      5840.00   6.0757102e-13
      5850.00   6.1306518e-13
      5860.00   6.1858102e-13
      5870.00   6.2411837e-13
      5880.00   6.2967709e-13
      5890.00   6.3525705e-13
      5900.00   6.4085804e-13
      5910.00   6.4647996e-13
      5920.00   6.5212260e-13
      5930.00   6.5778593e-13
      5940.00   6.6346969e-13
      5950.00   6.6917373e-13
      5960.00   6.7489793e-13
      5970.00   6.8064208e-13
      5980.00   6.8640610e-13
      5990.00   6.9218980e-13
      6000.00   6.9799300e-13
      6010.00   7.0381548e-13
      6020.00   7.0965719e-13
      6030.00   7.1551796e-13
      6040.00   7.2139757e-13
      6050.00   7.2729585e-13
      6060.00   7.3321265e-13
      6070.00   7.3914785e-13
      6080.00   7.4510127e-13
      6090.00   7.5107271e-13
      6100.00   7.5706199e-13
      6110.00   7.6306891e-13
      6120.00   7.6909349e-13
      6130.00   7.7513533e-13
      6140.00   7.8119440e-13
      6150.00   7.8727044e-13
      6160.00   7.9336333e-13
      6170.00   7.9947291e-13
      6180.00   8.0559896e-13
      6190.00   8.1174132e-13
      6200.00   8.1789992e-13
      6210.00   8.2407439e-13
      6220.00   8.3026468e-13
      6230.00   8.3647066e-13
      6240.00   8.4269208e-13
      6250.00   8.4892866e-13
      6260.00   8.5518045e-13
      6270.00   8.6144717e-13
      6280.00   8.6772857e-13
      6290.00   8.7402449e-13
      6300.00   8.8033486e-13
      6310.00   8.8665941e-13
      6320.00   8.9299809e-13
      6330.00   8.9935044e-13
      6340.00   9.0571649e-13
      6350.00   9.1209618e-13
      6360.00   9.1848905e-13
      6370.00   9.2489504e-13
      6380.00   9.3131400e-13
      6390.00   9.3774576e-13
      6400.00   9.4419006e-13
      6410.00   9.5064675e-13
      6420.00   9.5711567e-13
      6430.00   9.6359666e-13
      6440.00   9.7008956e-13
      6450.00   9.7659403e-13
      6460.00   9.8311000e-13
      6470.00   9.8963732e-13
      6480.00   9.9617574e-13
      6490.00   1.0027252e-12
      6500.00   1.0092853e-12
      6510.00   1.0158561e-12
      6520.00   1.0224373e-12
      6530.00   1.0290286e-12
      6540.00   1.0356300e-12
      6550.00   1.0422413e-12
      6560.00   1.0488622e-12
      6570.00   1.0554926e-12
      6580.00   1.0621323e-12
      6590.00   1.0687812e-12
      6600.00   1.0754390e-12
      6610.00   1.0821056e-12
      6620.00   1.0887807e-12
      6630.00   1.0954642e-12
      6640.00   1.1021559e-12
      6650.00   1.1088558e-12
      6660.00   1.1155634e-12
      6670.00   1.1222787e-12
      6680.00   1.1290015e-12
      6690.00   1.1357316e-12
      6700.00   1.1424689e-12
      6710.00   1.1492130e-12
      6720.00   1.1559640e-12
      6730.00   1.1627215e-12
      6740.00   1.1694855e-12
      6750.00   1.1762557e-12
      6760.00   1.1830320e-12
      6770.00   1.1898142e-12
      6780.00   1.1966019e-12
      6790.00   1.2033953e-12
      6800.00   1.2101940e-12
      6810.00   1.2169979e-12
      6820.00   1.2238067e-12
      6830.00   1.2306204e-12
      6840.00   1.2374387e-12
      6850.00   1.2442614e-12
      6860.00   1.2510885e-12
      6870.00   1.2579196e-12
      6880.00   1.2647547e-12
      6890.00   1.2715935e-12
      6900.00   1.2784358e-12
      6910.00   1.2852816e-12
      6920.00   1.2921308e-12
      6930.00   1.2989828e-12
      6940.00   1.3058379e-12
      6950.00   1.3126956e-12
      6960.00   1.3195558e-12
      6970.00   1.3264184e-12
      6980.00   1.3332833e-12
      6990.00   1.3401503e-12
      7000.00   1.3470191e-12
      7010.00   1.3538895e-12
      7020.00   1.3607615e-12
      7030.00   1.3676349e-12
      7040.00   1.3745094e-12
      7050.00   1.3813851e-12
      7060.00   1.3882615e-12
      7070.00   1.3951387e-12
      7080.00   1.4020163e-12
      7090.00   1.4088943e-12
      7100.00   1.4157726e-12
      7110.00   1.4226509e-12
      7120.00   1.4295292e-12
      7130.00   1.4364072e-12
      7140.00   1.4432845e-12
      7150.00   1.4501614e-12
      7160.00   1.4570375e-12
      7170.00   1.4639126e-12
      7180.00   1.4707867e-12
      7190.00   1.4776596e-12
      7200.00   1.4845310e-12
      7210.00   1.4914008e-12
      7220.00   1.4982692e-12
      7230.00   1.5051354e-12
      7240.00   1.5119998e-12
      7250.00   1.5188617e-12
      7260.00   1.5257215e-12
      7270.00   1.5325789e-12
      7280.00   1.5394334e-12
      7290.00   1.5462853e-12
      7300.00   1.5531342e-12
      7310.00   1.5599801e-12
      7320.00   1.5668226e-12
      7330.00   1.5736619e-12
      7340.00   1.5804974e-12
      7350.00   1.5873294e-12
      7360.00   1.5941576e-12
      7370.00   1.6009819e-12
      7380.00   1.6078018e-12
      7390.00   1.6146176e-12
      7400.00   1.6214289e-12
      7410.00   1.6282357e-12
      7420.00   1.6350379e-12
      7430.00   1.6418351e-12
      7440.00   1.6486273e-12
      7450.00   1.6554146e-12
      7460.00   1.6621965e-12
      7470.00   1.6689730e-12
      7480.00   1.6757440e-12
      7490.00   1.6825093e-12
      7500.00   1.6892689e-12
      7510.00   1.6960224e-12
      7520.00   1.7027699e-12
      7530.00   1.7095111e-12
      7540.00   1.7162461e-12
      7550.00   1.7229745e-12
      7560.00   1.7296964e-12
      7570.00   1.7364115e-12
      7580.00   1.7431195e-12
      7590.00   1.7498208e-12
      7600.00   1.7565150e-12
      7610.00   1.7632017e-12
      7620.00   1.7698813e-12
      7630.00   1.7765530e-12
      7640.00   1.7832175e-12
      7650.00   1.7898739e-12
      7660.00   1.7965227e-12
      7670.00   1.8031632e-12
      7680.00   1.8097957e-12
      7690.00   1.8164200e-12
      7700.00   1.8230359e-12
      7710.00   1.8296433e-12
      7720.00   1.8362420e-12
      7730.00   1.8428322e-12
      7740.00   1.8494134e-12
      7750.00   1.8559856e-12
      7760.00   1.8625488e-12
      7770.00   1.8691028e-12
      7780.00   1.8756475e-12
      7790.00   1.8821827e-12
      7800.00   1.8887085e-12
      7810.00   1.8952245e-12
      7820.00   1.9017309e-12
      7830.00   1.9082274e-12
      7840.00   1.9147139e-12
      7850.00   1.9211903e-12
      7860.00   1.9276564e-12
      7870.00   1.9341124e-12
      7880.00   1.9405578e-12
      7890.00   1.9469929e-12
      7900.00   1.9534172e-12
      7910.00   1.9598310e-12
      7920.00   1.9662339e-12
      7930.00   1.9726258e-12
      7940.00   1.9790067e-12
      7950.00   1.9853764e-12
      7960.00   1.9917352e-12
      7970.00   1.9980824e-12
      7980.00   2.0044183e-12
      7990.00   2.0107426e-12
      8000.00   2.0170553e-12
