      1600.00   3.0088277e-07
      1610.00   2.9853653e-07
      1620.00   2.9618456e-07
      1630.00   2.9382820e-07
      1640.00   2.9146853e-07
      1650.00   2.8910672e-07
      1660.00   2.8674381e-07
      1670.00   2.8438089e-07
      1680.00   2.8201888e-07
      1690.00   2.7965874e-07
      1700.00   2.7730140e-07
      1710.00   2.7494769e-07
      1720.00   2.7259842e-07
      1730.00   2.7025437e-07
      1740.00   2.6791624e-07
      1750.00   2.6558480e-07
      1760.00   2.6326066e-07
      1770.00   2.6094450e-07
      1780.00   2.5863689e-07
      1790.00   2.5633840e-07
      1800.00   2.5404957e-07
      1810.00   2.5177095e-07
      1820.00   2.4950293e-07
      1830.00   2.4724605e-07
      1840.00   2.4500070e-07
      1850.00   2.4276729e-07
      1860.00   2.4054619e-07
      1870.00   2.3833779e-07
      1880.00   2.3614238e-07
      1890.00   2.3396029e-07
      1900.00   2.3179181e-07
      1910.00   2.2963721e-07
      1920.00   2.2749674e-07
      1930.00   2.2537063e-07
      1940.00   2.2325913e-07
      1950.00   2.2116240e-07
      1960.00   2.1908065e-07
      1970.00   2.1701401e-07
      1980.00   2.1496269e-07
      1990.00   2.1292680e-07
      2000.00   2.1090644e-07
      2010.00   2.0890176e-07
      2020.00   2.0691284e-07
      2030.00   2.0493978e-07
      2040.00   2.0298266e-07
      2050.00   2.0104153e-07
      2060.00   1.9911646e-07
      2070.00   1.9720748e-07
      2080.00   1.9531467e-07
      2090.00   1.9343799e-07
      2100.00   1.9157749e-07
      2110.00   1.8973320e-07
      2120.00   1.8790509e-07
      2130.00   1.8609319e-07
      2140.00   1.8429746e-07
      2150.00   1.8251789e-07
      2160.00   1.8075445e-07
      2170.00   1.7900710e-07
      2180.00   1.7727584e-07
      2190.00   1.7556059e-07
      2200.00   1.7386132e-07
      2210.00   1.7217798e-07
      2220.00   1.7051049e-07
      2230.00   1.6885881e-07
      2240.00   1.6722287e-07
      2250.00   1.6560259e-07
      2260.00   1.6399792e-07
      2270.00   1.6240874e-07
      2280.00   1.6083502e-07
      2290.00   1.5927663e-07
      2300.00   1.5773352e-07
      2310.00   1.5620558e-07
      2320.00   1.5469273e-07
      2330.00   1.5319488e-07
      2340.00   1.5171190e-07
      2350.00   1.5024373e-07
      2360.00   1.4879025e-07
      2370.00   1.4735138e-07
      2380.00   1.4592699e-07
      2390.00   1.4451698e-07
      2400.00   1.4312125e-07
      2410.00   1.4173968e-07
      2420.00   1.4037218e-07
      2430.00   1.3901863e-07
      2440.00   1.3767892e-07
      2450.00   1.3635294e-07
      2460.00   1.3504058e-07
      2470.00   1.3374171e-07
      2480.00   1.3245622e-07
      2490.00   1.3118401e-07
      2500.00   1.2992496e-07
      2510.00   1.2867896e-07
      2520.00   1.2744589e-07
      2530.00   1.2622561e-07
      2540.00   1.2501804e-07
      2550.00   1.2382306e-07
      2560.00   1.2264053e-07
      2570.00   1.2147035e-07
      2580.00   1.2031240e-07
      2590.00   1.1916657e-07
      2600.00   1.1803275e-07
      2610.00   1.1691081e-07
      2620.00   1.1580065e-07
      2630.00   1.1470214e-07
      2640.00   1.1361517e-07
      2650.00   1.1253963e-07
      2660.00   1.1147542e-07
      2670.00   1.1042240e-07
      2680.00   1.0938048e-07
      2690.00   1.0834953e-07
      2700.00   1.0732944e-07
      2710.00   1.0632012e-07
      2720.00   1.0532146e-07
      2730.00   1.0433331e-07
      2740.00   1.0335561e-07
      2750.00   1.0238822e-07
      2760.00   1.0143105e-07
      2770.00   1.0048398e-07
      2780.00   9.9546909e-08
      2790.00   9.8619747e-08
      2800.00   9.7702357e-08
      2810.00   9.6794661e-08
      2820.00   9.5896557e-08
      2830.00   9.5007923e-08
      2840.00   9.4128674e-08
      2850.00   9.3258702e-08
      2860.00   9.2397916e-08
      2870.00   9.1546206e-08
      2880.00   9.0703471e-08
      2890.00   8.9869627e-08
      2900.00   8.9044565e-08
      2910.00   8.8228212e-08
      2920.00   8.7420446e-08
      2930.00   8.6621181e-08
      2940.00   8.5830328e-08
      2950.00   8.5047796e-08
      2960.00   8.4273481e-08
      2970.00   8.3507317e-08
      2980.00   8.2749192e-08
      2990.00   8.1999023e-08
      3000.00   8.1256729e-08
      3010.00   8.0522206e-08
      3020.00   7.9795390e-08
      3030.00   7.9076175e-08
      3040.00   7.8364494e-08
      3050.00   7.7660253e-08
      3060.00   7.6963371e-08
      3070.00   7.6273764e-08
      3080.00   7.5591350e-08
      3090.00   7.4916053e-08
      3100.00   7.4247795e-08
      3110.00   7.3586485e-08
      3120.00   7.2932066e-08
      3130.00   7.2284439e-08
      3140.00   7.1643545e-08
      3150.00   7.1009294e-08
      3160.00   7.0381628e-08
      3170.00   6.9760445e-08
      3180.00   6.9145708e-08
      3190.00   6.8537318e-08
      3200.00   6.7935216e-08
      3210.00   6.7339323e-08
      3220.00   6.6749583e-08
      3230.00   6.6165906e-08
      3240.00   6.5588238e-08
      3250.00   6.5016514e-08
      3260.00   6.4450663e-08
      3270.00   6.3890608e-08
      3280.00   6.3336301e-08
      3290.00   6.2787664e-08
      3300.00   6.2244642e-08
      3310.00   6.1707168e-08
      3320.00   6.1175173e-08
      3330.00   6.0648607e-08
      3340.00   6.0127406e-08
      3350.00   5.9611501e-08
      3360.00   5.9100839e-08
      3370.00   5.8595362e-08
      3380.00   5.8095008e-08
      3390.00   5.7599725e-08
      3400.00   5.7109450e-08
      3410.00   5.6624133e-08
      3420.00   5.6143709e-08
      3430.00   5.5668131e-08
      3440.00   5.5197340e-08
      3450.00   5.4731279e-08
      3460.00   5.4269911e-08
      3470.00   5.3813165e-08
      3480.00   5.3360993e-08
      3490.00   5.2913350e-08
      3500.00   5.2470184e-08
      3510.00   5.2031438e-08
      3520.00   5.1597071e-08
      3530.00   5.1167032e-08
      3540.00   5.0741266e-08
      3550.00   5.0319731e-08
      3560.00   4.9902382e-08
      3570.00   4.9489167e-08
      3580.00   4.9080043e-08
      3590.00   4.8674959e-08
      3600.00   4.8273878e-08
      3610.00   4.7876756e-08
      3620.00   4.7483541e-08
      3630.00   4.7094185e-08
      3640.00   4.6708659e-08
      3650.00   4.6326918e-08
      3660.00   4.5948913e-08
      3670.00   4.5574605e-08
      3680.00   4.5203958e-08
      3690.00   4.4836924e-08
      3700.00   4.4473468e-08
      3710.00   4.4113550e-08
      3720.00   4.3757127e-08
      3730.00   4.3404168e-08
      3740.00   4.3054627e-08
      3750.00   4.2708472e-08
      3760.00   4.2365658e-08
      3770.00   4.2026158e-08
      3780.00   4.1689928e-08
      3790.00   4.1356932e-08
      3800.00   4.1027146e-08
      3810.00   4.0700522e-08
      3820.00   4.0377029e-08
      3830.00   4.0056635e-08
      3840.00   3.9739301e-08
      3850.00   3.9425000e-08
      3860.00   3.9113692e-08
      3870.00   3.8805355e-08
      3880.00   3.8499946e-08
      3890.00   3.8197437e-08
      3900.00   3.7897798e-08
      3910.00   3.7600997e-08
      3920.00   3.7307002e-08
      3930.00   3.7015780e-08
      3940.00   3.6727306e-08
      3950.00   3.6441549e-08
      3960.00   3.6158481e-08
      3970.00   3.5878069e-08
      3980.00   3.5600289e-08
      3990.00   3.5325108e-08
      4000.00   3.5052498e-08
      4010.00   3.4782436e-08
      4020.00   3.4514891e-08
      4030.00   3.4249839e-08
      4040.00   3.3987249e-08
      4050.00   3.3727099e-08
      4060.00   3.3469358e-08
      4070.00   3.3214006e-08
      4080.00   3.2961014e-08
      4090.00   3.2710356e-08
      4100.00   3.2462012e-08
      4110.00   3.2215953e-08
      4120.00   3.1972154e-08
      4130.00   3.1730595e-08
      4140.00   3.1491247e-08
      4150.00   3.1254095e-08
      4160.00   3.1019108e-08
      4170.00   3.0786264e-08
      4180.00   3.0555543e-08
      4190.00   3.0326920e-08
      4200.00   3.0100377e-08
      4210.00   2.9875893e-08
      4220.00   2.9653437e-08
      4230.00   2.9432998e-08
      4240.00   2.9214546e-08
      4250.00   2.8998069e-08
      4260.00   2.8783542e-08
      4270.00   2.8570943e-08
      4280.00   2.8360256e-08
      4290.00   2.8151458e-08
      4300.00   2.7944531e-08
      4310.00   2.7739455e-08
      4320.00   2.7536210e-08
      4330.00   2.7334776e-08
      4340.00   2.7135137e-08
      4350.00   2.6937275e-08
      4360.00   2.6741169e-08
      4370.00   2.6546803e-08
      4380.00   2.6354156e-08
      4390.00   2.6163214e-08
      4400.00   2.5973956e-08
      4410.00   2.5786370e-08
      4420.00   2.5600431e-08
      4430.00   2.5416128e-08
      4440.00   2.5233444e-08
      4450.00   2.5052361e-08
      4460.00   2.4872863e-08
      4470.00   2.4694933e-08
      4480.00   2.4518555e-08
      4490.00   2.4343716e-08
      4500.00   2.4170398e-08
      4510.00   2.3998584e-08
      4520.00   2.3828265e-08
      4530.00   2.3659418e-08
      4540.00   2.3492032e-08
      4550.00   2.3326094e-08
      4560.00   2.3161587e-08
      4570.00   2.2998496e-08
      4580.00   2.2836808e-08
      4590.00   2.2676510e-08
      4600.00   2.2517586e-08
      4610.00   2.2360024e-08
      4620.00   2.2203808e-08
      4630.00   2.2048926e-08
      4640.00   2.1895367e-08
      4650.00   2.1743115e-08
      4660.00   2.1592157e-08
      4670.00   2.1442480e-08
      4680.00   2.1294073e-08
      4690.00   2.1146923e-08
      4700.00   2.1001015e-08
      4710.00   2.0856341e-08
      4720.00   2.0712884e-08
      4730.00   2.0570636e-08
      4740.00   2.0429585e-08
      4750.00   2.0289716e-08
      4760.00   2.0151020e-08
      4770.00   2.0013485e-08
      4780.00   1.9877099e-08
      4790.00   1.9741852e-08
      4800.00   1.9607731e-08
      4810.00   1.9474726e-08
      4820.00   1.9342826e-08
      4830.00   1.9212021e-08
      4840.00   1.9082300e-08
      4850.00   1.8953652e-08
      4860.00   1.8826067e-08
      4870.00   1.8699535e-08
      4880.00   1.8574045e-08
      4890.00   1.8449588e-08
      4900.00   1.8326152e-08
      4910.00   1.8203730e-08
      4920.00   1.8082312e-08
      4930.00   1.7961883e-08
      4940.00   1.7842442e-08
      4950.00   1.7723972e-08
      4960.00   1.7606467e-08
      4970.00   1.7489919e-08
      4980.00   1.7374318e-08
      4990.00   1.7259654e-08
      5000.00   1.7145919e-08
      5010.00   1.7033104e-08
      5020.00   1.6921198e-08
      5030.00   1.6810196e-08
      5040.00   1.6700089e-08
      5050.00   1.6590865e-08
      5060.00   1.6482519e-08
      5070.00   1.6375043e-08
      5080.00   1.6268426e-08
      5090.00   1.6162662e-08
      5100.00   1.6057744e-08
      5110.00   1.5953661e-08
      5120.00   1.5850406e-08
      5130.00   1.5747972e-08
      5140.00   1.5646353e-08
      5150.00   1.5545538e-08
      5160.00   1.5445523e-08
      5170.00   1.5346298e-08
      5180.00   1.5247856e-08
      5190.00   1.5150191e-08
      5200.00   1.5053294e-08
      5210.00   1.4957159e-08
      5220.00   1.4861779e-08
      5230.00   1.4767147e-08
      5240.00   1.4673256e-08
      5250.00   1.4580099e-08
      5260.00   1.4487668e-08
      5270.00   1.4395958e-08
      5280.00   1.4304963e-08
      5290.00   1.4214676e-08
      5300.00   1.4125088e-08
      5310.00   1.4036197e-08
      5320.00   1.3947993e-08
      5330.00   1.3860470e-08
      5340.00   1.3773624e-08
      5350.00   1.3687448e-08
      5360.00   1.3601935e-08
      5370.00   1.3517079e-08
      5380.00   1.3432876e-08
      5390.00   1.3349317e-08
      5400.00   1.3266397e-08
      5410.00   1.3184113e-08
      5420.00   1.3102457e-08
      5430.00   1.3021423e-08
      5440.00   1.2941008e-08
      5450.00   1.2861203e-08
      5460.00   1.2782003e-08
      5470.00   1.2703405e-08
      5480.00   1.2625402e-08
      5490.00   1.2547989e-08
      5500.00   1.2471160e-08
      5510.00   1.2394912e-08
      5520.00   1.2319237e-08
      5530.00   1.2244132e-08
      5540.00   1.2169590e-08
      5550.00   1.2095609e-08
      5560.00   1.2022180e-08
      5570.00   1.1949301e-08
      5580.00   1.1876968e-08
      5590.00   1.1805173e-08
      5600.00   1.1733913e-08
      5610.00   1.1663184e-08
      5620.00   1.1592979e-08
      5630.00   1.1523297e-08
      5640.00   1.1454131e-08
      5650.00   1.1385475e-08
      5660.00   1.1317328e-08
      5670.00   1.1249684e-08
      5680.00   1.1182538e-08
      5690.00   1.1115886e-08
      5700.00   1.1049724e-08
      5710.00   1.0984048e-08
      5720.00   1.0918854e-08
      5730.00   1.0854136e-08
      5740.00   1.0789893e-08
      5750.00   1.0726117e-08
      5760.00   1.0662807e-08
      5770.00   1.0599958e-08
      5780.00   1.0537566e-08
      5790.00   1.0475626e-08
      5800.00   1.0414136e-08
      5810.00   1.0353093e-08
      5820.00   1.0292490e-08
      5830.00   1.0232325e-08
      5840.00   1.0172594e-08
      5850.00   1.0113293e-08
      5860.00   1.0054419e-08
      5870.00   9.9959683e-09
      5880.00   9.9379367e-09
      5890.00   9.8803214e-09
      5900.00   9.8231180e-09
      5910.00   9.7663235e-09
      5920.00   9.7099338e-09
      5930.00   9.6539473e-09
      5940.00   9.5983591e-09
      5950.00   9.5431658e-09
      5960.00   9.4883647e-09
      5970.00   9.4339515e-09
      5980.00   9.3799245e-09
      5990.00   9.3262796e-09
      6000.00   9.2730136e-09
      6010.00   9.2201225e-09
      6020.00   9.1676045e-09
      6030.00   9.1154565e-09
      6040.00   9.0636746e-09
      6050.00   9.0122560e-09
      6060.00   8.9611975e-09
      6070.00   8.9104967e-09
      6080.00   8.8601507e-09
      6090.00   8.8101560e-09
      6100.00   8.7605097e-09
      6110.00   8.7112084e-09
      6120.00   8.6622515e-09
      6130.00   8.6136335e-09
      6140.00   8.5653532e-09
      6150.00   8.5174069e-09
      6160.00   8.4697925e-09
      6170.00   8.4225072e-09
      6180.00   8.3755479e-09
      6190.00   8.3289122e-09
      6200.00   8.2825983e-09
      6210.00   8.2366019e-09
      6220.00   8.1909213e-09
      6230.00   8.1455546e-09
      6240.00   8.1004985e-09
      6250.00   8.0557495e-09
      6260.00   8.0113071e-09
      6270.00   7.9671682e-09
      6280.00   7.9233293e-09
      6290.00   7.8797884e-09
      6300.00   7.8365439e-09
      6310.00   7.7935927e-09
      6320.00   7.7509336e-09
      6330.00   7.7085617e-09
      6340.00   7.6664766e-09
      6350.00   7.6246769e-09
      6360.00   7.5831581e-09
      6370.00   7.5419190e-09
      6380.00   7.5009574e-09
      6390.00   7.4602713e-09
      6400.00   7.4198579e-09
      6410.00   7.3797152e-09
      6420.00   7.3398413e-09
      6430.00   7.3002342e-09
      6440.00   7.2608919e-09
      6450.00   7.2218111e-09
      6460.00   7.1829907e-09
      6470.00   7.1444287e-09
      6480.00   7.1061227e-09
      6490.00   7.0680715e-09
      6500.00   7.0302719e-09
      6510.00   6.9927228e-09
      6520.00   6.9554219e-09
      6530.00   6.9183667e-09
      6540.00   6.8815561e-09
      6550.00   6.8449885e-09
      6560.00   6.8086608e-09
      6570.00   6.7725715e-09
      6580.00   6.7367195e-09
      6590.00   6.7011026e-09
      6600.00   6.6657185e-09
      6610.00   6.6305657e-09
      6620.00   6.5956426e-09
      6630.00   6.5609466e-09
      6640.00   6.5264771e-09
      6650.00   6.4922321e-09
      6660.00   6.4582090e-09
      6670.00   6.4244069e-09
      6680.00   6.3908242e-09
      6690.00   6.3574580e-09
      6700.00   6.3243084e-09
      6710.00   6.2913723e-09
      6720.00   6.2586490e-09
      6730.00   6.2261359e-09
      6740.00   6.1938327e-09
      6750.00   6.1617366e-09
      6760.00   6.1298467e-09
      6770.00   6.0981617e-09
      6780.00   6.0666787e-09
      6790.00   6.0353976e-09
      6800.00   6.0043159e-09
      6810.00   5.9734330e-09
      6820.00   5.9427466e-09
      6830.00   5.9122555e-09
      6840.00   5.8819580e-09
      6850.00   5.8518529e-09
      6860.00   5.8219389e-09
      6870.00   5.7922141e-09
      6880.00   5.7626777e-09
      6890.00   5.7333276e-09
      6900.00   5.7041624e-09
      6910.00   5.6751815e-09
      6920.00   5.6463836e-09
      6930.00   5.6177659e-09
      6940.00   5.5893285e-09
      6950.00   5.5610690e-09
      6960.00   5.5329865e-09
      6970.00   5.5050799e-09
      6980.00   5.4773480e-09
      6990.00   5.4497895e-09
      7000.00   5.4224022e-09
      7010.00   5.3951854e-09
      7020.00   5.3681382e-09
      7030.00   5.3412595e-09
      7040.00   5.3145469e-09
      7050.00   5.2880005e-09
      7060.00   5.2616182e-09
      7070.00   5.2353991e-09
      7080.00   5.2093417e-09
      7090.00   5.1834451e-09
      7100.00   5.1577083e-09
      7110.00   5.1321298e-09
      7120.00   5.1067089e-09
      7130.00   5.0814443e-09
      7140.00   5.0563338e-09
      7150.00   5.0313779e-09
      7160.00   5.0065743e-09
      7170.00   4.9819222e-09
      7180.00   4.9574208e-09
      7190.00   4.9330691e-09
      7200.00   4.9088653e-09
      7210.00   4.8848090e-09
      7220.00   4.8608993e-09
      7230.00   4.8371339e-09
      7240.00   4.8135134e-09
      7250.00   4.7900351e-09
      7260.00   4.7666991e-09
      7270.00   4.7435046e-09
      7280.00   4.7204493e-09
      7290.00   4.6975334e-09
      7300.00   4.6747557e-09
      7310.00   4.6521149e-09
      7320.00   4.6296098e-09
      7330.00   4.6072400e-09
      7340.00   4.5850039e-09
      7350.00   4.5629013e-09
      7360.00   4.5409309e-09
      7370.00   4.5190920e-09
      7380.00   4.4973825e-09
      7390.00   4.4758031e-09
      7400.00   4.4543517e-09
      7410.00   4.4330282e-09
      7420.00   4.4118312e-09
      7430.00   4.3907599e-09
      7440.00   4.3698134e-09
      7450.00   4.3489911e-09
      7460.00   4.3282920e-09
      7470.00   4.3077149e-09
      7480.00   4.2872593e-09
      7490.00   4.2669240e-09
      7500.00   4.2467089e-09
      7510.00   4.2266121e-09
      7520.00   4.2066334e-09
      7530.00   4.1867719e-09
      7540.00   4.1670271e-09
      7550.00   4.1473976e-09
      7560.00   4.1278829e-09
      7570.00   4.1084821e-09
      7580.00   4.0891940e-09
      7590.00   4.0700191e-09
      7600.00   4.0509556e-09
      7610.00   4.0320026e-09
      7620.00   4.0131600e-09
      7630.00   3.9944262e-09
      7640.00   3.9758016e-09
      7650.00   3.9572843e-09
      7660.00   3.9388744e-09
      7670.00   3.9205704e-09
      7680.00   3.9023721e-09
      7690.00   3.8842787e-09
      7700.00   3.8662897e-09
      7710.00   3.8484037e-09
      7720.00   3.8306205e-09
      7730.00   3.8129397e-09
      7740.00   3.7953600e-09
      7750.00   3.7778807e-09
      7760.00   3.7605016e-09
      7770.00   3.7432217e-09
      7780.00   3.7260402e-09
      7790.00   3.7089568e-09
      7800.00   3.6919706e-09
      7810.00   3.6750808e-09
      7820.00   3.6582874e-09
      7830.00   3.6415889e-09
      7840.00   3.6249852e-09
      7850.00   3.6084754e-09
      7860.00   3.5920589e-09
      7870.00   3.5757353e-09
      7880.00   3.5595036e-09
      7890.00   3.5433637e-09
      7900.00   3.5273144e-09
      7910.00   3.5113557e-09
      7920.00   3.4954864e-09
      7930.00   3.4797061e-09
      7940.00   3.4640145e-09
      7950.00   3.4484106e-09
      7960.00   3.4328944e-09
      7970.00   3.4174644e-09
      7980.00   3.4021208e-09
      7990.00   3.3868626e-09
      8000.00   3.3716894e-09
