      1600.00   3.1013492e-07
      1610.00   3.0766435e-07
      1620.00   3.0518942e-07
      1630.00   3.0271146e-07
      1640.00   3.0023157e-07
      1650.00   2.9775091e-07
      1660.00   2.9527056e-07
      1670.00   2.9279158e-07
      1680.00   2.9031490e-07
      1690.00   2.8784149e-07
      1700.00   2.8537226e-07
      1710.00   2.8290806e-07
      1720.00   2.8044969e-07
      1730.00   2.7799792e-07
      1740.00   2.7555346e-07
      1750.00   2.7311706e-07
      1760.00   2.7068934e-07
      1770.00   2.6827094e-07
      1780.00   2.6586246e-07
      1790.00   2.6346445e-07
      1800.00   2.6107743e-07
      1810.00   2.5870196e-07
      1820.00   2.5633839e-07
      1830.00   2.5398728e-07
      1840.00   2.5164900e-07
      1850.00   2.4932394e-07
      1860.00   2.4701247e-07
      1870.00   2.4471496e-07
      1880.00   2.4243169e-07
      1890.00   2.4016299e-07
      1900.00   2.3790912e-07
      1910.00   2.3567035e-07
      1920.00   2.3344690e-07
      1930.00   2.3123900e-07
      1940.00   2.2904689e-07
      1950.00   2.2687071e-07
      1960.00   2.2471066e-07
      1970.00   2.2256685e-07
      1980.00   2.2043948e-07
      1990.00   2.1832865e-07
      2000.00   2.1623444e-07
      2010.00   2.1415699e-07
      2020.00   2.1209638e-07
      2030.00   2.1005266e-07
      2040.00   2.0802593e-07
      2050.00   2.0601622e-07
      2060.00   2.0402357e-07
      2070.00   2.0204801e-07
      2080.00   2.0008961e-07
      2090.00   1.9814830e-07
      2100.00   1.9622415e-07
      2110.00   1.9431713e-07
      2120.00   1.9242724e-07
      2130.00   1.9055447e-07
      2140.00   1.8869876e-07
      2150.00   1.8686012e-07
      2160.00   1.8503848e-07
      2170.00   1.8323380e-07
      2180.00   1.8144606e-07
      2190.00   1.7967518e-07
      2200.00   1.7792110e-07
      2210.00   1.7618376e-07
      2220.00   1.7446309e-07
      2230.00   1.7275902e-07
      2240.00   1.7107146e-07
      2250.00   1.6940034e-07
      2260.00   1.6774558e-07
      2270.00   1.6610706e-07
      2280.00   1.6448473e-07
      2290.00   1.6287846e-07
      2300.00   1.6128818e-07
      2310.00   1.5971377e-07
      2320.00   1.5815514e-07
      2330.00   1.5661219e-07
      2340.00   1.5508478e-07
      2350.00   1.5357284e-07
      2360.00   1.5207624e-07
      2370.00   1.5059489e-07
      2380.00   1.4912864e-07
      2390.00   1.4767739e-07
      2400.00   1.4624104e-07
      2410.00   1.4481944e-07
      2420.00   1.4341251e-07
      2430.00   1.4202011e-07
      2440.00   1.4064211e-07
      2450.00   1.3927842e-07
      2460.00   1.3792890e-07
      2470.00   1.3659341e-07
      2480.00   1.3527183e-07
      2490.00   1.3396408e-07
      2500.00   1.3267000e-07
      2510.00   1.3138947e-07
      2520.00   1.3012239e-07
      2530.00   1.2886859e-07
      2540.00   1.2762799e-07
      2550.00   1.2640046e-07
      2560.00   1.2518585e-07
      2570.00   1.2398406e-07
      2580.00   1.2279496e-07
      2590.00   1.2161843e-07
      2600.00   1.2045435e-07
      2610.00   1.1930259e-07
      2620.00   1.1816303e-07
      2630.00   1.1703555e-07
      2640.00   1.1592003e-07
      2650.00   1.1481634e-07
      2660.00   1.1372439e-07
      2670.00   1.1264403e-07
      2680.00   1.1157515e-07
      2690.00   1.1051764e-07
      2700.00   1.0947136e-07
      2710.00   1.0843622e-07
      2720.00   1.0741211e-07
      2730.00   1.0639887e-07
      2740.00   1.0539643e-07
      2750.00   1.0440465e-07
      2760.00   1.0342345e-07
      2770.00   1.0245267e-07
      2780.00   1.0149223e-07
      2790.00   1.0054203e-07
      2800.00   9.9601919e-08
      2810.00   9.8671821e-08
      2820.00   9.7751630e-08
      2830.00   9.6841216e-08
      2840.00   9.5940490e-08
      2850.00   9.5049339e-08
      2860.00   9.4167669e-08
      2870.00   9.3295364e-08
      2880.00   9.2432317e-08
      2890.00   9.1578444e-08
      2900.00   9.0733626e-08
      2910.00   8.9897790e-08
      2920.00   8.9070810e-08
      2930.00   8.8252592e-08
      2940.00   8.7443046e-08
      2950.00   8.6642077e-08
      2960.00   8.5849576e-08
      2970.00   8.5065473e-08
      2980.00   8.4289652e-08
      2990.00   8.3522028e-08
      3000.00   8.2762514e-08
      3010.00   8.2011005e-08
      3020.00   8.1267430e-08
      3030.00   8.0531684e-08
      3040.00   7.9803692e-08
      3050.00   7.9083360e-08
      3060.00   7.8370601e-08
      3070.00   7.7665330e-08
      3080.00   7.6967460e-08
      3090.00   7.6276913e-08
      3100.00   7.5593608e-08
      3110.00   7.4917450e-08
      3120.00   7.4248380e-08
      3130.00   7.3586295e-08
      3140.00   7.2931134e-08
      3150.00   7.2282802e-08
      3160.00   7.1641242e-08
      3170.00   7.1006346e-08
      3180.00   7.0378076e-08
      3190.00   6.9756329e-08
      3200.00   6.9141044e-08
      3210.00   6.8532140e-08
      3220.00   6.7929557e-08
      3230.00   6.7333204e-08
      3240.00   6.6743025e-08
      3250.00   6.6158950e-08
      3260.00   6.5580907e-08
      3270.00   6.5008818e-08
      3280.00   6.4442630e-08
      3290.00   6.3882265e-08
      3300.00   6.3327665e-08
      3310.00   6.2778759e-08
      3320.00   6.2235479e-08
      3330.00   6.1697772e-08
      3340.00   6.1165570e-08
      3350.00   6.0638804e-08
      3360.00   6.0117419e-08
      3370.00   5.9601352e-08
      3380.00   5.9090543e-08
      3390.00   5.8584935e-08
      3400.00   5.8084466e-08
      3410.00   5.7589081e-08
      3420.00   5.7098716e-08
      3430.00   5.6613319e-08
      3440.00   5.6132833e-08
      3450.00   5.5657196e-08
      3460.00   5.5186372e-08
      3470.00   5.4720286e-08
      3480.00   5.4258889e-08
      3490.00   5.3802136e-08
      3500.00   5.3349970e-08
      3510.00   5.2902336e-08
      3520.00   5.2459189e-08
      3530.00   5.2020478e-08
      3540.00   5.1586145e-08
      3550.00   5.1156148e-08
      3560.00   5.0730439e-08
      3570.00   5.0308965e-08
      3580.00   4.9891683e-08
      3590.00   4.9478540e-08
      3600.00   4.9069496e-08
      3610.00   4.8664507e-08
      3620.00   4.8263519e-08
      3630.00   4.7866484e-08
      3640.00   4.7473371e-08
      3650.00   4.7084133e-08
      3660.00   4.6698720e-08
      3670.00   4.6317093e-08
      3680.00   4.5939212e-08
      3690.00   4.5565032e-08
      3700.00   4.5194513e-08
      3710.00   4.4827616e-08
      3720.00   4.4464295e-08
      3730.00   4.4104520e-08
      3740.00   4.3748243e-08
      3750.00   4.3395431e-08
      3760.00   4.3046038e-08
      3770.00   4.2700035e-08
      3780.00   4.2357378e-08
      3790.00   4.2018029e-08
      3800.00   4.1681964e-08
      3810.00   4.1349134e-08
      3820.00   4.1019507e-08
      3830.00   4.0693048e-08
      3840.00   4.0369720e-08
      3850.00   4.0049494e-08
      3860.00   3.9732329e-08
      3870.00   3.9418201e-08
      3880.00   3.9107068e-08
      3890.00   3.8798900e-08
      3900.00   3.8493666e-08
      3910.00   3.8191333e-08
      3920.00   3.7891869e-08
      3930.00   3.7595241e-08
      3940.00   3.7301421e-08
      3950.00   3.7010379e-08
      3960.00   3.6722084e-08
      3970.00   3.6436505e-08
      3980.00   3.6153615e-08
      3990.00   3.5873381e-08
      4000.00   3.5595775e-08
      4010.00   3.5320772e-08
      4020.00   3.5048341e-08
      4030.00   3.4778457e-08
      4040.00   3.4511089e-08
      4050.00   3.4246214e-08
      4060.00   3.3983799e-08
      4070.00   3.3723826e-08
      4080.00   3.3466262e-08
      4090.00   3.3211083e-08
      4100.00   3.2958267e-08
      4110.00   3.2707786e-08
      4120.00   3.2459612e-08
      4130.00   3.2213726e-08
      4140.00   3.1970098e-08
      4150.00   3.1728713e-08
      4160.00   3.1489538e-08
      4170.00   3.1252552e-08
      4180.00   3.1017732e-08
      4190.00   3.0785056e-08
      4200.00   3.0554503e-08
      4210.00   3.0326052e-08
      4220.00   3.0099671e-08
      4230.00   2.9875349e-08
      4240.00   2.9653056e-08
      4250.00   2.9432778e-08
      4260.00   2.9214491e-08
      4270.00   2.8998171e-08
      4280.00   2.8783802e-08
      4290.00   2.8571363e-08
      4300.00   2.8360832e-08
      4310.00   2.8152189e-08
      4320.00   2.7945416e-08
      4330.00   2.7740491e-08
      4340.00   2.7537396e-08
      4350.00   2.7336115e-08
      4360.00   2.7136626e-08
      4370.00   2.6938911e-08
      4380.00   2.6742951e-08
      4390.00   2.6548730e-08
      4400.00   2.6356227e-08
      4410.00   2.6165430e-08
      4420.00   2.5976313e-08
      4430.00   2.5788864e-08
      4440.00   2.5603065e-08
      4450.00   2.5418902e-08
      4460.00   2.5236353e-08
      4470.00   2.5055404e-08
      4480.00   2.4876039e-08
      4490.00   2.4698241e-08
      4500.00   2.4521996e-08
      4510.00   2.4347284e-08
      4520.00   2.4174096e-08
      4530.00   2.4002409e-08
      4540.00   2.3832213e-08
      4550.00   2.3663492e-08
      4560.00   2.3496230e-08
      4570.00   2.3330411e-08
      4580.00   2.3166024e-08
      4590.00   2.3003053e-08
      4600.00   2.2841483e-08
      4610.00   2.2681301e-08
      4620.00   2.2522492e-08
      4630.00   2.2365041e-08
      4640.00   2.2208939e-08
      4650.00   2.2054170e-08
      4660.00   2.1900720e-08
      4670.00   2.1748574e-08
      4680.00   2.1597723e-08
      4690.00   2.1448153e-08
      4700.00   2.1299849e-08
      4710.00   2.1152802e-08
      4720.00   2.1006996e-08
      4730.00   2.0862421e-08
      4740.00   2.0719067e-08
      4750.00   2.0576916e-08
      4760.00   2.0435961e-08
      4770.00   2.0296188e-08
      4780.00   2.0157586e-08
      4790.00   2.0020144e-08
      4800.00   1.9883850e-08
      4810.00   1.9748692e-08
      4820.00   1.9614660e-08
      4830.00   1.9481744e-08
      4840.00   1.9349931e-08
      4850.00   1.9219212e-08
      4860.00   1.9089575e-08
      4870.00   1.8961011e-08
      4880.00   1.8833508e-08
      4890.00   1.8707057e-08
      4900.00   1.8581647e-08
      4910.00   1.8457268e-08
      4920.00   1.8333913e-08
      4930.00   1.8211564e-08
      4940.00   1.8090221e-08
      4950.00   1.7969868e-08
      4960.00   1.7850497e-08
      4970.00   1.7732100e-08
      4980.00   1.7614668e-08
      4990.00   1.7498190e-08
      5000.00   1.7382657e-08
      5010.00   1.7268061e-08
      5020.00   1.7154391e-08
      5030.00   1.7041641e-08
      5040.00   1.6929802e-08
      5050.00   1.6818863e-08
      5060.00   1.6708816e-08
      5070.00   1.6599656e-08
      5080.00   1.6491370e-08
      5090.00   1.6383953e-08
      5100.00   1.6277396e-08
      5110.00   1.6171689e-08
      5120.00   1.6066826e-08
      5130.00   1.5962798e-08
      5140.00   1.5859599e-08
      5150.00   1.5757219e-08
      5160.00   1.5655652e-08
      5170.00   1.5554890e-08
      5180.00   1.5454925e-08
      5190.00   1.5355750e-08
      5200.00   1.5257358e-08
      5210.00   1.5159740e-08
      5220.00   1.5062891e-08
      5230.00   1.4966803e-08
      5240.00   1.4871469e-08
      5250.00   1.4776881e-08
      5260.00   1.4683033e-08
      5270.00   1.4589918e-08
      5280.00   1.4497531e-08
      5290.00   1.4405863e-08
      5300.00   1.4314908e-08
      5310.00   1.4224660e-08
      5320.00   1.4135113e-08
      5330.00   1.4046258e-08
      5340.00   1.3958092e-08
      5350.00   1.3870606e-08
      5360.00   1.3783796e-08
      5370.00   1.3697655e-08
      5380.00   1.3612176e-08
      5390.00   1.3527354e-08
      5400.00   1.3443182e-08
      5410.00   1.3359656e-08
      5420.00   1.3276768e-08
      5430.00   1.3194515e-08
      5440.00   1.3112889e-08
      5450.00   1.3031885e-08
      5460.00   1.2951496e-08
      5470.00   1.2871720e-08
      5480.00   1.2792547e-08
      5490.00   1.2713976e-08
      5500.00   1.2635998e-08
      5510.00   1.2558611e-08
      5520.00   1.2481808e-08
      5530.00   1.2405583e-08
      5540.00   1.2329931e-08
      5550.00   1.2254850e-08
      5560.00   1.2180329e-08
      5570.00   1.2106368e-08
      5580.00   1.2032962e-08
      5590.00   1.1960104e-08
      5600.00   1.1887789e-08
      5610.00   1.1816014e-08
      5620.00   1.1744772e-08
      5630.00   1.1674061e-08
      5640.00   1.1603875e-08
      5650.00   1.1534208e-08
      5660.00   1.1465058e-08
      5670.00   1.1396419e-08
      5680.00   1.1328287e-08
      5690.00   1.1260657e-08
      5700.00   1.1193526e-08
      5710.00   1.1126887e-08
      5720.00   1.1060740e-08
      5730.00   1.0995075e-08
      5740.00   1.0929894e-08
      5750.00   1.0865187e-08
      5760.00   1.0800954e-08
      5770.00   1.0737190e-08
      5780.00   1.0673890e-08
      5790.00   1.0611050e-08
      5800.00   1.0548667e-08
      5810.00   1.0486738e-08
      5820.00   1.0425257e-08
      5830.00   1.0364220e-08
      5840.00   1.0303625e-08
      5850.00   1.0243467e-08
      5860.00   1.0183742e-08
      5870.00   1.0124448e-08
      5880.00   1.0065579e-08
      5890.00   1.0007134e-08
      5900.00   9.9491074e-09
      5910.00   9.8914962e-09
      5920.00   9.8342963e-09
      5930.00   9.7775062e-09
      5940.00   9.7211208e-09
      5950.00   9.6651366e-09
      5960.00   9.6095509e-09
      5970.00   9.5543594e-09
      5980.00   9.4995603e-09
      5990.00   9.4451494e-09
      6000.00   9.3911234e-09
      6010.00   9.3374783e-09
      6020.00   9.2842124e-09
      6030.00   9.2313223e-09
      6040.00   9.1788043e-09
      6050.00   9.1266552e-09
      6060.00   9.0748720e-09
      6070.00   9.0234522e-09
      6080.00   8.9723928e-09
      6090.00   8.9216903e-09
      6100.00   8.8713417e-09
      6110.00   8.8213436e-09
      6120.00   8.7716953e-09
      6130.00   8.7223913e-09
      6140.00   8.6734303e-09
      6150.00   8.6248086e-09
      6160.00   8.5765239e-09
      6170.00   8.5285737e-09
      6180.00   8.4809545e-09
      6190.00   8.4336640e-09
      6200.00   8.3867004e-09
      6210.00   8.3400591e-09
      6220.00   8.2937387e-09
      6230.00   8.2477371e-09
      6240.00   8.2020509e-09
      6250.00   8.1566767e-09
      6260.00   8.1116138e-09
      6270.00   8.0668591e-09
      6280.00   8.0224092e-09
      6290.00   7.9782618e-09
      6300.00   7.9344154e-09
      6310.00   7.8908670e-09
      6320.00   7.8476151e-09
      6330.00   7.8046549e-09
      6340.00   7.7619859e-09
      6350.00   7.7196068e-09
      6360.00   7.6775129e-09
      6370.00   7.6357030e-09
      6380.00   7.5941748e-09
      6390.00   7.5529265e-09
      6400.00   7.5119550e-09
      6410.00   7.4712584e-09
      6420.00   7.4308347e-09
      6430.00   7.3906819e-09
      6440.00   7.3507979e-09
      6450.00   7.3111795e-09
      6460.00   7.2718255e-09
      6470.00   7.2327338e-09
      6480.00   7.1939020e-09
      6490.00   7.1553289e-09
      6500.00   7.1170113e-09
      6510.00   7.0789480e-09
      6520.00   7.0411366e-09
      6530.00   7.0035747e-09
      6540.00   6.9662611e-09
      6550.00   6.9291941e-09
      6560.00   6.8923708e-09
      6570.00   6.8557895e-09
      6580.00   6.8194490e-09
      6590.00   6.7833472e-09
      6600.00   6.7474817e-09
      6610.00   6.7118510e-09
      6620.00   6.6764535e-09
      6630.00   6.6412864e-09
      6640.00   6.6063493e-09
      6650.00   6.5716401e-09
      6660.00   6.5371561e-09
      6670.00   6.5028964e-09
      6680.00   6.4688595e-09
      6690.00   6.4350423e-09
      6700.00   6.4014449e-09
      6710.00   6.3680642e-09
      6720.00   6.3348995e-09
      6730.00   6.3019481e-09
      6740.00   6.2692098e-09
      6750.00   6.2366817e-09
      6760.00   6.2043628e-09
      6770.00   6.1722519e-09
      6780.00   6.1403460e-09
      6790.00   6.1086449e-09
      6800.00   6.0771464e-09
      6810.00   6.0458494e-09
      6820.00   6.0147520e-09
      6830.00   5.9838527e-09
      6840.00   5.9531499e-09
      6850.00   5.9226423e-09
      6860.00   5.8923287e-09
      6870.00   5.8622071e-09
      6880.00   5.8322766e-09
      6890.00   5.8025352e-09
      6900.00   5.7729813e-09
      6910.00   5.7436146e-09
      6920.00   5.7144335e-09
      6930.00   5.6854353e-09
      6940.00   5.6566199e-09
      6950.00   5.6279852e-09
      6960.00   5.5995301e-09
      6970.00   5.5712533e-09
      6980.00   5.5431539e-09
      6990.00   5.5152303e-09
      7000.00   5.4874805e-09
      7010.00   5.4599038e-09
      7020.00   5.4324990e-09
      7030.00   5.4052652e-09
      7040.00   5.3781999e-09
      7050.00   5.3513032e-09
      7060.00   5.3245731e-09
      7070.00   5.2980086e-09
      7080.00   5.2716079e-09
      7090.00   5.2453706e-09
      7100.00   5.2192952e-09
      7110.00   5.1933806e-09
      7120.00   5.1676258e-09
      7130.00   5.1420295e-09
      7140.00   5.1165897e-09
      7150.00   5.0913065e-09
      7160.00   5.0661779e-09
      7170.00   5.0412030e-09
      7180.00   5.0163810e-09
      7190.00   4.9917108e-09
      7200.00   4.9671907e-09
      7210.00   4.9428201e-09
      7220.00   4.9185984e-09
      7230.00   4.8945229e-09
      7240.00   4.8705945e-09
      7250.00   4.8468102e-09
      7260.00   4.8231703e-09
      7270.00   4.7996740e-09
      7280.00   4.7763188e-09
      7290.00   4.7531051e-09
      7300.00   4.7300315e-09
      7310.00   4.7070967e-09
      7320.00   4.6842995e-09
      7330.00   4.6616397e-09
      7340.00   4.6391155e-09
      7350.00   4.6167265e-09
      7360.00   4.5944717e-09
      7370.00   4.5723503e-09
      7380.00   4.5503601e-09
      7390.00   4.5285019e-09
      7400.00   4.5067735e-09
      7410.00   4.4851747e-09
      7420.00   4.4637044e-09
      7430.00   4.4423614e-09
      7440.00   4.4211451e-09
      7450.00   4.4000547e-09
      7460.00   4.3790892e-09
      7470.00   4.3582474e-09
      7480.00   4.3375289e-09
      7490.00   4.3169324e-09
      7500.00   4.2964577e-09
      7510.00   4.2761030e-09
      7520.00   4.2558681e-09
      7530.00   4.2357519e-09
      7540.00   4.2157543e-09
      7550.00   4.1958734e-09
      7560.00   4.1761090e-09
      7570.00   4.1564601e-09
      7580.00   4.1369255e-09
      7590.00   4.1175056e-09
      7600.00   4.0981987e-09
      7610.00   4.0790039e-09
      7620.00   4.0599210e-09
      7630.00   4.0409484e-09
      7640.00   4.0220865e-09
      7650.00   4.0033334e-09
      7660.00   3.9846893e-09
      7670.00   3.9661525e-09
      7680.00   3.9477230e-09
      7690.00   3.9293997e-09
      7700.00   3.9111822e-09
      7710.00   3.8930693e-09
      7720.00   3.8750605e-09
      7730.00   3.8571556e-09
      7740.00   3.8393531e-09
      7750.00   3.8216525e-09
      7760.00   3.8040534e-09
      7770.00   3.7865549e-09
      7780.00   3.7691563e-09
      7790.00   3.7518569e-09
      7800.00   3.7346562e-09
      7810.00   3.7175533e-09
      7820.00   3.7005480e-09
      7830.00   3.6836389e-09
      7840.00   3.6668260e-09
      7850.00   3.6501082e-09
      7860.00   3.6334850e-09
      7870.00   3.6169560e-09
      7880.00   3.6005203e-09
      7890.00   3.5841775e-09
      7900.00   3.5679265e-09
      7910.00   3.5517674e-09
      7920.00   3.5356990e-09
      7930.00   3.5197208e-09
      7940.00   3.5038324e-09
      7950.00   3.4880329e-09
      7960.00   3.4723224e-09
      7970.00   3.4566992e-09
      7980.00   3.4411637e-09
      7990.00   3.4257147e-09
      8000.00   3.4103518e-09
