      1600.00   3.1952432e-07
      1610.00   3.1692615e-07
      1620.00   3.1432505e-07
      1630.00   3.1172238e-07
      1640.00   3.0911923e-07
      1650.00   3.0651677e-07
      1660.00   3.0391606e-07
      1670.00   3.0131821e-07
      1680.00   2.9872410e-07
      1690.00   2.9613474e-07
      1700.00   2.9355101e-07
      1710.00   2.9097378e-07
      1720.00   2.8840381e-07
      1730.00   2.8584191e-07
      1740.00   2.8328874e-07
      1750.00   2.8074508e-07
      1760.00   2.7821152e-07
      1770.00   2.7568870e-07
      1780.00   2.7317721e-07
      1790.00   2.7067759e-07
      1800.00   2.6819035e-07
      1810.00   2.6571604e-07
      1820.00   2.6325500e-07
      1830.00   2.6080777e-07
      1840.00   2.5837472e-07
      1850.00   2.5595622e-07
      1860.00   2.5355264e-07
      1870.00   2.5116432e-07
      1880.00   2.4879153e-07
      1890.00   2.4643460e-07
      1900.00   2.4409376e-07
      1910.00   2.4176927e-07
      1920.00   2.3946134e-07
      1930.00   2.3717019e-07
      1940.00   2.3489604e-07
      1950.00   2.3263901e-07
      1960.00   2.3039930e-07
      1970.00   2.2817700e-07
      1980.00   2.2597228e-07
      1990.00   2.2378525e-07
      2000.00   2.2161597e-07
      2010.00   2.1946455e-07
      2020.00   2.1733106e-07
      2030.00   2.1521556e-07
      2040.00   2.1311810e-07
      2050.00   2.1103872e-07
      2060.00   2.0897743e-07
      2070.00   2.0693427e-07
      2080.00   2.0490926e-07
      2090.00   2.0290235e-07
      2100.00   2.0091356e-07
      2110.00   1.9894289e-07
      2120.00   1.9699029e-07
      2130.00   1.9505575e-07
      2140.00   1.9313921e-07
      2150.00   1.9124064e-07
      2160.00   1.8935998e-07
      2170.00   1.8749716e-07
      2180.00   1.8565215e-07
      2190.00   1.8382486e-07
      2200.00   1.8201522e-07
      2210.00   1.8022316e-07
      2220.00   1.7844858e-07
      2230.00   1.7669142e-07
      2240.00   1.7495156e-07
      2250.00   1.7322893e-07
      2260.00   1.7152343e-07
      2270.00   1.6983493e-07
      2280.00   1.6816337e-07
      2290.00   1.6650861e-07
      2300.00   1.6487056e-07
      2310.00   1.6324911e-07
      2320.00   1.6164413e-07
      2330.00   1.6005553e-07
      2340.00   1.5848316e-07
      2350.00   1.5692691e-07
      2360.00   1.5538668e-07
      2370.00   1.5386234e-07
      2380.00   1.5235375e-07
      2390.00   1.5086078e-07
      2400.00   1.4938334e-07
      2410.00   1.4792126e-07
      2420.00   1.4647444e-07
      2430.00   1.4504275e-07
      2440.00   1.4362605e-07
      2450.00   1.4222421e-07
      2460.00   1.4083713e-07
      2470.00   1.3946462e-07
      2480.00   1.3810657e-07
      2490.00   1.3676289e-07
      2500.00   1.3543340e-07
      2510.00   1.3411799e-07
      2520.00   1.3281654e-07
      2530.00   1.3152887e-07
      2540.00   1.3025490e-07
      2550.00   1.2899448e-07
      2560.00   1.2774747e-07
      2570.00   1.2651375e-07
      2580.00   1.2529318e-07
      2590.00   1.2408564e-07
      2600.00   1.2289101e-07
      2610.00   1.2170913e-07
      2620.00   1.2053990e-07
      2630.00   1.1938317e-07
      2640.00   1.1823882e-07
      2650.00   1.1710673e-07
      2660.00   1.1598677e-07
      2670.00   1.1487881e-07
      2680.00   1.1378273e-07
      2690.00   1.1269840e-07
      2700.00   1.1162570e-07
      2710.00   1.1056451e-07
      2720.00   1.0951471e-07
      2730.00   1.0847616e-07
      2740.00   1.0744876e-07
      2750.00   1.0643239e-07
      2760.00   1.0542693e-07
      2770.00   1.0443224e-07
      2780.00   1.0344823e-07
      2790.00   1.0247479e-07
      2800.00   1.0151177e-07
      2810.00   1.0055908e-07
      2820.00   9.9616615e-08
      2830.00   9.8684239e-08
      2840.00   9.7761859e-08
      2850.00   9.6849356e-08
      2860.00   9.5946631e-08
      2870.00   9.5053563e-08
      2880.00   9.4170043e-08
      2890.00   9.3295979e-08
      2900.00   9.2431250e-08
      2910.00   9.1575778e-08
      2920.00   9.0729432e-08
      2930.00   8.9892114e-08
      2940.00   8.9063731e-08
      2950.00   8.8244182e-08
      2960.00   8.7433357e-08
      2970.00   8.6631179e-08
      2980.00   8.5837530e-08
      2990.00   8.5052320e-08
      3000.00   8.4275459e-08
      3010.00   8.3506837e-08
      3020.00   8.2746383e-08
      3030.00   8.1993983e-08
      3040.00   8.1249564e-08
      3050.00   8.0513024e-08
      3060.00   7.9784276e-08
      3070.00   7.9063229e-08
      3080.00   7.8349795e-08
      3090.00   7.7643892e-08
      3100.00   7.6945434e-08
      3110.00   7.6254326e-08
      3120.00   7.5570504e-08
      3130.00   7.4893862e-08
      3140.00   7.4224337e-08
      3150.00   7.3561831e-08
      3160.00   7.2906282e-08
      3170.00   7.2257583e-08
      3180.00   7.1615689e-08
      3190.00   7.0980498e-08
      3200.00   7.0351945e-08
      3210.00   6.9729945e-08
      3220.00   6.9114437e-08
      3230.00   6.8505327e-08
      3240.00   6.7902555e-08
      3250.00   6.7306052e-08
      3260.00   6.6715740e-08
      3270.00   6.6131541e-08
      3280.00   6.5553399e-08
      3290.00   6.4981232e-08
      3300.00   6.4414983e-08
      3310.00   6.3854577e-08
      3320.00   6.3299943e-08
      3330.00   6.2751027e-08
      3340.00   6.2207759e-08
      3350.00   6.1670066e-08
      3360.00   6.1137893e-08
      3370.00   6.0611176e-08
      3380.00   6.0089849e-08
      3390.00   5.9573857e-08
      3400.00   5.9063134e-08
      3410.00   5.8557624e-08
      3420.00   5.8057260e-08
      3430.00   5.7561990e-08
      3440.00   5.7071753e-08
      3450.00   5.6586487e-08
      3460.00   5.6106153e-08
      3470.00   5.5630676e-08
      3480.00   5.5160003e-08
      3490.00   5.4694089e-08
      3500.00   5.4232875e-08
      3510.00   5.3776303e-08
      3520.00   5.3324329e-08
      3530.00   5.2876899e-08
      3540.00   5.2433954e-08
      3550.00   5.1995449e-08
      3560.00   5.1561336e-08
      3570.00   5.1131561e-08
      3580.00   5.0706078e-08
      3590.00   5.0284832e-08
      3600.00   4.9867785e-08
      3610.00   4.9454889e-08
      3620.00   4.9046088e-08
      3630.00   4.8641335e-08
      3640.00   4.8240596e-08
      3650.00   4.7843823e-08
      3660.00   4.7450965e-08
      3670.00   4.7061982e-08
      3680.00   4.6676833e-08
      3690.00   4.6295470e-08
      3700.00   4.5917855e-08
      3710.00   4.5543944e-08
      3720.00   4.5173693e-08
      3730.00   4.4807069e-08
      3740.00   4.4444024e-08
      3750.00   4.4084522e-08
      3760.00   4.3728518e-08
      3770.00   4.3375981e-08
      3780.00   4.3026867e-08
      3790.00   4.2681136e-08
      3800.00   4.2338763e-08
      3810.00   4.1999699e-08
      3820.00   4.1663908e-08
      3830.00   4.1331358e-08
      3840.00   4.1002008e-08
      3850.00   4.0675830e-08
      3860.00   4.0352781e-08
      3870.00   4.0032837e-08
      3880.00   3.9715954e-08
      3890.00   3.9402102e-08
      3900.00   3.9091248e-08
      3910.00   3.8783360e-08
      3920.00   3.8478403e-08
      3930.00   3.8176344e-08
      3940.00   3.7877156e-08
      3950.00   3.7580805e-08
      3960.00   3.7287262e-08
      3970.00   3.6996492e-08
      3980.00   3.6708471e-08
      3990.00   3.6423163e-08
      4000.00   3.6140540e-08
      4010.00   3.5860575e-08
      4020.00   3.5583238e-08
      4030.00   3.5308503e-08
      4040.00   3.5036337e-08
      4050.00   3.4766717e-08
      4060.00   3.4499609e-08
      4070.00   3.4234995e-08
      4080.00   3.3972842e-08
      4090.00   3.3713124e-08
      4100.00   3.3455819e-08
      4110.00   3.3200897e-08
      4120.00   3.2948332e-08
      4130.00   3.2698102e-08
      4140.00   3.2450177e-08
      4150.00   3.2204542e-08
      4160.00   3.1961163e-08
      4170.00   3.1720018e-08
      4180.00   3.1481085e-08
      4190.00   3.1244340e-08
      4200.00   3.1009761e-08
      4210.00   3.0777327e-08
      4220.00   3.0547006e-08
      4230.00   3.0318787e-08
      4240.00   3.0092638e-08
      4250.00   2.9868545e-08
      4260.00   2.9646484e-08
      4270.00   2.9426429e-08
      4280.00   2.9208367e-08
      4290.00   2.8992271e-08
      4300.00   2.8778123e-08
      4310.00   2.8565902e-08
      4320.00   2.8355587e-08
      4330.00   2.8147158e-08
      4340.00   2.7940596e-08
      4350.00   2.7735884e-08
      4360.00   2.7533000e-08
      4370.00   2.7331925e-08
      4380.00   2.7132640e-08
      4390.00   2.6935128e-08
      4400.00   2.6739369e-08
      4410.00   2.6545349e-08
      4420.00   2.6353042e-08
      4430.00   2.6162437e-08
      4440.00   2.5973514e-08
      4450.00   2.5786258e-08
      4460.00   2.5600649e-08
      4470.00   2.5416671e-08
      4480.00   2.5234307e-08
      4490.00   2.5053543e-08
      4500.00   2.4874360e-08
      4510.00   2.4696741e-08
      4520.00   2.4520675e-08
      4530.00   2.4346138e-08
      4540.00   2.4173122e-08
      4550.00   2.4001609e-08
      4560.00   2.3831584e-08
      4570.00   2.3663029e-08
      4580.00   2.3495933e-08
      4590.00   2.3330280e-08
      4600.00   2.3166056e-08
      4610.00   2.3003246e-08
      4620.00   2.2841834e-08
      4630.00   2.2681808e-08
      4640.00   2.2523155e-08
      4650.00   2.2365860e-08
      4660.00   2.2209910e-08
      4670.00   2.2055288e-08
      4680.00   2.1901986e-08
      4690.00   2.1749989e-08
      4700.00   2.1599281e-08
      4710.00   2.1449855e-08
      4720.00   2.1301692e-08
      4730.00   2.1154783e-08
      4740.00   2.1009118e-08
      4750.00   2.0864679e-08
      4760.00   2.0721458e-08
      4770.00   2.0579441e-08
      4780.00   2.0438616e-08
      4790.00   2.0298973e-08
      4800.00   2.0160499e-08
      4810.00   2.0023182e-08
      4820.00   1.9887012e-08
      4830.00   1.9751978e-08
      4840.00   1.9618068e-08
      4850.00   1.9485272e-08
      4860.00   1.9353578e-08
      4870.00   1.9222976e-08
      4880.00   1.9093454e-08
      4890.00   1.8965003e-08
      4900.00   1.8837613e-08
      4910.00   1.8711272e-08
      4920.00   1.8585974e-08
      4930.00   1.8461700e-08
      4940.00   1.8338450e-08
      4950.00   1.8216209e-08
      4960.00   1.8094966e-08
      4970.00   1.7974716e-08
      4980.00   1.7855447e-08
      4990.00   1.7737150e-08
      5000.00   1.7619814e-08
      5010.00   1.7503433e-08
      5020.00   1.7387995e-08
      5030.00   1.7273492e-08
      5040.00   1.7159917e-08
      5050.00   1.7047257e-08
      5060.00   1.6935506e-08
      5070.00   1.6824657e-08
      5080.00   1.6714698e-08
      5090.00   1.6605622e-08
      5100.00   1.6497423e-08
      5110.00   1.6390088e-08
      5120.00   1.6283612e-08
      5130.00   1.6177986e-08
      5140.00   1.6073203e-08
      5150.00   1.5969254e-08
      5160.00   1.5866132e-08
      5170.00   1.5763829e-08
      5180.00   1.5662336e-08
      5190.00   1.5561649e-08
      5200.00   1.5461757e-08
      5210.00   1.5362653e-08
      5220.00   1.5264331e-08
      5230.00   1.5166783e-08
      5240.00   1.5070002e-08
      5250.00   1.4973981e-08
      5260.00   1.4878712e-08
      5270.00   1.4784188e-08
      5280.00   1.4690405e-08
      5290.00   1.4597354e-08
      5300.00   1.4505028e-08
      5310.00   1.4413421e-08
      5320.00   1.4322526e-08
      5330.00   1.4232336e-08
      5340.00   1.4142847e-08
      5350.00   1.4054050e-08
      5360.00   1.3965939e-08
      5370.00   1.3878508e-08
      5380.00   1.3791752e-08
      5390.00   1.3705663e-08
      5400.00   1.3620236e-08
      5410.00   1.3535465e-08
      5420.00   1.3451344e-08
      5430.00   1.3367867e-08
      5440.00   1.3285029e-08
      5450.00   1.3202823e-08
      5460.00   1.3121242e-08
      5470.00   1.3040284e-08
      5480.00   1.2959941e-08
      5490.00   1.2880209e-08
      5500.00   1.2801080e-08
      5510.00   1.2722551e-08
      5520.00   1.2644616e-08
      5530.00   1.2567269e-08
      5540.00   1.2490505e-08
      5550.00   1.2414320e-08
      5560.00   1.2338706e-08
      5570.00   1.2263661e-08
      5580.00   1.2189180e-08
      5590.00   1.2115255e-08
      5600.00   1.2041883e-08
      5610.00   1.1969060e-08
      5620.00   1.1896779e-08
      5630.00   1.1825037e-08
      5640.00   1.1753829e-08
      5650.00   1.1683149e-08
      5660.00   1.1612994e-08
      5670.00   1.1543358e-08
      5680.00   1.1474238e-08
      5690.00   1.1405628e-08
      5700.00   1.1337524e-08
      5710.00   1.1269922e-08
      5720.00   1.1202818e-08
      5730.00   1.1136206e-08
      5740.00   1.1070084e-08
      5750.00   1.1004445e-08
      5760.00   1.0939287e-08
      5770.00   1.0874606e-08
      5780.00   1.0810396e-08
      5790.00   1.0746654e-08
      5800.00   1.0683376e-08
      5810.00   1.0620560e-08
      5820.00   1.0558198e-08
      5830.00   1.0496288e-08
      5840.00   1.0434827e-08
      5850.00   1.0373810e-08
      5860.00   1.0313233e-08
      5870.00   1.0253093e-08
      5880.00   1.0193387e-08
      5890.00   1.0134110e-08
      5900.00   1.0075258e-08
      5910.00   1.0016829e-08
      5920.00   9.9588171e-09
      5930.00   9.9012218e-09
      5940.00   9.8440376e-09
      5950.00   9.7872611e-09
      5960.00   9.7308893e-09
      5970.00   9.6749180e-09
      5980.00   9.6193453e-09
      5990.00   9.5641669e-09
      6000.00   9.5093796e-09
      6010.00   9.4549792e-09
      6020.00   9.4009639e-09
      6030.00   9.3473304e-09
      6040.00   9.2940747e-09
      6050.00   9.2411939e-09
      6060.00   9.1886846e-09
      6070.00   9.1365445e-09
      6080.00   9.0847704e-09
      6090.00   9.0333588e-09
      6100.00   8.9823067e-09
      6110.00   8.9316104e-09
      6120.00   8.8812696e-09
      6130.00   8.8312783e-09
      6140.00   8.7816354e-09
      6150.00   8.7323371e-09
      6160.00   8.6833810e-09
      6170.00   8.6347646e-09
      6180.00   8.5864844e-09
      6190.00   8.5385379e-09
      6200.00   8.4909234e-09
      6210.00   8.4436362e-09
      6220.00   8.3966749e-09
      6230.00   8.3500373e-09
      6240.00   8.3037199e-09
      6250.00   8.2577193e-09
      6260.00   8.2120349e-09
      6270.00   8.1666634e-09
      6280.00   8.1216013e-09
      6290.00   8.0768464e-09
      6300.00   8.0323972e-09
      6310.00   7.9882505e-09
      6320.00   7.9444048e-09
      6330.00   7.9008553e-09
      6340.00   7.8576014e-09
      6350.00   7.8146419e-09
      6360.00   7.7719719e-09
      6370.00   7.7295902e-09
      6380.00   7.6874947e-09
      6390.00   7.6456831e-09
      6400.00   7.6041526e-09
      6410.00   7.5629012e-09
      6420.00   7.5219268e-09
      6430.00   7.4812274e-09
      6440.00   7.4408009e-09
      6450.00   7.4006440e-09
      6460.00   7.3607554e-09
      6470.00   7.3211333e-09
      6480.00   7.2817748e-09
      6490.00   7.2426790e-09
      6500.00   7.2038425e-09
      6510.00   7.1652642e-09
      6520.00   7.1269415e-09
      6530.00   7.0888720e-09
      6540.00   7.0510547e-09
      6550.00   7.0134876e-09
      6560.00   6.9761678e-09
      6570.00   6.9390936e-09
      6580.00   6.9022639e-09
      6590.00   6.8656764e-09
      6600.00   6.8293288e-09
      6610.00   6.7932195e-09
      6620.00   6.7573468e-09
      6630.00   6.7217080e-09
      6640.00   6.6863026e-09
      6650.00   6.6511284e-09
      6660.00   6.6161829e-09
      6670.00   6.5814649e-09
      6680.00   6.5469731e-09
      6690.00   6.5127041e-09
      6700.00   6.4786582e-09
      6710.00   6.4448324e-09
      6720.00   6.4112255e-09
      6730.00   6.3778353e-09
      6740.00   6.3446612e-09
      6750.00   6.3117004e-09
      6760.00   6.2789519e-09
      6770.00   6.2464144e-09
      6780.00   6.2140851e-09
      6790.00   6.1819635e-09
      6800.00   6.1500473e-09
      6810.00   6.1183358e-09
      6820.00   6.0868267e-09
      6830.00   6.0555186e-09
      6840.00   6.0244099e-09
      6850.00   5.9934993e-09
      6860.00   5.9627855e-09
      6870.00   5.9322664e-09
      6880.00   5.9019413e-09
      6890.00   5.8718080e-09
      6900.00   5.8418650e-09
      6910.00   5.8121119e-09
      6920.00   5.7825471e-09
      6930.00   5.7531677e-09
      6940.00   5.7239740e-09
      6950.00   5.6949635e-09
      6960.00   5.6661351e-09
      6970.00   5.6374877e-09
      6980.00   5.6090202e-09
      6990.00   5.5807312e-09
      7000.00   5.5526183e-09
      7010.00   5.5246811e-09
      7020.00   5.4969183e-09
      7030.00   5.4693289e-09
      7040.00   5.4419105e-09
      7050.00   5.4146631e-09
      7060.00   5.3875846e-09
      7070.00   5.3606741e-09
      7080.00   5.3339299e-09
      7090.00   5.3073512e-09
      7100.00   5.2809370e-09
      7110.00   5.2546857e-09
      7120.00   5.2285965e-09
      7130.00   5.2026682e-09
      7140.00   5.1768984e-09
      7150.00   5.1512876e-09
      7160.00   5.1258336e-09
      7170.00   5.1005355e-09
      7180.00   5.0753924e-09
      7190.00   5.0504034e-09
      7200.00   5.0255665e-09
      7210.00   5.0008813e-09
      7220.00   4.9763470e-09
      7230.00   4.9519611e-09
      7240.00   4.9277243e-09
      7250.00   4.9036337e-09
      7260.00   4.8796896e-09
      7270.00   4.8558910e-09
      7280.00   4.8322356e-09
      7290.00   4.8087236e-09
      7300.00   4.7853537e-09
      7310.00   4.7621246e-09
      7320.00   4.7390351e-09
      7330.00   4.7160848e-09
      7340.00   4.6932720e-09
      7350.00   4.6705965e-09
      7360.00   4.6480569e-09
      7370.00   4.6256526e-09
      7380.00   4.6033814e-09
      7390.00   4.5812440e-09
      7400.00   4.5592382e-09
      7410.00   4.5373639e-09
      7420.00   4.5156198e-09
      7430.00   4.4940049e-09
      7440.00   4.4725183e-09
      7450.00   4.4511595e-09
      7460.00   4.4299273e-09
      7470.00   4.4088206e-09
      7480.00   4.3878387e-09
      7490.00   4.3669807e-09
      7500.00   4.3462461e-09
      7510.00   4.3256333e-09
      7520.00   4.3051418e-09
      7530.00   4.2847708e-09
      7540.00   4.2645199e-09
      7550.00   4.2443874e-09
      7560.00   4.2243730e-09
      7570.00   4.2044757e-09
      7580.00   4.1846943e-09
      7590.00   4.1650291e-09
      7600.00   4.1454785e-09
      7610.00   4.1260416e-09
      7620.00   4.1067182e-09
      7630.00   4.0875065e-09
      7640.00   4.0684070e-09
      7650.00   4.0494179e-09
      7660.00   4.0305393e-09
      7670.00   4.0117694e-09
      7680.00   3.9931083e-09
      7690.00   3.9745549e-09
      7700.00   3.9561087e-09
      7710.00   3.9377686e-09
      7720.00   3.9195340e-09
      7730.00   3.9014047e-09
      7740.00   3.8833792e-09
      7750.00   3.8654570e-09
      7760.00   3.8476377e-09
      7770.00   3.8299204e-09
      7780.00   3.8123043e-09
      7790.00   3.7947888e-09
      7800.00   3.7773733e-09
      7810.00   3.7600570e-09
      7820.00   3.7428396e-09
      7830.00   3.7257198e-09
      7840.00   3.7086974e-09
      7850.00   3.6917714e-09
      7860.00   3.6749413e-09
      7870.00   3.6582067e-09
      7880.00   3.6415665e-09
      7890.00   3.6250207e-09
      7900.00   3.6085678e-09
      7910.00   3.5922081e-09
      7920.00   3.5759403e-09
      7930.00   3.5597639e-09
      7940.00   3.5436786e-09
      7950.00   3.5276834e-09
      7960.00   3.5117783e-09
      7970.00   3.4959618e-09
      7980.00   3.4802341e-09
      7990.00   3.4645941e-09
      8000.00   3.4490414e-09
