      1600.00   1.0655406e-20
      1610.00   1.2805035e-20
      1620.00   1.5350513e-20
      1630.00   1.8357634e-20
      1640.00   2.1901899e-20
      1650.00   2.6069777e-20
      1660.00   3.0960078e-20
      1670.00   3.6685489e-20
      1680.00   4.3374235e-20
      1690.00   5.1171962e-20
      1700.00   6.0243756e-20
      1710.00   7.0776377e-20
      1720.00   8.2980700e-20
      1730.00   9.7094398e-20
      1740.00   1.1338483e-19
      1750.00   1.3215228e-19
      1760.00   1.5373328e-19
      1770.00   1.7850450e-19
      1780.00   2.0688667e-19
      1790.00   2.3934904e-19
      1800.00   2.7641405e-19
      1810.00   3.1866257e-19
      1820.00   3.6673904e-19
      1830.00   4.2135793e-19
      1840.00   4.8330949e-19
      1850.00   5.5346687e-19
      1860.00   6.3279327e-19
      1870.00   7.2234978e-19
      1880.00   8.2330335e-19
      1890.00   9.3693603e-19
      1900.00   1.0646539e-18
      1910.00   1.2079974e-18
      1920.00   1.3686515e-18
      1930.00   1.5484573e-18
      1940.00   1.7494236e-18
      1950.00   1.9737391e-18
      1960.00   2.2237865e-18
      1970.00   2.5021551e-18
      1980.00   2.8116570e-18
      1990.00   3.1553413e-18
      2000.00   3.5365100e-18
      2010.00   3.9587367e-18
      2020.00   4.4258826e-18
      2030.00   4.9421159e-18
      2040.00   5.5119316e-18
      2050.00   6.1401705e-18
      2060.00   6.8320415e-18
      2070.00   7.5931434e-18
      2080.00   8.4294895e-18
      2090.00   9.3475257e-18
      2100.00   1.0354164e-17
      2110.00   1.1456801e-17
      2120.00   1.2663348e-17
      2130.00   1.3982259e-17
      2140.00   1.5422555e-17
      2150.00   1.6993862e-17
      2160.00   1.8706430e-17
      2170.00   2.0571173e-17
      2180.00   2.2599703e-17
      2190.00   2.4804353e-17
      2200.00   2.7198222e-17
      2210.00   2.9795204e-17
      2220.00   3.2610024e-17
      2230.00   3.5658284e-17
      2240.00   3.8956482e-17
      2250.00   4.2522077e-17
      2260.00   4.6373505e-17
      2270.00   5.0530224e-17
      2280.00   5.5012781e-17
      2290.00   5.9842806e-17
      2300.00   6.5043110e-17
      2310.00   7.0637682e-17
      2320.00   7.6651762e-17
      2330.00   8.3111878e-17
      2340.00   9.0045876e-17
      2350.00   9.7483005e-17
      2360.00   1.0545393e-16
      2370.00   1.1399079e-16
      2380.00   1.2312725e-16
      2390.00   1.3289853e-16
      2400.00   1.4334151e-16
      2410.00   1.5449468e-16
      2420.00   1.6639833e-16
      2430.00   1.7909446e-16
      2440.00   1.9262692e-16
      2450.00   2.0704142e-16
      2460.00   2.2238563e-16
      2470.00   2.3870910e-16
      2480.00   2.5606350e-16
      2490.00   2.7450260e-16
      2500.00   2.9408222e-16
      2510.00   3.1486039e-16
      2520.00   3.3689742e-16
      2530.00   3.6025578e-16
      2540.00   3.8500047e-16
      2550.00   4.1119874e-16
      2560.00   4.3892024e-16
      2570.00   4.6823725e-16
      2580.00   4.9922450e-16
      2590.00   5.3195930e-16
      2600.00   5.6652168e-16
      2610.00   6.0299424e-16
      2620.00   6.4146240e-16
      2630.00   6.8201424e-16
      2640.00   7.2474085e-16
      2650.00   7.6973607e-16
      2660.00   8.1709672e-16
      2670.00   8.6692247e-16
      2680.00   9.1931613e-16
      2690.00   9.7438345e-16
      2700.00   1.0322332e-15
      2710.00   1.0929776e-15
      2720.00   1.1567318e-15
      2730.00   1.2236138e-15
      2740.00   1.2937457e-15
      2750.00   1.3672520e-15
      2760.00   1.4442613e-15
      2770.00   1.5249047e-15
      2780.00   1.6093172e-15
      2790.00   1.6976375e-15
      2800.00   1.7900066e-15
      2810.00   1.8865702e-15
      2820.00   1.9874770e-15
      2830.00   2.0928787e-15
      2840.00   2.2029315e-15
      2850.00   2.3177942e-15
      2860.00   2.4376301e-15
      2870.00   2.5626051e-15
      2880.00   2.6928891e-15
      2890.00   2.8286561e-15
      2900.00   2.9700829e-15
      2910.00   3.1173510e-15
      2920.00   3.2706442e-15
      2930.00   3.4301506e-15
      2940.00   3.5960622e-15
      2950.00   3.7685744e-15
      2960.00   3.9478859e-15
      2970.00   4.1342003e-15
      2980.00   4.3277230e-15
      2990.00   4.5286642e-15
      3000.00   4.7372380e-15
      3010.00   4.9536607e-15
      3020.00   5.1781543e-15
      3030.00   5.4109421e-15
      3040.00   5.6522532e-15
      3050.00   5.9023187e-15
      3060.00   6.1613736e-15
      3070.00   6.4296567e-15
      3080.00   6.7074098e-15
      3090.00   6.9948792e-15
      3100.00   7.2923140e-15
      3110.00   7.5999656e-15
      3120.00   7.9180921e-15
      3130.00   8.2469504e-15
      3140.00   8.5868049e-15
      3150.00   8.9379199e-15
      3160.00   9.3005668e-15
      3170.00   9.6750141e-15
      3180.00   1.0061542e-14
      3190.00   1.0460426e-14
      3200.00   1.0871949e-14
      3210.00   1.1296395e-14
      3220.00   1.1734054e-14
      3230.00   1.2185212e-14
      3240.00   1.2650167e-14
      3250.00   1.3129215e-14
      3260.00   1.3622654e-14
      3270.00   1.4130784e-14
      3280.00   1.4653914e-14
      3290.00   1.5192347e-14
      3300.00   1.5746396e-14
      3310.00   1.6316372e-14
      3320.00   1.6902587e-14
      3330.00   1.7505362e-14
      3340.00   1.8125015e-14
      3350.00   1.8761865e-14
      3360.00   1.9416238e-14
      3370.00   2.0088460e-14
      3380.00   2.0778857e-14
      3390.00   2.1487760e-14
      3400.00   2.2215501e-14
      3410.00   2.2962412e-14
      3420.00   2.3728828e-14
      3430.00   2.4515086e-14
      3440.00   2.5321524e-14
      3450.00   2.6148479e-14
      3460.00   2.6996300e-14
      3470.00   2.7865321e-14
      3480.00   2.8755887e-14
      3490.00   2.9668346e-14
      3500.00   3.0603044e-14
      3510.00   3.1560322e-14
      3520.00   3.2540535e-14
      3530.00   3.3544030e-14
      3540.00   3.4571151e-14
      3550.00   3.5622252e-14
      3560.00   3.6697686e-14
      3570.00   3.7797799e-14
      3580.00   3.8922946e-14
      3590.00   4.0073474e-14
      3600.00   4.1249741e-14
      3610.00   4.2452101e-14
      3620.00   4.3680898e-14
      3630.00   4.4936481e-14
      3640.00   4.6219214e-14
      3650.00   4.7529447e-14
      3660.00   4.8867523e-14
      3670.00   5.0233799e-14
      3680.00   5.1628628e-14
      3690.00   5.3052354e-14
      3700.00   5.4505331e-14
      3710.00   5.5987907e-14
      3720.00   5.7500425e-14
      3730.00   5.9043244e-14
      3740.00   6.0616698e-14
      3750.00   6.2221139e-14
      3760.00   6.3856903e-14
      3770.00   6.5524343e-14
      3780.00   6.7223792e-14
      3790.00   6.8955588e-14
      3800.00   7.0720088e-14
      3810.00   7.2517610e-14
      3820.00   7.4348493e-14
      3830.00   7.6213074e-14
      3840.00   7.8111677e-14
      3850.00   8.0044644e-14
      3860.00   8.2012290e-14
      3870.00   8.4014959e-14
      3880.00   8.6052956e-14
      3890.00   8.8126610e-14
      3900.00   9.0236241e-14
      3910.00   9.2382168e-14
      3920.00   9.4564699e-14
      3930.00   9.6784144e-14
      3940.00   9.9040822e-14
      3950.00   1.0133503e-13
      3960.00   1.0366709e-13
      3970.00   1.0603729e-13
      3980.00   1.0844592e-13
      3990.00   1.1089329e-13
      4000.00   1.1337968e-13
      4010.00   1.1590539e-13
      4020.00   1.1847070e-13
      4030.00   1.2107591e-13
      4040.00   1.2372127e-13
      4050.00   1.2640708e-13
      4060.00   1.2913359e-13
      4070.00   1.3190111e-13
      4080.00   1.3470986e-13
      4090.00   1.3756013e-13
      4100.00   1.4045219e-13
      4110.00   1.4338627e-13
      4120.00   1.4636262e-13
      4130.00   1.4938151e-13
      4140.00   1.5244316e-13
      4150.00   1.5554786e-13
      4160.00   1.5869578e-13
      4170.00   1.6188719e-13
      4180.00   1.6512230e-13
      4190.00   1.6840135e-13
      4200.00   1.7172457e-13
      4210.00   1.7509218e-13
      4220.00   1.7850433e-13
      4230.00   1.8196131e-13
      4240.00   1.8546326e-13
      4250.00   1.8901042e-13
      4260.00   1.9260298e-13
      4270.00   1.9624110e-13
      4280.00   1.9992501e-13
      4290.00   2.0365487e-13
      4300.00   2.0743085e-13
      4310.00   2.1125314e-13
      4320.00   2.1512190e-13
      4330.00   2.1903727e-13
      4340.00   2.2299944e-13
      4350.00   2.2700858e-13
      4360.00   2.3106481e-13
      4370.00   2.3516828e-13
      4380.00   2.3931913e-13
      4390.00   2.4351751e-13
      4400.00   2.4776353e-13
      4410.00   2.5205737e-13
      4420.00   2.5639906e-13
      4430.00   2.6078878e-13
      4440.00   2.6522664e-13
      4450.00   2.6971275e-13
      4460.00   2.7424719e-13
      4470.00   2.7883006e-13
      4480.00   2.8346147e-13
      4490.00   2.8814151e-13
      4500.00   2.9287026e-13
      4510.00   2.9764777e-13
      4520.00   3.0247418e-13
      4530.00   3.0734947e-13
      4540.00   3.1227377e-13
      4550.00   3.1724714e-13
      4560.00   3.2226961e-13
      4570.00   3.2734121e-13
      4580.00   3.3246203e-13
      4590.00   3.3763210e-13
      4600.00   3.4285144e-13
      4610.00   3.4812011e-13
      4620.00   3.5343807e-13
      4630.00   3.5880540e-13
      4640.00   3.6422212e-13
      4650.00   3.6968821e-13
      4660.00   3.7520370e-13
      4670.00   3.8076854e-13
      4680.00   3.8638280e-13
      4690.00   3.9204644e-13
      4700.00   3.9775942e-13
      4710.00   4.0352178e-13
      4720.00   4.0933343e-13
      4730.00   4.1519439e-13
      4740.00   4.2110467e-13
      4750.00   4.2706412e-13
      4760.00   4.3307280e-13
      4770.00   4.3913061e-13
      4780.00   4.4523750e-13
      4790.00   4.5139346e-13
      4800.00   4.5759839e-13
      4810.00   4.6385222e-13
      4820.00   4.7015489e-13
      4830.00   4.7650637e-13
      4840.00   4.8290654e-13
      4850.00   4.8935533e-13
      4860.00   4.9585265e-13
      4870.00   5.0239843e-13
      4880.00   5.0899252e-13
      4890.00   5.1563489e-13
      4900.00   5.2232539e-13
      4910.00   5.2906392e-13
      4920.00   5.3585045e-13
      4930.00   5.4268465e-13
      4940.00   5.4956664e-13
      4950.00   5.5649614e-13
      4960.00   5.6347305e-13
      4970.00   5.7049730e-13
      4980.00   5.7756872e-13
      4990.00   5.8468715e-13
      5000.00   5.9185245e-13
      5010.00   5.9906451e-13
      5020.00   6.0632309e-13
      5030.00   6.1362811e-13
      5040.00   6.2097943e-13
      5050.00   6.2837677e-13
      5060.00   6.3582003e-13
      5070.00   6.4330913e-13
      5080.00   6.5084371e-13
      5090.00   6.5842373e-13
      5100.00   6.6604899e-13
      5110.00   6.7371923e-13
      5120.00   6.8143429e-13
      5130.00   6.8919398e-13
      5140.00   6.9699817e-13
      5150.00   7.0484655e-13
      5160.00   7.1273902e-13
      5170.00   7.2067529e-13
      5180.00   7.2865515e-13
      5190.00   7.3667849e-13
      5200.00   7.4474497e-13
      5210.00   7.5285441e-13
      5220.00   7.6100659e-13
      5230.00   7.6920129e-13
      5240.00   7.7743831e-13
      5250.00   7.8571732e-13
      5260.00   7.9403813e-13
      5270.00   8.0240051e-13
      5280.00   8.1080428e-13
      5290.00   8.1924913e-13
      5300.00   8.2773477e-13
      5310.00   8.3626106e-13
      5320.00   8.4482766e-13
      5330.00   8.5343430e-13
      5340.00   8.6208080e-13
      5350.00   8.7076686e-13
      5360.00   8.7949222e-13
      5370.00   8.8825657e-13
      5380.00   8.9705971e-13
      5390.00   9.0590129e-13
      5400.00   9.1478104e-13
      5410.00   9.2369882e-13
      5420.00   9.3265420e-13
      5430.00   9.4164698e-13
      5440.00   9.5067691e-13
      5450.00   9.5974360e-13
      5460.00   9.6884668e-13
      5470.00   9.7798612e-13
      5480.00   9.8716143e-13
      5490.00   9.9637246e-13
      5500.00   1.0056187e-12
      5510.00   1.0149002e-12
      5520.00   1.0242163e-12
      5530.00   1.0335669e-12
      5540.00   1.0429515e-12
      5550.00   1.0523701e-12
      5560.00   1.0618221e-12
      5570.00   1.0713074e-12
      5580.00   1.0808257e-12
      5590.00   1.0903764e-12
      5600.00   1.0999594e-12
      5610.00   1.1095745e-12
      5620.00   1.1192211e-12
      5630.00   1.1288992e-12
      5640.00   1.1386083e-12
      5650.00   1.1483479e-12
      5660.00   1.1581180e-12
      5670.00   1.1679181e-12
      5680.00   1.1777480e-12
      5690.00   1.1876072e-12
      5700.00   1.1974955e-12
      5710.00   1.2074126e-12
      5720.00   1.2173581e-12
      5730.00   1.2273315e-12
      5740.00   1.2373329e-12
      5750.00   1.2473615e-12
      5760.00   1.2574173e-12
      5770.00   1.2674998e-12
      5780.00   1.2776087e-12
      5790.00   1.2877437e-12
      5800.00   1.2979043e-12
      5810.00   1.3080906e-12
      5820.00   1.3183018e-12
      5830.00   1.3285377e-12
      5840.00   1.3387980e-12
      5850.00   1.3490822e-12
      5860.00   1.3593902e-12
      5870.00   1.3697216e-12
      5880.00   1.3800760e-12
      5890.00   1.3904530e-12
      5900.00   1.4008524e-12
      5910.00   1.4112738e-12
      5920.00   1.4217166e-12
      5930.00   1.4321810e-12
      5940.00   1.4426663e-12
      5950.00   1.4531721e-12
      5960.00   1.4636983e-12
      5970.00   1.4742442e-12
      5980.00   1.4848098e-12
      5990.00   1.4953947e-12
      6000.00   1.5059984e-12
      6010.00   1.5166206e-12
      6020.00   1.5272610e-12
      6030.00   1.5379193e-12
      6040.00   1.5485951e-12
      6050.00   1.5592880e-12
      6060.00   1.5699976e-12
      6070.00   1.5807238e-12
      6080.00   1.5914661e-12
      6090.00   1.6022242e-12
      6100.00   1.6129977e-12
      6110.00   1.6237861e-12
      6120.00   1.6345896e-12
      6130.00   1.6454072e-12
      6140.00   1.6562390e-12
      6150.00   1.6670844e-12
      6160.00   1.6779431e-12
      6170.00   1.6888149e-12
      6180.00   1.6996994e-12
      6190.00   1.7105961e-12
      6200.00   1.7215050e-12
      6210.00   1.7324254e-12
      6220.00   1.7433571e-12
      6230.00   1.7542999e-12
      6240.00   1.7652533e-12
      6250.00   1.7762168e-12
      6260.00   1.7871904e-12
      6270.00   1.7981737e-12
      6280.00   1.8091662e-12
      6290.00   1.8201675e-12
      6300.00   1.8311775e-12
      6310.00   1.8421958e-12
      6320.00   1.8532222e-12
      6330.00   1.8642558e-12
      6340.00   1.8752968e-12
      6350.00   1.8863450e-12
      6360.00   1.8973996e-12
      6370.00   1.9084605e-12
      6380.00   1.9195273e-12
      6390.00   1.9305998e-12
      6400.00   1.9416776e-12
      6410.00   1.9527602e-12
      6420.00   1.9638476e-12
      6430.00   1.9749393e-12
      6440.00   1.9860351e-12
      6450.00   1.9971343e-12
      6460.00   2.0082369e-12
      6470.00   2.0193426e-12
      6480.00   2.0304510e-12
      6490.00   2.0415619e-12
      6500.00   2.0526748e-12
      6510.00   2.0637895e-12
      6520.00   2.0749056e-12
      6530.00   2.0860227e-12
      6540.00   2.0971407e-12
      6550.00   2.1082593e-12
      6560.00   2.1193780e-12
      6570.00   2.1304965e-12
      6580.00   2.1416147e-12
      6590.00   2.1527323e-12
      6600.00   2.1638487e-12
      6610.00   2.1749637e-12
      6620.00   2.1860772e-12
      6630.00   2.1971885e-12
      6640.00   2.2082978e-12
      6650.00   2.2194046e-12
      6660.00   2.2305084e-12
      6670.00   2.2416091e-12
      6680.00   2.2527065e-12
      6690.00   2.2637998e-12
      6700.00   2.2748895e-12
      6710.00   2.2859746e-12
      6720.00   2.2970553e-12
      6730.00   2.3081309e-12
      6740.00   2.3192016e-12
      6750.00   2.3302667e-12
      6760.00   2.3413261e-12
      6770.00   2.3523796e-12
      6780.00   2.3634265e-12
      6790.00   2.3744671e-12
      6800.00   2.3855006e-12
      6810.00   2.3965272e-12
      6820.00   2.4075463e-12
      6830.00   2.4185577e-12
      6840.00   2.4295611e-12
      6850.00   2.4405563e-12
      6860.00   2.4515431e-12
      6870.00   2.4625210e-12
      6880.00   2.4734900e-12
      6890.00   2.4844496e-12
      6900.00   2.4953994e-12
      6910.00   2.5063398e-12
      6920.00   2.5172702e-12
      6930.00   2.5281900e-12
      6940.00   2.5390994e-12
      6950.00   2.5499978e-12
      6960.00   2.5608850e-12
      6970.00   2.5717609e-12
      6980.00   2.5826254e-12
      6990.00   2.5934781e-12
      7000.00   2.6043185e-12
      7010.00   2.6151465e-12
      7020.00   2.6259620e-12
      7030.00   2.6367650e-12
      7040.00   2.6475545e-12
      7050.00   2.6583310e-12
      7060.00   2.6690939e-12
      7070.00   2.6798430e-12
      7080.00   2.6905779e-12
      7090.00   2.7012986e-12
      7100.00   2.7120050e-12
      7110.00   2.7226967e-12
      7120.00   2.7333735e-12
      7130.00   2.7440353e-12
      7140.00   2.7546813e-12
      7150.00   2.7653121e-12
      7160.00   2.7759269e-12
      7170.00   2.7865255e-12
      7180.00   2.7971080e-12
      7190.00   2.8076743e-12
      7200.00   2.8182236e-12
      7210.00   2.8287561e-12
      7220.00   2.8392718e-12
      7230.00   2.8497697e-12
      7240.00   2.8602506e-12
      7250.00   2.8707132e-12
      7260.00   2.8811581e-12
      7270.00   2.8915851e-12
      7280.00   2.9019934e-12
      7290.00   2.9123834e-12
      7300.00   2.9227548e-12
      7310.00   2.9331073e-12
      7320.00   2.9434404e-12
      7330.00   2.9537544e-12
      7340.00   2.9640486e-12
      7350.00   2.9743234e-12
      7360.00   2.9845784e-12
      7370.00   2.9948135e-12
      7380.00   3.0050278e-12
      7390.00   3.0152222e-12
      7400.00   3.0253956e-12
      7410.00   3.0355485e-12
      7420.00   3.0456804e-12
      7430.00   3.0557910e-12
      7440.00   3.0658804e-12
      7450.00   3.0759484e-12
      7460.00   3.0859949e-12
      7470.00   3.0960194e-12
      7480.00   3.1060219e-12
      7490.00   3.1160022e-12
      7500.00   3.1259605e-12
      7510.00   3.1358960e-12
      7520.00   3.1458089e-12
      7530.00   3.1556989e-12
      7540.00   3.1655664e-12
      7550.00   3.1754105e-12
      7560.00   3.1852314e-12
      7570.00   3.1950289e-12
      7580.00   3.2048024e-12
      7590.00   3.2145528e-12
      7600.00   3.2242792e-12
      7610.00   3.2339815e-12
      7620.00   3.2436598e-12
      7630.00   3.2533134e-12
      7640.00   3.2629431e-12
      7650.00   3.2725478e-12
      7660.00   3.2821282e-12
      7670.00   3.2916834e-12
      7680.00   3.3012137e-12
      7690.00   3.3107189e-12
      7700.00   3.3201990e-12
      7710.00   3.3296535e-12
      7720.00   3.3390825e-12
      7730.00   3.3484862e-12
      7740.00   3.3578639e-12
      7750.00   3.3672157e-12
      7760.00   3.3765415e-12
      7770.00   3.3858413e-12
      7780.00   3.3951147e-12
      7790.00   3.4043618e-12
      7800.00   3.4135824e-12
      7810.00   3.4227763e-12
      7820.00   3.4319438e-12
      7830.00   3.4410843e-12
      7840.00   3.4501980e-12
      7850.00   3.4592844e-12
      7860.00   3.4683437e-12
      7870.00   3.4773759e-12
      7880.00   3.4863806e-12
      7890.00   3.4953581e-12
      7900.00   3.5043076e-12
      7910.00   3.5132299e-12
      7920.00   3.5221242e-12
      7930.00   3.5309906e-12
      7940.00   3.5398292e-12
      7950.00   3.5486396e-12
      7960.00   3.5574223e-12
      7970.00   3.5661762e-12
      7980.00   3.5749022e-12
      7990.00   3.5835995e-12
      8000.00   3.5922683e-12
