      1600.00   3.7868766e-07
      1610.00   3.7525519e-07
      1620.00   3.7183014e-07
      1630.00   3.6841390e-07
      1640.00   3.6500754e-07
      1650.00   3.6161223e-07
      1660.00   3.5822900e-07
      1670.00   3.5485894e-07
      1680.00   3.5150289e-07
      1690.00   3.4816181e-07
      1700.00   3.4483655e-07
      1710.00   3.4152791e-07
      1720.00   3.3823661e-07
      1730.00   3.3496337e-07
      1740.00   3.3170879e-07
      1750.00   3.2847359e-07
      1760.00   3.2525825e-07
      1770.00   3.2206338e-07
      1780.00   3.1888944e-07
      1790.00   3.1573691e-07
      1800.00   3.1260619e-07
      1810.00   3.0949776e-07
      1820.00   3.0641184e-07
      1830.00   3.0334890e-07
      1840.00   3.0030920e-07
      1850.00   2.9729301e-07
      1860.00   2.9430059e-07
      1870.00   2.9133220e-07
      1880.00   2.8838800e-07
      1890.00   2.8546819e-07
      1900.00   2.8257293e-07
      1910.00   2.7970237e-07
      1920.00   2.7685660e-07
      1930.00   2.7403574e-07
      1940.00   2.7123991e-07
      1950.00   2.6846912e-07
      1960.00   2.6572346e-07
      1970.00   2.6300292e-07
      1980.00   2.6030757e-07
      1990.00   2.5763740e-07
      2000.00   2.5499237e-07
      2010.00   2.5237250e-07
      2020.00   2.4977775e-07
      2030.00   2.4720806e-07
      2040.00   2.4466340e-07
      2050.00   2.4214370e-07
      2060.00   2.3964887e-07
      2070.00   2.3717884e-07
      2080.00   2.3473355e-07
      2090.00   2.3231283e-07
      2100.00   2.2991662e-07
      2110.00   2.2754482e-07
      2120.00   2.2519727e-07
      2130.00   2.2287389e-07
      2140.00   2.2057450e-07
      2150.00   2.1829900e-07
      2160.00   2.1604723e-07
      2170.00   2.1381902e-07
      2180.00   2.1161426e-07
      2190.00   2.0943277e-07
      2200.00   2.0727440e-07
      2210.00   2.0513898e-07
      2220.00   2.0302634e-07
      2230.00   2.0093633e-07
      2240.00   1.9886874e-07
      2250.00   1.9682342e-07
      2260.00   1.9480020e-07
      2270.00   1.9279886e-07
      2280.00   1.9081927e-07
      2290.00   1.8886120e-07
      2300.00   1.8692450e-07
      2310.00   1.8500896e-07
      2320.00   1.8311441e-07
      2330.00   1.8124066e-07
      2340.00   1.7938750e-07
      2350.00   1.7755476e-07
      2360.00   1.7574224e-07
      2370.00   1.7394976e-07
      2380.00   1.7217712e-07
      2390.00   1.7042412e-07
      2400.00   1.6869058e-07
      2410.00   1.6697629e-07
      2420.00   1.6528109e-07
      2430.00   1.6360477e-07
      2440.00   1.6194714e-07
      2450.00   1.6030802e-07
      2460.00   1.5868722e-07
      2470.00   1.5708451e-07
      2480.00   1.5549973e-07
      2490.00   1.5393271e-07
      2500.00   1.5238324e-07
      2510.00   1.5085114e-07
      2520.00   1.4933624e-07
      2530.00   1.4783830e-07
      2540.00   1.4635721e-07
      2550.00   1.4489274e-07
      2560.00   1.4344472e-07
      2570.00   1.4201296e-07
      2580.00   1.4059730e-07
      2590.00   1.3919755e-07
      2600.00   1.3781354e-07
      2610.00   1.3644509e-07
      2620.00   1.3509203e-07
      2630.00   1.3375416e-07
      2640.00   1.3243134e-07
      2650.00   1.3112339e-07
      2660.00   1.2983015e-07
      2670.00   1.2855143e-07
      2680.00   1.2728709e-07
      2690.00   1.2603694e-07
      2700.00   1.2480082e-07
      2710.00   1.2357859e-07
      2720.00   1.2237009e-07
      2730.00   1.2117512e-07
      2740.00   1.1999356e-07
      2750.00   1.1882525e-07
      2760.00   1.1767004e-07
      2770.00   1.1652774e-07
      2780.00   1.1539824e-07
      2790.00   1.1428138e-07
      2800.00   1.1317699e-07
      2810.00   1.1208495e-07
      2820.00   1.1100512e-07
      2830.00   1.0993732e-07
      2840.00   1.0888143e-07
      2850.00   1.0783731e-07
      2860.00   1.0680483e-07
      2870.00   1.0578383e-07
      2880.00   1.0477417e-07
      2890.00   1.0377574e-07
      2900.00   1.0278839e-07
      2910.00   1.0181201e-07
      2920.00   1.0084645e-07
      2930.00   9.9891567e-08
      2940.00   9.8947256e-08
      2950.00   9.8013388e-08
      2960.00   9.7089825e-08
      2970.00   9.6176469e-08
      2980.00   9.5273175e-08
      2990.00   9.4379827e-08
      3000.00   9.3496316e-08
      3010.00   9.2622505e-08
      3020.00   9.1758301e-08
      3030.00   9.0903568e-08
      3040.00   9.0058211e-08
      3050.00   8.9222107e-08
      3060.00   8.8395146e-08
      3070.00   8.7577216e-08
      3080.00   8.6768209e-08
      3090.00   8.5968023e-08
      3100.00   8.5176552e-08
      3110.00   8.4393680e-08
      3120.00   8.3619327e-08
      3130.00   8.2853366e-08
      3140.00   8.2095714e-08
      3150.00   8.1346256e-08
      3160.00   8.0604914e-08
      3170.00   7.9871559e-08
      3180.00   7.9146134e-08
      3190.00   7.8428514e-08
      3200.00   7.7718621e-08
      3210.00   7.7016353e-08
      3220.00   7.6321633e-08
      3230.00   7.5634349e-08
      3240.00   7.4954427e-08
      3250.00   7.4281783e-08
      3260.00   7.3616323e-08
      3270.00   7.2957953e-08
      3280.00   7.2306605e-08
      3290.00   7.1662180e-08
      3300.00   7.1024608e-08
      3310.00   7.0393800e-08
      3320.00   6.9769670e-08
      3330.00   6.9152152e-08
      3340.00   6.8541163e-08
      3350.00   6.7936616e-08
      3360.00   6.7338444e-08
      3370.00   6.6746568e-08
      3380.00   6.6160914e-08
      3390.00   6.5581410e-08
      3400.00   6.5007981e-08
      3410.00   6.4440558e-08
      3420.00   6.3879063e-08
      3430.00   6.3323432e-08
      3440.00   6.2773594e-08
      3450.00   6.2229473e-08
      3460.00   6.1691023e-08
      3470.00   6.1158155e-08
      3480.00   6.0630807e-08
      3490.00   6.0108924e-08
      3500.00   5.9592436e-08
      3510.00   5.9081275e-08
      3520.00   5.8575388e-08
      3530.00   5.8074711e-08
      3540.00   5.7579174e-08
      3550.00   5.7088724e-08
      3560.00   5.6603304e-08
      3570.00   5.6122850e-08
      3580.00   5.5647307e-08
      3590.00   5.5176612e-08
      3600.00   5.4710718e-08
      3610.00   5.4249569e-08
      3620.00   5.3793100e-08
      3630.00   5.3341254e-08
      3640.00   5.2893992e-08
      3650.00   5.2451257e-08
      3660.00   5.2012990e-08
      3670.00   5.1579142e-08
      3680.00   5.1149666e-08
      3690.00   5.0724506e-08
      3700.00   5.0303616e-08
      3710.00   4.9886946e-08
      3720.00   4.9474443e-08
      3730.00   4.9066069e-08
      3740.00   4.8661768e-08
      3750.00   4.8261498e-08
      3760.00   4.7865205e-08
      3770.00   4.7472854e-08
      3780.00   4.7084393e-08
      3790.00   4.6699776e-08
      3800.00   4.6318972e-08
      3810.00   4.5941925e-08
      3820.00   4.5568595e-08
      3830.00   4.5198941e-08
      3840.00   4.4832918e-08
      3850.00   4.4470491e-08
      3860.00   4.4111612e-08
      3870.00   4.3756251e-08
      3880.00   4.3404359e-08
      3890.00   4.3055900e-08
      3900.00   4.2710836e-08
      3910.00   4.2369130e-08
      3920.00   4.2030741e-08
      3930.00   4.1695630e-08
      3940.00   4.1363766e-08
      3950.00   4.1035110e-08
      3960.00   4.0709629e-08
      3970.00   4.0387282e-08
      3980.00   4.0068040e-08
      3990.00   3.9751862e-08
      4000.00   3.9438716e-08
      4010.00   3.9128572e-08
      4020.00   3.8821393e-08
      4030.00   3.8517149e-08
      4040.00   3.8215803e-08
      4050.00   3.7917328e-08
      4060.00   3.7621687e-08
      4070.00   3.7328855e-08
      4080.00   3.7038796e-08
      4090.00   3.6751481e-08
      4100.00   3.6466883e-08
      4110.00   3.6184969e-08
      4120.00   3.5905706e-08
      4130.00   3.5629073e-08
      4140.00   3.5355033e-08
      4150.00   3.5083569e-08
      4160.00   3.4814641e-08
      4170.00   3.4548226e-08
      4180.00   3.4284297e-08
      4190.00   3.4022826e-08
      4200.00   3.3763789e-08
      4210.00   3.3507162e-08
      4220.00   3.3252907e-08
      4230.00   3.3001012e-08
      4240.00   3.2751441e-08
      4250.00   3.2504177e-08
      4260.00   3.2259193e-08
      4270.00   3.2016460e-08
      4280.00   3.1775960e-08
      4290.00   3.1537666e-08
      4300.00   3.1301554e-08
      4310.00   3.1067602e-08
      4320.00   3.0835787e-08
      4330.00   3.0606083e-08
      4340.00   3.0378472e-08
      4350.00   3.0152930e-08
      4360.00   2.9929436e-08
      4370.00   2.9707967e-08
      4380.00   2.9488500e-08
      4390.00   2.9271018e-08
      4400.00   2.9055495e-08
      4410.00   2.8841917e-08
      4420.00   2.8630256e-08
      4430.00   2.8420496e-08
      4440.00   2.8212617e-08
      4450.00   2.8006601e-08
      4460.00   2.7802424e-08
      4470.00   2.7600069e-08
      4480.00   2.7399517e-08
      4490.00   2.7200750e-08
      4500.00   2.7003749e-08
      4510.00   2.6808493e-08
      4520.00   2.6614971e-08
      4530.00   2.6423155e-08
      4540.00   2.6233034e-08
      4550.00   2.6044591e-08
      4560.00   2.5857806e-08
      4570.00   2.5672660e-08
      4580.00   2.5489141e-08
      4590.00   2.5307229e-08
      4600.00   2.5126910e-08
      4610.00   2.4948166e-08
      4620.00   2.4770979e-08
      4630.00   2.4595335e-08
      4640.00   2.4421221e-08
      4650.00   2.4248618e-08
      4660.00   2.4077511e-08
      4670.00   2.3907884e-08
      4680.00   2.3739724e-08
      4690.00   2.3573016e-08
      4700.00   2.3407742e-08
      4710.00   2.3243893e-08
      4720.00   2.3081449e-08
      4730.00   2.2920399e-08
      4740.00   2.2760731e-08
      4750.00   2.2602426e-08
      4760.00   2.2445474e-08
      4770.00   2.2289860e-08
      4780.00   2.2135570e-08
      4790.00   2.1982593e-08
      4800.00   2.1830913e-08
      4810.00   2.1680519e-08
      4820.00   2.1531396e-08
      4830.00   2.1383535e-08
      4840.00   2.1236922e-08
      4850.00   2.1091543e-08
      4860.00   2.0947388e-08
      4870.00   2.0804443e-08
      4880.00   2.0662697e-08
      4890.00   2.0522139e-08
      4900.00   2.0382755e-08
      4910.00   2.0244535e-08
      4920.00   2.0107471e-08
      4930.00   1.9971542e-08
      4940.00   1.9836747e-08
      4950.00   1.9703069e-08
      4960.00   1.9570498e-08
      4970.00   1.9439025e-08
      4980.00   1.9308640e-08
      4990.00   1.9179329e-08
      5000.00   1.9051084e-08
      5010.00   1.8923895e-08
      5020.00   1.8797749e-08
      5030.00   1.8672638e-08
      5040.00   1.8548554e-08
      5050.00   1.8425482e-08
      5060.00   1.8303415e-08
      5070.00   1.8182346e-08
      5080.00   1.8062260e-08
      5090.00   1.7943151e-08
      5100.00   1.7825010e-08
      5110.00   1.7707826e-08
      5120.00   1.7591590e-08
      5130.00   1.7476294e-08
      5140.00   1.7361929e-08
      5150.00   1.7248485e-08
      5160.00   1.7135955e-08
      5170.00   1.7024328e-08
      5180.00   1.6913597e-08
      5190.00   1.6803754e-08
      5200.00   1.6694790e-08
      5210.00   1.6586696e-08
      5220.00   1.6479464e-08
      5230.00   1.6373086e-08
      5240.00   1.6267555e-08
      5250.00   1.6162862e-08
      5260.00   1.6058998e-08
      5270.00   1.5955957e-08
      5280.00   1.5853732e-08
      5290.00   1.5752315e-08
      5300.00   1.5651696e-08
      5310.00   1.5551870e-08
      5320.00   1.5452829e-08
      5330.00   1.5354566e-08
      5340.00   1.5257073e-08
      5350.00   1.5160344e-08
      5360.00   1.5064371e-08
      5370.00   1.4969146e-08
      5380.00   1.4874665e-08
      5390.00   1.4780919e-08
      5400.00   1.4687900e-08
      5410.00   1.4595605e-08
      5420.00   1.4504025e-08
      5430.00   1.4413154e-08
      5440.00   1.4322986e-08
      5450.00   1.4233514e-08
      5460.00   1.4144730e-08
      5470.00   1.4056630e-08
      5480.00   1.3969207e-08
      5490.00   1.3882456e-08
      5500.00   1.3796369e-08
      5510.00   1.3710942e-08
      5520.00   1.3626167e-08
      5530.00   1.3542039e-08
      5540.00   1.3458551e-08
      5550.00   1.3375701e-08
      5560.00   1.3293478e-08
      5570.00   1.3211880e-08
      5580.00   1.3130902e-08
      5590.00   1.3050535e-08
      5600.00   1.2970775e-08
      5610.00   1.2891618e-08
      5620.00   1.2813056e-08
      5630.00   1.2735087e-08
      5640.00   1.2657704e-08
      5650.00   1.2580900e-08
      5660.00   1.2504673e-08
      5670.00   1.2429016e-08
      5680.00   1.2353925e-08
      5690.00   1.2279394e-08
      5700.00   1.2205418e-08
      5710.00   1.2131993e-08
      5720.00   1.2059115e-08
      5730.00   1.1986776e-08
      5740.00   1.1914975e-08
      5750.00   1.1843703e-08
      5760.00   1.1772959e-08
      5770.00   1.1702738e-08
      5780.00   1.1633034e-08
      5790.00   1.1563842e-08
      5800.00   1.1495159e-08
      5810.00   1.1426983e-08
      5820.00   1.1359304e-08
      5830.00   1.1292121e-08
      5840.00   1.1225430e-08
      5850.00   1.1159224e-08
      5860.00   1.1093502e-08
      5870.00   1.1028259e-08
      5880.00   1.0963489e-08
      5890.00   1.0899191e-08
      5900.00   1.0835358e-08
      5910.00   1.0771988e-08
      5920.00   1.0709075e-08
      5930.00   1.0646618e-08
      5940.00   1.0584611e-08
      5950.00   1.0523050e-08
      5960.00   1.0461932e-08
      5970.00   1.0401253e-08
      5980.00   1.0341010e-08
      5990.00   1.0281198e-08
      6000.00   1.0221814e-08
      6010.00   1.0162854e-08
      6020.00   1.0104315e-08
      6030.00   1.0046193e-08
      6040.00   9.9884849e-09
      6050.00   9.9311866e-09
      6060.00   9.8742947e-09
      6070.00   9.8178064e-09
      6080.00   9.7617184e-09
      6090.00   9.7060266e-09
      6100.00   9.6507278e-09
      6110.00   9.5958181e-09
      6120.00   9.5412967e-09
      6130.00   9.4871575e-09
      6140.00   9.4333990e-09
      6150.00   9.3800170e-09
      6160.00   9.3270090e-09
      6170.00   9.2743719e-09
      6180.00   9.2221023e-09
      6190.00   9.1701972e-09
      6200.00   9.1186546e-09
      6210.00   9.0674697e-09
      6220.00   9.0166405e-09
      6230.00   8.9661648e-09
      6240.00   8.9160388e-09
      6250.00   8.8662587e-09
      6260.00   8.8168238e-09
      6270.00   8.7677303e-09
      6280.00   8.7189747e-09
      6290.00   8.6705544e-09
      6300.00   8.6224677e-09
      6310.00   8.5747110e-09
      6320.00   8.5272828e-09
      6330.00   8.4801778e-09
      6340.00   8.4333954e-09
      6350.00   8.3869341e-09
      6360.00   8.3407886e-09
      6370.00   8.2949575e-09
      6380.00   8.2494385e-09
      6390.00   8.2042292e-09
      6400.00   8.1593265e-09
      6410.00   8.1147281e-09
      6420.00   8.0704317e-09
      6430.00   8.0264350e-09
      6440.00   7.9827360e-09
      6450.00   7.9393308e-09
      6460.00   7.8962181e-09
      6470.00   7.8533957e-09
      6480.00   7.8108608e-09
      6490.00   7.7686120e-09
      6500.00   7.7266458e-09
      6510.00   7.6849608e-09
      6520.00   7.6435545e-09
      6530.00   7.6024239e-09
      6540.00   7.5615680e-09
      6550.00   7.5209848e-09
      6560.00   7.4806709e-09
      6570.00   7.4406244e-09
      6580.00   7.4008442e-09
      6590.00   7.3613277e-09
      6600.00   7.3220725e-09
      6610.00   7.2830767e-09
      6620.00   7.2443385e-09
      6630.00   7.2058549e-09
      6640.00   7.1676254e-09
      6650.00   7.1296476e-09
      6660.00   7.0919186e-09
      6670.00   7.0544373e-09
      6680.00   7.0172020e-09
      6690.00   6.9802093e-09
      6700.00   6.9434593e-09
      6710.00   6.9069487e-09
      6720.00   6.8706764e-09
      6730.00   6.8346397e-09
      6740.00   6.7988382e-09
      6750.00   6.7632686e-09
      6760.00   6.7279299e-09
      6770.00   6.6928207e-09
      6780.00   6.6579379e-09
      6790.00   6.6232810e-09
      6800.00   6.5888475e-09
      6810.00   6.5546364e-09
      6820.00   6.5206454e-09
      6830.00   6.4868730e-09
      6840.00   6.4533173e-09
      6850.00   6.4199769e-09
      6860.00   6.3868505e-09
      6870.00   6.3539356e-09
      6880.00   6.3212316e-09
      6890.00   6.2887360e-09
      6900.00   6.2564472e-09
      6910.00   6.2243647e-09
      6920.00   6.1924867e-09
      6930.00   6.1608103e-09
      6940.00   6.1293355e-09
      6950.00   6.0980598e-09
      6960.00   6.0669818e-09
      6970.00   6.0361005e-09
      6980.00   6.0054146e-09
      6990.00   5.9749224e-09
      7000.00   5.9446216e-09
      7010.00   5.9145114e-09
      7020.00   5.8845906e-09
      7030.00   5.8548582e-09
      7040.00   5.8253114e-09
      7050.00   5.7959502e-09
      7060.00   5.7667724e-09
      7070.00   5.7377768e-09
      7080.00   5.7089618e-09
      7090.00   5.6803266e-09
      7100.00   5.6518696e-09
      7110.00   5.6235896e-09
      7120.00   5.5954855e-09
      7130.00   5.5675558e-09
      7140.00   5.5397983e-09
      7150.00   5.5122132e-09
      7160.00   5.4847982e-09
      7170.00   5.4575523e-09
      7180.00   5.4304746e-09
      7190.00   5.4035640e-09
      7200.00   5.3768183e-09
      7210.00   5.3502372e-09
      7220.00   5.3238198e-09
      7230.00   5.2975633e-09
      7240.00   5.2714685e-09
      7250.00   5.2455322e-09
      7260.00   5.2197546e-09
      7270.00   5.1941349e-09
      7280.00   5.1686704e-09
      7290.00   5.1433614e-09
      7300.00   5.1182064e-09
      7310.00   5.0932041e-09
      7320.00   5.0683530e-09
      7330.00   5.0436528e-09
      7340.00   5.0191016e-09
      7350.00   4.9946992e-09
      7360.00   4.9704441e-09
      7370.00   4.9463356e-09
      7380.00   4.9223713e-09
      7390.00   4.8985519e-09
      7400.00   4.8748752e-09
      7410.00   4.8513408e-09
      7420.00   4.8279476e-09
      7430.00   4.8046942e-09
      7440.00   4.7815799e-09
      7450.00   4.7586039e-09
      7460.00   4.7357651e-09
      7470.00   4.7130622e-09
      7480.00   4.6904945e-09
      7490.00   4.6680608e-09
      7500.00   4.6457609e-09
      7510.00   4.6235928e-09
      7520.00   4.6015561e-09
      7530.00   4.5796497e-09
      7540.00   4.5578734e-09
      7550.00   4.5362253e-09
      7560.00   4.5147050e-09
      7570.00   4.4933115e-09
      7580.00   4.4720434e-09
      7590.00   4.4509011e-09
      7600.00   4.4298829e-09
      7610.00   4.4089876e-09
      7620.00   4.3882151e-09
      7630.00   4.3675635e-09
      7640.00   4.3470335e-09
      7650.00   4.3266227e-09
      7660.00   4.3063315e-09
      7670.00   4.2861580e-09
      7680.00   4.2661021e-09
      7690.00   4.2461627e-09
      7700.00   4.2263393e-09
      7710.00   4.2066307e-09
      7720.00   4.1870361e-09
      7730.00   4.1675555e-09
      7740.00   4.1481871e-09
      7750.00   4.1289305e-09
      7760.00   4.1097851e-09
      7770.00   4.0907499e-09
      7780.00   4.0718242e-09
      7790.00   4.0530074e-09
      7800.00   4.0342986e-09
      7810.00   4.0156970e-09
      7820.00   3.9972023e-09
      7830.00   3.9788132e-09
      7840.00   3.9605293e-09
      7850.00   3.9423497e-09
      7860.00   3.9242737e-09
      7870.00   3.9063009e-09
      7880.00   3.8884302e-09
      7890.00   3.8706614e-09
      7900.00   3.8529931e-09
      7910.00   3.8354255e-09
      7920.00   3.8179571e-09
      7930.00   3.8005876e-09
      7940.00   3.7833164e-09
      7950.00   3.7661426e-09
      7960.00   3.7490662e-09
      7970.00   3.7320854e-09
      7980.00   3.7152006e-09
      7990.00   3.6984105e-09
      8000.00   3.6817147e-09
