      1600.00   3.8900992e-07
      1610.00   3.8542698e-07
      1620.00   3.8185348e-07
      1630.00   3.7829082e-07
      1640.00   3.7474003e-07
      1650.00   3.7120230e-07
      1660.00   3.6767864e-07
      1670.00   3.6417012e-07
      1680.00   3.6067758e-07
      1690.00   3.5720196e-07
      1700.00   3.5374410e-07
      1710.00   3.5030478e-07
      1720.00   3.4688471e-07
      1730.00   3.4348457e-07
      1740.00   3.4010499e-07
      1750.00   3.3674662e-07
      1760.00   3.3340996e-07
      1770.00   3.3009558e-07
      1780.00   3.2680394e-07
      1790.00   3.2353547e-07
      1800.00   3.2029058e-07
      1810.00   3.1706971e-07
      1820.00   3.1387307e-07
      1830.00   3.1070111e-07
      1840.00   3.0755406e-07
      1850.00   3.0443218e-07
      1860.00   3.0133570e-07
      1870.00   2.9826486e-07
      1880.00   2.9521980e-07
      1890.00   2.9220072e-07
      1900.00   2.8920772e-07
      1910.00   2.8624094e-07
      1920.00   2.8330047e-07
      1930.00   2.8038639e-07
      1940.00   2.7749881e-07
      1950.00   2.7463771e-07
      1960.00   2.7180315e-07
      1970.00   2.6899512e-07
      1980.00   2.6621367e-07
      1990.00   2.6345875e-07
      2000.00   2.6073031e-07
      2010.00   2.5802835e-07
      2020.00   2.5535281e-07
      2030.00   2.5270360e-07
      2040.00   2.5008070e-07
      2050.00   2.4748398e-07
      2060.00   2.4491336e-07
      2070.00   2.4236874e-07
      2080.00   2.3985004e-07
      2090.00   2.3735708e-07
      2100.00   2.3488977e-07
      2110.00   2.3244800e-07
      2120.00   2.3003159e-07
      2130.00   2.2764044e-07
      2140.00   2.2527435e-07
      2150.00   2.2293321e-07
      2160.00   2.2061684e-07
      2170.00   2.1832505e-07
      2180.00   2.1605773e-07
      2190.00   2.1381465e-07
      2200.00   2.1159567e-07
      2210.00   2.0940060e-07
      2220.00   2.0722924e-07
      2230.00   2.0508144e-07
      2240.00   2.0295697e-07
      2250.00   2.0085568e-07
      2260.00   1.9877735e-07
      2270.00   1.9672178e-07
      2280.00   1.9468880e-07
      2290.00   1.9267818e-07
      2300.00   1.9068976e-07
      2310.00   1.8872331e-07
      2320.00   1.8677864e-07
      2330.00   1.8485555e-07
      2340.00   1.8295382e-07
      2350.00   1.8107327e-07
      2360.00   1.7921368e-07
      2370.00   1.7737487e-07
      2380.00   1.7555660e-07
      2390.00   1.7375869e-07
      2400.00   1.7198094e-07
      2410.00   1.7022312e-07
      2420.00   1.6848506e-07
      2430.00   1.6676654e-07
      2440.00   1.6506736e-07
      2450.00   1.6338732e-07
      2460.00   1.6172623e-07
      2470.00   1.6008386e-07
      2480.00   1.5846001e-07
      2490.00   1.5685453e-07
      2500.00   1.5526718e-07
      2510.00   1.5369778e-07
      2520.00   1.5214614e-07
      2530.00   1.5061203e-07
      2540.00   1.4909530e-07
      2550.00   1.4759575e-07
      2560.00   1.4611316e-07
      2570.00   1.4464737e-07
      2580.00   1.4319818e-07
      2590.00   1.4176540e-07
      2600.00   1.4034887e-07
      2610.00   1.3894837e-07
      2620.00   1.3756374e-07
      2630.00   1.3619478e-07
      2640.00   1.3484133e-07
      2650.00   1.3350321e-07
      2660.00   1.3218024e-07
      2670.00   1.3087224e-07
      2680.00   1.2957904e-07
      2690.00   1.2830047e-07
      2700.00   1.2703634e-07
      2710.00   1.2578651e-07
      2720.00   1.2455082e-07
      2730.00   1.2332905e-07
      2740.00   1.2212110e-07
      2750.00   1.2092676e-07
      2760.00   1.1974591e-07
      2770.00   1.1857835e-07
      2780.00   1.1742395e-07
      2790.00   1.1628255e-07
      2800.00   1.1515398e-07
      2810.00   1.1403810e-07
      2820.00   1.1293478e-07
      2830.00   1.1184382e-07
      2840.00   1.1076511e-07
      2850.00   1.0969850e-07
      2860.00   1.0864384e-07
      2870.00   1.0760098e-07
      2880.00   1.0656978e-07
      2890.00   1.0555011e-07
      2900.00   1.0454181e-07
      2910.00   1.0354479e-07
      2920.00   1.0255887e-07
      2930.00   1.0158392e-07
      2940.00   1.0061983e-07
      2950.00   9.9666453e-08
      2960.00   9.8723656e-08
      2970.00   9.7791335e-08
      2980.00   9.6869339e-08
      2990.00   9.5957551e-08
      3000.00   9.5055854e-08
      3010.00   9.4164110e-08
      3020.00   9.3282221e-08
      3030.00   9.2410048e-08
      3040.00   9.1547490e-08
      3050.00   9.0694421e-08
      3060.00   8.9850729e-08
      3070.00   8.9016297e-08
      3080.00   8.8191012e-08
      3090.00   8.7374770e-08
      3100.00   8.6567463e-08
      3110.00   8.5768969e-08
      3120.00   8.4979206e-08
      3130.00   8.4198042e-08
      3140.00   8.3425394e-08
      3150.00   8.2661141e-08
      3160.00   8.1905203e-08
      3170.00   8.1157447e-08
      3180.00   8.0417813e-08
      3190.00   7.9686175e-08
      3200.00   7.8962451e-08
      3210.00   7.8246535e-08
      3220.00   7.7538349e-08
      3230.00   7.6837776e-08
      3240.00   7.6144742e-08
      3250.00   7.5459158e-08
      3260.00   7.4780929e-08
      3270.00   7.4109957e-08
      3280.00   7.3446172e-08
      3290.00   7.2789473e-08
      3300.00   7.2139787e-08
      3310.00   7.1497023e-08
      3320.00   7.0861092e-08
      3330.00   7.0231927e-08
      3340.00   6.9609441e-08
      3350.00   6.8993545e-08
      3360.00   6.8384170e-08
      3370.00   6.7781236e-08
      3380.00   6.7184665e-08
      3390.00   6.6594385e-08
      3400.00   6.6010317e-08
      3410.00   6.5432391e-08
      3420.00   6.4860527e-08
      3430.00   6.4294658e-08
      3440.00   6.3734711e-08
      3450.00   6.3180610e-08
      3460.00   6.2632306e-08
      3470.00   6.2089708e-08
      3480.00   6.1552752e-08
      3490.00   6.1021381e-08
      3500.00   6.0495525e-08
      3510.00   5.9975113e-08
      3520.00   5.9460089e-08
      3530.00   5.8950389e-08
      3540.00   5.8445941e-08
      3550.00   5.7946691e-08
      3560.00   5.7452580e-08
      3570.00   5.6963541e-08
      3580.00   5.6479519e-08
      3590.00   5.6000450e-08
      3600.00   5.5526284e-08
      3610.00   5.5056965e-08
      3620.00   5.4592425e-08
      3630.00   5.4132607e-08
      3640.00   5.3677469e-08
      3650.00   5.3226954e-08
      3660.00   5.2781001e-08
      3670.00   5.2339560e-08
      3680.00   5.1902583e-08
      3690.00   5.1470012e-08
      3700.00   5.1041799e-08
      3710.00   5.0617895e-08
      3720.00   5.0198245e-08
      3730.00   4.9782808e-08
      3740.00   4.9371529e-08
      3750.00   4.8964363e-08
      3760.00   4.8561257e-08
      3770.00   4.8162173e-08
      3780.00   4.7767059e-08
      3790.00   4.7375867e-08
      3800.00   4.6988566e-08
      3810.00   4.6605098e-08
      3820.00   4.6225421e-08
      3830.00   4.5849495e-08
      3840.00   4.5477274e-08
      3850.00   4.5108721e-08
      3860.00   4.4743787e-08
      3870.00   4.4382442e-08
      3880.00   4.4024634e-08
      3890.00   4.3670328e-08
      3900.00   4.3319484e-08
      3910.00   4.2972064e-08
      3920.00   4.2628028e-08
      3930.00   4.2287334e-08
      3940.00   4.1949951e-08
      3950.00   4.1615839e-08
      3960.00   4.1284964e-08
      3970.00   4.0957285e-08
      3980.00   4.0632771e-08
      3990.00   4.0311381e-08
      4000.00   3.9993082e-08
      4010.00   3.9677842e-08
      4020.00   3.9365625e-08
      4030.00   3.9056400e-08
      4040.00   3.8750129e-08
      4050.00   3.8446784e-08
      4060.00   3.8146327e-08
      4070.00   3.7848733e-08
      4080.00   3.7553965e-08
      4090.00   3.7261993e-08
      4100.00   3.6972790e-08
      4110.00   3.6686321e-08
      4120.00   3.6402555e-08
      4130.00   3.6121467e-08
      4140.00   3.5843022e-08
      4150.00   3.5567201e-08
      4160.00   3.5293964e-08
      4170.00   3.5023286e-08
      4180.00   3.4755141e-08
      4190.00   3.4489501e-08
      4200.00   3.4226339e-08
      4210.00   3.3965633e-08
      4220.00   3.3707342e-08
      4230.00   3.3451456e-08
      4240.00   3.3197935e-08
      4250.00   3.2946765e-08
      4260.00   3.2697916e-08
      4270.00   3.2451360e-08
      4280.00   3.2207078e-08
      4290.00   3.1965042e-08
      4300.00   3.1725229e-08
      4310.00   3.1487615e-08
      4320.00   3.1252176e-08
      4330.00   3.1018887e-08
      4340.00   3.0787728e-08
      4350.00   3.0558677e-08
      4360.00   3.0331710e-08
      4370.00   3.0106804e-08
      4380.00   2.9883938e-08
      4390.00   2.9663091e-08
      4400.00   2.9444239e-08
      4410.00   2.9227367e-08
      4420.00   2.9012445e-08
      4430.00   2.8799459e-08
      4440.00   2.8588387e-08
      4450.00   2.8379211e-08
      4460.00   2.8171907e-08
      4470.00   2.7966458e-08
      4480.00   2.7762843e-08
      4490.00   2.7561044e-08
      4500.00   2.7361043e-08
      4510.00   2.7162818e-08
      4520.00   2.6966356e-08
      4530.00   2.6771631e-08
      4540.00   2.6578631e-08
      4550.00   2.6387337e-08
      4560.00   2.6197731e-08
      4570.00   2.6009792e-08
      4580.00   2.5823508e-08
      4590.00   2.5638861e-08
      4600.00   2.5455832e-08
      4610.00   2.5274407e-08
      4620.00   2.5094565e-08
      4630.00   2.4916293e-08
      4640.00   2.4739577e-08
      4650.00   2.4564398e-08
      4660.00   2.4390741e-08
      4670.00   2.4218588e-08
      4680.00   2.4047928e-08
      4690.00   2.3878746e-08
      4700.00   2.3711021e-08
      4710.00   2.3544745e-08
      4720.00   2.3379899e-08
      4730.00   2.3216470e-08
      4740.00   2.3054447e-08
      4750.00   2.2893809e-08
      4760.00   2.2734548e-08
      4770.00   2.2576647e-08
      4780.00   2.2420092e-08
      4790.00   2.2264872e-08
      4800.00   2.2110972e-08
      4810.00   2.1958378e-08
      4820.00   2.1807077e-08
      4830.00   2.1657059e-08
      4840.00   2.1508310e-08
      4850.00   2.1360816e-08
      4860.00   2.1214565e-08
      4870.00   2.1069546e-08
      4880.00   2.0925744e-08
      4890.00   2.0783150e-08
      4900.00   2.0641750e-08
      4910.00   2.0501533e-08
      4920.00   2.0362491e-08
      4930.00   2.0224603e-08
      4940.00   2.0087867e-08
      4950.00   1.9952267e-08
      4960.00   1.9817792e-08
      4970.00   1.9684433e-08
      4980.00   1.9552179e-08
      4990.00   1.9421018e-08
      5000.00   1.9290939e-08
      5010.00   1.9161933e-08
      5020.00   1.9033988e-08
      5030.00   1.8907095e-08
      5040.00   1.8781244e-08
      5050.00   1.8656423e-08
      5060.00   1.8532622e-08
      5070.00   1.8409836e-08
      5080.00   1.8288049e-08
      5090.00   1.8167255e-08
      5100.00   1.8047444e-08
      5110.00   1.7928605e-08
      5120.00   1.7810729e-08
      5130.00   1.7693808e-08
      5140.00   1.7577834e-08
      5150.00   1.7462795e-08
      5160.00   1.7348684e-08
      5170.00   1.7235492e-08
      5180.00   1.7123209e-08
      5190.00   1.7011828e-08
      5200.00   1.6901340e-08
      5210.00   1.6791736e-08
      5220.00   1.6683008e-08
      5230.00   1.6575147e-08
      5240.00   1.6468147e-08
      5250.00   1.6361997e-08
      5260.00   1.6256690e-08
      5270.00   1.6152219e-08
      5280.00   1.6048577e-08
      5290.00   1.5945754e-08
      5300.00   1.5843743e-08
      5310.00   1.5742538e-08
      5320.00   1.5642129e-08
      5330.00   1.5542510e-08
      5340.00   1.5443673e-08
      5350.00   1.5345612e-08
      5360.00   1.5248319e-08
      5370.00   1.5151787e-08
      5380.00   1.5056009e-08
      5390.00   1.4960977e-08
      5400.00   1.4866684e-08
      5410.00   1.4773126e-08
      5420.00   1.4680294e-08
      5430.00   1.4588182e-08
      5440.00   1.4496784e-08
      5450.00   1.4406092e-08
      5460.00   1.4316099e-08
      5470.00   1.4226801e-08
      5480.00   1.4138190e-08
      5490.00   1.4050261e-08
      5500.00   1.3963005e-08
      5510.00   1.3876421e-08
      5520.00   1.3790498e-08
      5530.00   1.3705232e-08
      5540.00   1.3620616e-08
      5550.00   1.3536648e-08
      5560.00   1.3453315e-08
      5570.00   1.3370618e-08
      5580.00   1.3288550e-08
      5590.00   1.3207102e-08
      5600.00   1.3126270e-08
      5610.00   1.3046050e-08
      5620.00   1.2966435e-08
      5630.00   1.2887421e-08
      5640.00   1.2809002e-08
      5650.00   1.2731171e-08
      5660.00   1.2653926e-08
      5670.00   1.2577259e-08
      5680.00   1.2501166e-08
      5690.00   1.2425642e-08
      5700.00   1.2350681e-08
      5710.00   1.2276279e-08
      5720.00   1.2202433e-08
      5730.00   1.2129132e-08
      5740.00   1.2056379e-08
      5750.00   1.1984163e-08
      5760.00   1.1912482e-08
      5770.00   1.1841331e-08
      5780.00   1.1770706e-08
      5790.00   1.1700600e-08
      5800.00   1.1631011e-08
      5810.00   1.1561936e-08
      5820.00   1.1493366e-08
      5830.00   1.1425298e-08
      5840.00   1.1357730e-08
      5850.00   1.1290655e-08
      5860.00   1.1224070e-08
      5870.00   1.1157970e-08
      5880.00   1.1092352e-08
      5890.00   1.1027211e-08
      5900.00   1.0962544e-08
      5910.00   1.0898345e-08
      5920.00   1.0834610e-08
      5930.00   1.0771338e-08
      5940.00   1.0708522e-08
      5950.00   1.0646159e-08
      5960.00   1.0584246e-08
      5970.00   1.0522777e-08
      5980.00   1.0461751e-08
      5990.00   1.0401163e-08
      6000.00   1.0341009e-08
      6010.00   1.0281284e-08
      6020.00   1.0221986e-08
      6030.00   1.0163112e-08
      6040.00   1.0104658e-08
      6050.00   1.0046619e-08
      6060.00   9.9889926e-09
      6070.00   9.9317755e-09
      6080.00   9.8749644e-09
      6090.00   9.8185553e-09
      6100.00   9.7625447e-09
      6110.00   9.7069289e-09
      6120.00   9.6517069e-09
      6130.00   9.5968724e-09
      6140.00   9.5424242e-09
      6150.00   9.4883578e-09
      6160.00   9.4346708e-09
      6170.00   9.3813600e-09
      6180.00   9.3284218e-09
      6190.00   9.2758533e-09
      6200.00   9.2236525e-09
      6210.00   9.1718144e-09
      6220.00   9.1203371e-09
      6230.00   9.0692183e-09
      6240.00   9.0184541e-09
      6250.00   8.9680407e-09
      6260.00   8.9179773e-09
      6270.00   8.8682603e-09
      6280.00   8.8188858e-09
      6290.00   8.7698513e-09
      6300.00   8.7211551e-09
      6310.00   8.6727937e-09
      6320.00   8.6247653e-09
      6330.00   8.5770646e-09
      6340.00   8.5296911e-09
      6350.00   8.4826430e-09
      6360.00   8.4359153e-09
      6370.00   8.3895064e-09
      6380.00   8.3434139e-09
      6390.00   8.2976354e-09
      6400.00   8.2521678e-09
      6410.00   8.2070087e-09
      6420.00   8.1621558e-09
      6430.00   8.1176069e-09
      6440.00   8.0733596e-09
      6450.00   8.0294103e-09
      6460.00   7.9857575e-09
      6470.00   7.9423991e-09
      6480.00   7.8993321e-09
      6490.00   7.8565552e-09
      6500.00   7.8140648e-09
      6510.00   7.7718596e-09
      6520.00   7.7299367e-09
      6530.00   7.6882935e-09
      6540.00   7.6469287e-09
      6550.00   7.6058403e-09
      6560.00   7.5650250e-09
      6570.00   7.5244807e-09
      6580.00   7.4842064e-09
      6590.00   7.4441994e-09
      6600.00   7.4044572e-09
      6610.00   7.3649780e-09
      6620.00   7.3257600e-09
      6630.00   7.2868000e-09
      6640.00   7.2480975e-09
      6650.00   7.2096503e-09
      6660.00   7.1714552e-09
      6670.00   7.1335111e-09
      6680.00   7.0958165e-09
      6690.00   7.0583677e-09
      6700.00   7.0211649e-09
      6710.00   6.9842048e-09
      6720.00   6.9474862e-09
      6730.00   6.9110064e-09
      6740.00   6.8747649e-09
      6750.00   6.8387585e-09
      6760.00   6.8029862e-09
      6770.00   6.7674465e-09
      6780.00   6.7321361e-09
      6790.00   6.6970547e-09
      6800.00   6.6621998e-09
      6810.00   6.6275702e-09
      6820.00   6.5931637e-09
      6830.00   6.5589787e-09
      6840.00   6.5250134e-09
      6850.00   6.4912662e-09
      6860.00   6.4577359e-09
      6870.00   6.4244200e-09
      6880.00   6.3913177e-09
      6890.00   6.3584267e-09
      6900.00   6.3257452e-09
      6910.00   6.2932727e-09
      6920.00   6.2610076e-09
      6930.00   6.2289467e-09
      6940.00   6.1970900e-09
      6950.00   6.1654351e-09
      6960.00   6.1339806e-09
      6970.00   6.1027254e-09
      6980.00   6.0716681e-09
      6990.00   6.0408071e-09
      7000.00   6.0101401e-09
      7010.00   5.9796662e-09
      7020.00   5.9493843e-09
      7030.00   5.9192931e-09
      7040.00   5.8893901e-09
      7050.00   5.8596751e-09
      7060.00   5.8301459e-09
      7070.00   5.8008015e-09
      7080.00   5.7716399e-09
      7090.00   5.7426604e-09
      7100.00   5.7138616e-09
      7110.00   5.6852421e-09
      7120.00   5.6568007e-09
      7130.00   5.6285361e-09
      7140.00   5.6004459e-09
      7150.00   5.5725304e-09
      7160.00   5.5447873e-09
      7170.00   5.5172155e-09
      7180.00   5.4898140e-09
      7190.00   5.4625818e-09
      7200.00   5.4355167e-09
      7210.00   5.4086184e-09
      7220.00   5.3818859e-09
      7230.00   5.3553163e-09
      7240.00   5.3289106e-09
      7250.00   5.3026655e-09
      7260.00   5.2765811e-09
      7270.00   5.2506567e-09
      7280.00   5.2248895e-09
      7290.00   5.1992798e-09
      7300.00   5.1738262e-09
      7310.00   5.1485271e-09
      7320.00   5.1233813e-09
      7330.00   5.0983883e-09
      7340.00   5.0735463e-09
      7350.00   5.0488549e-09
      7360.00   5.0243128e-09
      7370.00   4.9999191e-09
      7380.00   4.9756716e-09
      7390.00   4.9515708e-09
      7400.00   4.9276145e-09
      7410.00   4.9038024e-09
      7420.00   4.8801333e-09
      7430.00   4.8566058e-09
      7440.00   4.8332192e-09
      7450.00   4.8099727e-09
      7460.00   4.7868651e-09
      7470.00   4.7638951e-09
      7480.00   4.7410621e-09
      7490.00   4.7183649e-09
      7500.00   4.6958031e-09
      7510.00   4.6733748e-09
      7520.00   4.6510796e-09
      7530.00   4.6289164e-09
      7540.00   4.6068849e-09
      7550.00   4.5849833e-09
      7560.00   4.5632111e-09
      7570.00   4.5415673e-09
      7580.00   4.5200505e-09
      7590.00   4.4986612e-09
      7600.00   4.4773974e-09
      7610.00   4.4562582e-09
      7620.00   4.4352433e-09
      7630.00   4.4143509e-09
      7640.00   4.3935815e-09
      7650.00   4.3729330e-09
      7660.00   4.3524055e-09
      7670.00   4.3319973e-09
      7680.00   4.3117080e-09
      7690.00   4.2915369e-09
      7700.00   4.2714832e-09
      7710.00   4.2515456e-09
      7720.00   4.2317236e-09
      7730.00   4.2120169e-09
      7740.00   4.1924240e-09
      7750.00   4.1729442e-09
      7760.00   4.1535769e-09
      7770.00   4.1343214e-09
      7780.00   4.1151767e-09
      7790.00   4.0961422e-09
      7800.00   4.0772171e-09
      7810.00   4.0584005e-09
      7820.00   4.0396923e-09
      7830.00   4.0210908e-09
      7840.00   4.0025960e-09
      7850.00   3.9842067e-09
      7860.00   3.9659224e-09
      7870.00   3.9477426e-09
      7880.00   3.9296661e-09
      7890.00   3.9116928e-09
      7900.00   3.8938213e-09
      7910.00   3.8760516e-09
      7920.00   3.8583825e-09
      7930.00   3.8408135e-09
      7940.00   3.8233440e-09
      7950.00   3.8059731e-09
      7960.00   3.7887008e-09
      7970.00   3.7715253e-09
      7980.00   3.7544470e-09
      7990.00   3.7374646e-09
      8000.00   3.7205777e-09
