      1600.00   4.1004083e-07
      1610.00   4.0614723e-07
      1620.00   4.0226736e-07
      1630.00   3.9840262e-07
      1640.00   3.9455401e-07
      1650.00   3.9072270e-07
      1660.00   3.8690966e-07
      1670.00   3.8311595e-07
      1680.00   3.7934237e-07
      1690.00   3.7558982e-07
      1700.00   3.7185912e-07
      1710.00   3.6815100e-07
      1720.00   3.6446614e-07
      1730.00   3.6080520e-07
      1740.00   3.5716873e-07
      1750.00   3.5355736e-07
      1760.00   3.4997156e-07
      1770.00   3.4641184e-07
      1780.00   3.4287861e-07
      1790.00   3.3937229e-07
      1800.00   3.3589321e-07
      1810.00   3.3244179e-07
      1820.00   3.2901817e-07
      1830.00   3.2562279e-07
      1840.00   3.2225580e-07
      1850.00   3.1891742e-07
      1860.00   3.1560785e-07
      1870.00   3.1232728e-07
      1880.00   3.0907580e-07
      1890.00   3.0585355e-07
      1900.00   3.0266060e-07
      1910.00   2.9949705e-07
      1920.00   2.9636293e-07
      1930.00   2.9325828e-07
      1940.00   2.9018317e-07
      1950.00   2.8713752e-07
      1960.00   2.8412137e-07
      1970.00   2.8113464e-07
      1980.00   2.7817735e-07
      1990.00   2.7524940e-07
      2000.00   2.7235071e-07
      2010.00   2.6948122e-07
      2020.00   2.6664082e-07
      2030.00   2.6382942e-07
      2040.00   2.6104691e-07
      2050.00   2.5829315e-07
      2060.00   2.5556800e-07
      2070.00   2.5287133e-07
      2080.00   2.5020302e-07
      2090.00   2.4756285e-07
      2100.00   2.4495069e-07
      2110.00   2.4236638e-07
      2120.00   2.3980973e-07
      2130.00   2.3728058e-07
      2140.00   2.3477870e-07
      2150.00   2.3230394e-07
      2160.00   2.2985609e-07
      2170.00   2.2743492e-07
      2180.00   2.2504028e-07
      2190.00   2.2267192e-07
      2200.00   2.2032965e-07
      2210.00   2.1801327e-07
      2220.00   2.1572252e-07
      2230.00   2.1345723e-07
      2240.00   2.1121714e-07
      2250.00   2.0900206e-07
      2260.00   2.0681176e-07
      2270.00   2.0464597e-07
      2280.00   2.0250454e-07
      2290.00   2.0038717e-07
      2300.00   1.9829369e-07
      2310.00   1.9622384e-07
      2320.00   1.9417739e-07
      2330.00   1.9215413e-07
      2340.00   1.9015380e-07
      2350.00   1.8817620e-07
      2360.00   1.8622109e-07
      2370.00   1.8428824e-07
      2380.00   1.8237741e-07
      2390.00   1.8048838e-07
      2400.00   1.7862094e-07
      2410.00   1.7677481e-07
      2420.00   1.7494982e-07
      2430.00   1.7314572e-07
      2440.00   1.7136228e-07
      2450.00   1.6959930e-07
      2460.00   1.6785654e-07
      2470.00   1.6613376e-07
      2480.00   1.6443074e-07
      2490.00   1.6274731e-07
      2500.00   1.6108320e-07
      2510.00   1.5943822e-07
      2520.00   1.5781216e-07
      2530.00   1.5620476e-07
      2540.00   1.5461586e-07
      2550.00   1.5304524e-07
      2560.00   1.5149266e-07
      2570.00   1.4995793e-07
      2580.00   1.4844086e-07
      2590.00   1.4694122e-07
      2600.00   1.4545883e-07
      2610.00   1.4399347e-07
      2620.00   1.4254496e-07
      2630.00   1.4111308e-07
      2640.00   1.3969764e-07
      2650.00   1.3829846e-07
      2660.00   1.3691534e-07
      2670.00   1.3554809e-07
      2680.00   1.3419652e-07
      2690.00   1.3286045e-07
      2700.00   1.3153966e-07
      2710.00   1.3023402e-07
      2720.00   1.2894333e-07
      2730.00   1.2766739e-07
      2740.00   1.2640605e-07
      2750.00   1.2515911e-07
      2760.00   1.2392643e-07
      2770.00   1.2270779e-07
      2780.00   1.2150306e-07
      2790.00   1.2031207e-07
      2800.00   1.1913462e-07
      2810.00   1.1797057e-07
      2820.00   1.1681977e-07
      2830.00   1.1568203e-07
      2840.00   1.1455721e-07
      2850.00   1.1344514e-07
      2860.00   1.1234568e-07
      2870.00   1.1125867e-07
      2880.00   1.1018394e-07
      2890.00   1.0912137e-07
      2900.00   1.0807078e-07
      2910.00   1.0703206e-07
      2920.00   1.0600504e-07
      2930.00   1.0498958e-07
      2940.00   1.0398553e-07
      2950.00   1.0299277e-07
      2960.00   1.0201114e-07
      2970.00   1.0104053e-07
      2980.00   1.0008079e-07
      2990.00   9.9131776e-08
      3000.00   9.8193376e-08
      3010.00   9.7265439e-08
      3020.00   9.6347859e-08
      3030.00   9.5440489e-08
      3040.00   9.4543223e-08
      3050.00   9.3655924e-08
      3060.00   9.2778472e-08
      3070.00   9.1910745e-08
      3080.00   9.1052622e-08
      3090.00   9.0203991e-08
      3100.00   8.9364737e-08
      3110.00   8.8534732e-08
      3120.00   8.7713886e-08
      3130.00   8.6902061e-08
      3140.00   8.6099167e-08
      3150.00   8.5305077e-08
      3160.00   8.4519704e-08
      3170.00   8.3742909e-08
      3180.00   8.2974628e-08
      3190.00   8.2214725e-08
      3200.00   8.1463114e-08
      3210.00   8.0719683e-08
      3220.00   7.9984349e-08
      3230.00   7.9256989e-08
      3240.00   7.8537523e-08
      3250.00   7.7825856e-08
      3260.00   7.7121889e-08
      3270.00   7.6425518e-08
      3280.00   7.5736668e-08
      3290.00   7.5055233e-08
      3300.00   7.4381135e-08
      3310.00   7.3714278e-08
      3320.00   7.3054568e-08
      3330.00   7.2401933e-08
      3340.00   7.1756282e-08
      3350.00   7.1117522e-08
      3360.00   7.0485578e-08
      3370.00   6.9860365e-08
      3380.00   6.9241803e-08
      3390.00   6.8629814e-08
      3400.00   6.8024315e-08
      3410.00   6.7425234e-08
      3420.00   6.6832483e-08
      3430.00   6.6245994e-08
      3440.00   6.5665690e-08
      3450.00   6.5091489e-08
      3460.00   6.4523340e-08
      3470.00   6.3961147e-08
      3480.00   6.3404844e-08
      3490.00   6.2854369e-08
      3500.00   6.2309649e-08
      3510.00   6.1770608e-08
      3520.00   6.1237190e-08
      3530.00   6.0709324e-08
      3540.00   6.0186937e-08
      3550.00   5.9669970e-08
      3560.00   5.9158362e-08
      3570.00   5.8652043e-08
      3580.00   5.8150954e-08
      3590.00   5.7655029e-08
      3600.00   5.7164213e-08
      3610.00   5.6678448e-08
      3620.00   5.6197665e-08
      3630.00   5.5721801e-08
      3640.00   5.5250813e-08
      3650.00   5.4784642e-08
      3660.00   5.4323222e-08
      3670.00   5.3866501e-08
      3680.00   5.3414430e-08
      3690.00   5.2966946e-08
      3700.00   5.2524000e-08
      3710.00   5.2085541e-08
      3720.00   5.1651508e-08
      3730.00   5.1221863e-08
      3740.00   5.0796544e-08
      3750.00   5.0375506e-08
      3760.00   4.9958693e-08
      3770.00   4.9546065e-08
      3780.00   4.9137567e-08
      3790.00   4.8733148e-08
      3800.00   4.8332778e-08
      3810.00   4.7936394e-08
      3820.00   4.7543953e-08
      3830.00   4.7155413e-08
      3840.00   4.6770725e-08
      3850.00   4.6389850e-08
      3860.00   4.6012738e-08
      3870.00   4.5639357e-08
      3880.00   4.5269653e-08
      3890.00   4.4903589e-08
      3900.00   4.4541122e-08
      3910.00   4.4182214e-08
      3920.00   4.3826821e-08
      3930.00   4.3474902e-08
      3940.00   4.3126422e-08
      3950.00   4.2781340e-08
      3960.00   4.2439620e-08
      3970.00   4.2101220e-08
      3980.00   4.1766107e-08
      3990.00   4.1434237e-08
      4000.00   4.1105578e-08
      4010.00   4.0780096e-08
      4020.00   4.0457752e-08
      4030.00   4.0138513e-08
      4040.00   3.9822341e-08
      4050.00   3.9509206e-08
      4060.00   3.9199069e-08
      4070.00   3.8891903e-08
      4080.00   3.8587670e-08
      4090.00   3.8286338e-08
      4100.00   3.7987879e-08
      4110.00   3.7692257e-08
      4120.00   3.7399438e-08
      4130.00   3.7109399e-08
      4140.00   3.6822100e-08
      4150.00   3.6537522e-08
      4160.00   3.6255625e-08
      4170.00   3.5976382e-08
      4180.00   3.5699766e-08
      4190.00   3.5425746e-08
      4200.00   3.5154297e-08
      4210.00   3.4885393e-08
      4220.00   3.4618994e-08
      4230.00   3.4355086e-08
      4240.00   3.4093631e-08
      4250.00   3.3834612e-08
      4260.00   3.3577999e-08
      4270.00   3.3323762e-08
      4280.00   3.3071881e-08
      4290.00   3.2822328e-08
      4300.00   3.2575078e-08
      4310.00   3.2330106e-08
      4320.00   3.2087388e-08
      4330.00   3.1846897e-08
      4340.00   3.1608612e-08
      4350.00   3.1372511e-08
      4360.00   3.1138568e-08
      4370.00   3.0906760e-08
      4380.00   3.0677064e-08
      4390.00   3.0449459e-08
      4400.00   3.0223920e-08
      4410.00   3.0000430e-08
      4420.00   2.9778960e-08
      4430.00   2.9559494e-08
      4440.00   2.9342010e-08
      4450.00   2.9126488e-08
      4460.00   2.8912904e-08
      4470.00   2.8701239e-08
      4480.00   2.8491472e-08
      4490.00   2.8283586e-08
      4500.00   2.8077560e-08
      4510.00   2.7873371e-08
      4520.00   2.7671007e-08
      4530.00   2.7470440e-08
      4540.00   2.7271658e-08
      4550.00   2.7074641e-08
      4560.00   2.6879369e-08
      4570.00   2.6685823e-08
      4580.00   2.6493988e-08
      4590.00   2.6303845e-08
      4600.00   2.6115377e-08
      4610.00   2.5928567e-08
      4620.00   2.5743395e-08
      4630.00   2.5559846e-08
      4640.00   2.5377906e-08
      4650.00   2.5197555e-08
      4660.00   2.5018778e-08
      4670.00   2.4841557e-08
      4680.00   2.4665878e-08
      4690.00   2.4491726e-08
      4700.00   2.4319082e-08
      4710.00   2.4147936e-08
      4720.00   2.3978266e-08
      4730.00   2.3810062e-08
      4740.00   2.3643310e-08
      4750.00   2.3477990e-08
      4760.00   2.3314093e-08
      4770.00   2.3151601e-08
      4780.00   2.2990500e-08
      4790.00   2.2830779e-08
      4800.00   2.2672421e-08
      4810.00   2.2515413e-08
      4820.00   2.2359740e-08
      4830.00   2.2205393e-08
      4840.00   2.2052356e-08
      4850.00   2.1900616e-08
      4860.00   2.1750160e-08
      4870.00   2.1600975e-08
      4880.00   2.1453049e-08
      4890.00   2.1306369e-08
      4900.00   2.1160923e-08
      4910.00   2.1016699e-08
      4920.00   2.0873687e-08
      4930.00   2.0731867e-08
      4940.00   2.0591236e-08
      4950.00   2.0451779e-08
      4960.00   2.0313482e-08
      4970.00   2.0176339e-08
      4980.00   2.0040335e-08
      4990.00   1.9905460e-08
      5000.00   1.9771702e-08
      5010.00   1.9639051e-08
      5020.00   1.9507495e-08
      5030.00   1.9377025e-08
      5040.00   1.9247631e-08
      5050.00   1.9119299e-08
      5060.00   1.8992021e-08
      5070.00   1.8865789e-08
      5080.00   1.8740588e-08
      5090.00   1.8616411e-08
      5100.00   1.8493250e-08
      5110.00   1.8371090e-08
      5120.00   1.8249926e-08
      5130.00   1.8129745e-08
      5140.00   1.8010541e-08
      5150.00   1.7892302e-08
      5160.00   1.7775021e-08
      5170.00   1.7658687e-08
      5180.00   1.7543290e-08
      5190.00   1.7428825e-08
      5200.00   1.7315280e-08
      5210.00   1.7202647e-08
      5220.00   1.7090917e-08
      5230.00   1.6980081e-08
      5240.00   1.6870133e-08
      5250.00   1.6761062e-08
      5260.00   1.6652860e-08
      5270.00   1.6545520e-08
      5280.00   1.6439034e-08
      5290.00   1.6333393e-08
      5300.00   1.6228589e-08
      5310.00   1.6124616e-08
      5320.00   1.6021464e-08
      5330.00   1.5919125e-08
      5340.00   1.5817594e-08
      5350.00   1.5716862e-08
      5360.00   1.5616921e-08
      5370.00   1.5517764e-08
      5380.00   1.5419385e-08
      5390.00   1.5321775e-08
      5400.00   1.5224927e-08
      5410.00   1.5128836e-08
      5420.00   1.5033492e-08
      5430.00   1.4938891e-08
      5440.00   1.4845026e-08
      5450.00   1.4751888e-08
      5460.00   1.4659469e-08
      5470.00   1.4567768e-08
      5480.00   1.4476774e-08
      5490.00   1.4386482e-08
      5500.00   1.4296885e-08
      5510.00   1.4207979e-08
      5520.00   1.4119754e-08
      5530.00   1.4032207e-08
      5540.00   1.3945328e-08
      5550.00   1.3859116e-08
      5560.00   1.3773560e-08
      5570.00   1.3688658e-08
      5580.00   1.3604403e-08
      5590.00   1.3520788e-08
      5600.00   1.3437807e-08
      5610.00   1.3355456e-08
      5620.00   1.3273729e-08
      5630.00   1.3192620e-08
      5640.00   1.3112123e-08
      5650.00   1.3032232e-08
      5660.00   1.2952944e-08
      5670.00   1.2874252e-08
      5680.00   1.2796151e-08
      5690.00   1.2718635e-08
      5700.00   1.2641700e-08
      5710.00   1.2565339e-08
      5720.00   1.2489550e-08
      5730.00   1.2414324e-08
      5740.00   1.2339661e-08
      5750.00   1.2265551e-08
      5760.00   1.2191991e-08
      5770.00   1.2118978e-08
      5780.00   1.2046505e-08
      5790.00   1.1974567e-08
      5800.00   1.1903160e-08
      5810.00   1.1832282e-08
      5820.00   1.1761925e-08
      5830.00   1.1692085e-08
      5840.00   1.1622758e-08
      5850.00   1.1553938e-08
      5860.00   1.1485624e-08
      5870.00   1.1417808e-08
      5880.00   1.1350488e-08
      5890.00   1.1283660e-08
      5900.00   1.1217317e-08
      5910.00   1.1151458e-08
      5920.00   1.1086076e-08
      5930.00   1.1021169e-08
      5940.00   1.0956733e-08
      5950.00   1.0892762e-08
      5960.00   1.0829254e-08
      5970.00   1.0766203e-08
      5980.00   1.0703607e-08
      5990.00   1.0641462e-08
      6000.00   1.0579763e-08
      6010.00   1.0518506e-08
      6020.00   1.0457688e-08
      6030.00   1.0397306e-08
      6040.00   1.0337355e-08
      6050.00   1.0277832e-08
      6060.00   1.0218733e-08
      6070.00   1.0160055e-08
      6080.00   1.0101795e-08
      6090.00   1.0043948e-08
      6100.00   9.9865104e-09
      6110.00   9.9294790e-09
      6120.00   9.8728526e-09
      6130.00   9.8166248e-09
      6140.00   9.7607940e-09
      6150.00   9.7053558e-09
      6160.00   9.6503077e-09
      6170.00   9.5956464e-09
      6180.00   9.5413682e-09
      6190.00   9.4874700e-09
      6200.00   9.4339499e-09
      6210.00   9.3808027e-09
      6220.00   9.3280263e-09
      6230.00   9.2756185e-09
      6240.00   9.2235752e-09
      6250.00   9.1718925e-09
      6260.00   9.1205696e-09
      6270.00   9.0696027e-09
      6280.00   9.0189879e-09
      6290.00   8.9687225e-09
      6300.00   8.9188049e-09
      6310.00   8.8692313e-09
      6320.00   8.8199999e-09
      6330.00   8.7711055e-09
      6340.00   8.7225471e-09
      6350.00   8.6743233e-09
      6360.00   8.6264287e-09
      6370.00   8.5788617e-09
      6380.00   8.5316198e-09
      6390.00   8.4847007e-09
      6400.00   8.4381009e-09
      6410.00   8.3918181e-09
      6420.00   8.3458500e-09
      6430.00   8.3001942e-09
      6440.00   8.2548485e-09
      6450.00   8.2098088e-09
      6460.00   8.1650737e-09
      6470.00   8.1206411e-09
      6480.00   8.0765078e-09
      6490.00   8.0326726e-09
      6500.00   7.9891318e-09
      6510.00   7.9458838e-09
      6520.00   7.9029260e-09
      6530.00   7.8602554e-09
      6540.00   7.8178708e-09
      6550.00   7.7757702e-09
      6560.00   7.7339499e-09
      6570.00   7.6924082e-09
      6580.00   7.6511437e-09
      6590.00   7.6101538e-09
      6600.00   7.5694359e-09
      6610.00   7.5289881e-09
      6620.00   7.4888085e-09
      6630.00   7.4488939e-09
      6640.00   7.4092438e-09
      6650.00   7.3698558e-09
      6660.00   7.3307268e-09
      6670.00   7.2918555e-09
      6680.00   7.2532404e-09
      6690.00   7.2148778e-09
      6700.00   7.1767678e-09
      6710.00   7.1389069e-09
      6720.00   7.1012940e-09
      6730.00   7.0639263e-09
      6740.00   7.0268034e-09
      6750.00   6.9899218e-09
      6760.00   6.9532806e-09
      6770.00   6.9168781e-09
      6780.00   6.8807112e-09
      6790.00   6.8447793e-09
      6800.00   6.8090799e-09
      6810.00   6.7736119e-09
      6820.00   6.7383729e-09
      6830.00   6.7033613e-09
      6840.00   6.6685752e-09
      6850.00   6.6340130e-09
      6860.00   6.5996734e-09
      6870.00   6.5655540e-09
      6880.00   6.5316538e-09
      6890.00   6.4979705e-09
      6900.00   6.4645022e-09
      6910.00   6.4312486e-09
      6920.00   6.3982076e-09
      6930.00   6.3653764e-09
      6940.00   6.3327548e-09
      6950.00   6.3003402e-09
      6960.00   6.2681313e-09
      6970.00   6.2361269e-09
      6980.00   6.2043257e-09
      6990.00   6.1727260e-09
      7000.00   6.1413252e-09
      7010.00   6.1101227e-09
      7020.00   6.0791172e-09
      7030.00   6.0483075e-09
      7040.00   6.0176907e-09
      7050.00   5.9872670e-09
      7060.00   5.9570339e-09
      7070.00   5.9269904e-09
      7080.00   5.8971345e-09
      7090.00   5.8674655e-09
      7100.00   5.8379818e-09
      7110.00   5.8086821e-09
      7120.00   5.7795652e-09
      7130.00   5.7506297e-09
      7140.00   5.7218731e-09
      7150.00   5.6932957e-09
      7160.00   5.6648951e-09
      7170.00   5.6366704e-09
      7180.00   5.6086203e-09
      7190.00   5.5807440e-09
      7200.00   5.5530391e-09
      7210.00   5.5255052e-09
      7220.00   5.4981414e-09
      7230.00   5.4709449e-09
      7240.00   5.4439163e-09
      7250.00   5.4170525e-09
      7260.00   5.3903537e-09
      7270.00   5.3638188e-09
      7280.00   5.3374453e-09
      7290.00   5.3112333e-09
      7300.00   5.2851813e-09
      7310.00   5.2592879e-09
      7320.00   5.2335517e-09
      7330.00   5.2079722e-09
      7340.00   5.1825476e-09
      7350.00   5.1572774e-09
      7360.00   5.1321604e-09
      7370.00   5.1071956e-09
      7380.00   5.0823806e-09
      7390.00   5.0577162e-09
      7400.00   5.0331999e-09
      7410.00   5.0088316e-09
      7420.00   4.9846098e-09
      7430.00   4.9605332e-09
      7440.00   4.9366011e-09
      7450.00   4.9128128e-09
      7460.00   4.8891668e-09
      7470.00   4.8656620e-09
      7480.00   4.8422976e-09
      7490.00   4.8190724e-09
      7500.00   4.7959861e-09
      7510.00   4.7730367e-09
      7520.00   4.7502237e-09
      7530.00   4.7275461e-09
      7540.00   4.7050036e-09
      7550.00   4.6825941e-09
      7560.00   4.6603174e-09
      7570.00   4.6381723e-09
      7580.00   4.6161574e-09
      7590.00   4.5942732e-09
      7600.00   4.5725177e-09
      7610.00   4.5508899e-09
      7620.00   4.5293896e-09
      7630.00   4.5080148e-09
      7640.00   4.4867661e-09
      7650.00   4.4656414e-09
      7660.00   4.4446407e-09
      7670.00   4.4237622e-09
      7680.00   4.4030057e-09
      7690.00   4.3823703e-09
      7700.00   4.3618552e-09
      7710.00   4.3414592e-09
      7720.00   4.3211817e-09
      7730.00   4.3010224e-09
      7740.00   4.2809796e-09
      7750.00   4.2610528e-09
      7760.00   4.2412414e-09
      7770.00   4.2215444e-09
      7780.00   4.2019611e-09
      7790.00   4.1824907e-09
      7800.00   4.1631324e-09
      7810.00   4.1438854e-09
      7820.00   4.1247493e-09
      7830.00   4.1057228e-09
      7840.00   4.0868055e-09
      7850.00   4.0679963e-09
      7860.00   4.0492947e-09
      7870.00   4.0307002e-09
      7880.00   4.0122116e-09
      7890.00   3.9938287e-09
      7900.00   3.9755501e-09
      7910.00   3.9573759e-09
      7920.00   3.9393048e-09
      7930.00   3.9213361e-09
      7940.00   3.9034696e-09
      7950.00   3.8857040e-09
      7960.00   3.8680394e-09
      7970.00   3.8504741e-09
      7980.00   3.8330083e-09
      7990.00   3.8156408e-09
      8000.00   3.7983710e-09
