      1600.00   4.5361844e-07
      1610.00   4.4906482e-07
      1620.00   4.4453459e-07
      1630.00   4.4002907e-07
      1640.00   4.3554920e-07
      1650.00   4.3109605e-07
      1660.00   4.2667054e-07
      1670.00   4.2227363e-07
      1680.00   4.1790604e-07
      1690.00   4.1356857e-07
      1700.00   4.0926197e-07
      1710.00   4.0498685e-07
      1720.00   4.0074380e-07
      1730.00   3.9653339e-07
      1740.00   3.9235605e-07
      1750.00   3.8821234e-07
      1760.00   3.8410259e-07
      1770.00   3.8002723e-07
      1780.00   3.7598656e-07
      1790.00   3.7198088e-07
      1800.00   3.6801042e-07
      1810.00   3.6407551e-07
      1820.00   3.6017616e-07
      1830.00   3.5631270e-07
      1840.00   3.5248520e-07
      1850.00   3.4869375e-07
      1860.00   3.4493844e-07
      1870.00   3.4121937e-07
      1880.00   3.3753650e-07
      1890.00   3.3388989e-07
      1900.00   3.3027950e-07
      1910.00   3.2670530e-07
      1920.00   3.2316724e-07
      1930.00   3.1966525e-07
      1940.00   3.1619928e-07
      1950.00   3.1276918e-07
      1960.00   3.0937488e-07
      1970.00   3.0601618e-07
      1980.00   3.0269301e-07
      1990.00   2.9940519e-07
      2000.00   2.9615252e-07
      2010.00   2.9293486e-07
      2020.00   2.8975200e-07
      2030.00   2.8660374e-07
      2040.00   2.8348990e-07
      2050.00   2.8041024e-07
      2060.00   2.7736454e-07
      2070.00   2.7435256e-07
      2080.00   2.7137411e-07
      2090.00   2.6842887e-07
      2100.00   2.6551664e-07
      2110.00   2.6263716e-07
      2120.00   2.5979016e-07
      2130.00   2.5697541e-07
      2140.00   2.5419259e-07
      2150.00   2.5144147e-07
      2160.00   2.4872176e-07
      2170.00   2.4603315e-07
      2180.00   2.4337543e-07
      2190.00   2.4074827e-07
      2200.00   2.3815140e-07
      2210.00   2.3558453e-07
      2220.00   2.3304737e-07
      2230.00   2.3053965e-07
      2240.00   2.2806105e-07
      2250.00   2.2561131e-07
      2260.00   2.2319013e-07
      2270.00   2.2079719e-07
      2280.00   2.1843226e-07
      2290.00   2.1609498e-07
      2300.00   2.1378511e-07
      2310.00   2.1150234e-07
      2320.00   2.0924639e-07
      2330.00   2.0701697e-07
      2340.00   2.0481377e-07
      2350.00   2.0263652e-07
      2360.00   2.0048494e-07
      2370.00   1.9835875e-07
      2380.00   1.9625764e-07
      2390.00   1.9418135e-07
      2400.00   1.9212960e-07
      2410.00   1.9010207e-07
      2420.00   1.8809855e-07
      2430.00   1.8611872e-07
      2440.00   1.8416231e-07
      2450.00   1.8222907e-07
      2460.00   1.8031873e-07
      2470.00   1.7843097e-07
      2480.00   1.7656555e-07
      2490.00   1.7472225e-07
      2500.00   1.7290076e-07
      2510.00   1.7110083e-07
      2520.00   1.6932222e-07
      2530.00   1.6756464e-07
      2540.00   1.6582787e-07
      2550.00   1.6411166e-07
      2560.00   1.6241573e-07
      2570.00   1.6073985e-07
      2580.00   1.5908379e-07
      2590.00   1.5744728e-07
      2600.00   1.5583012e-07
      2610.00   1.5423204e-07
      2620.00   1.5265283e-07
      2630.00   1.5109222e-07
      2640.00   1.4955001e-07
      2650.00   1.4802597e-07
      2660.00   1.4651988e-07
      2670.00   1.4503150e-07
      2680.00   1.4356063e-07
      2690.00   1.4210704e-07
      2700.00   1.4067051e-07
      2710.00   1.3925084e-07
      2720.00   1.3784782e-07
      2730.00   1.3646122e-07
      2740.00   1.3509086e-07
      2750.00   1.3373653e-07
      2760.00   1.3239803e-07
      2770.00   1.3107515e-07
      2780.00   1.2976770e-07
      2790.00   1.2847550e-07
      2800.00   1.2719833e-07
      2810.00   1.2593602e-07
      2820.00   1.2468839e-07
      2830.00   1.2345523e-07
      2840.00   1.2223638e-07
      2850.00   1.2103165e-07
      2860.00   1.1984087e-07
      2870.00   1.1866385e-07
      2880.00   1.1750042e-07
      2890.00   1.1635041e-07
      2900.00   1.1521365e-07
      2910.00   1.1409000e-07
      2920.00   1.1297925e-07
      2930.00   1.1188125e-07
      2940.00   1.1079585e-07
      2950.00   1.0972290e-07
      2960.00   1.0866220e-07
      2970.00   1.0761365e-07
      2980.00   1.0657706e-07
      2990.00   1.0555229e-07
      3000.00   1.0453920e-07
      3010.00   1.0353761e-07
      3020.00   1.0254742e-07
      3030.00   1.0156844e-07
      3040.00   1.0060057e-07
      3050.00   9.9643651e-08
      3060.00   9.8697543e-08
      3070.00   9.7762110e-08
      3080.00   9.6837217e-08
      3090.00   9.5922737e-08
      3100.00   9.5018541e-08
      3110.00   9.4124483e-08
      3120.00   9.3240464e-08
      3130.00   9.2366329e-08
      3140.00   9.1501975e-08
      3150.00   9.0647261e-08
      3160.00   8.9802089e-08
      3170.00   8.8966303e-08
      3180.00   8.8139830e-08
      3190.00   8.7322520e-08
      3200.00   8.6514276e-08
      3210.00   8.5714972e-08
      3220.00   8.4924515e-08
      3230.00   8.4142768e-08
      3240.00   8.3369642e-08
      3250.00   8.2605031e-08
      3260.00   8.1848823e-08
      3270.00   8.1100903e-08
      3280.00   8.0361188e-08
      3290.00   7.9629558e-08
      3300.00   7.8905928e-08
      3310.00   7.8190189e-08
      3320.00   7.7482239e-08
      3330.00   7.6781996e-08
      3340.00   7.6089359e-08
      3350.00   7.5404225e-08
      3360.00   7.4726510e-08
      3370.00   7.4056122e-08
      3380.00   7.3392969e-08
      3390.00   7.2736966e-08
      3400.00   7.2088020e-08
      3410.00   7.1446051e-08
      3420.00   7.0810964e-08
      3430.00   7.0182681e-08
      3440.00   6.9561117e-08
      3450.00   6.8946182e-08
      3460.00   6.8337819e-08
      3470.00   6.7735923e-08
      3480.00   6.7140420e-08
      3490.00   6.6551241e-08
      3500.00   6.5968305e-08
      3510.00   6.5391531e-08
      3520.00   6.4820853e-08
      3530.00   6.4256195e-08
      3540.00   6.3697477e-08
      3550.00   6.3144632e-08
      3560.00   6.2597594e-08
      3570.00   6.2056285e-08
      3580.00   6.1520642e-08
      3590.00   6.0990588e-08
      3600.00   6.0466067e-08
      3610.00   5.9947013e-08
      3620.00   5.9433350e-08
      3630.00   5.8925010e-08
      3640.00   5.8421944e-08
      3650.00   5.7924087e-08
      3660.00   5.7431368e-08
      3670.00   5.6943730e-08
      3680.00   5.6461116e-08
      3690.00   5.5983461e-08
      3700.00   5.5510709e-08
      3710.00   5.5042803e-08
      3720.00   5.4579680e-08
      3730.00   5.4121293e-08
      3740.00   5.3667577e-08
      3750.00   5.3218483e-08
      3760.00   5.2773949e-08
      3770.00   5.2333930e-08
      3780.00   5.1898368e-08
      3790.00   5.1467206e-08
      3800.00   5.1040410e-08
      3810.00   5.0617913e-08
      3820.00   5.0199667e-08
      3830.00   4.9785626e-08
      3840.00   4.9375736e-08
      3850.00   4.8969956e-08
      3860.00   4.8568230e-08
      3870.00   4.8170523e-08
      3880.00   4.7776776e-08
      3890.00   4.7386948e-08
      3900.00   4.7000995e-08
      3910.00   4.6618872e-08
      3920.00   4.6240532e-08
      3930.00   4.5865932e-08
      3940.00   4.5495031e-08
      3950.00   4.5127786e-08
      3960.00   4.4764158e-08
      3970.00   4.4404100e-08
      3980.00   4.4047577e-08
      3990.00   4.3694541e-08
      4000.00   4.3344957e-08
      4010.00   4.2998787e-08
      4020.00   4.2655989e-08
      4030.00   4.2316529e-08
      4040.00   4.1980363e-08
      4050.00   4.1647460e-08
      4060.00   4.1317776e-08
      4070.00   4.0991283e-08
      4080.00   4.0667939e-08
      4090.00   4.0347710e-08
      4100.00   4.0030565e-08
      4110.00   3.9716465e-08
      4120.00   3.9405373e-08
      4130.00   3.9097263e-08
      4140.00   3.8792093e-08
      4150.00   3.8489842e-08
      4160.00   3.8190467e-08
      4170.00   3.7893937e-08
      4180.00   3.7600224e-08
      4190.00   3.7309295e-08
      4200.00   3.7021122e-08
      4210.00   3.6735675e-08
      4220.00   3.6452914e-08
      4230.00   3.6172822e-08
      4240.00   3.5895359e-08
      4250.00   3.5620504e-08
      4260.00   3.5348227e-08
      4270.00   3.5078495e-08
      4280.00   3.4811286e-08
      4290.00   3.4546569e-08
      4300.00   3.4284318e-08
      4310.00   3.4024505e-08
      4320.00   3.3767104e-08
      4330.00   3.3512087e-08
      4340.00   3.3259432e-08
      4350.00   3.3009112e-08
      4360.00   3.2761100e-08
      4370.00   3.2515373e-08
      4380.00   3.2271904e-08
      4390.00   3.2030673e-08
      4400.00   3.1791649e-08
      4410.00   3.1554818e-08
      4420.00   3.1320145e-08
      4430.00   3.1087614e-08
      4440.00   3.0857202e-08
      4450.00   3.0628886e-08
      4460.00   3.0402641e-08
      4470.00   3.0178447e-08
      4480.00   2.9956281e-08
      4490.00   2.9736123e-08
      4500.00   2.9517952e-08
      4510.00   2.9301744e-08
      4520.00   2.9087484e-08
      4530.00   2.8875143e-08
      4540.00   2.8664706e-08
      4550.00   2.8456155e-08
      4560.00   2.8249466e-08
      4570.00   2.8044620e-08
      4580.00   2.7841599e-08
      4590.00   2.7640384e-08
      4600.00   2.7440956e-08
      4610.00   2.7243297e-08
      4620.00   2.7047385e-08
      4630.00   2.6853204e-08
      4640.00   2.6660739e-08
      4650.00   2.6469968e-08
      4660.00   2.6280876e-08
      4670.00   2.6093443e-08
      4680.00   2.5907654e-08
      4690.00   2.5723493e-08
      4700.00   2.5540939e-08
      4710.00   2.5359981e-08
      4720.00   2.5180597e-08
      4730.00   2.5002774e-08
      4740.00   2.4826499e-08
      4750.00   2.4651749e-08
      4760.00   2.4478515e-08
      4770.00   2.4306777e-08
      4780.00   2.4136522e-08
      4790.00   2.3967735e-08
      4800.00   2.3800400e-08
      4810.00   2.3634502e-08
      4820.00   2.3470027e-08
      4830.00   2.3306962e-08
      4840.00   2.3145292e-08
      4850.00   2.2985002e-08
      4860.00   2.2826079e-08
      4870.00   2.2668509e-08
      4880.00   2.2512277e-08
      4890.00   2.2357373e-08
      4900.00   2.2203781e-08
      4910.00   2.2051488e-08
      4920.00   2.1900485e-08
      4930.00   2.1750750e-08
      4940.00   2.1602280e-08
      4950.00   2.1455057e-08
      4960.00   2.1309069e-08
      4970.00   2.1164306e-08
      4980.00   2.1020756e-08
      4990.00   2.0878405e-08
      5000.00   2.0737242e-08
      5010.00   2.0597256e-08
      5020.00   2.0458433e-08
      5030.00   2.0320764e-08
      5040.00   2.0184239e-08
      5050.00   2.0048842e-08
      5060.00   1.9914565e-08
      5070.00   1.9781399e-08
      5080.00   1.9649328e-08
      5090.00   1.9518346e-08
      5100.00   1.9388442e-08
      5110.00   1.9259602e-08
      5120.00   1.9131818e-08
      5130.00   1.9005079e-08
      5140.00   1.8879378e-08
      5150.00   1.8754701e-08
      5160.00   1.8631040e-08
      5170.00   1.8508385e-08
      5180.00   1.8386726e-08
      5190.00   1.8266055e-08
      5200.00   1.8146360e-08
      5210.00   1.8027633e-08
      5220.00   1.7909864e-08
      5230.00   1.7793045e-08
      5240.00   1.7677167e-08
      5250.00   1.7562220e-08
      5260.00   1.7448194e-08
      5270.00   1.7335083e-08
      5280.00   1.7222877e-08
      5290.00   1.7111568e-08
      5300.00   1.7001147e-08
      5310.00   1.6891606e-08
      5320.00   1.6782936e-08
      5330.00   1.6675129e-08
      5340.00   1.6568178e-08
      5350.00   1.6462074e-08
      5360.00   1.6356809e-08
      5370.00   1.6252375e-08
      5380.00   1.6148765e-08
      5390.00   1.6045970e-08
      5400.00   1.5943982e-08
      5410.00   1.5842797e-08
      5420.00   1.5742405e-08
      5430.00   1.5642798e-08
      5440.00   1.5543971e-08
      5450.00   1.5445915e-08
      5460.00   1.5348622e-08
      5470.00   1.5252087e-08
      5480.00   1.5156302e-08
      5490.00   1.5061261e-08
      5500.00   1.4966955e-08
      5510.00   1.4873381e-08
      5520.00   1.4780529e-08
      5530.00   1.4688394e-08
      5540.00   1.4596967e-08
      5550.00   1.4506246e-08
      5560.00   1.4416219e-08
      5570.00   1.4326885e-08
      5580.00   1.4238235e-08
      5590.00   1.4150263e-08
      5600.00   1.4062962e-08
      5610.00   1.3976328e-08
      5620.00   1.3890353e-08
      5630.00   1.3805033e-08
      5640.00   1.3720362e-08
      5650.00   1.3636330e-08
      5660.00   1.3552937e-08
      5670.00   1.3470174e-08
      5680.00   1.3388036e-08
      5690.00   1.3306518e-08
      5700.00   1.3225613e-08
      5710.00   1.3145317e-08
      5720.00   1.3065625e-08
      5730.00   1.2986528e-08
      5740.00   1.2908027e-08
      5750.00   1.2830110e-08
      5760.00   1.2752776e-08
      5770.00   1.2676018e-08
      5780.00   1.2599832e-08
      5790.00   1.2524213e-08
      5800.00   1.2449155e-08
      5810.00   1.2374655e-08
      5820.00   1.2300706e-08
      5830.00   1.2227303e-08
      5840.00   1.2154443e-08
      5850.00   1.2082119e-08
      5860.00   1.2010329e-08
      5870.00   1.1939066e-08
      5880.00   1.1868327e-08
      5890.00   1.1798107e-08
      5900.00   1.1728400e-08
      5910.00   1.1659204e-08
      5920.00   1.1590512e-08
      5930.00   1.1522323e-08
      5940.00   1.1454630e-08
      5950.00   1.1387429e-08
      5960.00   1.1320716e-08
      5970.00   1.1254487e-08
      5980.00   1.1188738e-08
      5990.00   1.1123464e-08
      6000.00   1.1058663e-08
      6010.00   1.0994327e-08
      6020.00   1.0930456e-08
      6030.00   1.0867045e-08
      6040.00   1.0804089e-08
      6050.00   1.0741584e-08
      6060.00   1.0679527e-08
      6070.00   1.0617915e-08
      6080.00   1.0556743e-08
      6090.00   1.0496008e-08
      6100.00   1.0435705e-08
      6110.00   1.0375831e-08
      6120.00   1.0316383e-08
      6130.00   1.0257357e-08
      6140.00   1.0198749e-08
      6150.00   1.0140556e-08
      6160.00   1.0082774e-08
      6170.00   1.0025401e-08
      6180.00   9.9684315e-09
      6190.00   9.9118630e-09
      6200.00   9.8556934e-09
      6210.00   9.7999170e-09
      6220.00   9.7445319e-09
      6230.00   9.6895356e-09
      6240.00   9.6349236e-09
      6250.00   9.5806920e-09
      6260.00   9.5268398e-09
      6270.00   9.4733630e-09
      6280.00   9.4202576e-09
      6290.00   9.3675206e-09
      6300.00   9.3151502e-09
      6310.00   9.2631426e-09
      6320.00   9.2114959e-09
      6330.00   9.1602043e-09
      6340.00   9.1092670e-09
      6350.00   9.0586824e-09
      6360.00   9.0084448e-09
      6370.00   8.9585526e-09
      6380.00   8.9090030e-09
      6390.00   8.8597936e-09
      6400.00   8.8109208e-09
      6410.00   8.7623820e-09
      6420.00   8.7141749e-09
      6430.00   8.6662969e-09
      6440.00   8.6187456e-09
      6450.00   8.5715167e-09
      6460.00   8.5246089e-09
      6470.00   8.4780197e-09
      6480.00   8.4317459e-09
      6490.00   8.3857862e-09
      6500.00   8.3401364e-09
      6510.00   8.2947953e-09
      6520.00   8.2497597e-09
      6530.00   8.2050268e-09
      6540.00   8.1605950e-09
      6550.00   8.1164623e-09
      6560.00   8.0726250e-09
      6570.00   8.0290810e-09
      6580.00   7.9858289e-09
      6590.00   7.9428660e-09
      6600.00   7.9001895e-09
      6610.00   7.8577973e-09
      6620.00   7.8156876e-09
      6630.00   7.7738570e-09
      6640.00   7.7323048e-09
      6650.00   7.6910285e-09
      6660.00   7.6500249e-09
      6670.00   7.6092927e-09
      6680.00   7.5688300e-09
      6690.00   7.5286332e-09
      6700.00   7.4887023e-09
      6710.00   7.4490335e-09
      6720.00   7.4096258e-09
      6730.00   7.3704762e-09
      6740.00   7.3315842e-09
      6750.00   7.2929461e-09
      6760.00   7.2545610e-09
      6770.00   7.2164271e-09
      6780.00   7.1785411e-09
      6790.00   7.1409024e-09
      6800.00   7.1035083e-09
      6810.00   7.0663577e-09
      6820.00   7.0294479e-09
      6830.00   6.9927775e-09
      6840.00   6.9563442e-09
      6850.00   6.9201466e-09
      6860.00   6.8841831e-09
      6870.00   6.8484511e-09
      6880.00   6.8129498e-09
      6890.00   6.7776766e-09
      6900.00   6.7426296e-09
      6910.00   6.7078082e-09
      6920.00   6.6732106e-09
      6930.00   6.6388335e-09
      6940.00   6.6046769e-09
      6950.00   6.5707380e-09
      6960.00   6.5370154e-09
      6970.00   6.5035078e-09
      6980.00   6.4702139e-09
      6990.00   6.4371317e-09
      7000.00   6.4042589e-09
      7010.00   6.3715944e-09
      7020.00   6.3391371e-09
      7030.00   6.3068855e-09
      7040.00   6.2748368e-09
      7050.00   6.2429910e-09
      7060.00   6.2113457e-09
      7070.00   6.1798996e-09
      7080.00   6.1486507e-09
      7090.00   6.1175982e-09
      7100.00   6.0867405e-09
      7110.00   6.0560762e-09
      7120.00   6.0256040e-09
      7130.00   5.9953224e-09
      7140.00   5.9652288e-09
      7150.00   5.9353235e-09
      7160.00   5.9056041e-09
      7170.00   5.8760693e-09
      7180.00   5.8467182e-09
      7190.00   5.8175496e-09
      7200.00   5.7885611e-09
      7210.00   5.7597523e-09
      7220.00   5.7311221e-09
      7230.00   5.7026677e-09
      7240.00   5.6743898e-09
      7250.00   5.6462849e-09
      7260.00   5.6183532e-09
      7270.00   5.5905939e-09
      7280.00   5.5630040e-09
      7290.00   5.5355837e-09
      7300.00   5.5083316e-09
      7310.00   5.4812460e-09
      7320.00   5.4543255e-09
      7330.00   5.4275696e-09
      7340.00   5.4009763e-09
      7350.00   5.3745452e-09
      7360.00   5.3482749e-09
      7370.00   5.3221645e-09
      7380.00   5.2962114e-09
      7390.00   5.2704163e-09
      7400.00   5.2447769e-09
      7410.00   5.2192927e-09
      7420.00   5.1939624e-09
      7430.00   5.1687846e-09
      7440.00   5.1437585e-09
      7450.00   5.1188832e-09
      7460.00   5.0941574e-09
      7470.00   5.0695799e-09
      7480.00   5.0451497e-09
      7490.00   5.0208656e-09
      7500.00   4.9967274e-09
      7510.00   4.9727327e-09
      7520.00   4.9488813e-09
      7530.00   4.9251720e-09
      7540.00   4.9016044e-09
      7550.00   4.8781765e-09
      7560.00   4.8548879e-09
      7570.00   4.8317375e-09
      7580.00   4.8087236e-09
      7590.00   4.7858469e-09
      7600.00   4.7631053e-09
      7610.00   4.7404977e-09
      7620.00   4.7180237e-09
      7630.00   4.6956816e-09
      7640.00   4.6734718e-09
      7650.00   4.6513919e-09
      7660.00   4.6294422e-09
      7670.00   4.6076208e-09
      7680.00   4.5859273e-09
      7690.00   4.5643608e-09
      7700.00   4.5429206e-09
      7710.00   4.5216053e-09
      7720.00   4.5004143e-09
      7730.00   4.4793472e-09
      7740.00   4.4584024e-09
      7750.00   4.4375792e-09
      7760.00   4.4168771e-09
      7770.00   4.3962950e-09
      7780.00   4.3758320e-09
      7790.00   4.3554876e-09
      7800.00   4.3352607e-09
      7810.00   4.3151504e-09
      7820.00   4.2951566e-09
      7830.00   4.2752775e-09
      7840.00   4.2555131e-09
      7850.00   4.2358620e-09
      7860.00   4.2163237e-09
      7870.00   4.1968977e-09
      7880.00   4.1775827e-09
      7890.00   4.1583786e-09
      7900.00   4.1392839e-09
      7910.00   4.1202986e-09
      7920.00   4.1014213e-09
      7930.00   4.0826515e-09
      7940.00   4.0639887e-09
      7950.00   4.0454317e-09
      7960.00   4.0269806e-09
      7970.00   4.0086336e-09
      7980.00   3.9903909e-09
      7990.00   3.9722512e-09
      8000.00   3.9542141e-09
