      1600.00   5.8337384e-07
      1610.00   5.7674478e-07
      1620.00   5.7017295e-07
      1630.00   5.6365933e-07
      1640.00   5.5720443e-07
      1650.00   5.5080892e-07
      1660.00   5.4447330e-07
      1670.00   5.3819814e-07
      1680.00   5.3198369e-07
      1690.00   5.2583037e-07
      1700.00   5.1973849e-07
      1710.00   5.1370824e-07
      1720.00   5.0773977e-07
      1730.00   5.0183320e-07
      1740.00   4.9598855e-07
      1750.00   4.9020594e-07
      1760.00   4.8448527e-07
      1770.00   4.7882655e-07
      1780.00   4.7322964e-07
      1790.00   4.6769443e-07
      1800.00   4.6222070e-07
      1810.00   4.5680839e-07
      1820.00   4.5145706e-07
      1830.00   4.4616665e-07
      1840.00   4.4093680e-07
      1850.00   4.3576721e-07
      1860.00   4.3065756e-07
      1870.00   4.2560754e-07
      1880.00   4.2061673e-07
      1890.00   4.1568479e-07
      1900.00   4.1081128e-07
      1910.00   4.0599582e-07
      1920.00   4.0123795e-07
      1930.00   3.9653724e-07
      1940.00   3.9189329e-07
      1950.00   3.8730556e-07
      1960.00   3.8277363e-07
      1970.00   3.7829695e-07
      1980.00   3.7387511e-07
      1990.00   3.6950758e-07
      2000.00   3.6519381e-07
      2010.00   3.6093334e-07
      2020.00   3.5672563e-07
      2030.00   3.5257016e-07
      2040.00   3.4846644e-07
      2050.00   3.4441389e-07
      2060.00   3.4041201e-07
      2070.00   3.3646024e-07
      2080.00   3.3255812e-07
      2090.00   3.2870499e-07
      2100.00   3.2490040e-07
      2110.00   3.2114381e-07
      2120.00   3.1743465e-07
      2130.00   3.1377243e-07
      2140.00   3.1015655e-07
      2150.00   3.0658653e-07
      2160.00   3.0306182e-07
      2170.00   2.9958185e-07
      2180.00   2.9614616e-07
      2190.00   2.9275417e-07
      2200.00   2.8940537e-07
      2210.00   2.8609925e-07
      2220.00   2.8283527e-07
      2230.00   2.7961294e-07
      2240.00   2.7643171e-07
      2250.00   2.7329111e-07
      2260.00   2.7019061e-07
      2270.00   2.6712968e-07
      2280.00   2.6410789e-07
      2290.00   2.6112468e-07
      2300.00   2.5817960e-07
      2310.00   2.5527215e-07
      2320.00   2.5240185e-07
      2330.00   2.4956823e-07
      2340.00   2.4677078e-07
      2350.00   2.4400907e-07
      2360.00   2.4128262e-07
      2370.00   2.3859099e-07
      2380.00   2.3593369e-07
      2390.00   2.3331028e-07
      2400.00   2.3072034e-07
      2410.00   2.2816338e-07
      2420.00   2.2563901e-07
      2430.00   2.2314678e-07
      2440.00   2.2068626e-07
      2450.00   2.1825704e-07
      2460.00   2.1585871e-07
      2470.00   2.1349081e-07
      2480.00   2.1115295e-07
      2490.00   2.0884477e-07
      2500.00   2.0656583e-07
      2510.00   2.0431574e-07
      2520.00   2.0209415e-07
      2530.00   1.9990060e-07
      2540.00   1.9773479e-07
      2550.00   1.9559631e-07
      2560.00   1.9348477e-07
      2570.00   1.9139984e-07
      2580.00   1.8934114e-07
      2590.00   1.8730832e-07
      2600.00   1.8530104e-07
      2610.00   1.8331894e-07
      2620.00   1.8136168e-07
      2630.00   1.7942890e-07
      2640.00   1.7752029e-07
      2650.00   1.7563553e-07
      2660.00   1.7377429e-07
      2670.00   1.7193623e-07
      2680.00   1.7012106e-07
      2690.00   1.6832845e-07
      2700.00   1.6655807e-07
      2710.00   1.6480968e-07
      2720.00   1.6308294e-07
      2730.00   1.6137754e-07
      2740.00   1.5969322e-07
      2750.00   1.5802968e-07
      2760.00   1.5638665e-07
      2770.00   1.5476381e-07
      2780.00   1.5316093e-07
      2790.00   1.5157773e-07
      2800.00   1.5001391e-07
      2810.00   1.4846924e-07
      2820.00   1.4694346e-07
      2830.00   1.4543628e-07
      2840.00   1.4394748e-07
      2850.00   1.4247679e-07
      2860.00   1.4102399e-07
      2870.00   1.3958880e-07
      2880.00   1.3817100e-07
      2890.00   1.3677036e-07
      2900.00   1.3538663e-07
      2910.00   1.3401961e-07
      2920.00   1.3266905e-07
      2930.00   1.3133473e-07
      2940.00   1.3001643e-07
      2950.00   1.2871394e-07
      2960.00   1.2742703e-07
      2970.00   1.2615553e-07
      2980.00   1.2489919e-07
      2990.00   1.2365782e-07
      3000.00   1.2243123e-07
      3010.00   1.2121919e-07
      3020.00   1.2002154e-07
      3030.00   1.1883806e-07
      3040.00   1.1766859e-07
      3050.00   1.1651291e-07
      3060.00   1.1537086e-07
      3070.00   1.1424224e-07
      3080.00   1.1312687e-07
      3090.00   1.1202459e-07
      3100.00   1.1093522e-07
      3110.00   1.0985857e-07
      3120.00   1.0879451e-07
      3130.00   1.0774282e-07
      3140.00   1.0670338e-07
      3150.00   1.0567600e-07
      3160.00   1.0466055e-07
      3170.00   1.0365683e-07
      3180.00   1.0266473e-07
      3190.00   1.0168405e-07
      3200.00   1.0071468e-07
      3210.00   9.9756452e-08
      3220.00   9.8809231e-08
      3230.00   9.7872847e-08
      3240.00   9.6947180e-08
      3250.00   9.6032092e-08
      3260.00   9.5127437e-08
      3270.00   9.4233066e-08
      3280.00   9.3348869e-08
      3290.00   9.2474692e-08
      3300.00   9.1610420e-08
      3310.00   9.0755917e-08
      3320.00   8.9911047e-08
      3330.00   8.9075704e-08
      3340.00   8.8249757e-08
      3350.00   8.7433074e-08
      3360.00   8.6625547e-08
      3370.00   8.5827054e-08
      3380.00   8.5037477e-08
      3390.00   8.4256709e-08
      3400.00   8.3484628e-08
      3410.00   8.2721131e-08
      3420.00   8.1966096e-08
      3430.00   8.1219424e-08
      3440.00   8.0481004e-08
      3450.00   7.9750723e-08
      3460.00   7.9028505e-08
      3470.00   7.8314216e-08
      3480.00   7.7607764e-08
      3490.00   7.6909058e-08
      3500.00   7.6217997e-08
      3510.00   7.5534474e-08
      3520.00   7.4858408e-08
      3530.00   7.4189702e-08
      3540.00   7.3528252e-08
      3550.00   7.2873975e-08
      3560.00   7.2226785e-08
      3570.00   7.1586585e-08
      3580.00   7.0953293e-08
      3590.00   7.0326814e-08
      3600.00   6.9707074e-08
      3610.00   6.9093991e-08
      3620.00   6.8487468e-08
      3630.00   6.7887421e-08
      3640.00   6.7293787e-08
      3650.00   6.6706482e-08
      3660.00   6.6125419e-08
      3670.00   6.5550525e-08
      3680.00   6.4981729e-08
      3690.00   6.4418947e-08
      3700.00   6.3862112e-08
      3710.00   6.3311148e-08
      3720.00   6.2765979e-08
      3730.00   6.2226545e-08
      3740.00   6.1692765e-08
      3750.00   6.1164577e-08
      3760.00   6.0641903e-08
      3770.00   6.0124688e-08
      3780.00   5.9612857e-08
      3790.00   5.9106342e-08
      3800.00   5.8605096e-08
      3810.00   5.8109038e-08
      3820.00   5.7618110e-08
      3830.00   5.7132251e-08
      3840.00   5.6651396e-08
      3850.00   5.6175493e-08
      3860.00   5.5704472e-08
      3870.00   5.5238289e-08
      3880.00   5.4776872e-08
      3890.00   5.4320169e-08
      3900.00   5.3868126e-08
      3910.00   5.3420686e-08
      3920.00   5.2977793e-08
      3930.00   5.2539390e-08
      3940.00   5.2105429e-08
      3950.00   5.1675857e-08
      3960.00   5.1250623e-08
      3970.00   5.0829670e-08
      3980.00   5.0412956e-08
      3990.00   5.0000422e-08
      4000.00   4.9592022e-08
      4010.00   4.9187710e-08
      4020.00   4.8787436e-08
      4030.00   4.8391155e-08
      4040.00   4.7998816e-08
      4050.00   4.7610379e-08
      4060.00   4.7225790e-08
      4070.00   4.6845014e-08
      4080.00   4.6468001e-08
      4090.00   4.6094707e-08
      4100.00   4.5725094e-08
      4110.00   4.5359115e-08
      4120.00   4.4996726e-08
      4130.00   4.4637892e-08
      4140.00   4.4282565e-08
      4150.00   4.3930716e-08
      4160.00   4.3582293e-08
      4170.00   4.3237260e-08
      4180.00   4.2895580e-08
      4190.00   4.2557214e-08
      4200.00   4.2222127e-08
      4210.00   4.1890284e-08
      4220.00   4.1561634e-08
      4230.00   4.1236158e-08
      4240.00   4.0913805e-08
      4250.00   4.0594552e-08
      4260.00   4.0278360e-08
      4270.00   3.9965190e-08
      4280.00   3.9655014e-08
      4290.00   3.9347797e-08
      4300.00   3.9043504e-08
      4310.00   3.8742103e-08
      4320.00   3.8443562e-08
      4330.00   3.8147846e-08
      4340.00   3.7854928e-08
      4350.00   3.7564777e-08
      4360.00   3.7277359e-08
      4370.00   3.6992646e-08
      4380.00   3.6710606e-08
      4390.00   3.6431212e-08
      4400.00   3.6154432e-08
      4410.00   3.5880242e-08
      4420.00   3.5608605e-08
      4430.00   3.5339500e-08
      4440.00   3.5072898e-08
      4450.00   3.4808772e-08
      4460.00   3.4547092e-08
      4470.00   3.4287833e-08
      4480.00   3.4030968e-08
      4490.00   3.3776473e-08
      4500.00   3.3524321e-08
      4510.00   3.3274485e-08
      4520.00   3.3026945e-08
      4530.00   3.2781667e-08
      4540.00   3.2538635e-08
      4550.00   3.2297822e-08
      4560.00   3.2059204e-08
      4570.00   3.1822755e-08
      4580.00   3.1588456e-08
      4590.00   3.1356282e-08
      4600.00   3.1126210e-08
      4610.00   3.0898219e-08
      4620.00   3.0672284e-08
      4630.00   3.0448383e-08
      4640.00   3.0226500e-08
      4650.00   3.0006608e-08
      4660.00   2.9788689e-08
      4670.00   2.9572717e-08
      4680.00   2.9358677e-08
      4690.00   2.9146548e-08
      4700.00   2.8936306e-08
      4710.00   2.8727936e-08
      4720.00   2.8521414e-08
      4730.00   2.8316723e-08
      4740.00   2.8113846e-08
      4750.00   2.7912759e-08
      4760.00   2.7713447e-08
      4770.00   2.7515890e-08
      4780.00   2.7320070e-08
      4790.00   2.7125970e-08
      4800.00   2.6933570e-08
      4810.00   2.6742853e-08
      4820.00   2.6553801e-08
      4830.00   2.6366400e-08
      4840.00   2.6180631e-08
      4850.00   2.5996476e-08
      4860.00   2.5813921e-08
      4870.00   2.5632948e-08
      4880.00   2.5453539e-08
      4890.00   2.5275682e-08
      4900.00   2.5099358e-08
      4910.00   2.4924552e-08
      4920.00   2.4751253e-08
      4930.00   2.4579435e-08
      4940.00   2.4409094e-08
      4950.00   2.4240209e-08
      4960.00   2.4072765e-08
      4970.00   2.3906751e-08
      4980.00   2.3742152e-08
      4990.00   2.3578952e-08
      5000.00   2.3417137e-08
      5010.00   2.3256694e-08
      5020.00   2.3097608e-08
      5030.00   2.2939866e-08
      5040.00   2.2783457e-08
      5050.00   2.2628363e-08
      5060.00   2.2474573e-08
      5070.00   2.2322077e-08
      5080.00   2.2170857e-08
      5090.00   2.2020904e-08
      5100.00   2.1872205e-08
      5110.00   2.1724746e-08
      5120.00   2.1578515e-08
      5130.00   2.1433499e-08
      5140.00   2.1289690e-08
      5150.00   2.1147072e-08
      5160.00   2.1005637e-08
      5170.00   2.0865370e-08
      5180.00   2.0726260e-08
      5190.00   2.0588299e-08
      5200.00   2.0451471e-08
      5210.00   2.0315768e-08
      5220.00   2.0181179e-08
      5230.00   2.0047691e-08
      5240.00   1.9915297e-08
      5250.00   1.9783982e-08
      5260.00   1.9653738e-08
      5270.00   1.9524553e-08
      5280.00   1.9396421e-08
      5290.00   1.9269328e-08
      5300.00   1.9143264e-08
      5310.00   1.9018222e-08
      5320.00   1.8894189e-08
      5330.00   1.8771156e-08
      5340.00   1.8649116e-08
      5350.00   1.8528056e-08
      5360.00   1.8407969e-08
      5370.00   1.8288845e-08
      5380.00   1.8170675e-08
      5390.00   1.8053449e-08
      5400.00   1.7937157e-08
      5410.00   1.7821795e-08
      5420.00   1.7707350e-08
      5430.00   1.7593814e-08
      5440.00   1.7481181e-08
      5450.00   1.7369439e-08
      5460.00   1.7258579e-08
      5470.00   1.7148597e-08
      5480.00   1.7039481e-08
      5490.00   1.6931227e-08
      5500.00   1.6823821e-08
      5510.00   1.6717262e-08
      5520.00   1.6611537e-08
      5530.00   1.6506639e-08
      5540.00   1.6402561e-08
      5550.00   1.6299298e-08
      5560.00   1.6196836e-08
      5570.00   1.6095173e-08
      5580.00   1.5994302e-08
      5590.00   1.5894212e-08
      5600.00   1.5794897e-08
      5610.00   1.5696352e-08
      5620.00   1.5598567e-08
      5630.00   1.5501538e-08
      5640.00   1.5405257e-08
      5650.00   1.5309714e-08
      5660.00   1.5214907e-08
      5670.00   1.5120827e-08
      5680.00   1.5027467e-08
      5690.00   1.4934821e-08
      5700.00   1.4842882e-08
      5710.00   1.4751645e-08
      5720.00   1.4661104e-08
      5730.00   1.4571248e-08
      5740.00   1.4482078e-08
      5750.00   1.4393582e-08
      5760.00   1.4305756e-08
      5770.00   1.4218595e-08
      5780.00   1.4132091e-08
      5790.00   1.4046239e-08
      5800.00   1.3961033e-08
      5810.00   1.3876470e-08
      5820.00   1.3792540e-08
      5830.00   1.3709240e-08
      5840.00   1.3626562e-08
      5850.00   1.3544502e-08
      5860.00   1.3463055e-08
      5870.00   1.3382216e-08
      5880.00   1.3301977e-08
      5890.00   1.3222336e-08
      5900.00   1.3143284e-08
      5910.00   1.3064819e-08
      5920.00   1.2986934e-08
      5930.00   1.2909626e-08
      5940.00   1.2832888e-08
      5950.00   1.2756715e-08
      5960.00   1.2681103e-08
      5970.00   1.2606045e-08
      5980.00   1.2531540e-08
      5990.00   1.2457580e-08
      6000.00   1.2384162e-08
      6010.00   1.2311279e-08
      6020.00   1.2238928e-08
      6030.00   1.2167106e-08
      6040.00   1.2095805e-08
      6050.00   1.2025023e-08
      6060.00   1.1954754e-08
      6070.00   1.1884994e-08
      6080.00   1.1815740e-08
      6090.00   1.1746986e-08
      6100.00   1.1678729e-08
      6110.00   1.1610962e-08
      6120.00   1.1543684e-08
      6130.00   1.1476889e-08
      6140.00   1.1410574e-08
      6150.00   1.1344734e-08
      6160.00   1.1279365e-08
      6170.00   1.1214463e-08
      6180.00   1.1150025e-08
      6190.00   1.1086045e-08
      6200.00   1.1022523e-08
      6210.00   1.0959450e-08
      6220.00   1.0896825e-08
      6230.00   1.0834646e-08
      6240.00   1.0772906e-08
      6250.00   1.0711602e-08
      6260.00   1.0650731e-08
      6270.00   1.0590290e-08
      6280.00   1.0530274e-08
      6290.00   1.0470680e-08
      6300.00   1.0411504e-08
      6310.00   1.0352744e-08
      6320.00   1.0294396e-08
      6330.00   1.0236454e-08
      6340.00   1.0178918e-08
      6350.00   1.0121784e-08
      6360.00   1.0065047e-08
      6370.00   1.0008705e-08
      6380.00   9.9527540e-09
      6390.00   9.8971918e-09
      6400.00   9.8420143e-09
      6410.00   9.7872184e-09
      6420.00   9.7328012e-09
      6430.00   9.6787599e-09
      6440.00   9.6250917e-09
      6450.00   9.5717917e-09
      6460.00   9.5188582e-09
      6470.00   9.4662884e-09
      6480.00   9.4140787e-09
      6490.00   9.3622273e-09
      6500.00   9.3107298e-09
      6510.00   9.2595844e-09
      6520.00   9.2087877e-09
      6530.00   9.1583363e-09
      6540.00   9.1082284e-09
      6550.00   9.0584616e-09
      6560.00   9.0090317e-09
      6570.00   8.9599363e-09
      6580.00   8.9111738e-09
      6590.00   8.8627410e-09
      6600.00   8.8146347e-09
      6610.00   8.7668526e-09
      6620.00   8.7193924e-09
      6630.00   8.6722503e-09
      6640.00   8.6254255e-09
      6650.00   8.5789150e-09
      6660.00   8.5327153e-09
      6670.00   8.4868247e-09
      6680.00   8.4412412e-09
      6690.00   8.3959605e-09
      6700.00   8.3509826e-09
      6710.00   8.3063034e-09
      6720.00   8.2619214e-09
      6730.00   8.2178332e-09
      6740.00   8.1740383e-09
      6750.00   8.1305325e-09
      6760.00   8.0873146e-09
      6770.00   8.0443827e-09
      6780.00   8.0017328e-09
      6790.00   7.9593644e-09
      6800.00   7.9172743e-09
      6810.00   7.8754613e-09
      6820.00   7.8339223e-09
      6830.00   7.7926554e-09
      6840.00   7.7516584e-09
      6850.00   7.7109293e-09
      6860.00   7.6704665e-09
      6870.00   7.6302670e-09
      6880.00   7.5903297e-09
      6890.00   7.5506518e-09
      6900.00   7.5112310e-09
      6910.00   7.4720667e-09
      6920.00   7.4331567e-09
      6930.00   7.3944974e-09
      6940.00   7.3560885e-09
      6950.00   7.3179271e-09
      6960.00   7.2800115e-09
      6970.00   7.2423401e-09
      6980.00   7.2049113e-09
      6990.00   7.1677232e-09
      7000.00   7.1307728e-09
      7010.00   7.0940591e-09
      7020.00   7.0575805e-09
      7030.00   7.0213357e-09
      7040.00   6.9853212e-09
      7050.00   6.9495370e-09
      7060.00   6.9139804e-09
      7070.00   6.8786499e-09
      7080.00   6.8435432e-09
      7090.00   6.8086595e-09
      7100.00   6.7739969e-09
      7110.00   6.7395536e-09
      7120.00   6.7053283e-09
      7130.00   6.6713193e-09
      7140.00   6.6375236e-09
      7150.00   6.6039415e-09
      7160.00   6.5705701e-09
      7170.00   6.5374082e-09
      7180.00   6.5044546e-09
      7190.00   6.4717079e-09
      7200.00   6.4391655e-09
      7210.00   6.4068268e-09
      7220.00   6.3746906e-09
      7230.00   6.3427536e-09
      7240.00   6.3110167e-09
      7250.00   6.2794759e-09
      7260.00   6.2481315e-09
      7270.00   6.2169823e-09
      7280.00   6.1860252e-09
      7290.00   6.1552602e-09
      7300.00   6.1246857e-09
      7310.00   6.0942999e-09
      7320.00   6.0641011e-09
      7330.00   6.0340887e-09
      7340.00   6.0042605e-09
      7350.00   5.9746161e-09
      7360.00   5.9451537e-09
      7370.00   5.9158723e-09
      7380.00   5.8867691e-09
      7390.00   5.8578448e-09
      7400.00   5.8290967e-09
      7410.00   5.8005243e-09
      7420.00   5.7721261e-09
      7430.00   5.7439005e-09
      7440.00   5.7158466e-09
      7450.00   5.6879634e-09
      7460.00   5.6602493e-09
      7470.00   5.6327029e-09
      7480.00   5.6053233e-09
      7490.00   5.5781090e-09
      7500.00   5.5510596e-09
      7510.00   5.5241727e-09
      7520.00   5.4974478e-09
      7530.00   5.4708836e-09
      7540.00   5.4444797e-09
      7550.00   5.4182337e-09
      7560.00   5.3921453e-09
      7570.00   5.3662131e-09
      7580.00   5.3404353e-09
      7590.00   5.3148124e-09
      7600.00   5.2893424e-09
      7610.00   5.2640238e-09
      7620.00   5.2388563e-09
      7630.00   5.2138377e-09
      7640.00   5.1889687e-09
      7650.00   5.1642465e-09
      7660.00   5.1396714e-09
      7670.00   5.1152412e-09
      7680.00   5.0909556e-09
      7690.00   5.0668135e-09
      7700.00   5.0428139e-09
      7710.00   5.0189555e-09
      7720.00   4.9952374e-09
      7730.00   4.9716593e-09
      7740.00   4.9482193e-09
      7750.00   4.9249167e-09
      7760.00   4.9017507e-09
      7770.00   4.8787203e-09
      7780.00   4.8558243e-09
      7790.00   4.8330621e-09
      7800.00   4.8104327e-09
      7810.00   4.7879349e-09
      7820.00   4.7655685e-09
      7830.00   4.7433316e-09
      7840.00   4.7212241e-09
      7850.00   4.6992445e-09
      7860.00   4.6773922e-09
      7870.00   4.6556666e-09
      7880.00   4.6340662e-09
      7890.00   4.6125909e-09
      7900.00   4.5912390e-09
      7910.00   4.5700105e-09
      7920.00   4.5489039e-09
      7930.00   4.5279185e-09
      7940.00   4.5070537e-09
      7950.00   4.4863084e-09
      7960.00   4.4656824e-09
      7970.00   4.4451738e-09
      7980.00   4.4247827e-09
      7990.00   4.4045079e-09
      8000.00   4.3843486e-09
