      1600.00   6.0844883e-07
      1610.00   6.0140244e-07
      1620.00   5.9442061e-07
      1630.00   5.8750421e-07
      1640.00   5.8065363e-07
      1650.00   5.7386944e-07
      1660.00   5.6715205e-07
      1670.00   5.6050190e-07
      1680.00   5.5391915e-07
      1690.00   5.4740411e-07
      1700.00   5.4095697e-07
      1710.00   5.3457782e-07
      1720.00   5.2826672e-07
      1730.00   5.2202367e-07
      1740.00   5.1584859e-07
      1750.00   5.0974150e-07
      1760.00   5.0370220e-07
      1770.00   4.9773059e-07
      1780.00   4.9182644e-07
      1790.00   4.8598952e-07
      1800.00   4.8021955e-07
      1810.00   4.7451634e-07
      1820.00   4.6887936e-07
      1830.00   4.6330847e-07
      1840.00   4.5780320e-07
      1850.00   4.5236317e-07
      1860.00   4.4698796e-07
      1870.00   4.4167719e-07
      1880.00   4.3643032e-07
      1890.00   4.3124694e-07
      1900.00   4.2612654e-07
      1910.00   4.2106863e-07
      1920.00   4.1607267e-07
      1930.00   4.1113817e-07
      1940.00   4.0626463e-07
      1950.00   4.0145144e-07
      1960.00   3.9669809e-07
      1970.00   3.9200396e-07
      1980.00   3.8736858e-07
      1990.00   3.8279132e-07
      2000.00   3.7827157e-07
      2010.00   3.7380880e-07
      2020.00   3.6940241e-07
      2030.00   3.6505180e-07
      2040.00   3.6075640e-07
      2050.00   3.5651559e-07
      2060.00   3.5232877e-07
      2070.00   3.4819536e-07
      2080.00   3.4411480e-07
      2090.00   3.4008640e-07
      2100.00   3.3610962e-07
      2110.00   3.3218388e-07
      2120.00   3.2830854e-07
      2130.00   3.2448306e-07
      2140.00   3.2070678e-07
      2150.00   3.1697917e-07
      2160.00   3.1329962e-07
      2170.00   3.0966751e-07
      2180.00   3.0608234e-07
      2190.00   3.0254346e-07
      2200.00   2.9905032e-07
      2210.00   2.9560237e-07
      2220.00   2.9219900e-07
      2230.00   2.8883968e-07
      2240.00   2.8552383e-07
      2250.00   2.8225092e-07
      2260.00   2.7902038e-07
      2270.00   2.7583164e-07
      2280.00   2.7268422e-07
      2290.00   2.6957752e-07
      2300.00   2.6651106e-07
      2310.00   2.6348429e-07
      2320.00   2.6049668e-07
      2330.00   2.5754775e-07
      2340.00   2.5463693e-07
      2350.00   2.5176376e-07
      2360.00   2.4892773e-07
      2370.00   2.4612835e-07
      2380.00   2.4336511e-07
      2390.00   2.4063753e-07
      2400.00   2.3794515e-07
      2410.00   2.3528745e-07
      2420.00   2.3266403e-07
      2430.00   2.3007438e-07
      2440.00   2.2751805e-07
      2450.00   2.2499459e-07
      2460.00   2.2250359e-07
      2470.00   2.2004452e-07
      2480.00   2.1761700e-07
      2490.00   2.1522061e-07
      2500.00   2.1285491e-07
      2510.00   2.1051948e-07
      2520.00   2.0821392e-07
      2530.00   2.0593776e-07
      2540.00   2.0369068e-07
      2550.00   2.0147224e-07
      2560.00   1.9928203e-07
      2570.00   1.9711968e-07
      2580.00   1.9498482e-07
      2590.00   1.9287704e-07
      2600.00   1.9079600e-07
      2610.00   1.8874130e-07
      2620.00   1.8671261e-07
      2630.00   1.8470952e-07
      2640.00   1.8273172e-07
      2650.00   1.8077885e-07
      2660.00   1.7885058e-07
      2670.00   1.7694653e-07
      2680.00   1.7506641e-07
      2690.00   1.7320986e-07
      2700.00   1.7137655e-07
      2710.00   1.6956618e-07
      2720.00   1.6777844e-07
      2730.00   1.6601298e-07
      2740.00   1.6426952e-07
      2750.00   1.6254775e-07
      2760.00   1.6084740e-07
      2770.00   1.5916811e-07
      2780.00   1.5750963e-07
      2790.00   1.5587169e-07
      2800.00   1.5425396e-07
      2810.00   1.5265620e-07
      2820.00   1.5107813e-07
      2830.00   1.4951945e-07
      2840.00   1.4797992e-07
      2850.00   1.4645927e-07
      2860.00   1.4495726e-07
      2870.00   1.4347360e-07
      2880.00   1.4200804e-07
      2890.00   1.4056035e-07
      2900.00   1.3913028e-07
      2910.00   1.3771761e-07
      2920.00   1.3632206e-07
      2930.00   1.3494342e-07
      2940.00   1.3358145e-07
      2950.00   1.3223594e-07
      2960.00   1.3090664e-07
      2970.00   1.2959335e-07
      2980.00   1.2829585e-07
      2990.00   1.2701390e-07
      3000.00   1.2574733e-07
      3010.00   1.2449589e-07
      3020.00   1.2325940e-07
      3030.00   1.2203765e-07
      3040.00   1.2083045e-07
      3050.00   1.1963759e-07
      3060.00   1.1845888e-07
      3070.00   1.1729413e-07
      3080.00   1.1614315e-07
      3090.00   1.1500576e-07
      3100.00   1.1388177e-07
      3110.00   1.1277100e-07
      3120.00   1.1167329e-07
      3130.00   1.1058843e-07
      3140.00   1.0951629e-07
      3150.00   1.0845666e-07
      3160.00   1.0740941e-07
      3170.00   1.0637433e-07
      3180.00   1.0535131e-07
      3190.00   1.0434015e-07
      3200.00   1.0334071e-07
      3210.00   1.0235283e-07
      3220.00   1.0137636e-07
      3230.00   1.0041114e-07
      3240.00   9.9457021e-08
      3250.00   9.8513874e-08
      3260.00   9.7581543e-08
      3270.00   9.6659872e-08
      3280.00   9.5748746e-08
      3290.00   9.4848005e-08
      3300.00   9.3957528e-08
      3310.00   9.3077173e-08
      3320.00   9.2206799e-08
      3330.00   9.1346293e-08
      3340.00   9.0495522e-08
      3350.00   8.9654345e-08
      3360.00   8.8822651e-08
      3370.00   8.8000312e-08
      3380.00   8.7187206e-08
      3390.00   8.6383220e-08
      3400.00   8.5588228e-08
      3410.00   8.4802121e-08
      3420.00   8.4024774e-08
      3430.00   8.3256083e-08
      3440.00   8.2495931e-08
      3450.00   8.1744203e-08
      3460.00   8.1000816e-08
      3470.00   8.0265635e-08
      3480.00   7.9538559e-08
      3490.00   7.8819498e-08
      3500.00   7.8108344e-08
      3510.00   7.7404987e-08
      3520.00   7.6709342e-08
      3530.00   7.6021308e-08
      3540.00   7.5340776e-08
      3550.00   7.4667662e-08
      3560.00   7.4001874e-08
      3570.00   7.3343313e-08
      3580.00   7.2691892e-08
      3590.00   7.2047514e-08
      3600.00   7.1410101e-08
      3610.00   7.0779567e-08
      3620.00   7.0155813e-08
      3630.00   6.9538749e-08
      3640.00   6.8928312e-08
      3650.00   6.8324415e-08
      3660.00   6.7726965e-08
      3670.00   6.7135888e-08
      3680.00   6.6551109e-08
      3690.00   6.5972543e-08
      3700.00   6.5400118e-08
      3710.00   6.4833757e-08
      3720.00   6.4273379e-08
      3730.00   6.3718923e-08
      3740.00   6.3170305e-08
      3750.00   6.2627459e-08
      3760.00   6.2090306e-08
      3770.00   6.1558788e-08
      3780.00   6.1032828e-08
      3790.00   6.0512354e-08
      3800.00   5.9997319e-08
      3810.00   5.9487638e-08
      3820.00   5.8983249e-08
      3830.00   5.8484093e-08
      3840.00   5.7990098e-08
      3850.00   5.7501213e-08
      3860.00   5.7017364e-08
      3870.00   5.6538506e-08
      3880.00   5.6064565e-08
      3890.00   5.5595486e-08
      3900.00   5.5131212e-08
      3910.00   5.4671687e-08
      3920.00   5.4216850e-08
      3930.00   5.3766644e-08
      3940.00   5.3321018e-08
      3950.00   5.2879917e-08
      3960.00   5.2443289e-08
      3970.00   5.2011075e-08
      3980.00   5.1583230e-08
      3990.00   5.1159694e-08
      4000.00   5.0740419e-08
      4010.00   5.0325359e-08
      4020.00   4.9914459e-08
      4030.00   4.9507676e-08
      4040.00   4.9104954e-08
      4050.00   4.8706253e-08
      4060.00   4.8311518e-08
      4070.00   4.7920712e-08
      4080.00   4.7533781e-08
      4090.00   4.7150683e-08
      4100.00   4.6771377e-08
      4110.00   4.6395816e-08
      4120.00   4.6023951e-08
      4130.00   4.5655749e-08
      4140.00   4.5291158e-08
      4150.00   4.4930149e-08
      4160.00   4.4572669e-08
      4170.00   4.4218680e-08
      4180.00   4.3868144e-08
      4190.00   4.3521021e-08
      4200.00   4.3177273e-08
      4210.00   4.2836865e-08
      4220.00   4.2499746e-08
      4230.00   4.2165892e-08
      4240.00   4.1835255e-08
      4250.00   4.1507809e-08
      4260.00   4.1183514e-08
      4270.00   4.0862328e-08
      4280.00   4.0544226e-08
      4290.00   4.0229167e-08
      4300.00   3.9917118e-08
      4310.00   3.9608046e-08
      4320.00   3.9301916e-08
      4330.00   3.8998694e-08
      4340.00   3.8698350e-08
      4350.00   3.8400853e-08
      4360.00   3.8106169e-08
      4370.00   3.7814268e-08
      4380.00   3.7525115e-08
      4390.00   3.7238686e-08
      4400.00   3.6954944e-08
      4410.00   3.6673868e-08
      4420.00   3.6395417e-08
      4430.00   3.6119571e-08
      4440.00   3.5846298e-08
      4450.00   3.5575572e-08
      4460.00   3.5307362e-08
      4470.00   3.5041641e-08
      4480.00   3.4778383e-08
      4490.00   3.4517560e-08
      4500.00   3.4259148e-08
      4510.00   3.4003116e-08
      4520.00   3.3749445e-08
      4530.00   3.3498100e-08
      4540.00   3.3249063e-08
      4550.00   3.3002308e-08
      4560.00   3.2757809e-08
      4570.00   3.2515540e-08
      4580.00   3.2275480e-08
      4590.00   3.2037605e-08
      4600.00   3.1801890e-08
      4610.00   3.1568314e-08
      4620.00   3.1336851e-08
      4630.00   3.1107479e-08
      4640.00   3.0880179e-08
      4650.00   3.0654927e-08
      4660.00   3.0431700e-08
      4670.00   3.0210475e-08
      4680.00   2.9991236e-08
      4690.00   2.9773959e-08
      4700.00   2.9558621e-08
      4710.00   2.9345207e-08
      4720.00   2.9133690e-08
      4730.00   2.8924055e-08
      4740.00   2.8716283e-08
      4750.00   2.8510350e-08
      4760.00   2.8306240e-08
      4770.00   2.8103933e-08
      4780.00   2.7903409e-08
      4790.00   2.7704652e-08
      4800.00   2.7507642e-08
      4810.00   2.7312359e-08
      4820.00   2.7118787e-08
      4830.00   2.6926910e-08
      4840.00   2.6736708e-08
      4850.00   2.6548165e-08
      4860.00   2.6361263e-08
      4870.00   2.6175987e-08
      4880.00   2.5992316e-08
      4890.00   2.5810238e-08
      4900.00   2.5629735e-08
      4910.00   2.5450790e-08
      4920.00   2.5273391e-08
      4930.00   2.5097514e-08
      4940.00   2.4923152e-08
      4950.00   2.4750285e-08
      4960.00   2.4578897e-08
      4970.00   2.4408977e-08
      4980.00   2.4240509e-08
      4990.00   2.4073477e-08
      5000.00   2.3907866e-08
      5010.00   2.3743665e-08
      5020.00   2.3580854e-08
      5030.00   2.3419424e-08
      5040.00   2.3259361e-08
      5050.00   2.3100647e-08
      5060.00   2.2943272e-08
      5070.00   2.2787225e-08
      5080.00   2.2632487e-08
      5090.00   2.2479048e-08
      5100.00   2.2326897e-08
      5110.00   2.2176017e-08
      5120.00   2.2026397e-08
      5130.00   2.1878024e-08
      5140.00   2.1730889e-08
      5150.00   2.1584976e-08
      5160.00   2.1440276e-08
      5170.00   2.1296774e-08
      5180.00   2.1154460e-08
      5190.00   2.1013323e-08
      5200.00   2.0873350e-08
      5210.00   2.0734529e-08
      5220.00   2.0596851e-08
      5230.00   2.0460303e-08
      5240.00   2.0324876e-08
      5250.00   2.0190556e-08
      5260.00   2.0057334e-08
      5270.00   1.9925199e-08
      5280.00   1.9794142e-08
      5290.00   1.9664152e-08
      5300.00   1.9535216e-08
      5310.00   1.9407329e-08
      5320.00   1.9280476e-08
      5330.00   1.9154648e-08
      5340.00   1.9029838e-08
      5350.00   1.8906034e-08
      5360.00   1.8783227e-08
      5370.00   1.8661406e-08
      5380.00   1.8540564e-08
      5390.00   1.8420689e-08
      5400.00   1.8301773e-08
      5410.00   1.8183809e-08
      5420.00   1.8066785e-08
      5430.00   1.7950694e-08
      5440.00   1.7835527e-08
      5450.00   1.7721275e-08
      5460.00   1.7607926e-08
      5470.00   1.7495477e-08
      5480.00   1.7383916e-08
      5490.00   1.7273237e-08
      5500.00   1.7163428e-08
      5510.00   1.7054487e-08
      5520.00   1.6946400e-08
      5530.00   1.6839162e-08
      5540.00   1.6732763e-08
      5550.00   1.6627199e-08
      5560.00   1.6522456e-08
      5570.00   1.6418533e-08
      5580.00   1.6315421e-08
      5590.00   1.6213108e-08
      5600.00   1.6111590e-08
      5610.00   1.6010861e-08
      5620.00   1.5910910e-08
      5630.00   1.5811734e-08
      5640.00   1.5713324e-08
      5650.00   1.5615670e-08
      5660.00   1.5518770e-08
      5670.00   1.5422615e-08
      5680.00   1.5327198e-08
      5690.00   1.5232512e-08
      5700.00   1.5138550e-08
      5710.00   1.5045307e-08
      5720.00   1.4952777e-08
      5730.00   1.4860949e-08
      5740.00   1.4769824e-08
      5750.00   1.4679388e-08
      5760.00   1.4589639e-08
      5770.00   1.4500571e-08
      5780.00   1.4412176e-08
      5790.00   1.4324448e-08
      5800.00   1.4237383e-08
      5810.00   1.4150975e-08
      5820.00   1.4065216e-08
      5830.00   1.3980101e-08
      5840.00   1.3895625e-08
      5850.00   1.3811781e-08
      5860.00   1.3728564e-08
      5870.00   1.3645969e-08
      5880.00   1.3563990e-08
      5890.00   1.3482622e-08
      5900.00   1.3401859e-08
      5910.00   1.3321696e-08
      5920.00   1.3242126e-08
      5930.00   1.3163147e-08
      5940.00   1.3084752e-08
      5950.00   1.3006935e-08
      5960.00   1.2929692e-08
      5970.00   1.2853018e-08
      5980.00   1.2776908e-08
      5990.00   1.2701357e-08
      6000.00   1.2626360e-08
      6010.00   1.2551912e-08
      6020.00   1.2478008e-08
      6030.00   1.2404645e-08
      6040.00   1.2331816e-08
      6050.00   1.2259517e-08
      6060.00   1.2187744e-08
      6070.00   1.2116492e-08
      6080.00   1.2045758e-08
      6090.00   1.1975536e-08
      6100.00   1.1905821e-08
      6110.00   1.1836608e-08
      6120.00   1.1767897e-08
      6130.00   1.1699680e-08
      6140.00   1.1631953e-08
      6150.00   1.1564712e-08
      6160.00   1.1497954e-08
      6170.00   1.1431674e-08
      6180.00   1.1365868e-08
      6190.00   1.1300531e-08
      6200.00   1.1235662e-08
      6210.00   1.1171254e-08
      6220.00   1.1107304e-08
      6230.00   1.1043809e-08
      6240.00   1.0980764e-08
      6250.00   1.0918165e-08
      6260.00   1.0856010e-08
      6270.00   1.0794294e-08
      6280.00   1.0733013e-08
      6290.00   1.0672163e-08
      6300.00   1.0611742e-08
      6310.00   1.0551745e-08
      6320.00   1.0492171e-08
      6330.00   1.0433011e-08
      6340.00   1.0374267e-08
      6350.00   1.0315934e-08
      6360.00   1.0258008e-08
      6370.00   1.0200485e-08
      6380.00   1.0143363e-08
      6390.00   1.0086638e-08
      6400.00   1.0030306e-08
      6410.00   9.9743652e-09
      6420.00   9.9188116e-09
      6430.00   9.8636423e-09
      6440.00   9.8088546e-09
      6450.00   9.7544436e-09
      6460.00   9.7004074e-09
      6470.00   9.6467432e-09
      6480.00   9.5934473e-09
      6490.00   9.5405179e-09
      6500.00   9.4879503e-09
      6510.00   9.4357429e-09
      6520.00   9.3838920e-09
      6530.00   9.3323942e-09
      6540.00   9.2812478e-09
      6550.00   9.2304501e-09
      6560.00   9.1799970e-09
      6570.00   9.1298859e-09
      6580.00   9.0801153e-09
      6590.00   9.0306817e-09
      6600.00   8.9815820e-09
      6610.00   8.9328139e-09
      6620.00   8.8843748e-09
      6630.00   8.8362610e-09
      6640.00   8.7884717e-09
      6650.00   8.7410037e-09
      6660.00   8.6938534e-09
      6670.00   8.6470193e-09
      6680.00   8.6004991e-09
      6690.00   8.5542885e-09
      6700.00   8.5083874e-09
      6710.00   8.4627917e-09
      6720.00   8.4174998e-09
      6730.00   8.3725084e-09
      6740.00   8.3278167e-09
      6750.00   8.2834206e-09
      6760.00   8.2393189e-09
      6770.00   8.1955094e-09
      6780.00   8.1519883e-09
      6790.00   8.1087549e-09
      6800.00   8.0658060e-09
      6810.00   8.0231402e-09
      6820.00   7.9807546e-09
      6830.00   7.9386472e-09
      6840.00   7.8968156e-09
      6850.00   7.8552579e-09
      6860.00   7.8139723e-09
      6870.00   7.7729558e-09
      6880.00   7.7322074e-09
      6890.00   7.6917240e-09
      6900.00   7.6515035e-09
      6910.00   7.6115451e-09
      6920.00   7.5718466e-09
      6930.00   7.5324043e-09
      6940.00   7.4932180e-09
      6950.00   7.4542845e-09
      6960.00   7.4156022e-09
      6970.00   7.3771695e-09
      6980.00   7.3389848e-09
      6990.00   7.3010461e-09
      7000.00   7.2633502e-09
      7010.00   7.2258962e-09
      7020.00   7.1886825e-09
      7030.00   7.1517075e-09
      7040.00   7.1149681e-09
      7050.00   7.0784639e-09
      7060.00   7.0421923e-09
      7070.00   7.0061517e-09
      7080.00   6.9703398e-09
      7090.00   6.9347558e-09
      7100.00   6.8993976e-09
      7110.00   6.8642636e-09
      7120.00   6.8293523e-09
      7130.00   6.7946619e-09
      7140.00   6.7601895e-09
      7150.00   6.7259353e-09
      7160.00   6.6918965e-09
      7170.00   6.6580717e-09
      7180.00   6.6244596e-09
      7190.00   6.5910590e-09
      7200.00   6.5578670e-09
      7210.00   6.5248831e-09
      7220.00   6.4921062e-09
      7230.00   6.4595327e-09
      7240.00   6.4271636e-09
      7250.00   6.3949949e-09
      7260.00   6.3630269e-09
      7270.00   6.3312582e-09
      7280.00   6.2996856e-09
      7290.00   6.2683094e-09
      7300.00   6.2371278e-09
      7310.00   6.2061389e-09
      7320.00   6.1753410e-09
      7330.00   6.1447336e-09
      7340.00   6.1143143e-09
      7350.00   6.0840827e-09
      7360.00   6.0540370e-09
      7370.00   6.0241762e-09
      7380.00   5.9944973e-09
      7390.00   5.9650013e-09
      7400.00   5.9356852e-09
      7410.00   5.9065485e-09
      7420.00   5.8775898e-09
      7430.00   5.8488073e-09
      7440.00   5.8202002e-09
      7450.00   5.7917674e-09
      7460.00   5.7635073e-09
      7470.00   5.7354186e-09
      7480.00   5.7075001e-09
      7490.00   5.6797505e-09
      7500.00   5.6521692e-09
      7510.00   5.6247539e-09
      7520.00   5.5975041e-09
      7530.00   5.5704183e-09
      7540.00   5.5434963e-09
      7550.00   5.5167355e-09
      7560.00   5.4901355e-09
      7570.00   5.4636951e-09
      7580.00   5.4374124e-09
      7590.00   5.4112880e-09
      7600.00   5.3853195e-09
      7610.00   5.3595057e-09
      7620.00   5.3338462e-09
      7630.00   5.3083387e-09
      7640.00   5.2829839e-09
      7650.00   5.2577792e-09
      7660.00   5.2327245e-09
      7670.00   5.2078178e-09
      7680.00   5.1830587e-09
      7690.00   5.1584461e-09
      7700.00   5.1339791e-09
      7710.00   5.1096562e-09
      7720.00   5.0854766e-09
      7730.00   5.0614399e-09
      7740.00   5.0375442e-09
      7750.00   5.0137887e-09
      7760.00   4.9901727e-09
      7770.00   4.9666951e-09
      7780.00   4.9433548e-09
      7790.00   4.9201511e-09
      7800.00   4.8970828e-09
      7810.00   4.8741490e-09
      7820.00   4.8513493e-09
      7830.00   4.8286819e-09
      7840.00   4.8061465e-09
      7850.00   4.7837416e-09
      7860.00   4.7614668e-09
      7870.00   4.7393212e-09
      7880.00   4.7173035e-09
      7890.00   4.6954134e-09
      7900.00   4.6736494e-09
      7910.00   4.6520113e-09
      7920.00   4.6304976e-09
      7930.00   4.6091076e-09
      7940.00   4.5878407e-09
      7950.00   4.5666958e-09
      7960.00   4.5456727e-09
      7970.00   4.5247694e-09
      7980.00   4.5039861e-09
      7990.00   4.4833213e-09
      8000.00   4.4627745e-09
