      1600.00   6.5989513e-07
      1610.00   6.5197834e-07
      1620.00   6.4414181e-07
      1630.00   6.3638619e-07
      1640.00   6.2871162e-07
      1650.00   6.2111844e-07
      1660.00   6.1360678e-07
      1670.00   6.0617687e-07
      1680.00   5.9882860e-07
      1690.00   5.9156205e-07
      1700.00   5.8437718e-07
      1710.00   5.7727384e-07
      1720.00   5.7025184e-07
      1730.00   5.6331097e-07
      1740.00   5.5645089e-07
      1750.00   5.4967142e-07
      1760.00   5.4297211e-07
      1770.00   5.3635265e-07
      1780.00   5.2981258e-07
      1790.00   5.2335146e-07
      1800.00   5.1696879e-07
      1810.00   5.1066418e-07
      1820.00   5.0443686e-07
      1830.00   4.9828651e-07
      1840.00   4.9221246e-07
      1850.00   4.8621410e-07
      1860.00   4.8029084e-07
      1870.00   4.7444209e-07
      1880.00   4.6866713e-07
      1890.00   4.6296535e-07
      1900.00   4.5733607e-07
      1910.00   4.5177859e-07
      1920.00   4.4629223e-07
      1930.00   4.4087628e-07
      1940.00   4.3553011e-07
      1950.00   4.3025291e-07
      1960.00   4.2504402e-07
      1970.00   4.1990265e-07
      1980.00   4.1482815e-07
      1990.00   4.0981977e-07
      2000.00   4.0487672e-07
      2010.00   3.9999832e-07
      2020.00   3.9518382e-07
      2030.00   3.9043247e-07
      2040.00   3.8574357e-07
      2050.00   3.8111636e-07
      2060.00   3.7655008e-07
      2070.00   3.7204403e-07
      2080.00   3.6759752e-07
      2090.00   3.6320971e-07
      2100.00   3.5887994e-07
      2110.00   3.5460752e-07
      2120.00   3.5039167e-07
      2130.00   3.4623174e-07
      2140.00   3.4212695e-07
      2150.00   3.3807664e-07
      2160.00   3.3408010e-07
      2170.00   3.3013660e-07
      2180.00   3.2624552e-07
      2190.00   3.2240611e-07
      2200.00   3.1861772e-07
      2210.00   3.1487969e-07
      2220.00   3.1119131e-07
      2230.00   3.0755196e-07
      2240.00   3.0396094e-07
      2250.00   3.0041765e-07
      2260.00   2.9692142e-07
      2270.00   2.9347158e-07
      2280.00   2.9006758e-07
      2290.00   2.8670871e-07
      2300.00   2.8339443e-07
      2310.00   2.8012408e-07
      2320.00   2.7689707e-07
      2330.00   2.7371282e-07
      2340.00   2.7057070e-07
      2350.00   2.6747016e-07
      2360.00   2.6441062e-07
      2370.00   2.6139152e-07
      2380.00   2.5841227e-07
      2390.00   2.5547232e-07
      2400.00   2.5257115e-07
      2410.00   2.4970816e-07
      2420.00   2.4688288e-07
      2430.00   2.4409475e-07
      2440.00   2.4134325e-07
      2450.00   2.3862787e-07
      2460.00   2.3594812e-07
      2470.00   2.3330344e-07
      2480.00   2.3069337e-07
      2490.00   2.2811745e-07
      2500.00   2.2557516e-07
      2510.00   2.2306603e-07
      2520.00   2.2058962e-07
      2530.00   2.1814541e-07
      2540.00   2.1573300e-07
      2550.00   2.1335193e-07
      2560.00   2.1100172e-07
      2570.00   2.0868196e-07
      2580.00   2.0639222e-07
      2590.00   2.0413207e-07
      2600.00   2.0190110e-07
      2610.00   1.9969888e-07
      2620.00   1.9752501e-07
      2630.00   1.9537907e-07
      2640.00   1.9326068e-07
      2650.00   1.9116946e-07
      2660.00   1.8910502e-07
      2670.00   1.8706697e-07
      2680.00   1.8505494e-07
      2690.00   1.8306857e-07
      2700.00   1.8110746e-07
      2710.00   1.7917130e-07
      2720.00   1.7725973e-07
      2730.00   1.7537237e-07
      2740.00   1.7350890e-07
      2750.00   1.7166898e-07
      2760.00   1.6985230e-07
      2770.00   1.6805848e-07
      2780.00   1.6628723e-07
      2790.00   1.6453825e-07
      2800.00   1.6281118e-07
      2810.00   1.6110574e-07
      2820.00   1.5942164e-07
      2830.00   1.5775854e-07
      2840.00   1.5611618e-07
      2850.00   1.5449425e-07
      2860.00   1.5289247e-07
      2870.00   1.5131056e-07
      2880.00   1.4974822e-07
      2890.00   1.4820521e-07
      2900.00   1.4668123e-07
      2910.00   1.4517605e-07
      2920.00   1.4368937e-07
      2930.00   1.4222095e-07
      2940.00   1.4077053e-07
      2950.00   1.3933787e-07
      2960.00   1.3792270e-07
      2970.00   1.3652482e-07
      2980.00   1.3514395e-07
      2990.00   1.3377986e-07
      3000.00   1.3243234e-07
      3010.00   1.3110113e-07
      3020.00   1.2978604e-07
      3030.00   1.2848681e-07
      3040.00   1.2720325e-07
      3050.00   1.2593514e-07
      3060.00   1.2468226e-07
      3070.00   1.2344440e-07
      3080.00   1.2222135e-07
      3090.00   1.2101292e-07
      3100.00   1.1981891e-07
      3110.00   1.1863911e-07
      3120.00   1.1747335e-07
      3130.00   1.1632140e-07
      3140.00   1.1518311e-07
      3150.00   1.1405827e-07
      3160.00   1.1294672e-07
      3170.00   1.1184825e-07
      3180.00   1.1076271e-07
      3190.00   1.0968991e-07
      3200.00   1.0862968e-07
      3210.00   1.0758185e-07
      3220.00   1.0654627e-07
      3230.00   1.0552275e-07
      3240.00   1.0451114e-07
      3250.00   1.0351128e-07
      3260.00   1.0252303e-07
      3270.00   1.0154619e-07
      3280.00   1.0058065e-07
      3290.00   9.9626239e-08
      3300.00   9.8682819e-08
      3310.00   9.7750237e-08
      3320.00   9.6828343e-08
      3330.00   9.5917011e-08
      3340.00   9.5016097e-08
      3350.00   9.4125450e-08
      3360.00   9.3244948e-08
      3370.00   9.2374453e-08
      3380.00   9.1513833e-08
      3390.00   9.0662963e-08
      3400.00   8.9821710e-08
      3410.00   8.8989954e-08
      3420.00   8.8167560e-08
      3430.00   8.7354414e-08
      3440.00   8.6550393e-08
      3450.00   8.5755370e-08
      3460.00   8.4969255e-08
      3470.00   8.4191903e-08
      3480.00   8.3423205e-08
      3490.00   8.2663063e-08
      3500.00   8.1911359e-08
      3510.00   8.1167978e-08
      3520.00   8.0432824e-08
      3530.00   7.9705790e-08
      3540.00   7.8986759e-08
      3550.00   7.8275638e-08
      3560.00   7.7572330e-08
      3570.00   7.6876727e-08
      3580.00   7.6188735e-08
      3590.00   7.5508251e-08
      3600.00   7.4835188e-08
      3610.00   7.4169456e-08
      3620.00   7.3510947e-08
      3630.00   7.2859566e-08
      3640.00   7.2215242e-08
      3650.00   7.1577883e-08
      3660.00   7.0947389e-08
      3670.00   7.0323679e-08
      3680.00   6.9706675e-08
      3690.00   6.9096282e-08
      3700.00   6.8492425e-08
      3710.00   6.7895020e-08
      3720.00   6.7303981e-08
      3730.00   6.6719242e-08
      3740.00   6.6140712e-08
      3750.00   6.5568321e-08
      3760.00   6.5001983e-08
      3770.00   6.4441637e-08
      3780.00   6.3887199e-08
      3790.00   6.3338593e-08
      3800.00   6.2795767e-08
      3810.00   6.2258630e-08
      3820.00   6.1727118e-08
      3830.00   6.1201163e-08
      3840.00   6.0680692e-08
      3850.00   6.0165648e-08
      3860.00   5.9655954e-08
      3870.00   5.9151558e-08
      3880.00   5.8652383e-08
      3890.00   5.8158371e-08
      3900.00   5.7669458e-08
      3910.00   5.7185586e-08
      3920.00   5.6706690e-08
      3930.00   5.6232707e-08
      3940.00   5.5763585e-08
      3950.00   5.5299262e-08
      3960.00   5.4839685e-08
      3970.00   5.4384789e-08
      3980.00   5.3934527e-08
      3990.00   5.3488834e-08
      4000.00   5.3047660e-08
      4010.00   5.2610953e-08
      4020.00   5.2178658e-08
      4030.00   5.1750725e-08
      4040.00   5.1327097e-08
      4050.00   5.0907730e-08
      4060.00   5.0492565e-08
      4070.00   5.0081564e-08
      4080.00   4.9674668e-08
      4090.00   4.9271832e-08
      4100.00   4.8873012e-08
      4110.00   4.8478157e-08
      4120.00   4.8087218e-08
      4130.00   4.7700156e-08
      4140.00   4.7316919e-08
      4150.00   4.6937473e-08
      4160.00   4.6561763e-08
      4170.00   4.6189748e-08
      4180.00   4.5821387e-08
      4190.00   4.5456637e-08
      4200.00   4.5095459e-08
      4210.00   4.4737816e-08
      4220.00   4.4383650e-08
      4230.00   4.4032940e-08
      4240.00   4.3685632e-08
      4250.00   4.3341698e-08
      4260.00   4.3001096e-08
      4270.00   4.2663784e-08
      4280.00   4.2329730e-08
      4290.00   4.1998895e-08
      4300.00   4.1671242e-08
      4310.00   4.1346734e-08
      4320.00   4.1025338e-08
      4330.00   4.0707013e-08
      4340.00   4.0391731e-08
      4350.00   4.0079457e-08
      4360.00   3.9770154e-08
      4370.00   3.9463792e-08
      4380.00   3.9160333e-08
      4390.00   3.8859751e-08
      4400.00   3.8562008e-08
      4410.00   3.8267079e-08
      4420.00   3.7974924e-08
      4430.00   3.7685518e-08
      4440.00   3.7398829e-08
      4450.00   3.7114830e-08
      4460.00   3.6833486e-08
      4470.00   3.6554770e-08
      4480.00   3.6278653e-08
      4490.00   3.6005107e-08
      4500.00   3.5734104e-08
      4510.00   3.5465613e-08
      4520.00   3.5199614e-08
      4530.00   3.4936068e-08
      4540.00   3.4674957e-08
      4550.00   3.4416255e-08
      4560.00   3.4159931e-08
      4570.00   3.3905959e-08
      4580.00   3.3654318e-08
      4590.00   3.3404980e-08
      4600.00   3.3157921e-08
      4610.00   3.2913116e-08
      4620.00   3.2670539e-08
      4630.00   3.2430167e-08
      4640.00   3.2191979e-08
      4650.00   3.1955950e-08
      4660.00   3.1722055e-08
      4670.00   3.1490271e-08
      4680.00   3.1260579e-08
      4690.00   3.1032955e-08
      4700.00   3.0807373e-08
      4710.00   3.0583819e-08
      4720.00   3.0362265e-08
      4730.00   3.0142692e-08
      4740.00   2.9925082e-08
      4750.00   2.9709409e-08
      4760.00   2.9495656e-08
      4770.00   2.9283802e-08
      4780.00   2.9073826e-08
      4790.00   2.8865711e-08
      4800.00   2.8659434e-08
      4810.00   2.8454977e-08
      4820.00   2.8252320e-08
      4830.00   2.8051448e-08
      4840.00   2.7852340e-08
      4850.00   2.7654978e-08
      4860.00   2.7459343e-08
      4870.00   2.7265419e-08
      4880.00   2.7073185e-08
      4890.00   2.6882627e-08
      4900.00   2.6693725e-08
      4910.00   2.6506464e-08
      4920.00   2.6320829e-08
      4930.00   2.6136795e-08
      4940.00   2.5954356e-08
      4950.00   2.5773488e-08
      4960.00   2.5594177e-08
      4970.00   2.5416410e-08
      4980.00   2.5240169e-08
      4990.00   2.5065438e-08
      5000.00   2.4892203e-08
      5010.00   2.4720449e-08
      5020.00   2.4550158e-08
      5030.00   2.4381318e-08
      5040.00   2.4213916e-08
      5050.00   2.4047932e-08
      5060.00   2.3883355e-08
      5070.00   2.3720174e-08
      5080.00   2.3558369e-08
      5090.00   2.3397930e-08
      5100.00   2.3238844e-08
      5110.00   2.3081093e-08
      5120.00   2.2924667e-08
      5130.00   2.2769552e-08
      5140.00   2.2615737e-08
      5150.00   2.2463206e-08
      5160.00   2.2311949e-08
      5170.00   2.2161951e-08
      5180.00   2.2013201e-08
      5190.00   2.1865687e-08
      5200.00   2.1719395e-08
      5210.00   2.1574315e-08
      5220.00   2.1430434e-08
      5230.00   2.1287740e-08
      5240.00   2.1146223e-08
      5250.00   2.1005868e-08
      5260.00   2.0866667e-08
      5270.00   2.0728607e-08
      5280.00   2.0591679e-08
      5290.00   2.0455870e-08
      5300.00   2.0321169e-08
      5310.00   2.0187568e-08
      5320.00   2.0055053e-08
      5330.00   1.9923615e-08
      5340.00   1.9793243e-08
      5350.00   1.9663928e-08
      5360.00   1.9535659e-08
      5370.00   1.9408426e-08
      5380.00   1.9282219e-08
      5390.00   1.9157028e-08
      5400.00   1.9032842e-08
      5410.00   1.8909655e-08
      5420.00   1.8787454e-08
      5430.00   1.8666232e-08
      5440.00   1.8545980e-08
      5450.00   1.8426686e-08
      5460.00   1.8308341e-08
      5470.00   1.8190939e-08
      5480.00   1.8074469e-08
      5490.00   1.7958924e-08
      5500.00   1.7844292e-08
      5510.00   1.7730569e-08
      5520.00   1.7617742e-08
      5530.00   1.7505805e-08
      5540.00   1.7394748e-08
      5550.00   1.7284567e-08
      5560.00   1.7175246e-08
      5570.00   1.7066785e-08
      5580.00   1.6959173e-08
      5590.00   1.6852401e-08
      5600.00   1.6746460e-08
      5610.00   1.6641347e-08
      5620.00   1.6537050e-08
      5630.00   1.6433564e-08
      5640.00   1.6330881e-08
      5650.00   1.6228992e-08
      5660.00   1.6127892e-08
      5670.00   1.6027572e-08
      5680.00   1.5928026e-08
      5690.00   1.5829245e-08
      5700.00   1.5731225e-08
      5710.00   1.5633956e-08
      5720.00   1.5537434e-08
      5730.00   1.5441649e-08
      5740.00   1.5346599e-08
      5750.00   1.5252271e-08
      5760.00   1.5158663e-08
      5770.00   1.5065768e-08
      5780.00   1.4973578e-08
      5790.00   1.4882087e-08
      5800.00   1.4791290e-08
      5810.00   1.4701181e-08
      5820.00   1.4611752e-08
      5830.00   1.4522997e-08
      5840.00   1.4434911e-08
      5850.00   1.4347487e-08
      5860.00   1.4260720e-08
      5870.00   1.4174603e-08
      5880.00   1.4089132e-08
      5890.00   1.4004300e-08
      5900.00   1.3920101e-08
      5910.00   1.3836530e-08
      5920.00   1.3753581e-08
      5930.00   1.3671250e-08
      5940.00   1.3589530e-08
      5950.00   1.3508415e-08
      5960.00   1.3427902e-08
      5970.00   1.3347983e-08
      5980.00   1.3268655e-08
      5990.00   1.3189911e-08
      6000.00   1.3111748e-08
      6010.00   1.3034158e-08
      6020.00   1.2957138e-08
      6030.00   1.2880684e-08
      6040.00   1.2804789e-08
      6050.00   1.2729449e-08
      6060.00   1.2654658e-08
      6070.00   1.2580413e-08
      6080.00   1.2506709e-08
      6090.00   1.2433541e-08
      6100.00   1.2360904e-08
      6110.00   1.2288792e-08
      6120.00   1.2217204e-08
      6130.00   1.2146133e-08
      6140.00   1.2075575e-08
      6150.00   1.2005526e-08
      6160.00   1.1935980e-08
      6170.00   1.1866936e-08
      6180.00   1.1798386e-08
      6190.00   1.1730328e-08
      6200.00   1.1662758e-08
      6210.00   1.1595670e-08
      6220.00   1.1529061e-08
      6230.00   1.1462929e-08
      6240.00   1.1397266e-08
      6250.00   1.1332070e-08
      6260.00   1.1267338e-08
      6270.00   1.1203065e-08
      6280.00   1.1139246e-08
      6290.00   1.1075879e-08
      6300.00   1.1012959e-08
      6310.00   1.0950483e-08
      6320.00   1.0888449e-08
      6330.00   1.0826848e-08
      6340.00   1.0765681e-08
      6350.00   1.0704945e-08
      6360.00   1.0644632e-08
      6370.00   1.0584742e-08
      6380.00   1.0525270e-08
      6390.00   1.0466213e-08
      6400.00   1.0407568e-08
      6410.00   1.0349330e-08
      6420.00   1.0291497e-08
      6430.00   1.0234066e-08
      6440.00   1.0177034e-08
      6450.00   1.0120394e-08
      6460.00   1.0064147e-08
      6470.00   1.0008288e-08
      6480.00   9.9528141e-09
      6490.00   9.8977228e-09
      6500.00   9.8430095e-09
      6510.00   9.7886723e-09
      6520.00   9.7347076e-09
      6530.00   9.6811117e-09
      6540.00   9.6278827e-09
      6550.00   9.5750180e-09
      6560.00   9.5225132e-09
      6570.00   9.4703655e-09
      6580.00   9.4185733e-09
      6590.00   9.3671332e-09
      6600.00   9.3160417e-09
      6610.00   9.2652963e-09
      6620.00   9.2148947e-09
      6630.00   9.1648326e-09
      6640.00   9.1151093e-09
      6650.00   9.0657215e-09
      6660.00   9.0166654e-09
      6670.00   8.9679394e-09
      6680.00   8.9195411e-09
      6690.00   8.8714660e-09
      6700.00   8.8237140e-09
      6710.00   8.7762808e-09
      6720.00   8.7291647e-09
      6730.00   8.6823623e-09
      6740.00   8.6358727e-09
      6750.00   8.5896917e-09
      6760.00   8.5438178e-09
      6770.00   8.4982490e-09
      6780.00   8.4529812e-09
      6790.00   8.4080136e-09
      6800.00   8.3633429e-09
      6810.00   8.3189678e-09
      6820.00   8.2748849e-09
      6830.00   8.2310924e-09
      6840.00   8.1875876e-09
      6850.00   8.1443687e-09
      6860.00   8.1014336e-09
      6870.00   8.0587795e-09
      6880.00   8.0164049e-09
      6890.00   7.9743069e-09
      6900.00   7.9324831e-09
      6910.00   7.8909328e-09
      6920.00   7.8496536e-09
      6930.00   7.8086417e-09
      6940.00   7.7678968e-09
      6950.00   7.7274157e-09
      6960.00   7.6871966e-09
      6970.00   7.6472379e-09
      6980.00   7.6075379e-09
      6990.00   7.5680943e-09
      7000.00   7.5289041e-09
      7010.00   7.4899661e-09
      7020.00   7.4512788e-09
      7030.00   7.4128405e-09
      7040.00   7.3746478e-09
      7050.00   7.3367005e-09
      7060.00   7.2989956e-09
      7070.00   7.2615317e-09
      7080.00   7.2243063e-09
      7090.00   7.1873185e-09
      7100.00   7.1505662e-09
      7110.00   7.1140476e-09
      7120.00   7.0777612e-09
      7130.00   7.0417052e-09
      7140.00   7.0058765e-09
      7150.00   6.9702753e-09
      7160.00   6.9348985e-09
      7170.00   6.8997450e-09
      7180.00   6.8648131e-09
      7190.00   6.8301017e-09
      7200.00   6.7956079e-09
      7210.00   6.7613310e-09
      7220.00   6.7272697e-09
      7230.00   6.6934206e-09
      7240.00   6.6597846e-09
      7250.00   6.6263573e-09
      7260.00   6.5931392e-09
      7270.00   6.5601289e-09
      7280.00   6.5273231e-09
      7290.00   6.4947219e-09
      7300.00   6.4623235e-09
      7310.00   6.4301259e-09
      7320.00   6.3981273e-09
      7330.00   6.3663273e-09
      7340.00   6.3347233e-09
      7350.00   6.3033149e-09
      7360.00   6.2721003e-09
      7370.00   6.2410783e-09
      7380.00   6.2102459e-09
      7390.00   6.1796039e-09
      7400.00   6.1491495e-09
      7410.00   6.1188820e-09
      7420.00   6.0887999e-09
      7430.00   6.0589015e-09
      7440.00   6.0291857e-09
      7450.00   5.9996516e-09
      7460.00   5.9702974e-09
      7470.00   5.9411217e-09
      7480.00   5.9121234e-09
      7490.00   5.8833009e-09
      7500.00   5.8546539e-09
      7510.00   5.8261797e-09
      7520.00   5.7978779e-09
      7530.00   5.7697470e-09
      7540.00   5.7417866e-09
      7550.00   5.7139941e-09
      7560.00   5.6863693e-09
      7570.00   5.6589105e-09
      7580.00   5.6316161e-09
      7590.00   5.6044864e-09
      7600.00   5.5775192e-09
      7610.00   5.5507130e-09
      7620.00   5.5240676e-09
      7630.00   5.4975805e-09
      7640.00   5.4712524e-09
      7650.00   5.4450805e-09
      7660.00   5.4190649e-09
      7670.00   5.3932034e-09
      7680.00   5.3674956e-09
      7690.00   5.3419403e-09
      7700.00   5.3165367e-09
      7710.00   5.2912830e-09
      7720.00   5.2661786e-09
      7730.00   5.2412229e-09
      7740.00   5.2164140e-09
      7750.00   5.1917512e-09
      7760.00   5.1672336e-09
      7770.00   5.1428600e-09
      7780.00   5.1186294e-09
      7790.00   5.0945410e-09
      7800.00   5.0705936e-09
      7810.00   5.0467861e-09
      7820.00   5.0231182e-09
      7830.00   4.9995881e-09
      7840.00   4.9761953e-09
      7850.00   4.9529385e-09
      7860.00   4.9298169e-09
      7870.00   4.9068299e-09
      7880.00   4.8839761e-09
      7890.00   4.8612551e-09
      7900.00   4.8386652e-09
      7910.00   4.8162064e-09
      7920.00   4.7938771e-09
      7930.00   4.7716765e-09
      7940.00   4.7496041e-09
      7950.00   4.7276585e-09
      7960.00   4.7058398e-09
      7970.00   4.6841457e-09
      7980.00   4.6625765e-09
      7990.00   4.6411307e-09
      8000.00   4.6198076e-09
