      1600.00   6.7302066e-07
      1610.00   6.6487891e-07
      1620.00   6.5682158e-07
      1630.00   6.4884926e-07
      1640.00   6.4096200e-07
      1650.00   6.3316007e-07
      1660.00   6.2544354e-07
      1670.00   6.1781258e-07
      1680.00   6.1026701e-07
      1690.00   6.0280684e-07
      1700.00   5.9543197e-07
      1710.00   5.8814218e-07
      1720.00   5.8093721e-07
      1730.00   5.7381679e-07
      1740.00   5.6678053e-07
      1750.00   5.5982817e-07
      1760.00   5.5295921e-07
      1770.00   5.4617327e-07
      1780.00   5.3946985e-07
      1790.00   5.3284844e-07
      1800.00   5.2630847e-07
      1810.00   5.1984950e-07
      1820.00   5.1347071e-07
      1830.00   5.0717173e-07
      1840.00   5.0095181e-07
      1850.00   4.9481032e-07
      1860.00   4.8874659e-07
      1870.00   4.8275999e-07
      1880.00   4.7684975e-07
      1890.00   4.7101521e-07
      1900.00   4.6525563e-07
      1910.00   4.5957028e-07
      1920.00   4.5395841e-07
      1930.00   4.4841929e-07
      1940.00   4.4295222e-07
      1950.00   4.3755636e-07
      1960.00   4.3223100e-07
      1970.00   4.2697530e-07
      1980.00   4.2178859e-07
      1990.00   4.1667006e-07
      2000.00   4.1161887e-07
      2010.00   4.0663432e-07
      2020.00   4.0171561e-07
      2030.00   3.9686196e-07
      2040.00   3.9207262e-07
      2050.00   3.8734680e-07
      2060.00   3.8268371e-07
      2070.00   3.7808259e-07
      2080.00   3.7354275e-07
      2090.00   3.6906329e-07
      2100.00   3.6464354e-07
      2110.00   3.6028275e-07
      2120.00   3.5598012e-07
      2130.00   3.5173497e-07
      2140.00   3.4754648e-07
      2150.00   3.4341398e-07
      2160.00   3.3933671e-07
      2170.00   3.3531392e-07
      2180.00   3.3134495e-07
      2190.00   3.2742905e-07
      2200.00   3.2356551e-07
      2210.00   3.1975366e-07
      2220.00   3.1599276e-07
      2230.00   3.1228218e-07
      2240.00   3.0862117e-07
      2250.00   3.0500912e-07
      2260.00   3.0144533e-07
      2270.00   2.9792911e-07
      2280.00   2.9445989e-07
      2290.00   2.9103693e-07
      2300.00   2.8765966e-07
      2310.00   2.8432742e-07
      2320.00   2.8103959e-07
      2330.00   2.7779557e-07
      2340.00   2.7459470e-07
      2350.00   2.7143642e-07
      2360.00   2.6832012e-07
      2370.00   2.6524524e-07
      2380.00   2.6221115e-07
      2390.00   2.5921730e-07
      2400.00   2.5626313e-07
      2410.00   2.5334805e-07
      2420.00   2.5047155e-07
      2430.00   2.4763306e-07
      2440.00   2.4483205e-07
      2450.00   2.4206800e-07
      2460.00   2.3934038e-07
      2470.00   2.3664864e-07
      2480.00   2.3399227e-07
      2490.00   2.3137083e-07
      2500.00   2.2878378e-07
      2510.00   2.2623063e-07
      2520.00   2.2371092e-07
      2530.00   2.2122412e-07
      2540.00   2.1876982e-07
      2550.00   2.1634754e-07
      2560.00   2.1395680e-07
      2570.00   2.1159717e-07
      2580.00   2.0926820e-07
      2590.00   2.0696945e-07
      2600.00   2.0470051e-07
      2610.00   2.0246093e-07
      2620.00   2.0025031e-07
      2630.00   1.9806820e-07
      2640.00   1.9591423e-07
      2650.00   1.9378799e-07
      2660.00   1.9168909e-07
      2670.00   1.8961712e-07
      2680.00   1.8757172e-07
      2690.00   1.8555249e-07
      2700.00   1.8355905e-07
      2710.00   1.8159107e-07
      2720.00   1.7964818e-07
      2730.00   1.7772998e-07
      2740.00   1.7583616e-07
      2750.00   1.7396636e-07
      2760.00   1.7212026e-07
      2770.00   1.7029748e-07
      2780.00   1.6849772e-07
      2790.00   1.6672067e-07
      2800.00   1.6496596e-07
      2810.00   1.6323330e-07
      2820.00   1.6152240e-07
      2830.00   1.5983291e-07
      2840.00   1.5816456e-07
      2850.00   1.5651703e-07
      2860.00   1.5489005e-07
      2870.00   1.5328331e-07
      2880.00   1.5169652e-07
      2890.00   1.5012943e-07
      2900.00   1.4858172e-07
      2910.00   1.4705318e-07
      2920.00   1.4554349e-07
      2930.00   1.4405239e-07
      2940.00   1.4257964e-07
      2950.00   1.4112497e-07
      2960.00   1.3968812e-07
      2970.00   1.3826887e-07
      2980.00   1.3686696e-07
      2990.00   1.3548213e-07
      3000.00   1.3411418e-07
      3010.00   1.3276283e-07
      3020.00   1.3142790e-07
      3030.00   1.3010911e-07
      3040.00   1.2880629e-07
      3050.00   1.2751918e-07
      3060.00   1.2624759e-07
      3070.00   1.2499128e-07
      3080.00   1.2375005e-07
      3090.00   1.2252370e-07
      3100.00   1.2131202e-07
      3110.00   1.2011480e-07
      3120.00   1.1893187e-07
      3130.00   1.1776301e-07
      3140.00   1.1660804e-07
      3150.00   1.1546675e-07
      3160.00   1.1433898e-07
      3170.00   1.1322451e-07
      3180.00   1.1212322e-07
      3190.00   1.1103487e-07
      3200.00   1.0995932e-07
      3210.00   1.0889637e-07
      3220.00   1.0784589e-07
      3230.00   1.0680767e-07
      3240.00   1.0578156e-07
      3250.00   1.0476741e-07
      3260.00   1.0376506e-07
      3270.00   1.0277432e-07
      3280.00   1.0179507e-07
      3290.00   1.0082713e-07
      3300.00   9.9870363e-08
      3310.00   9.8924620e-08
      3320.00   9.7989742e-08
      3330.00   9.7065603e-08
      3340.00   9.6152055e-08
      3350.00   9.5248944e-08
      3360.00   9.4356144e-08
      3370.00   9.3473517e-08
      3380.00   9.2600926e-08
      3390.00   9.1738246e-08
      3400.00   9.0885339e-08
      3410.00   9.0042085e-08
      3420.00   8.9208345e-08
      3430.00   8.8384003e-08
      3440.00   8.7568933e-08
      3450.00   8.6763005e-08
      3460.00   8.5966130e-08
      3470.00   8.5178158e-08
      3480.00   8.4398979e-08
      3490.00   8.3628492e-08
      3500.00   8.2866579e-08
      3510.00   8.2113120e-08
      3520.00   8.1368018e-08
      3530.00   8.0631165e-08
      3540.00   7.9902442e-08
      3550.00   7.9181753e-08
      3560.00   7.8469000e-08
      3570.00   7.7764072e-08
      3580.00   7.7066875e-08
      3590.00   7.6377302e-08
      3600.00   7.5695267e-08
      3610.00   7.5020676e-08
      3620.00   7.4353420e-08
      3630.00   7.3693402e-08
      3640.00   7.3040550e-08
      3650.00   7.2394770e-08
      3660.00   7.1755960e-08
      3670.00   7.1124040e-08
      3680.00   7.0498926e-08
      3690.00   6.9880526e-08
      3700.00   6.9268760e-08
      3710.00   6.8663544e-08
      3720.00   6.8064791e-08
      3730.00   6.7472433e-08
      3740.00   6.6886378e-08
      3750.00   6.6306555e-08
      3760.00   6.5732876e-08
      3770.00   6.5165278e-08
      3780.00   6.4603676e-08
      3790.00   6.4047994e-08
      3800.00   6.3498178e-08
      3810.00   6.2954136e-08
      3820.00   6.2415801e-08
      3830.00   6.1883107e-08
      3840.00   6.1355977e-08
      3850.00   6.0834355e-08
      3860.00   6.0318161e-08
      3870.00   5.9807343e-08
      3880.00   5.9301823e-08
      3890.00   5.8801540e-08
      3900.00   5.8306433e-08
      3910.00   5.7816439e-08
      3920.00   5.7331493e-08
      3930.00   5.6851532e-08
      3940.00   5.6376503e-08
      3950.00   5.5906342e-08
      3960.00   5.5440995e-08
      3970.00   5.4980397e-08
      3980.00   5.4524499e-08
      3990.00   5.4073237e-08
      4000.00   5.3626557e-08
      4010.00   5.3184410e-08
      4020.00   5.2746736e-08
      4030.00   5.2313487e-08
      4040.00   5.1884605e-08
      4050.00   5.1460043e-08
      4060.00   5.1039744e-08
      4070.00   5.0623666e-08
      4080.00   5.0211752e-08
      4090.00   4.9803955e-08
      4100.00   4.9400232e-08
      4110.00   4.9000529e-08
      4120.00   4.8604796e-08
      4130.00   4.8212995e-08
      4140.00   4.7825072e-08
      4150.00   4.7440994e-08
      4160.00   4.7060703e-08
      4170.00   4.6684158e-08
      4180.00   4.6311318e-08
      4190.00   4.5942140e-08
      4200.00   4.5576583e-08
      4210.00   4.5214608e-08
      4220.00   4.4856160e-08
      4230.00   4.4501216e-08
      4240.00   4.4149719e-08
      4250.00   4.3801644e-08
      4260.00   4.3456945e-08
      4270.00   4.3115581e-08
      4280.00   4.2777521e-08
      4290.00   4.2442723e-08
      4300.00   4.2111150e-08
      4310.00   4.1782765e-08
      4320.00   4.1457533e-08
      4330.00   4.1135416e-08
      4340.00   4.0816381e-08
      4350.00   4.0500396e-08
      4360.00   4.0187422e-08
      4370.00   3.9877427e-08
      4380.00   3.9570376e-08
      4390.00   3.9266239e-08
      4400.00   3.8964979e-08
      4410.00   3.8666572e-08
      4420.00   3.8370975e-08
      4430.00   3.8078164e-08
      4440.00   3.7788106e-08
      4450.00   3.7500774e-08
      4460.00   3.7216132e-08
      4470.00   3.6934153e-08
      4480.00   3.6654807e-08
      4490.00   3.6378066e-08
      4500.00   3.6103902e-08
      4510.00   3.5832283e-08
      4520.00   3.5563188e-08
      4530.00   3.5296579e-08
      4540.00   3.5032437e-08
      4550.00   3.4770734e-08
      4560.00   3.4511442e-08
      4570.00   3.4254532e-08
      4580.00   3.3999983e-08
      4590.00   3.3747768e-08
      4600.00   3.3497860e-08
      4610.00   3.3250237e-08
      4620.00   3.3004870e-08
      4630.00   3.2761736e-08
      4640.00   3.2520816e-08
      4650.00   3.2282081e-08
      4660.00   3.2045509e-08
      4670.00   3.1811074e-08
      4680.00   3.1578758e-08
      4690.00   3.1348537e-08
      4700.00   3.1120384e-08
      4710.00   3.0894285e-08
      4720.00   3.0670211e-08
      4730.00   3.0448144e-08
      4740.00   3.0228065e-08
      4750.00   3.0009947e-08
      4760.00   2.9793775e-08
      4770.00   2.9579525e-08
      4780.00   2.9367176e-08
      4790.00   2.9156712e-08
      4800.00   2.8948110e-08
      4810.00   2.8741351e-08
      4820.00   2.8536414e-08
      4830.00   2.8333285e-08
      4840.00   2.8131942e-08
      4850.00   2.7932367e-08
      4860.00   2.7734540e-08
      4870.00   2.7538446e-08
      4880.00   2.7344063e-08
      4890.00   2.7151377e-08
      4900.00   2.6960369e-08
      4910.00   2.6771021e-08
      4920.00   2.6583320e-08
      4930.00   2.6397239e-08
      4940.00   2.6212772e-08
      4950.00   2.6029897e-08
      4960.00   2.5848598e-08
      4970.00   2.5668862e-08
      4980.00   2.5490672e-08
      4990.00   2.5314010e-08
      5000.00   2.5138861e-08
      5010.00   2.4965213e-08
      5020.00   2.4793045e-08
      5030.00   2.4622346e-08
      5040.00   2.4453103e-08
      5050.00   2.4285295e-08
      5060.00   2.4118911e-08
      5070.00   2.3953941e-08
      5080.00   2.3790363e-08
      5090.00   2.3628168e-08
      5100.00   2.3467342e-08
      5110.00   2.3307868e-08
      5120.00   2.3149735e-08
      5130.00   2.2992928e-08
      5140.00   2.2837438e-08
      5150.00   2.2683247e-08
      5160.00   2.2530345e-08
      5170.00   2.2378718e-08
      5180.00   2.2228353e-08
      5190.00   2.2079240e-08
      5200.00   2.1931364e-08
      5210.00   2.1784713e-08
      5220.00   2.1639276e-08
      5230.00   2.1495040e-08
      5240.00   2.1351996e-08
      5250.00   2.1210128e-08
      5260.00   2.1069427e-08
      5270.00   2.0929881e-08
      5280.00   2.0791481e-08
      5290.00   2.0654213e-08
      5300.00   2.0518066e-08
      5310.00   2.0383032e-08
      5320.00   2.0249097e-08
      5330.00   2.0116251e-08
      5340.00   1.9984486e-08
      5350.00   1.9853789e-08
      5360.00   1.9724150e-08
      5370.00   1.9595559e-08
      5380.00   1.9468007e-08
      5390.00   1.9341483e-08
      5400.00   1.9215975e-08
      5410.00   1.9091479e-08
      5420.00   1.8967980e-08
      5430.00   1.8845472e-08
      5440.00   1.8723944e-08
      5450.00   1.8603386e-08
      5460.00   1.8483788e-08
      5470.00   1.8365145e-08
      5480.00   1.8247444e-08
      5490.00   1.8130678e-08
      5500.00   1.8014837e-08
      5510.00   1.7899915e-08
      5520.00   1.7785900e-08
      5530.00   1.7672785e-08
      5540.00   1.7560560e-08
      5550.00   1.7449221e-08
      5560.00   1.7338752e-08
      5570.00   1.7229153e-08
      5580.00   1.7120414e-08
      5590.00   1.7012523e-08
      5600.00   1.6905474e-08
      5610.00   1.6799261e-08
      5620.00   1.6693875e-08
      5630.00   1.6589309e-08
      5640.00   1.6485555e-08
      5650.00   1.6382603e-08
      5660.00   1.6280450e-08
      5670.00   1.6179086e-08
      5680.00   1.6078505e-08
      5690.00   1.5978698e-08
      5700.00   1.5879660e-08
      5710.00   1.5781382e-08
      5720.00   1.5683860e-08
      5730.00   1.5587082e-08
      5740.00   1.5491048e-08
      5750.00   1.5395745e-08
      5760.00   1.5301170e-08
      5770.00   1.5207316e-08
      5780.00   1.5114175e-08
      5790.00   1.5021740e-08
      5800.00   1.4930008e-08
      5810.00   1.4838971e-08
      5820.00   1.4748622e-08
      5830.00   1.4658955e-08
      5840.00   1.4569964e-08
      5850.00   1.4481642e-08
      5860.00   1.4393985e-08
      5870.00   1.4306986e-08
      5880.00   1.4220639e-08
      5890.00   1.4134939e-08
      5900.00   1.4049879e-08
      5910.00   1.3965455e-08
      5920.00   1.3881658e-08
      5930.00   1.3798487e-08
      5940.00   1.3715934e-08
      5950.00   1.3633993e-08
      5960.00   1.3552659e-08
      5970.00   1.3471927e-08
      5980.00   1.3391792e-08
      5990.00   1.3312249e-08
      6000.00   1.3233292e-08
      6010.00   1.3154915e-08
      6020.00   1.3077115e-08
      6030.00   1.2999886e-08
      6040.00   1.2923222e-08
      6050.00   1.2847120e-08
      6060.00   1.2771573e-08
      6070.00   1.2696578e-08
      6080.00   1.2622130e-08
      6090.00   1.2548223e-08
      6100.00   1.2474854e-08
      6110.00   1.2402015e-08
      6120.00   1.2329707e-08
      6130.00   1.2257920e-08
      6140.00   1.2186653e-08
      6150.00   1.2115900e-08
      6160.00   1.2045656e-08
      6170.00   1.1975918e-08
      6180.00   1.1906681e-08
      6190.00   1.1837941e-08
      6200.00   1.1769695e-08
      6210.00   1.1701935e-08
      6220.00   1.1634661e-08
      6230.00   1.1567867e-08
      6240.00   1.1501549e-08
      6250.00   1.1435701e-08
      6260.00   1.1370324e-08
      6270.00   1.1305410e-08
      6280.00   1.1240956e-08
      6290.00   1.1176957e-08
      6300.00   1.1113412e-08
      6310.00   1.1050315e-08
      6320.00   1.0987664e-08
      6330.00   1.0925452e-08
      6340.00   1.0863677e-08
      6350.00   1.0802339e-08
      6360.00   1.0741428e-08
      6370.00   1.0680945e-08
      6380.00   1.0620884e-08
      6390.00   1.0561243e-08
      6400.00   1.0502018e-08
      6410.00   1.0443205e-08
      6420.00   1.0384801e-08
      6430.00   1.0326803e-08
      6440.00   1.0269208e-08
      6450.00   1.0212011e-08
      6460.00   1.0155210e-08
      6470.00   1.0098801e-08
      6480.00   1.0042781e-08
      6490.00   9.9871483e-09
      6500.00   9.9318975e-09
      6510.00   9.8770268e-09
      6520.00   9.8225325e-09
      6530.00   9.7684110e-09
      6540.00   9.7146603e-09
      6550.00   9.6612778e-09
      6560.00   9.6082589e-09
      6570.00   9.5556011e-09
      6580.00   9.5033025e-09
      6590.00   9.4513597e-09
      6600.00   9.3997692e-09
      6610.00   9.3485286e-09
      6620.00   9.2976352e-09
      6630.00   9.2470851e-09
      6640.00   9.1968773e-09
      6650.00   9.1470087e-09
      6660.00   9.0974752e-09
      6670.00   9.0482752e-09
      6680.00   8.9994064e-09
      6690.00   8.9508643e-09
      6700.00   8.9026487e-09
      6710.00   8.8547552e-09
      6720.00   8.8071822e-09
      6730.00   8.7599261e-09
      6740.00   8.7129861e-09
      6750.00   8.6663580e-09
      6760.00   8.6200403e-09
      6770.00   8.5740308e-09
      6780.00   8.5283255e-09
      6790.00   8.4829235e-09
      6800.00   8.4378216e-09
      6810.00   8.3930182e-09
      6820.00   8.3485103e-09
      6830.00   8.3042956e-09
      6840.00   8.2603718e-09
      6850.00   8.2167368e-09
      6860.00   8.1733886e-09
      6870.00   8.1303242e-09
      6880.00   8.0875424e-09
      6890.00   8.0450399e-09
      6900.00   8.0028146e-09
      6910.00   7.9608656e-09
      6920.00   7.9191905e-09
      6930.00   7.8777854e-09
      6940.00   7.8366502e-09
      6950.00   7.7957815e-09
      6960.00   7.7551775e-09
      6970.00   7.7148366e-09
      6980.00   7.6747570e-09
      6990.00   7.6349366e-09
      7000.00   7.5953721e-09
      7010.00   7.5560625e-09
      7020.00   7.5170061e-09
      7030.00   7.4782013e-09
      7040.00   7.4396446e-09
      7050.00   7.4013359e-09
      7060.00   7.3632721e-09
      7070.00   7.3254517e-09
      7080.00   7.2878723e-09
      7090.00   7.2505329e-09
      7100.00   7.2134315e-09
      7110.00   7.1765661e-09
      7120.00   7.1399354e-09
      7130.00   7.1035374e-09
      7140.00   7.0673690e-09
      7150.00   7.0314304e-09
      7160.00   6.9957186e-09
      7170.00   6.9602323e-09
      7180.00   6.9249700e-09
      7190.00   6.8899303e-09
      7200.00   6.8551104e-09
      7210.00   6.8205097e-09
      7220.00   6.7861269e-09
      7230.00   6.7519583e-09
      7240.00   6.7180049e-09
      7250.00   6.6842626e-09
      7260.00   6.6507314e-09
      7270.00   6.6174102e-09
      7280.00   6.5842955e-09
      7290.00   6.5513876e-09
      7300.00   6.5186844e-09
      7310.00   6.4861842e-09
      7320.00   6.4538850e-09
      7330.00   6.4217863e-09
      7340.00   6.3898857e-09
      7350.00   6.3581826e-09
      7360.00   6.3266752e-09
      7370.00   6.2953624e-09
      7380.00   6.2642412e-09
      7390.00   6.2333123e-09
      7400.00   6.2025728e-09
      7410.00   6.1720222e-09
      7420.00   6.1416588e-09
      7430.00   6.1114809e-09
      7440.00   6.0814876e-09
      7450.00   6.0516776e-09
      7460.00   6.0220495e-09
      7470.00   5.9926016e-09
      7480.00   5.9633329e-09
      7490.00   5.9342418e-09
      7500.00   5.9053279e-09
      7510.00   5.8765886e-09
      7520.00   5.8480234e-09
      7530.00   5.8196308e-09
      7540.00   5.7914104e-09
      7550.00   5.7633596e-09
      7560.00   5.7354781e-09
      7570.00   5.7077644e-09
      7580.00   5.6802166e-09
      7590.00   5.6528353e-09
      7600.00   5.6256180e-09
      7610.00   5.5985634e-09
      7620.00   5.5716711e-09
      7630.00   5.5449387e-09
      7640.00   5.5183669e-09
      7650.00   5.4919528e-09
      7660.00   5.4656966e-09
      7670.00   5.4395961e-09
      7680.00   5.4136508e-09
      7690.00   5.3878595e-09
      7700.00   5.3622213e-09
      7710.00   5.3367346e-09
      7720.00   5.3113986e-09
      7730.00   5.2862129e-09
      7740.00   5.2611754e-09
      7750.00   5.2362853e-09
      7760.00   5.2115420e-09
      7770.00   5.1869441e-09
      7780.00   5.1624906e-09
      7790.00   5.1381807e-09
      7800.00   5.1140132e-09
      7810.00   5.0899870e-09
      7820.00   5.0661017e-09
      7830.00   5.0423556e-09
      7840.00   5.0187482e-09
      7850.00   4.9952781e-09
      7860.00   4.9719445e-09
      7870.00   4.9487469e-09
      7880.00   4.9256837e-09
      7890.00   4.9027547e-09
      7900.00   4.8799580e-09
      7910.00   4.8572938e-09
      7920.00   4.8347602e-09
      7930.00   4.8123568e-09
      7940.00   4.7900827e-09
      7950.00   4.7679367e-09
      7960.00   4.7459188e-09
      7970.00   4.7240267e-09
      7980.00   4.7022607e-09
      7990.00   4.6806193e-09
      8000.00   4.6591019e-09
