      1600.00   7.1301410e-07
      1610.00   7.0418018e-07
      1620.00   6.9544367e-07
      1630.00   6.8680494e-07
      1640.00   6.7826382e-07
      1650.00   6.6982036e-07
      1660.00   6.6147442e-07
      1670.00   6.5322594e-07
      1680.00   6.4507452e-07
      1690.00   6.3701997e-07
      1700.00   6.2906198e-07
      1710.00   6.2120012e-07
      1720.00   6.1343392e-07
      1730.00   6.0576292e-07
      1740.00   5.9818650e-07
      1750.00   5.9070425e-07
      1760.00   5.8331542e-07
      1770.00   5.7601949e-07
      1780.00   5.6881573e-07
      1790.00   5.6170346e-07
      1800.00   5.5468192e-07
      1810.00   5.4775051e-07
      1820.00   5.4090821e-07
      1830.00   5.3415448e-07
      1840.00   5.2748840e-07
      1850.00   5.2090917e-07
      1860.00   5.1441595e-07
      1870.00   5.0800797e-07
      1880.00   5.0168427e-07
      1890.00   4.9544404e-07
      1900.00   4.8928639e-07
      1910.00   4.8321044e-07
      1920.00   4.7721528e-07
      1930.00   4.7130005e-07
      1940.00   4.6546390e-07
      1950.00   4.5970584e-07
      1960.00   4.5402503e-07
      1970.00   4.4842050e-07
      1980.00   4.4289143e-07
      1990.00   4.3743689e-07
      2000.00   4.3205592e-07
      2010.00   4.2674769e-07
      2020.00   4.2151127e-07
      2030.00   4.1634577e-07
      2040.00   4.1125031e-07
      2050.00   4.0622399e-07
      2060.00   4.0126592e-07
      2070.00   3.9637522e-07
      2080.00   3.9155107e-07
      2090.00   3.8679250e-07
      2100.00   3.8209871e-07
      2110.00   3.7746885e-07
      2120.00   3.7290204e-07
      2130.00   3.6839748e-07
      2140.00   3.6395427e-07
      2150.00   3.5957164e-07
      2160.00   3.5524874e-07
      2170.00   3.5098471e-07
      2180.00   3.4677884e-07
      2190.00   3.4263025e-07
      2200.00   3.3853819e-07
      2210.00   3.3450188e-07
      2220.00   3.3052050e-07
      2230.00   3.2659335e-07
      2240.00   3.2271960e-07
      2250.00   3.1889855e-07
      2260.00   3.1512946e-07
      2270.00   3.1141153e-07
      2280.00   3.0774413e-07
      2290.00   3.0412646e-07
      2300.00   3.0055788e-07
      2310.00   2.9703765e-07
      2320.00   2.9356510e-07
      2330.00   2.9013956e-07
      2340.00   2.8676030e-07
      2350.00   2.8342671e-07
      2360.00   2.8013812e-07
      2370.00   2.7689390e-07
      2380.00   2.7369337e-07
      2390.00   2.7053592e-07
      2400.00   2.6742094e-07
      2410.00   2.6434778e-07
      2420.00   2.6131589e-07
      2430.00   2.5832464e-07
      2440.00   2.5537344e-07
      2450.00   2.5246172e-07
      2460.00   2.4958893e-07
      2470.00   2.4675444e-07
      2480.00   2.4395771e-07
      2490.00   2.4119825e-07
      2500.00   2.3847547e-07
      2510.00   2.3578885e-07
      2520.00   2.3313788e-07
      2530.00   2.3052198e-07
      2540.00   2.2794071e-07
      2550.00   2.2539355e-07
      2560.00   2.2287997e-07
      2570.00   2.2039951e-07
      2580.00   2.1795168e-07
      2590.00   2.1553601e-07
      2600.00   2.1315205e-07
      2610.00   2.1079930e-07
      2620.00   2.0847734e-07
      2630.00   2.0618569e-07
      2640.00   2.0392394e-07
      2650.00   2.0169164e-07
      2660.00   1.9948838e-07
      2670.00   1.9731372e-07
      2680.00   1.9516725e-07
      2690.00   1.9304857e-07
      2700.00   1.9095725e-07
      2710.00   1.8889293e-07
      2720.00   1.8685522e-07
      2730.00   1.8484368e-07
      2740.00   1.8285800e-07
      2750.00   1.8089777e-07
      2760.00   1.7896265e-07
      2770.00   1.7705224e-07
      2780.00   1.7516620e-07
      2790.00   1.7330421e-07
      2800.00   1.7146587e-07
      2810.00   1.6965087e-07
      2820.00   1.6785890e-07
      2830.00   1.6608958e-07
      2840.00   1.6434261e-07
      2850.00   1.6261767e-07
      2860.00   1.6091446e-07
      2870.00   1.5923264e-07
      2880.00   1.5757191e-07
      2890.00   1.5593199e-07
      2900.00   1.5431255e-07
      2910.00   1.5271336e-07
      2920.00   1.5113408e-07
      2930.00   1.4957443e-07
      2940.00   1.4803414e-07
      2950.00   1.4651295e-07
      2960.00   1.4501056e-07
      2970.00   1.4352675e-07
      2980.00   1.4206122e-07
      2990.00   1.4061372e-07
      3000.00   1.3918400e-07
      3010.00   1.3777180e-07
      3020.00   1.3637691e-07
      3030.00   1.3499904e-07
      3040.00   1.3363799e-07
      3050.00   1.3229350e-07
      3060.00   1.3096535e-07
      3070.00   1.2965331e-07
      3080.00   1.2835714e-07
      3090.00   1.2707665e-07
      3100.00   1.2581161e-07
      3110.00   1.2456178e-07
      3120.00   1.2332700e-07
      3130.00   1.2210702e-07
      3140.00   1.2090166e-07
      3150.00   1.1971069e-07
      3160.00   1.1853395e-07
      3170.00   1.1737120e-07
      3180.00   1.1622230e-07
      3190.00   1.1508701e-07
      3200.00   1.1396518e-07
      3210.00   1.1285660e-07
      3220.00   1.1176112e-07
      3230.00   1.1067852e-07
      3240.00   1.0960866e-07
      3250.00   1.0855136e-07
      3260.00   1.0750644e-07
      3270.00   1.0647372e-07
      3280.00   1.0545307e-07
      3290.00   1.0444430e-07
      3300.00   1.0344727e-07
      3310.00   1.0246180e-07
      3320.00   1.0148774e-07
      3330.00   1.0052494e-07
      3340.00   9.9573264e-08
      3350.00   9.8632537e-08
      3360.00   9.7702627e-08
      3370.00   9.6783389e-08
      3380.00   9.5874678e-08
      3390.00   9.4976360e-08
      3400.00   9.4088291e-08
      3410.00   9.3210342e-08
      3420.00   9.2342368e-08
      3430.00   9.1484245e-08
      3440.00   9.0635841e-08
      3450.00   8.9797019e-08
      3460.00   8.8967682e-08
      3470.00   8.8147673e-08
      3480.00   8.7336877e-08
      3490.00   8.6535186e-08
      3500.00   8.5742475e-08
      3510.00   8.4958618e-08
      3520.00   8.4183514e-08
      3530.00   8.3417046e-08
      3540.00   8.2659090e-08
      3550.00   8.1909545e-08
      3560.00   8.1168307e-08
      3570.00   8.0435259e-08
      3580.00   7.9710301e-08
      3590.00   7.8993321e-08
      3600.00   7.8284229e-08
      3610.00   7.7582924e-08
      3620.00   7.6889293e-08
      3630.00   7.6203233e-08
      3640.00   7.5524668e-08
      3650.00   7.4853498e-08
      3660.00   7.4189618e-08
      3670.00   7.3532941e-08
      3680.00   7.2883380e-08
      3690.00   7.2240837e-08
      3700.00   7.1605230e-08
      3710.00   7.0976469e-08
      3720.00   7.0354462e-08
      3730.00   6.9739137e-08
      3740.00   6.9130399e-08
      3750.00   6.8528171e-08
      3760.00   6.7932363e-08
      3770.00   6.7342907e-08
      3780.00   6.6759715e-08
      3790.00   6.6182705e-08
      3800.00   6.5611821e-08
      3810.00   6.5046967e-08
      3820.00   6.4488072e-08
      3830.00   6.3935066e-08
      3840.00   6.3387871e-08
      3850.00   6.2846423e-08
      3860.00   6.2310642e-08
      3870.00   6.1780473e-08
      3880.00   6.1255832e-08
      3890.00   6.0736657e-08
      3900.00   6.0222882e-08
      3910.00   5.9714442e-08
      3920.00   5.9211269e-08
      3930.00   5.8713296e-08
      3940.00   5.8220467e-08
      3950.00   5.7732717e-08
      3960.00   5.7249987e-08
      3970.00   5.6772210e-08
      3980.00   5.6299335e-08
      3990.00   5.5831292e-08
      4000.00   5.5368028e-08
      4010.00   5.4909489e-08
      4020.00   5.4455614e-08
      4030.00   5.4006351e-08
      4040.00   5.3561639e-08
      4050.00   5.3121431e-08
      4060.00   5.2685665e-08
      4070.00   5.2254298e-08
      4080.00   5.1827271e-08
      4090.00   5.1404532e-08
      4100.00   5.0986038e-08
      4110.00   5.0571732e-08
      4120.00   5.0161562e-08
      4130.00   4.9755488e-08
      4140.00   4.9353453e-08
      4150.00   4.8955422e-08
      4160.00   4.8561335e-08
      4170.00   4.8171149e-08
      4180.00   4.7784822e-08
      4190.00   4.7402307e-08
      4200.00   4.7023562e-08
      4210.00   4.6648547e-08
      4220.00   4.6277203e-08
      4230.00   4.5909506e-08
      4240.00   4.5545397e-08
      4250.00   4.5184850e-08
      4260.00   4.4827817e-08
      4270.00   4.4474254e-08
      4280.00   4.4124129e-08
      4290.00   4.3777399e-08
      4300.00   4.3434023e-08
      4310.00   4.3093966e-08
      4320.00   4.2757188e-08
      4330.00   4.2423650e-08
      4340.00   4.2093319e-08
      4350.00   4.1766159e-08
      4360.00   4.1442132e-08
      4370.00   4.1121203e-08
      4380.00   4.0803335e-08
      4390.00   4.0488498e-08
      4400.00   4.0176653e-08
      4410.00   3.9867774e-08
      4420.00   3.9561815e-08
      4430.00   3.9258754e-08
      4440.00   3.8958555e-08
      4450.00   3.8661189e-08
      4460.00   3.8366620e-08
      4470.00   3.8074819e-08
      4480.00   3.7785754e-08
      4490.00   3.7499397e-08
      4500.00   3.7215717e-08
      4510.00   3.6934682e-08
      4520.00   3.6656271e-08
      4530.00   3.6380442e-08
      4540.00   3.6107177e-08
      4550.00   3.5836445e-08
      4560.00   3.5568218e-08
      4570.00   3.5302466e-08
      4580.00   3.5039166e-08
      4590.00   3.4778290e-08
      4600.00   3.4519812e-08
      4610.00   3.4263706e-08
      4620.00   3.4009942e-08
      4630.00   3.3758499e-08
      4640.00   3.3509353e-08
      4650.00   3.3262477e-08
      4660.00   3.3017847e-08
      4670.00   3.2775436e-08
      4680.00   3.2535224e-08
      4690.00   3.2297188e-08
      4700.00   3.2061299e-08
      4710.00   3.1827542e-08
      4720.00   3.1595886e-08
      4730.00   3.1366314e-08
      4740.00   3.1138806e-08
      4750.00   3.0913332e-08
      4760.00   3.0689878e-08
      4770.00   3.0468419e-08
      4780.00   3.0248932e-08
      4790.00   3.0031402e-08
      4800.00   2.9815804e-08
      4810.00   2.9602117e-08
      4820.00   2.9390321e-08
      4830.00   2.9180401e-08
      4840.00   2.8972334e-08
      4850.00   2.8766100e-08
      4860.00   2.8561681e-08
      4870.00   2.8359058e-08
      4880.00   2.8158211e-08
      4890.00   2.7959123e-08
      4900.00   2.7761775e-08
      4910.00   2.7566150e-08
      4920.00   2.7372232e-08
      4930.00   2.7179994e-08
      4940.00   2.6989431e-08
      4950.00   2.6800518e-08
      4960.00   2.6613238e-08
      4970.00   2.6427579e-08
      4980.00   2.6243523e-08
      4990.00   2.6061051e-08
      5000.00   2.5880149e-08
      5010.00   2.5700800e-08
      5020.00   2.5522988e-08
      5030.00   2.5346697e-08
      5040.00   2.5171916e-08
      5050.00   2.4998622e-08
      5060.00   2.4826804e-08
      5070.00   2.4656451e-08
      5080.00   2.4487541e-08
      5090.00   2.4320064e-08
      5100.00   2.4154006e-08
      5110.00   2.3989349e-08
      5120.00   2.3826080e-08
      5130.00   2.3664187e-08
      5140.00   2.3503657e-08
      5150.00   2.3344473e-08
      5160.00   2.3186625e-08
      5170.00   2.3030098e-08
      5180.00   2.2874877e-08
      5190.00   2.2720954e-08
      5200.00   2.2568312e-08
      5210.00   2.2416939e-08
      5220.00   2.2266823e-08
      5230.00   2.2117952e-08
      5240.00   2.1970315e-08
      5250.00   2.1823895e-08
      5260.00   2.1678684e-08
      5270.00   2.1534670e-08
      5280.00   2.1391841e-08
      5290.00   2.1250185e-08
      5300.00   2.1109690e-08
      5310.00   2.0970347e-08
      5320.00   2.0832142e-08
      5330.00   2.0695065e-08
      5340.00   2.0559106e-08
      5350.00   2.0424253e-08
      5360.00   2.0290496e-08
      5370.00   2.0157824e-08
      5380.00   2.0026227e-08
      5390.00   1.9895693e-08
      5400.00   1.9766212e-08
      5410.00   1.9637778e-08
      5420.00   1.9510376e-08
      5430.00   1.9383999e-08
      5440.00   1.9258637e-08
      5450.00   1.9134279e-08
      5460.00   1.9010914e-08
      5470.00   1.8888537e-08
      5480.00   1.8767135e-08
      5490.00   1.8646701e-08
      5500.00   1.8527223e-08
      5510.00   1.8408696e-08
      5520.00   1.8291108e-08
      5530.00   1.8174451e-08
      5540.00   1.8058715e-08
      5550.00   1.7943895e-08
      5560.00   1.7829976e-08
      5570.00   1.7716956e-08
      5580.00   1.7604825e-08
      5590.00   1.7493573e-08
      5600.00   1.7383191e-08
      5610.00   1.7273674e-08
      5620.00   1.7165011e-08
      5630.00   1.7057197e-08
      5640.00   1.6950223e-08
      5650.00   1.6844079e-08
      5660.00   1.6738761e-08
      5670.00   1.6634258e-08
      5680.00   1.6530565e-08
      5690.00   1.6427673e-08
      5700.00   1.6325575e-08
      5710.00   1.6224264e-08
      5720.00   1.6123734e-08
      5730.00   1.6023974e-08
      5740.00   1.5924983e-08
      5750.00   1.5826747e-08
      5760.00   1.5729264e-08
      5770.00   1.5632526e-08
      5780.00   1.5536526e-08
      5790.00   1.5441256e-08
      5800.00   1.5346711e-08
      5810.00   1.5252886e-08
      5820.00   1.5159771e-08
      5830.00   1.5067362e-08
      5840.00   1.4975651e-08
      5850.00   1.4884632e-08
      5860.00   1.4794300e-08
      5870.00   1.4704648e-08
      5880.00   1.4615670e-08
      5890.00   1.4527360e-08
      5900.00   1.4439712e-08
      5910.00   1.4352721e-08
      5920.00   1.4266378e-08
      5930.00   1.4180682e-08
      5940.00   1.4095624e-08
      5950.00   1.4011199e-08
      5960.00   1.3927401e-08
      5970.00   1.3844225e-08
      5980.00   1.3761666e-08
      5990.00   1.3679718e-08
      6000.00   1.3598376e-08
      6010.00   1.3517633e-08
      6020.00   1.3437485e-08
      6030.00   1.3357928e-08
      6040.00   1.3278955e-08
      6050.00   1.3200562e-08
      6060.00   1.3122742e-08
      6070.00   1.3045493e-08
      6080.00   1.2968808e-08
      6090.00   1.2892683e-08
      6100.00   1.2817112e-08
      6110.00   1.2742090e-08
      6120.00   1.2667616e-08
      6130.00   1.2593680e-08
      6140.00   1.2520280e-08
      6150.00   1.2447412e-08
      6160.00   1.2375069e-08
      6170.00   1.2303249e-08
      6180.00   1.2231947e-08
      6190.00   1.2161157e-08
      6200.00   1.2090877e-08
      6210.00   1.2021100e-08
      6220.00   1.1951823e-08
      6230.00   1.1883042e-08
      6240.00   1.1814754e-08
      6250.00   1.1746951e-08
      6260.00   1.1679632e-08
      6270.00   1.1612793e-08
      6280.00   1.1546429e-08
      6290.00   1.1480534e-08
      6300.00   1.1415108e-08
      6310.00   1.1350144e-08
      6320.00   1.1285641e-08
      6330.00   1.1221590e-08
      6340.00   1.1157992e-08
      6350.00   1.1094843e-08
      6360.00   1.1032137e-08
      6370.00   1.0969871e-08
      6380.00   1.0908041e-08
      6390.00   1.0846645e-08
      6400.00   1.0785677e-08
      6410.00   1.0725136e-08
      6420.00   1.0665016e-08
      6430.00   1.0605315e-08
      6440.00   1.0546030e-08
      6450.00   1.0487156e-08
      6460.00   1.0428689e-08
      6470.00   1.0370629e-08
      6480.00   1.0312969e-08
      6490.00   1.0255709e-08
      6500.00   1.0198843e-08
      6510.00   1.0142369e-08
      6520.00   1.0086283e-08
      6530.00   1.0030583e-08
      6540.00   9.9752643e-09
      6550.00   9.9203259e-09
      6560.00   9.8657626e-09
      6570.00   9.8115718e-09
      6580.00   9.7577516e-09
      6590.00   9.7042985e-09
      6600.00   9.6512088e-09
      6610.00   9.5984800e-09
      6620.00   9.5461095e-09
      6630.00   9.4940929e-09
      6640.00   9.4424296e-09
      6650.00   9.3911160e-09
      6660.00   9.3401481e-09
      6670.00   9.2895242e-09
      6680.00   9.2392419e-09
      6690.00   9.1892966e-09
      6700.00   9.1396880e-09
      6710.00   9.0904115e-09
      6720.00   9.0414657e-09
      6730.00   8.9928467e-09
      6740.00   8.9445537e-09
      6750.00   8.8965823e-09
      6760.00   8.8489309e-09
      6770.00   8.8015974e-09
      6780.00   8.7545776e-09
      6790.00   8.7078706e-09
      6800.00   8.6614730e-09
      6810.00   8.6153833e-09
      6820.00   8.5695981e-09
      6830.00   8.5241154e-09
      6840.00   8.4789325e-09
      6850.00   8.4340474e-09
      6860.00   8.3894581e-09
      6870.00   8.3451614e-09
      6880.00   8.3011559e-09
      6890.00   8.2574385e-09
      6900.00   8.2140068e-09
      6910.00   8.1708599e-09
      6920.00   8.1279955e-09
      6930.00   8.0854094e-09
      6940.00   8.0431015e-09
      6950.00   8.0010683e-09
      6960.00   7.9593080e-09
      6970.00   7.9178189e-09
      6980.00   7.8765991e-09
      6990.00   7.8356465e-09
      7000.00   7.7949577e-09
      7010.00   7.7545317e-09
      7020.00   7.7143666e-09
      7030.00   7.6744608e-09
      7040.00   7.6348107e-09
      7050.00   7.5954162e-09
      7060.00   7.5562741e-09
      7070.00   7.5173829e-09
      7080.00   7.4787401e-09
      7090.00   7.4403446e-09
      7100.00   7.4021943e-09
      7110.00   7.3642873e-09
      7120.00   7.3266221e-09
      7130.00   7.2891967e-09
      7140.00   7.2520079e-09
      7150.00   7.2150560e-09
      7160.00   7.1783378e-09
      7170.00   7.1418518e-09
      7180.00   7.1055967e-09
      7190.00   7.0695711e-09
      7200.00   7.0337718e-09
      7210.00   6.9981984e-09
      7220.00   6.9628494e-09
      7230.00   6.9277213e-09
      7240.00   6.8928149e-09
      7250.00   6.8581258e-09
      7260.00   6.8236544e-09
      7270.00   6.7893992e-09
      7280.00   6.7553568e-09
      7290.00   6.7215274e-09
      7300.00   6.6879090e-09
      7310.00   6.6544996e-09
      7320.00   6.6212973e-09
      7330.00   6.5883016e-09
      7340.00   6.5555099e-09
      7350.00   6.5229216e-09
      7360.00   6.4905350e-09
      7370.00   6.4583488e-09
      7380.00   6.4263599e-09
      7390.00   6.3945692e-09
      7400.00   6.3629735e-09
      7410.00   6.3315724e-09
      7420.00   6.3003641e-09
      7430.00   6.2693469e-09
      7440.00   6.2385197e-09
      7450.00   6.2078814e-09
      7460.00   6.1774304e-09
      7470.00   6.1471650e-09
      7480.00   6.1170841e-09
      7490.00   6.0871862e-09
      7500.00   6.0574707e-09
      7510.00   6.0279350e-09
      7520.00   5.9985787e-09
      7530.00   5.9694001e-09
      7540.00   5.9403988e-09
      7550.00   5.9115722e-09
      7560.00   5.8829199e-09
      7570.00   5.8544404e-09
      7580.00   5.8261317e-09
      7590.00   5.7979944e-09
      7600.00   5.7700260e-09
      7610.00   5.7422251e-09
      7620.00   5.7145914e-09
      7630.00   5.6871223e-09
      7640.00   5.6598185e-09
      7650.00   5.6326772e-09
      7660.00   5.6056984e-09
      7670.00   5.5788798e-09
      7680.00   5.5522211e-09
      7690.00   5.5257209e-09
      7700.00   5.4993784e-09
      7710.00   5.4731919e-09
      7720.00   5.4471604e-09
      7730.00   5.4212837e-09
      7740.00   5.3955596e-09
      7750.00   5.3699872e-09
      7760.00   5.3445659e-09
      7770.00   5.3192943e-09
      7780.00   5.2941713e-09
      7790.00   5.2691962e-09
      7800.00   5.2443676e-09
      7810.00   5.2196845e-09
      7820.00   5.1951465e-09
      7830.00   5.1707516e-09
      7840.00   5.1464996e-09
      7850.00   5.1223889e-09
      7860.00   5.0984187e-09
      7870.00   5.0745884e-09
      7880.00   5.0508966e-09
      7890.00   5.0273427e-09
      7900.00   5.0039251e-09
      7910.00   4.9806439e-09
      7920.00   4.9574971e-09
      7930.00   4.9344842e-09
      7940.00   4.9116044e-09
      7950.00   4.8888565e-09
      7960.00   4.8662404e-09
      7970.00   4.8437537e-09
      7980.00   4.8213969e-09
      7990.00   4.7991683e-09
      8000.00   4.7770672e-09
