      1600.00   7.5391149e-07
      1610.00   7.4435980e-07
      1620.00   7.3491930e-07
      1630.00   7.2559014e-07
      1640.00   7.1637187e-07
      1650.00   7.0726432e-07
      1660.00   6.9826710e-07
      1670.00   6.8937990e-07
      1680.00   6.8060210e-07
      1690.00   6.7193326e-07
      1700.00   6.6337285e-07
      1710.00   6.5492021e-07
      1720.00   6.4657465e-07
      1730.00   6.3833547e-07
      1740.00   6.3020186e-07
      1750.00   6.2217315e-07
      1760.00   6.1424844e-07
      1770.00   6.0642694e-07
      1780.00   5.9870775e-07
      1790.00   5.9108999e-07
      1800.00   5.8357269e-07
      1810.00   5.7615506e-07
      1820.00   5.6883587e-07
      1830.00   5.6161443e-07
      1840.00   5.5448961e-07
      1850.00   5.4746042e-07
      1860.00   5.4052586e-07
      1870.00   5.3368498e-07
      1880.00   5.2693665e-07
      1890.00   5.2027989e-07
      1900.00   5.1371364e-07
      1910.00   5.0723686e-07
      1920.00   5.0084849e-07
      1930.00   4.9454750e-07
      1940.00   4.8833290e-07
      1950.00   4.8220355e-07
      1960.00   4.7615846e-07
      1970.00   4.7019650e-07
      1980.00   4.6431675e-07
      1990.00   4.5851810e-07
      2000.00   4.5279948e-07
      2010.00   4.4715991e-07
      2020.00   4.4159835e-07
      2030.00   4.3611376e-07
      2040.00   4.3070517e-07
      2050.00   4.2537153e-07
      2060.00   4.2011183e-07
      2070.00   4.1492508e-07
      2080.00   4.0981037e-07
      2090.00   4.0476657e-07
      2100.00   3.9979281e-07
      2110.00   3.9488812e-07
      2120.00   3.9005151e-07
      2130.00   3.8528208e-07
      2140.00   3.8057884e-07
      2150.00   3.7594090e-07
      2160.00   3.7136733e-07
      2170.00   3.6685718e-07
      2180.00   3.6240964e-07
      2190.00   3.5802374e-07
      2200.00   3.5369864e-07
      2210.00   3.4943347e-07
      2220.00   3.4522735e-07
      2230.00   3.4107946e-07
      2240.00   3.3698891e-07
      2250.00   3.3295493e-07
      2260.00   3.2897668e-07
      2270.00   3.2505330e-07
      2280.00   3.2118409e-07
      2290.00   3.1736816e-07
      2300.00   3.1360480e-07
      2310.00   3.0989323e-07
      2320.00   3.0623267e-07
      2330.00   3.0262241e-07
      2340.00   2.9906165e-07
      2350.00   2.9554971e-07
      2360.00   2.9208587e-07
      2370.00   2.8866943e-07
      2380.00   2.8529965e-07
      2390.00   2.8197586e-07
      2400.00   2.7869741e-07
      2410.00   2.7546357e-07
      2420.00   2.7227374e-07
      2430.00   2.6912725e-07
      2440.00   2.6602345e-07
      2450.00   2.6296172e-07
      2460.00   2.5994146e-07
      2470.00   2.5696198e-07
      2480.00   2.5402271e-07
      2490.00   2.5112310e-07
      2500.00   2.4826251e-07
      2510.00   2.4544039e-07
      2520.00   2.4265617e-07
      2530.00   2.3990925e-07
      2540.00   2.3719912e-07
      2550.00   2.3452524e-07
      2560.00   2.3188703e-07
      2570.00   2.2928399e-07
      2580.00   2.2671560e-07
      2590.00   2.2418133e-07
      2600.00   2.2168071e-07
      2610.00   2.1921321e-07
      2620.00   2.1677837e-07
      2630.00   2.1437565e-07
      2640.00   2.1200464e-07
      2650.00   2.0966483e-07
      2660.00   2.0735580e-07
      2670.00   2.0507706e-07
      2680.00   2.0282819e-07
      2690.00   2.0060874e-07
      2700.00   1.9841824e-07
      2710.00   1.9625633e-07
      2720.00   1.9412257e-07
      2730.00   1.9201651e-07
      2740.00   1.8993779e-07
      2750.00   1.8788598e-07
      2760.00   1.8586072e-07
      2770.00   1.8386158e-07
      2780.00   1.8188820e-07
      2790.00   1.7994022e-07
      2800.00   1.7801723e-07
      2810.00   1.7611889e-07
      2820.00   1.7424487e-07
      2830.00   1.7239476e-07
      2840.00   1.7056825e-07
      2850.00   1.6876498e-07
      2860.00   1.6698464e-07
      2870.00   1.6522687e-07
      2880.00   1.6349134e-07
      2890.00   1.6177776e-07
      2900.00   1.6008578e-07
      2910.00   1.5841513e-07
      2920.00   1.5676547e-07
      2930.00   1.5513650e-07
      2940.00   1.5352794e-07
      2950.00   1.5193949e-07
      2960.00   1.5037084e-07
      2970.00   1.4882176e-07
      2980.00   1.4729193e-07
      2990.00   1.4578108e-07
      3000.00   1.4428895e-07
      3010.00   1.4281526e-07
      3020.00   1.4135977e-07
      3030.00   1.3992219e-07
      3040.00   1.3850231e-07
      3050.00   1.3709985e-07
      3060.00   1.3571456e-07
      3070.00   1.3434622e-07
      3080.00   1.3299457e-07
      3090.00   1.3165938e-07
      3100.00   1.3034044e-07
      3110.00   1.2903749e-07
      3120.00   1.2775035e-07
      3130.00   1.2647875e-07
      3140.00   1.2522251e-07
      3150.00   1.2398139e-07
      3160.00   1.2275520e-07
      3170.00   1.2154370e-07
      3180.00   1.2034674e-07
      3190.00   1.1916408e-07
      3200.00   1.1799553e-07
      3210.00   1.1684089e-07
      3220.00   1.1569999e-07
      3230.00   1.1457261e-07
      3240.00   1.1345859e-07
      3250.00   1.1235774e-07
      3260.00   1.1126988e-07
      3270.00   1.1019481e-07
      3280.00   1.0913239e-07
      3290.00   1.0808243e-07
      3300.00   1.0704476e-07
      3310.00   1.0601922e-07
      3320.00   1.0500563e-07
      3330.00   1.0400385e-07
      3340.00   1.0301371e-07
      3350.00   1.0203505e-07
      3360.00   1.0106771e-07
      3370.00   1.0011155e-07
      3380.00   9.9166419e-08
      3390.00   9.8232166e-08
      3400.00   9.7308642e-08
      3410.00   9.6395712e-08
      3420.00   9.5493223e-08
      3430.00   9.4601044e-08
      3440.00   9.3719035e-08
      3450.00   9.2847051e-08
      3460.00   9.1984992e-08
      3470.00   9.1132691e-08
      3480.00   9.0290027e-08
      3490.00   8.9456885e-08
      3500.00   8.8633135e-08
      3510.00   8.7818644e-08
      3520.00   8.7013304e-08
      3530.00   8.6216992e-08
      3540.00   8.5429579e-08
      3550.00   8.4650958e-08
      3560.00   8.3881018e-08
      3570.00   8.3119638e-08
      3580.00   8.2366711e-08
      3590.00   8.1622121e-08
      3600.00   8.0885770e-08
      3610.00   8.0157555e-08
      3620.00   7.9437355e-08
      3630.00   7.8725063e-08
      3640.00   7.8020598e-08
      3650.00   7.7323855e-08
      3660.00   7.6634725e-08
      3670.00   7.5953114e-08
      3680.00   7.5278933e-08
      3690.00   7.4612077e-08
      3700.00   7.3952460e-08
      3710.00   7.3299989e-08
      3720.00   7.2654566e-08
      3730.00   7.2016116e-08
      3740.00   7.1384539e-08
      3750.00   7.0759754e-08
      3760.00   7.0141666e-08
      3770.00   6.9530204e-08
      3780.00   6.8925276e-08
      3790.00   6.8326795e-08
      3800.00   6.7734703e-08
      3810.00   6.7148899e-08
      3820.00   6.6569309e-08
      3830.00   6.5995859e-08
      3840.00   6.5428466e-08
      3850.00   6.4867065e-08
      3860.00   6.4311570e-08
      3870.00   6.3761924e-08
      3880.00   6.3218040e-08
      3890.00   6.2679853e-08
      3900.00   6.2147292e-08
      3910.00   6.1620290e-08
      3920.00   6.1098775e-08
      3930.00   6.0582679e-08
      3940.00   6.0071940e-08
      3950.00   5.9566492e-08
      3960.00   5.9066272e-08
      3970.00   5.8571212e-08
      3980.00   5.8081255e-08
      3990.00   5.7596331e-08
      4000.00   5.7116383e-08
      4010.00   5.6641354e-08
      4020.00   5.6171181e-08
      4030.00   5.5705809e-08
      4040.00   5.5245175e-08
      4050.00   5.4789229e-08
      4060.00   5.4337905e-08
      4070.00   5.3891160e-08
      4080.00   5.3448931e-08
      4090.00   5.3011166e-08
      4100.00   5.2577815e-08
      4110.00   5.2148824e-08
      4120.00   5.1724135e-08
      4130.00   5.1303707e-08
      4140.00   5.0887480e-08
      4150.00   5.0475419e-08
      4160.00   5.0067459e-08
      4170.00   4.9663558e-08
      4180.00   4.9263668e-08
      4190.00   4.8867743e-08
      4200.00   4.8475738e-08
      4210.00   4.8087612e-08
      4220.00   4.7703302e-08
      4230.00   4.7322784e-08
      4240.00   4.6945996e-08
      4250.00   4.6572910e-08
      4260.00   4.6203478e-08
      4270.00   4.5837651e-08
      4280.00   4.5475398e-08
      4290.00   4.5116672e-08
      4300.00   4.4761434e-08
      4310.00   4.4409643e-08
      4320.00   4.4061259e-08
      4330.00   4.3716242e-08
      4340.00   4.3374557e-08
      4350.00   4.3036166e-08
      4360.00   4.2701029e-08
      4370.00   4.2369111e-08
      4380.00   4.2040372e-08
      4390.00   4.1714781e-08
      4400.00   4.1392298e-08
      4410.00   4.1072894e-08
      4420.00   4.0756524e-08
      4430.00   4.0443162e-08
      4440.00   4.0132773e-08
      4450.00   3.9825324e-08
      4460.00   3.9520780e-08
      4470.00   3.9219109e-08
      4480.00   3.8920278e-08
      4490.00   3.8624259e-08
      4500.00   3.8331019e-08
      4510.00   3.8040524e-08
      4520.00   3.7752751e-08
      4530.00   3.7467660e-08
      4540.00   3.7185228e-08
      4550.00   3.6905426e-08
      4560.00   3.6628223e-08
      4570.00   3.6353587e-08
      4580.00   3.6081496e-08
      4590.00   3.5811920e-08
      4600.00   3.5544832e-08
      4610.00   3.5280204e-08
      4620.00   3.5018007e-08
      4630.00   3.4758216e-08
      4640.00   3.4500808e-08
      4650.00   3.4245755e-08
      4660.00   3.3993031e-08
      4670.00   3.3742608e-08
      4680.00   3.3494467e-08
      4690.00   3.3248581e-08
      4700.00   3.3004922e-08
      4710.00   3.2763473e-08
      4720.00   3.2524203e-08
      4730.00   3.2287094e-08
      4740.00   3.2052124e-08
      4750.00   3.1819263e-08
      4760.00   3.1588496e-08
      4770.00   3.1359797e-08
      4780.00   3.1133143e-08
      4790.00   3.0908517e-08
      4800.00   3.0685892e-08
      4810.00   3.0465249e-08
      4820.00   3.0246567e-08
      4830.00   3.0029828e-08
      4840.00   2.9815008e-08
      4850.00   2.9602089e-08
      4860.00   2.9391050e-08
      4870.00   2.9181872e-08
      4880.00   2.8974534e-08
      4890.00   2.8769019e-08
      4900.00   2.8565306e-08
      4910.00   2.8363378e-08
      4920.00   2.8163219e-08
      4930.00   2.7964800e-08
      4940.00   2.7768115e-08
      4950.00   2.7573140e-08
      4960.00   2.7379857e-08
      4970.00   2.7188252e-08
      4980.00   2.6998307e-08
      4990.00   2.6810003e-08
      5000.00   2.6623324e-08
      5010.00   2.6438255e-08
      5020.00   2.6254775e-08
      5030.00   2.6072872e-08
      5040.00   2.5892531e-08
      5050.00   2.5713731e-08
      5060.00   2.5536458e-08
      5070.00   2.5360702e-08
      5080.00   2.5186440e-08
      5090.00   2.5013661e-08
      5100.00   2.4842351e-08
      5110.00   2.4672492e-08
      5120.00   2.4504070e-08
      5130.00   2.4337070e-08
      5140.00   2.4171482e-08
      5150.00   2.4007288e-08
      5160.00   2.3844476e-08
      5170.00   2.3683030e-08
      5180.00   2.3522937e-08
      5190.00   2.3364187e-08
      5200.00   2.3206761e-08
      5210.00   2.3050650e-08
      5220.00   2.2895839e-08
      5230.00   2.2742315e-08
      5240.00   2.2590068e-08
      5250.00   2.2439082e-08
      5260.00   2.2289345e-08
      5270.00   2.2140846e-08
      5280.00   2.1993574e-08
      5290.00   2.1847516e-08
      5300.00   2.1702657e-08
      5310.00   2.1558991e-08
      5320.00   2.1416501e-08
      5330.00   2.1275178e-08
      5340.00   2.1135012e-08
      5350.00   2.0995989e-08
      5360.00   2.0858100e-08
      5370.00   2.0721332e-08
      5380.00   2.0585676e-08
      5390.00   2.0451120e-08
      5400.00   2.0317653e-08
      5410.00   2.0185268e-08
      5420.00   2.0053950e-08
      5430.00   1.9923692e-08
      5440.00   1.9794483e-08
      5450.00   1.9666312e-08
      5460.00   1.9539168e-08
      5470.00   1.9413045e-08
      5480.00   1.9287930e-08
      5490.00   1.9163816e-08
      5500.00   1.9040690e-08
      5510.00   1.8918547e-08
      5520.00   1.8797375e-08
      5530.00   1.8677164e-08
      5540.00   1.8557906e-08
      5550.00   1.8439594e-08
      5560.00   1.8322214e-08
      5570.00   1.8205763e-08
      5580.00   1.8090230e-08
      5590.00   1.7975605e-08
      5600.00   1.7861880e-08
      5610.00   1.7749049e-08
      5620.00   1.7637100e-08
      5630.00   1.7526028e-08
      5640.00   1.7415824e-08
      5650.00   1.7306478e-08
      5660.00   1.7197984e-08
      5670.00   1.7090334e-08
      5680.00   1.6983520e-08
      5690.00   1.6877533e-08
      5700.00   1.6772367e-08
      5710.00   1.6668013e-08
      5720.00   1.6564467e-08
      5730.00   1.6461716e-08
      5740.00   1.6359758e-08
      5750.00   1.6258582e-08
      5760.00   1.6158182e-08
      5770.00   1.6058552e-08
      5780.00   1.5959684e-08
      5790.00   1.5861570e-08
      5800.00   1.5764205e-08
      5810.00   1.5667584e-08
      5820.00   1.5571696e-08
      5830.00   1.5476536e-08
      5840.00   1.5382098e-08
      5850.00   1.5288374e-08
      5860.00   1.5195359e-08
      5870.00   1.5103047e-08
      5880.00   1.5011431e-08
      5890.00   1.4920504e-08
      5900.00   1.4830261e-08
      5910.00   1.4740695e-08
      5920.00   1.4651799e-08
      5930.00   1.4563571e-08
      5940.00   1.4476002e-08
      5950.00   1.4389086e-08
      5960.00   1.4302817e-08
      5970.00   1.4217190e-08
      5980.00   1.4132201e-08
      5990.00   1.4047842e-08
      6000.00   1.3964108e-08
      6010.00   1.3880992e-08
      6020.00   1.3798491e-08
      6030.00   1.3716600e-08
      6040.00   1.3635312e-08
      6050.00   1.3554621e-08
      6060.00   1.3474523e-08
      6070.00   1.3395013e-08
      6080.00   1.3316086e-08
      6090.00   1.3237736e-08
      6100.00   1.3159959e-08
      6110.00   1.3082747e-08
      6120.00   1.3006101e-08
      6130.00   1.2930011e-08
      6140.00   1.2854474e-08
      6150.00   1.2779484e-08
      6160.00   1.2705038e-08
      6170.00   1.2631130e-08
      6180.00   1.2557756e-08
      6190.00   1.2484911e-08
      6200.00   1.2412593e-08
      6210.00   1.2340793e-08
      6220.00   1.2269509e-08
      6230.00   1.2198738e-08
      6240.00   1.2128473e-08
      6250.00   1.2058709e-08
      6260.00   1.1989446e-08
      6270.00   1.1920677e-08
      6280.00   1.1852397e-08
      6290.00   1.1784602e-08
      6300.00   1.1717290e-08
      6310.00   1.1650455e-08
      6320.00   1.1584095e-08
      6330.00   1.1518202e-08
      6340.00   1.1452775e-08
      6350.00   1.1387812e-08
      6360.00   1.1323305e-08
      6370.00   1.1259252e-08
      6380.00   1.1195649e-08
      6390.00   1.1132494e-08
      6400.00   1.1069780e-08
      6410.00   1.1007505e-08
      6420.00   1.0945665e-08
      6430.00   1.0884258e-08
      6440.00   1.0823279e-08
      6450.00   1.0762723e-08
      6460.00   1.0702589e-08
      6470.00   1.0642872e-08
      6480.00   1.0583569e-08
      6490.00   1.0524677e-08
      6500.00   1.0466192e-08
      6510.00   1.0408112e-08
      6520.00   1.0350431e-08
      6530.00   1.0293148e-08
      6540.00   1.0236258e-08
      6550.00   1.0179760e-08
      6560.00   1.0123649e-08
      6570.00   1.0067922e-08
      6580.00   1.0012577e-08
      6590.00   9.9576101e-09
      6600.00   9.9030179e-09
      6610.00   9.8487976e-09
      6620.00   9.7949466e-09
      6630.00   9.7414605e-09
      6640.00   9.6883383e-09
      6650.00   9.6355766e-09
      6660.00   9.5831712e-09
      6670.00   9.5311204e-09
      6680.00   9.4794215e-09
      6690.00   9.4280699e-09
      6700.00   9.3770653e-09
      6710.00   9.3264030e-09
      6720.00   9.2760813e-09
      6730.00   9.2260965e-09
      6740.00   9.1764476e-09
      6750.00   9.1271300e-09
      6760.00   9.0781422e-09
      6770.00   9.0294820e-09
      6780.00   8.9811449e-09
      6790.00   8.9331302e-09
      6800.00   8.8854342e-09
      6810.00   8.8380554e-09
      6820.00   8.7909904e-09
      6830.00   8.7442370e-09
      6840.00   8.6977924e-09
      6850.00   8.6516547e-09
      6860.00   8.6058217e-09
      6870.00   8.5602900e-09
      6880.00   8.5150584e-09
      6890.00   8.4701236e-09
      6900.00   8.4254831e-09
      6910.00   8.3811360e-09
      6920.00   8.3370798e-09
      6930.00   8.2933103e-09
      6940.00   8.2498273e-09
      6950.00   8.2066273e-09
      6960.00   8.1637084e-09
      6970.00   8.1210688e-09
      6980.00   8.0787066e-09
      6990.00   8.0366196e-09
      7000.00   7.9948043e-09
      7010.00   7.9532595e-09
      7020.00   7.9119835e-09
      7030.00   7.8709746e-09
      7040.00   7.8302290e-09
      7050.00   7.7897466e-09
      7060.00   7.7495242e-09
      7070.00   7.7095601e-09
      7080.00   7.6698518e-09
      7090.00   7.6303981e-09
      7100.00   7.5911970e-09
      7110.00   7.5522464e-09
      7120.00   7.5135448e-09
      7130.00   7.4750901e-09
      7140.00   7.4368790e-09
      7150.00   7.3989118e-09
      7160.00   7.3611852e-09
      7170.00   7.3236977e-09
      7180.00   7.2864480e-09
      7190.00   7.2494344e-09
      7200.00   7.2126540e-09
      7210.00   7.1761061e-09
      7220.00   7.1397893e-09
      7230.00   7.1036997e-09
      7240.00   7.0678385e-09
      7250.00   7.0322010e-09
      7260.00   6.9967875e-09
      7270.00   6.9615967e-09
      7280.00   6.9266249e-09
      7290.00   6.8918724e-09
      7300.00   6.8573370e-09
      7310.00   6.8230168e-09
      7320.00   6.7889098e-09
      7330.00   6.7550155e-09
      7340.00   6.7213311e-09
      7350.00   6.6878561e-09
      7360.00   6.6545887e-09
      7370.00   6.6215275e-09
      7380.00   6.5886695e-09
      7390.00   6.5560153e-09
      7400.00   6.5235619e-09
      7410.00   6.4913088e-09
      7420.00   6.4592541e-09
      7430.00   6.4273961e-09
      7440.00   6.3957336e-09
      7450.00   6.3642656e-09
      7460.00   6.3329902e-09
      7470.00   6.3019059e-09
      7480.00   6.2710115e-09
      7490.00   6.2403053e-09
      7500.00   6.2097869e-09
      7510.00   6.1794535e-09
      7520.00   6.1493046e-09
      7530.00   6.1193387e-09
      7540.00   6.0895552e-09
      7550.00   6.0599514e-09
      7560.00   6.0305270e-09
      7570.00   6.0012804e-09
      7580.00   5.9722095e-09
      7590.00   5.9433150e-09
      7600.00   5.9145943e-09
      7610.00   5.8860459e-09
      7620.00   5.8576695e-09
      7630.00   5.8294625e-09
      7640.00   5.8014256e-09
      7650.00   5.7735558e-09
      7660.00   5.7458532e-09
      7670.00   5.7183154e-09
      7680.00   5.6909421e-09
      7690.00   5.6637319e-09
      7700.00   5.6366839e-09
      7710.00   5.6097963e-09
      7720.00   5.5830683e-09
      7730.00   5.5564995e-09
      7740.00   5.5300876e-09
      7750.00   5.5038319e-09
      7760.00   5.4777314e-09
      7770.00   5.4517851e-09
      7780.00   5.4259916e-09
      7790.00   5.4003501e-09
      7800.00   5.3748594e-09
      7810.00   5.3495184e-09
      7820.00   5.3243266e-09
      7830.00   5.2992820e-09
      7840.00   5.2743843e-09
      7850.00   5.2496320e-09
      7860.00   5.2250242e-09
      7870.00   5.2005603e-09
      7880.00   5.1762387e-09
      7890.00   5.1520591e-09
      7900.00   5.1280197e-09
      7910.00   5.1041204e-09
      7920.00   5.0803595e-09
      7930.00   5.0567362e-09
      7940.00   5.0332498e-09
      7950.00   5.0098990e-09
      7960.00   4.9866838e-09
      7970.00   4.9636017e-09
      7980.00   4.9406531e-09
      7990.00   4.9178364e-09
      8000.00   4.8951508e-09
