      1600.00   7.6774013e-07
      1610.00   7.5794359e-07
      1620.00   7.4826301e-07
      1630.00   7.3869845e-07
      1640.00   7.2924939e-07
      1650.00   7.1991555e-07
      1660.00   7.1069645e-07
      1670.00   7.0159173e-07
      1680.00   6.9260065e-07
      1690.00   6.8372270e-07
      1700.00   6.7495728e-07
      1710.00   6.6630363e-07
      1720.00   6.5776100e-07
      1730.00   6.4932859e-07
      1740.00   6.4100552e-07
      1750.00   6.3279107e-07
      1760.00   6.2468423e-07
      1770.00   6.1668416e-07
      1780.00   6.0878988e-07
      1790.00   6.0100043e-07
      1800.00   5.9331479e-07
      1810.00   5.8573209e-07
      1820.00   5.7825104e-07
      1830.00   5.7087087e-07
      1840.00   5.6359039e-07
      1850.00   5.5640857e-07
      1860.00   5.4932432e-07
      1870.00   5.4233664e-07
      1880.00   5.3544434e-07
      1890.00   5.2864638e-07
      1900.00   5.2194164e-07
      1910.00   5.1532904e-07
      1920.00   5.0880745e-07
      1930.00   5.0237578e-07
      1940.00   4.9603300e-07
      1950.00   4.8977791e-07
      1960.00   4.8360947e-07
      1970.00   4.7752652e-07
      1980.00   4.7152806e-07
      1990.00   4.6561296e-07
      2000.00   4.5978008e-07
      2010.00   4.5402841e-07
      2020.00   4.4835686e-07
      2030.00   4.4276434e-07
      2040.00   4.3724985e-07
      2050.00   4.3181229e-07
      2060.00   4.2645061e-07
      2070.00   4.2116378e-07
      2080.00   4.1595085e-07
      2090.00   4.1081066e-07
      2100.00   4.0574229e-07
      2110.00   4.0074474e-07
      2120.00   3.9581698e-07
      2130.00   3.9095809e-07
      2140.00   3.8616701e-07
      2150.00   3.8144286e-07
      2160.00   3.7678465e-07
      2170.00   3.7219140e-07
      2180.00   3.6766227e-07
      2190.00   3.6319627e-07
      2200.00   3.5879252e-07
      2210.00   3.5445012e-07
      2220.00   3.5016815e-07
      2230.00   3.4594578e-07
      2240.00   3.4178210e-07
      2250.00   3.3767629e-07
      2260.00   3.3362749e-07
      2270.00   3.2963482e-07
      2280.00   3.2569754e-07
      2290.00   3.2181476e-07
      2300.00   3.1798574e-07
      2310.00   3.1420965e-07
      2320.00   3.1048572e-07
      2330.00   3.0681319e-07
      2340.00   3.0319127e-07
      2350.00   2.9961922e-07
      2360.00   2.9609633e-07
      2370.00   2.9262185e-07
      2380.00   2.8919505e-07
      2390.00   2.8581523e-07
      2400.00   2.8248171e-07
      2410.00   2.7919375e-07
      2420.00   2.7595074e-07
      2430.00   2.7275196e-07
      2440.00   2.6959678e-07
      2450.00   2.6648453e-07
      2460.00   2.6341462e-07
      2470.00   2.6038633e-07
      2480.00   2.5739907e-07
      2490.00   2.5445228e-07
      2500.00   2.5154532e-07
      2510.00   2.4867759e-07
      2520.00   2.4584854e-07
      2530.00   2.4305752e-07
      2540.00   2.4030404e-07
      2550.00   2.3758752e-07
      2560.00   2.3490738e-07
      2570.00   2.3226310e-07
      2580.00   2.2965415e-07
      2590.00   2.2708000e-07
      2600.00   2.2454014e-07
      2610.00   2.2203405e-07
      2620.00   2.1956124e-07
      2630.00   2.1712118e-07
      2640.00   2.1471342e-07
      2650.00   2.1233748e-07
      2660.00   2.0999289e-07
      2670.00   2.0767916e-07
      2680.00   2.0539586e-07
      2690.00   2.0314253e-07
      2700.00   2.0091870e-07
      2710.00   1.9872399e-07
      2720.00   1.9655795e-07
      2730.00   1.9442012e-07
      2740.00   1.9231013e-07
      2750.00   1.9022755e-07
      2760.00   1.8817201e-07
      2770.00   1.8614305e-07
      2780.00   1.8414033e-07
      2790.00   1.8216347e-07
      2800.00   1.8021204e-07
      2810.00   1.7828571e-07
      2820.00   1.7638412e-07
      2830.00   1.7450688e-07
      2840.00   1.7265365e-07
      2850.00   1.7082408e-07
      2860.00   1.6901783e-07
      2870.00   1.6723456e-07
      2880.00   1.6547391e-07
      2890.00   1.6373560e-07
      2900.00   1.6201926e-07
      2910.00   1.6032463e-07
      2920.00   1.5865134e-07
      2930.00   1.5699910e-07
      2940.00   1.5536762e-07
      2950.00   1.5375659e-07
      2960.00   1.5216571e-07
      2970.00   1.5059472e-07
      2980.00   1.4904330e-07
      2990.00   1.4751119e-07
      3000.00   1.4599812e-07
      3010.00   1.4450379e-07
      3020.00   1.4302796e-07
      3030.00   1.4157035e-07
      3040.00   1.4013073e-07
      3050.00   1.3870882e-07
      3060.00   1.3730437e-07
      3070.00   1.3591713e-07
      3080.00   1.3454686e-07
      3090.00   1.3319334e-07
      3100.00   1.3185631e-07
      3110.00   1.3053554e-07
      3120.00   1.2923084e-07
      3130.00   1.2794192e-07
      3140.00   1.2666862e-07
      3150.00   1.2541067e-07
      3160.00   1.2416791e-07
      3170.00   1.2294006e-07
      3180.00   1.2172698e-07
      3190.00   1.2052843e-07
      3200.00   1.1934422e-07
      3210.00   1.1817414e-07
      3220.00   1.1701801e-07
      3230.00   1.1587561e-07
      3240.00   1.1474678e-07
      3250.00   1.1363133e-07
      3260.00   1.1252908e-07
      3270.00   1.1143981e-07
      3280.00   1.1036339e-07
      3290.00   1.0929962e-07
      3300.00   1.0824833e-07
      3310.00   1.0720936e-07
      3320.00   1.0618252e-07
      3330.00   1.0516767e-07
      3340.00   1.0416464e-07
      3350.00   1.0317326e-07
      3360.00   1.0219339e-07
      3370.00   1.0122485e-07
      3380.00   1.0026751e-07
      3390.00   9.9321216e-08
      3400.00   9.8385812e-08
      3410.00   9.7461160e-08
      3420.00   9.6547105e-08
      3430.00   9.5643515e-08
      3440.00   9.4750246e-08
      3450.00   9.3867153e-08
      3460.00   9.2994130e-08
      3470.00   9.2131010e-08
      3480.00   9.1277670e-08
      3490.00   9.0433992e-08
      3500.00   8.9599844e-08
      3510.00   8.8775090e-08
      3520.00   8.7959621e-08
      3530.00   8.7153313e-08
      3540.00   8.6356033e-08
      3550.00   8.5567673e-08
      3560.00   8.4788120e-08
      3570.00   8.4017250e-08
      3580.00   8.3254956e-08
      3590.00   8.2501118e-08
      3600.00   8.1755638e-08
      3610.00   8.1018410e-08
      3620.00   8.0289313e-08
      3630.00   7.9568236e-08
      3640.00   7.8855098e-08
      3650.00   7.8149792e-08
      3660.00   7.7452206e-08
      3670.00   7.6762246e-08
      3680.00   7.6079821e-08
      3690.00   7.5404824e-08
      3700.00   7.4737168e-08
      3710.00   7.4076759e-08
      3720.00   7.3423496e-08
      3730.00   7.2777304e-08
      3740.00   7.2138080e-08
      3750.00   7.1505743e-08
      3760.00   7.0880196e-08
      3770.00   7.0261368e-08
      3780.00   6.9649163e-08
      3790.00   6.9043495e-08
      3800.00   6.8444303e-08
      3810.00   6.7851487e-08
      3820.00   6.7264969e-08
      3830.00   6.6684675e-08
      3840.00   6.6110522e-08
      3850.00   6.5542442e-08
      3860.00   6.4980349e-08
      3870.00   6.4424185e-08
      3880.00   6.3873860e-08
      3890.00   6.3329309e-08
      3900.00   6.2790461e-08
      3910.00   6.2257247e-08
      3920.00   6.1729595e-08
      3930.00   6.1207433e-08
      3940.00   6.0690701e-08
      3950.00   6.0179330e-08
      3960.00   5.9673257e-08
      3970.00   5.9172413e-08
      3980.00   5.8676741e-08
      3990.00   5.8186168e-08
      4000.00   5.7700637e-08
      4010.00   5.7220090e-08
      4020.00   5.6744464e-08
      4030.00   5.6273703e-08
      4040.00   5.5807741e-08
      4050.00   5.5346529e-08
      4060.00   5.4890000e-08
      4070.00   5.4438111e-08
      4080.00   5.3990796e-08
      4090.00   5.3548003e-08
      4100.00   5.3109683e-08
      4110.00   5.2675778e-08
      4120.00   5.2246232e-08
      4130.00   5.1821002e-08
      4140.00   5.1400028e-08
      4150.00   5.0983273e-08
      4160.00   5.0570673e-08
      4170.00   5.0162183e-08
      4180.00   4.9757757e-08
      4190.00   4.9357346e-08
      4200.00   4.8960906e-08
      4210.00   4.8568394e-08
      4220.00   4.8179748e-08
      4230.00   4.7794940e-08
      4240.00   4.7413912e-08
      4250.00   4.7036633e-08
      4260.00   4.6663053e-08
      4270.00   4.6293125e-08
      4280.00   4.5926815e-08
      4290.00   4.5564078e-08
      4300.00   4.5204872e-08
      4310.00   4.4849156e-08
      4320.00   4.4496892e-08
      4330.00   4.4148036e-08
      4340.00   4.3802553e-08
      4350.00   4.3460406e-08
      4360.00   4.3121555e-08
      4370.00   4.2785962e-08
      4380.00   4.2453587e-08
      4390.00   4.2124401e-08
      4400.00   4.1798360e-08
      4410.00   4.1475437e-08
      4420.00   4.1155585e-08
      4430.00   4.0838779e-08
      4440.00   4.0524982e-08
      4450.00   4.0214163e-08
      4460.00   3.9906283e-08
      4470.00   3.9601312e-08
      4480.00   3.9299216e-08
      4490.00   3.8999966e-08
      4500.00   3.8703530e-08
      4510.00   3.8409872e-08
      4520.00   3.8118969e-08
      4530.00   3.7830781e-08
      4540.00   3.7545285e-08
      4550.00   3.7262450e-08
      4560.00   3.6982246e-08
      4570.00   3.6704641e-08
      4580.00   3.6429611e-08
      4590.00   3.6157126e-08
      4600.00   3.5887159e-08
      4610.00   3.5619683e-08
      4620.00   3.5354666e-08
      4630.00   3.5092085e-08
      4640.00   3.4831916e-08
      4650.00   3.4574129e-08
      4660.00   3.4318699e-08
      4670.00   3.4065598e-08
      4680.00   3.3814806e-08
      4690.00   3.3566296e-08
      4700.00   3.3320040e-08
      4710.00   3.3076020e-08
      4720.00   3.2834206e-08
      4730.00   3.2594577e-08
      4740.00   3.2357113e-08
      4750.00   3.2121783e-08
      4760.00   3.1888572e-08
      4770.00   3.1657453e-08
      4780.00   3.1428404e-08
      4790.00   3.1201405e-08
      4800.00   3.0976433e-08
      4810.00   3.0753465e-08
      4820.00   3.0532481e-08
      4830.00   3.0313462e-08
      4840.00   3.0096386e-08
      4850.00   2.9881233e-08
      4860.00   2.9667981e-08
      4870.00   2.9456613e-08
      4880.00   2.9247105e-08
      4890.00   2.9039443e-08
      4900.00   2.8833603e-08
      4910.00   2.8629568e-08
      4920.00   2.8427323e-08
      4930.00   2.8226839e-08
      4940.00   2.8028109e-08
      4950.00   2.7831107e-08
      4960.00   2.7635818e-08
      4970.00   2.7442227e-08
      4980.00   2.7250314e-08
      4990.00   2.7060061e-08
      5000.00   2.6871451e-08
      5010.00   2.6684470e-08
      5020.00   2.6499097e-08
      5030.00   2.6315319e-08
      5040.00   2.6133120e-08
      5050.00   2.5952480e-08
      5060.00   2.5773385e-08
      5070.00   2.5595824e-08
      5080.00   2.5419773e-08
      5090.00   2.5245223e-08
      5100.00   2.5072158e-08
      5110.00   2.4900560e-08
      5120.00   2.4730417e-08
      5130.00   2.4561711e-08
      5140.00   2.4394434e-08
      5150.00   2.4228565e-08
      5160.00   2.4064094e-08
      5170.00   2.3901005e-08
      5180.00   2.3739284e-08
      5190.00   2.3578921e-08
      5200.00   2.3419898e-08
      5210.00   2.3262203e-08
      5220.00   2.3105823e-08
      5230.00   2.2950746e-08
      5240.00   2.2796959e-08
      5250.00   2.2644447e-08
      5260.00   2.2493198e-08
      5270.00   2.2343201e-08
      5280.00   2.2194444e-08
      5290.00   2.2046915e-08
      5300.00   2.1900599e-08
      5310.00   2.1755488e-08
      5320.00   2.1611568e-08
      5330.00   2.1468826e-08
      5340.00   2.1327254e-08
      5350.00   2.1186839e-08
      5360.00   2.1047569e-08
      5370.00   2.0909433e-08
      5380.00   2.0772422e-08
      5390.00   2.0636522e-08
      5400.00   2.0501723e-08
      5410.00   2.0368018e-08
      5420.00   2.0235392e-08
      5430.00   2.0103837e-08
      5440.00   1.9973344e-08
      5450.00   1.9843900e-08
      5460.00   1.9715493e-08
      5470.00   1.9588119e-08
      5480.00   1.9461764e-08
      5490.00   1.9336420e-08
      5500.00   1.9212076e-08
      5510.00   1.9088725e-08
      5520.00   1.8966356e-08
      5530.00   1.8844958e-08
      5540.00   1.8724523e-08
      5550.00   1.8605046e-08
      5560.00   1.8486509e-08
      5570.00   1.8368912e-08
      5580.00   1.8252243e-08
      5590.00   1.8136492e-08
      5600.00   1.8021650e-08
      5610.00   1.7907712e-08
      5620.00   1.7794666e-08
      5630.00   1.7682506e-08
      5640.00   1.7571223e-08
      5650.00   1.7460807e-08
      5660.00   1.7351254e-08
      5670.00   1.7242552e-08
      5680.00   1.7134695e-08
      5690.00   1.7027675e-08
      5700.00   1.6921484e-08
      5710.00   1.6816115e-08
      5720.00   1.6711561e-08
      5730.00   1.6607811e-08
      5740.00   1.6504863e-08
      5750.00   1.6402704e-08
      5760.00   1.6301330e-08
      5770.00   1.6200735e-08
      5780.00   1.6100909e-08
      5790.00   1.6001846e-08
      5800.00   1.5903539e-08
      5810.00   1.5805984e-08
      5820.00   1.5709170e-08
      5830.00   1.5613091e-08
      5840.00   1.5517742e-08
      5850.00   1.5423115e-08
      5860.00   1.5329205e-08
      5870.00   1.5236004e-08
      5880.00   1.5143506e-08
      5890.00   1.5051706e-08
      5900.00   1.4960596e-08
      5910.00   1.4870171e-08
      5920.00   1.4780423e-08
      5930.00   1.4691349e-08
      5940.00   1.4602941e-08
      5950.00   1.4515193e-08
      5960.00   1.4428100e-08
      5970.00   1.4341654e-08
      5980.00   1.4255853e-08
      5990.00   1.4170689e-08
      6000.00   1.4086156e-08
      6010.00   1.4002249e-08
      6020.00   1.3918962e-08
      6030.00   1.3836291e-08
      6040.00   1.3754230e-08
      6050.00   1.3672772e-08
      6060.00   1.3591913e-08
      6070.00   1.3511649e-08
      6080.00   1.3431973e-08
      6090.00   1.3352881e-08
      6100.00   1.3274366e-08
      6110.00   1.3196424e-08
      6120.00   1.3119052e-08
      6130.00   1.3042242e-08
      6140.00   1.2965992e-08
      6150.00   1.2890294e-08
      6160.00   1.2815145e-08
      6170.00   1.2740541e-08
      6180.00   1.2666475e-08
      6190.00   1.2592945e-08
      6200.00   1.2519945e-08
      6210.00   1.2447470e-08
      6220.00   1.2375516e-08
      6230.00   1.2304080e-08
      6240.00   1.2233155e-08
      6250.00   1.2162738e-08
      6260.00   1.2092825e-08
      6270.00   1.2023411e-08
      6280.00   1.1954492e-08
      6290.00   1.1886062e-08
      6300.00   1.1818121e-08
      6310.00   1.1750661e-08
      6320.00   1.1683681e-08
      6330.00   1.1617173e-08
      6340.00   1.1551136e-08
      6350.00   1.1485567e-08
      6360.00   1.1420459e-08
      6370.00   1.1355810e-08
      6380.00   1.1291615e-08
      6390.00   1.1227872e-08
      6400.00   1.1164575e-08
      6410.00   1.1101722e-08
      6420.00   1.1039308e-08
      6430.00   1.0977330e-08
      6440.00   1.0915786e-08
      6450.00   1.0854669e-08
      6460.00   1.0793978e-08
      6470.00   1.0733708e-08
      6480.00   1.0673856e-08
      6490.00   1.0614420e-08
      6500.00   1.0555395e-08
      6510.00   1.0496778e-08
      6520.00   1.0438565e-08
      6530.00   1.0380753e-08
      6540.00   1.0323339e-08
      6550.00   1.0266321e-08
      6560.00   1.0209693e-08
      6570.00   1.0153453e-08
      6580.00   1.0097599e-08
      6590.00   1.0042127e-08
      6600.00   9.9870329e-09
      6610.00   9.9323148e-09
      6620.00   9.8779696e-09
      6630.00   9.8239929e-09
      6640.00   9.7703838e-09
      6650.00   9.7171387e-09
      6660.00   9.6642535e-09
      6670.00   9.6117263e-09
      6680.00   9.5595547e-09
      6690.00   9.5077336e-09
      6700.00   9.4562630e-09
      6710.00   9.4051382e-09
      6720.00   9.3543573e-09
      6730.00   9.3039166e-09
      6740.00   9.2538150e-09
      6750.00   9.2040481e-09
      6760.00   9.1546143e-09
      6770.00   9.1055112e-09
      6780.00   9.0567345e-09
      6790.00   9.0082832e-09
      6800.00   8.9601538e-09
      6810.00   8.9123448e-09
      6820.00   8.8648526e-09
      6830.00   8.8176751e-09
      6840.00   8.7708094e-09
      6850.00   8.7242536e-09
      6860.00   8.6780055e-09
      6870.00   8.6320617e-09
      6880.00   8.5864208e-09
      6890.00   8.5410797e-09
      6900.00   8.4960357e-09
      6910.00   8.4512880e-09
      6920.00   8.4068340e-09
      6930.00   8.3626695e-09
      6940.00   8.3187944e-09
      6950.00   8.2752050e-09
      6960.00   8.2318994e-09
      6970.00   8.1888758e-09
      6980.00   8.1461323e-09
      6990.00   8.1036666e-09
      7000.00   8.0614753e-09
      7010.00   8.0195572e-09
      7020.00   7.9779105e-09
      7030.00   7.9365334e-09
      7040.00   7.8954222e-09
      7050.00   7.8545767e-09
      7060.00   7.8139937e-09
      7070.00   7.7736715e-09
      7080.00   7.7336076e-09
      7090.00   7.6938008e-09
      7100.00   7.6542490e-09
      7110.00   7.6149501e-09
      7120.00   7.5759026e-09
      7130.00   7.5371043e-09
      7140.00   7.4985521e-09
      7150.00   7.4602460e-09
      7160.00   7.4221829e-09
      7170.00   7.3843612e-09
      7180.00   7.3467795e-09
      7190.00   7.3094363e-09
      7200.00   7.2723284e-09
      7210.00   7.2354553e-09
      7220.00   7.1988155e-09
      7230.00   7.1624051e-09
      7240.00   7.1262252e-09
      7250.00   7.0902712e-09
      7260.00   7.0545434e-09
      7270.00   7.0190403e-09
      7280.00   6.9837584e-09
      7290.00   6.9486977e-09
      7300.00   6.9138564e-09
      7310.00   6.8792322e-09
      7320.00   6.8448233e-09
      7330.00   6.8106290e-09
      7340.00   6.7766467e-09
      7350.00   6.7428759e-09
      7360.00   6.7093145e-09
      7370.00   6.6759614e-09
      7380.00   6.6428133e-09
      7390.00   6.6098710e-09
      7400.00   6.5771314e-09
      7410.00   6.5445939e-09
      7420.00   6.5122568e-09
      7430.00   6.4801182e-09
      7440.00   6.4481770e-09
      7450.00   6.4164321e-09
      7460.00   6.3848816e-09
      7470.00   6.3535240e-09
      7480.00   6.3223581e-09
      7490.00   6.2913822e-09
      7500.00   6.2605959e-09
      7510.00   6.2299963e-09
      7520.00   6.1995830e-09
      7530.00   6.1693543e-09
      7540.00   6.1393097e-09
      7550.00   6.1094466e-09
      7560.00   6.0797646e-09
      7570.00   6.0502620e-09
      7580.00   6.0209368e-09
      7590.00   5.9917896e-09
      7600.00   5.9628178e-09
      7610.00   5.9340201e-09
      7620.00   5.9053958e-09
      7630.00   5.8769426e-09
      7640.00   5.8486610e-09
      7650.00   5.8205481e-09
      7660.00   5.7926040e-09
      7670.00   5.7648263e-09
      7680.00   5.7372145e-09
      7690.00   5.7097674e-09
      7700.00   5.6824840e-09
      7710.00   5.6553625e-09
      7720.00   5.6284021e-09
      7730.00   5.6016023e-09
      7740.00   5.5749609e-09
      7750.00   5.5484771e-09
      7760.00   5.5221501e-09
      7770.00   5.4959786e-09
      7780.00   5.4699614e-09
      7790.00   5.4440976e-09
      7800.00   5.4183860e-09
      7810.00   5.3928254e-09
      7820.00   5.3674154e-09
      7830.00   5.3421540e-09
      7840.00   5.3170409e-09
      7850.00   5.2920745e-09
      7860.00   5.2672540e-09
      7870.00   5.2425787e-09
      7880.00   5.2180470e-09
      7890.00   5.1936586e-09
      7900.00   5.1694117e-09
      7910.00   5.1453062e-09
      7920.00   5.1213403e-09
      7930.00   5.0975134e-09
      7940.00   5.0738246e-09
      7950.00   5.0502727e-09
      7960.00   5.0268575e-09
      7970.00   5.0035768e-09
      7980.00   4.9804307e-09
      7990.00   4.9574177e-09
      8000.00   4.9345371e-09
