      1600.00   8.2400934e-07
      1610.00   8.1320593e-07
      1620.00   8.0253844e-07
      1630.00   7.9200656e-07
      1640.00   7.8160936e-07
      1650.00   7.7134622e-07
      1660.00   7.6121626e-07
      1670.00   7.5121878e-07
      1680.00   7.4135265e-07
      1690.00   7.3161703e-07
      1700.00   7.2201095e-07
      1710.00   7.1253334e-07
      1720.00   7.0318306e-07
      1730.00   6.9395903e-07
      1740.00   6.8486000e-07
      1750.00   6.7588496e-07
      1760.00   6.6703256e-07
      1770.00   6.5830166e-07
      1780.00   6.4969098e-07
      1790.00   6.4119926e-07
      1800.00   6.3282518e-07
      1810.00   6.2456758e-07
      1820.00   6.1642489e-07
      1830.00   6.0839607e-07
      1840.00   6.0047966e-07
      1850.00   5.9267435e-07
      1860.00   5.8497880e-07
      1870.00   5.7739175e-07
      1880.00   5.6991175e-07
      1890.00   5.6253754e-07
      1900.00   5.5526774e-07
      1910.00   5.4810103e-07
      1920.00   5.4103605e-07
      1930.00   5.3407150e-07
      1940.00   5.2720612e-07
      1950.00   5.2043850e-07
      1960.00   5.1376738e-07
      1970.00   5.0719138e-07
      1980.00   5.0070932e-07
      1990.00   4.9431986e-07
      2000.00   4.8802167e-07
      2010.00   4.8181354e-07
      2020.00   4.7569421e-07
      2030.00   4.6966240e-07
      2040.00   4.6371692e-07
      2050.00   4.5785651e-07
      2060.00   4.5207995e-07
      2070.00   4.4638603e-07
      2080.00   4.4077365e-07
      2090.00   4.3524149e-07
      2100.00   4.2978846e-07
      2110.00   4.2441342e-07
      2120.00   4.1911518e-07
      2130.00   4.1389269e-07
      2140.00   4.0874474e-07
      2150.00   4.0367030e-07
      2160.00   3.9866826e-07
      2170.00   3.9373749e-07
      2180.00   3.8887703e-07
      2190.00   3.8408577e-07
      2200.00   3.7936268e-07
      2210.00   3.7470675e-07
      2220.00   3.7011696e-07
      2230.00   3.6559234e-07
      2240.00   3.6113186e-07
      2250.00   3.5673461e-07
      2260.00   3.5239961e-07
      2270.00   3.4812588e-07
      2280.00   3.4391256e-07
      2290.00   3.3975867e-07
      2300.00   3.3566336e-07
      2310.00   3.3162572e-07
      2320.00   3.2764487e-07
      2330.00   3.2371996e-07
      2340.00   3.1985010e-07
      2350.00   3.1603448e-07
      2360.00   3.1227229e-07
      2370.00   3.0856270e-07
      2380.00   3.0490488e-07
      2390.00   3.0129807e-07
      2400.00   2.9774150e-07
      2410.00   2.9423434e-07
      2420.00   2.9077592e-07
      2430.00   2.8736546e-07
      2440.00   2.8400221e-07
      2450.00   2.8068548e-07
      2460.00   2.7741457e-07
      2470.00   2.7418871e-07
      2480.00   2.7100725e-07
      2490.00   2.6786955e-07
      2500.00   2.6477490e-07
      2510.00   2.6172265e-07
      2520.00   2.5871218e-07
      2530.00   2.5574280e-07
      2540.00   2.5281394e-07
      2550.00   2.4992497e-07
      2560.00   2.4707525e-07
      2570.00   2.4426420e-07
      2580.00   2.4149126e-07
      2590.00   2.3875581e-07
      2600.00   2.3605733e-07
      2610.00   2.3339521e-07
      2620.00   2.3076893e-07
      2630.00   2.2817792e-07
      2640.00   2.2562167e-07
      2650.00   2.2309964e-07
      2660.00   2.2061135e-07
      2670.00   2.1815624e-07
      2680.00   2.1573384e-07
      2690.00   2.1334365e-07
      2700.00   2.1098516e-07
      2710.00   2.0865794e-07
      2720.00   2.0636152e-07
      2730.00   2.0409537e-07
      2740.00   2.0185911e-07
      2750.00   1.9965226e-07
      2760.00   1.9747441e-07
      2770.00   1.9532508e-07
      2780.00   1.9320387e-07
      2790.00   1.9111038e-07
      2800.00   1.8904415e-07
      2810.00   1.8700481e-07
      2820.00   1.8499197e-07
      2830.00   1.8300520e-07
      2840.00   1.8104415e-07
      2850.00   1.7910841e-07
      2860.00   1.7719764e-07
      2870.00   1.7531144e-07
      2880.00   1.7344945e-07
      2890.00   1.7161134e-07
      2900.00   1.6979672e-07
      2910.00   1.6800531e-07
      2920.00   1.6623671e-07
      2930.00   1.6449060e-07
      2940.00   1.6276666e-07
      2950.00   1.6106457e-07
      2960.00   1.5938399e-07
      2970.00   1.5772465e-07
      2980.00   1.5608620e-07
      2990.00   1.5446835e-07
      3000.00   1.5287081e-07
      3010.00   1.5129327e-07
      3020.00   1.4973547e-07
      3030.00   1.4819709e-07
      3040.00   1.4667788e-07
      3050.00   1.4517755e-07
      3060.00   1.4369583e-07
      3070.00   1.4223245e-07
      3080.00   1.4078715e-07
      3090.00   1.3935968e-07
      3100.00   1.3794978e-07
      3110.00   1.3655719e-07
      3120.00   1.3518170e-07
      3130.00   1.3382302e-07
      3140.00   1.3248095e-07
      3150.00   1.3115522e-07
      3160.00   1.2984564e-07
      3170.00   1.2855193e-07
      3180.00   1.2727393e-07
      3190.00   1.2601137e-07
      3200.00   1.2476405e-07
      3210.00   1.2353175e-07
      3220.00   1.2231428e-07
      3230.00   1.2111141e-07
      3240.00   1.1992294e-07
      3250.00   1.1874869e-07
      3260.00   1.1758845e-07
      3270.00   1.1644201e-07
      3280.00   1.1530920e-07
      3290.00   1.1418982e-07
      3300.00   1.1308369e-07
      3310.00   1.1199063e-07
      3320.00   1.1091045e-07
      3330.00   1.0984298e-07
      3340.00   1.0878806e-07
      3350.00   1.0774549e-07
      3360.00   1.0671511e-07
      3370.00   1.0569677e-07
      3380.00   1.0469029e-07
      3390.00   1.0369552e-07
      3400.00   1.0271229e-07
      3410.00   1.0174046e-07
      3420.00   1.0077985e-07
      3430.00   9.9830333e-08
      3440.00   9.8891748e-08
      3450.00   9.7963940e-08
      3460.00   9.7046796e-08
      3470.00   9.6140139e-08
      3480.00   9.5243836e-08
      3490.00   9.4357760e-08
      3500.00   9.3481772e-08
      3510.00   9.2615725e-08
      3520.00   9.1759504e-08
      3530.00   9.0912975e-08
      3540.00   9.0075997e-08
      3550.00   8.9248454e-08
      3560.00   8.8430226e-08
      3570.00   8.7621180e-08
      3580.00   8.6821203e-08
      3590.00   8.6030165e-08
      3600.00   8.5247964e-08
      3610.00   8.4474485e-08
      3620.00   8.3709598e-08
      3630.00   8.2953188e-08
      3640.00   8.2205165e-08
      3650.00   8.1465418e-08
      3660.00   8.0733825e-08
      3670.00   8.0010289e-08
      3680.00   7.9294709e-08
      3690.00   7.8586975e-08
      3700.00   7.7886992e-08
      3710.00   7.7194660e-08
      3720.00   7.6509872e-08
      3730.00   7.5832548e-08
      3740.00   7.5162578e-08
      3750.00   7.4499877e-08
      3760.00   7.3844341e-08
      3770.00   7.3195893e-08
      3780.00   7.2554433e-08
      3790.00   7.1919870e-08
      3800.00   7.1292137e-08
      3810.00   7.0671128e-08
      3820.00   7.0056761e-08
      3830.00   6.9448958e-08
      3840.00   6.8847628e-08
      3850.00   6.8252702e-08
      3860.00   6.7664087e-08
      3870.00   6.7081721e-08
      3880.00   6.6505509e-08
      3890.00   6.5935382e-08
      3900.00   6.5371265e-08
      3910.00   6.4813083e-08
      3920.00   6.4260761e-08
      3930.00   6.3714223e-08
      3940.00   6.3173404e-08
      3950.00   6.2638232e-08
      3960.00   6.2108640e-08
      3970.00   6.1584553e-08
      3980.00   6.1065912e-08
      3990.00   6.0552640e-08
      4000.00   6.0044676e-08
      4010.00   5.9541959e-08
      4020.00   5.9044421e-08
      4030.00   5.8552003e-08
      4040.00   5.8064636e-08
      4050.00   5.7582267e-08
      4060.00   5.7104826e-08
      4070.00   5.6632266e-08
      4080.00   5.6164518e-08
      4090.00   5.5701527e-08
      4100.00   5.5243241e-08
      4110.00   5.4789598e-08
      4120.00   5.4340540e-08
      4130.00   5.3896020e-08
      4140.00   5.3455975e-08
      4150.00   5.3020366e-08
      4160.00   5.2589126e-08
      4170.00   5.2162206e-08
      4180.00   5.1739558e-08
      4190.00   5.1321130e-08
      4200.00   5.0906875e-08
      4210.00   5.0496748e-08
      4220.00   5.0090683e-08
      4230.00   4.9688652e-08
      4240.00   4.9290591e-08
      4250.00   4.8896469e-08
      4260.00   4.8506233e-08
      4270.00   4.8119833e-08
      4280.00   4.7737234e-08
      4290.00   4.7358386e-08
      4300.00   4.6983246e-08
      4310.00   4.6611773e-08
      4320.00   4.6243922e-08
      4330.00   4.5879650e-08
      4340.00   4.5518920e-08
      4350.00   4.5161692e-08
      4360.00   4.4807923e-08
      4370.00   4.4457574e-08
      4380.00   4.4110603e-08
      4390.00   4.3766978e-08
      4400.00   4.3426654e-08
      4410.00   4.3089601e-08
      4420.00   4.2755772e-08
      4430.00   4.2425137e-08
      4440.00   4.2097659e-08
      4450.00   4.1773305e-08
      4460.00   4.1452035e-08
      4470.00   4.1133815e-08
      4480.00   4.0818612e-08
      4490.00   4.0506392e-08
      4500.00   4.0197123e-08
      4510.00   3.9890768e-08
      4520.00   3.9587302e-08
      4530.00   3.9286682e-08
      4540.00   3.8988884e-08
      4550.00   3.8693877e-08
      4560.00   3.8401627e-08
      4570.00   3.8112101e-08
      4580.00   3.7825274e-08
      4590.00   3.7541115e-08
      4600.00   3.7259595e-08
      4610.00   3.6980684e-08
      4620.00   3.6704351e-08
      4630.00   3.6430570e-08
      4640.00   3.6159316e-08
      4650.00   3.5890558e-08
      4660.00   3.5624270e-08
      4670.00   3.5360421e-08
      4680.00   3.5098990e-08
      4690.00   3.4839950e-08
      4700.00   3.4583270e-08
      4710.00   3.4328932e-08
      4720.00   3.4076904e-08
      4730.00   3.3827165e-08
      4740.00   3.3579692e-08
      4750.00   3.3334455e-08
      4760.00   3.3091435e-08
      4770.00   3.2850606e-08
      4780.00   3.2611943e-08
      4790.00   3.2375428e-08
      4800.00   3.2141033e-08
      4810.00   3.1908736e-08
      4820.00   3.1678515e-08
      4830.00   3.1450352e-08
      4840.00   3.1224222e-08
      4850.00   3.1000103e-08
      4860.00   3.0777975e-08
      4870.00   3.0557817e-08
      4880.00   3.0339605e-08
      4890.00   3.0123324e-08
      4900.00   2.9908951e-08
      4910.00   2.9696465e-08
      4920.00   2.9485852e-08
      4930.00   2.9277080e-08
      4940.00   2.9070144e-08
      4950.00   2.8865015e-08
      4960.00   2.8661677e-08
      4970.00   2.8460114e-08
      4980.00   2.8260307e-08
      4990.00   2.8062235e-08
      5000.00   2.7865883e-08
      5010.00   2.7671232e-08
      5020.00   2.7478263e-08
      5030.00   2.7286961e-08
      5040.00   2.7097311e-08
      5050.00   2.6909289e-08
      5060.00   2.6722883e-08
      5070.00   2.6538080e-08
      5080.00   2.6354856e-08
      5090.00   2.6173201e-08
      5100.00   2.5993097e-08
      5110.00   2.5814527e-08
      5120.00   2.5637476e-08
      5130.00   2.5461928e-08
      5140.00   2.5287872e-08
      5150.00   2.5115288e-08
      5160.00   2.4944165e-08
      5170.00   2.4774485e-08
      5180.00   2.4606235e-08
      5190.00   2.4439403e-08
      5200.00   2.4273971e-08
      5210.00   2.4109926e-08
      5220.00   2.3947255e-08
      5230.00   2.3785944e-08
      5240.00   2.3625981e-08
      5250.00   2.3467349e-08
      5260.00   2.3310037e-08
      5270.00   2.3154032e-08
      5280.00   2.2999322e-08
      5290.00   2.2845893e-08
      5300.00   2.2693732e-08
      5310.00   2.2542829e-08
      5320.00   2.2393168e-08
      5330.00   2.2244739e-08
      5340.00   2.2097530e-08
      5350.00   2.1951529e-08
      5360.00   2.1806724e-08
      5370.00   2.1663102e-08
      5380.00   2.1520654e-08
      5390.00   2.1379366e-08
      5400.00   2.1239227e-08
      5410.00   2.1100229e-08
      5420.00   2.0962359e-08
      5430.00   2.0825605e-08
      5440.00   2.0689959e-08
      5450.00   2.0555408e-08
      5460.00   2.0421940e-08
      5470.00   2.0289549e-08
      5480.00   2.0158221e-08
      5490.00   2.0027949e-08
      5500.00   1.9898718e-08
      5510.00   1.9770525e-08
      5520.00   1.9643355e-08
      5530.00   1.9517199e-08
      5540.00   1.9392047e-08
      5550.00   1.9267893e-08
      5560.00   1.9144722e-08
      5570.00   1.9022529e-08
      5580.00   1.8901306e-08
      5590.00   1.8781038e-08
      5600.00   1.8661720e-08
      5610.00   1.8543343e-08
      5620.00   1.8425897e-08
      5630.00   1.8309375e-08
      5640.00   1.8193767e-08
      5650.00   1.8079063e-08
      5660.00   1.7965259e-08
      5670.00   1.7852342e-08
      5680.00   1.7740307e-08
      5690.00   1.7629143e-08
      5700.00   1.7518844e-08
      5710.00   1.7409401e-08
      5720.00   1.7300809e-08
      5730.00   1.7193054e-08
      5740.00   1.7086135e-08
      5750.00   1.6980039e-08
      5760.00   1.6874761e-08
      5770.00   1.6770293e-08
      5780.00   1.6666629e-08
      5790.00   1.6563758e-08
      5800.00   1.6461676e-08
      5810.00   1.6360378e-08
      5820.00   1.6259851e-08
      5830.00   1.6160091e-08
      5840.00   1.6061091e-08
      5850.00   1.5962843e-08
      5860.00   1.5865342e-08
      5870.00   1.5768580e-08
      5880.00   1.5672551e-08
      5890.00   1.5577248e-08
      5900.00   1.5482664e-08
      5910.00   1.5388793e-08
      5920.00   1.5295628e-08
      5930.00   1.5203165e-08
      5940.00   1.5111396e-08
      5950.00   1.5020314e-08
      5960.00   1.4929914e-08
      5970.00   1.4840188e-08
      5980.00   1.4751134e-08
      5990.00   1.4662743e-08
      6000.00   1.4575009e-08
      6010.00   1.4487927e-08
      6020.00   1.4401491e-08
      6030.00   1.4315696e-08
      6040.00   1.4230536e-08
      6050.00   1.4146004e-08
      6060.00   1.4062096e-08
      6070.00   1.3978806e-08
      6080.00   1.3896130e-08
      6090.00   1.3814061e-08
      6100.00   1.3732593e-08
      6110.00   1.3651721e-08
      6120.00   1.3571444e-08
      6130.00   1.3491750e-08
      6140.00   1.3412639e-08
      6150.00   1.3334104e-08
      6160.00   1.3256140e-08
      6170.00   1.3178742e-08
      6180.00   1.3101905e-08
      6190.00   1.3025625e-08
      6200.00   1.2949898e-08
      6210.00   1.2874716e-08
      6220.00   1.2800077e-08
      6230.00   1.2725976e-08
      6240.00   1.2652409e-08
      6250.00   1.2579368e-08
      6260.00   1.2506852e-08
      6270.00   1.2434856e-08
      6280.00   1.2363374e-08
      6290.00   1.2292403e-08
      6300.00   1.2221938e-08
      6310.00   1.2151975e-08
      6320.00   1.2082511e-08
      6330.00   1.2013538e-08
      6340.00   1.1945055e-08
      6350.00   1.1877059e-08
      6360.00   1.1809542e-08
      6370.00   1.1742502e-08
      6380.00   1.1675935e-08
      6390.00   1.1609838e-08
      6400.00   1.1544206e-08
      6410.00   1.1479034e-08
      6420.00   1.1414319e-08
      6430.00   1.1350059e-08
      6440.00   1.1286249e-08
      6450.00   1.1222883e-08
      6460.00   1.1159959e-08
      6470.00   1.1097475e-08
      6480.00   1.1035425e-08
      6490.00   1.0973807e-08
      6500.00   1.0912616e-08
      6510.00   1.0851850e-08
      6520.00   1.0791504e-08
      6530.00   1.0731575e-08
      6540.00   1.0672059e-08
      6550.00   1.0612955e-08
      6560.00   1.0554257e-08
      6570.00   1.0495962e-08
      6580.00   1.0438068e-08
      6590.00   1.0380572e-08
      6600.00   1.0323468e-08
      6610.00   1.0266755e-08
      6620.00   1.0210430e-08
      6630.00   1.0154488e-08
      6640.00   1.0098928e-08
      6650.00   1.0043746e-08
      6660.00   9.9889382e-09
      6670.00   9.9345026e-09
      6680.00   9.8804365e-09
      6690.00   9.8267348e-09
      6700.00   9.7733973e-09
      6710.00   9.7204190e-09
      6720.00   9.6677983e-09
      6730.00   9.6155310e-09
      6740.00   9.5636162e-09
      6750.00   9.5120491e-09
      6760.00   9.4608281e-09
      6770.00   9.4099508e-09
      6780.00   9.3594125e-09
      6790.00   9.3092125e-09
      6800.00   9.2593469e-09
      6810.00   9.2098141e-09
      6820.00   9.1606105e-09
      6830.00   9.1117338e-09
      6840.00   9.0631811e-09
      6850.00   9.0149503e-09
      6860.00   8.9670391e-09
      6870.00   8.9194441e-09
      6880.00   8.8721638e-09
      6890.00   8.8251948e-09
      6900.00   8.7785344e-09
      6910.00   8.7321818e-09
      6920.00   8.6861344e-09
      6930.00   8.6403876e-09
      6940.00   8.5949413e-09
      6950.00   8.5497918e-09
      6960.00   8.5049371e-09
      6970.00   8.4603752e-09
      6980.00   8.4161043e-09
      6990.00   8.3721219e-09
      7000.00   8.3284244e-09
      7010.00   8.2850106e-09
      7020.00   8.2418787e-09
      7030.00   8.1990267e-09
      7040.00   8.1564509e-09
      7050.00   8.1141509e-09
      7060.00   8.0721235e-09
      7070.00   8.0303670e-09
      7080.00   7.9888786e-09
      7090.00   7.9476571e-09
      7100.00   7.9067004e-09
      7110.00   7.8660064e-09
      7120.00   7.8255732e-09
      7130.00   7.7853989e-09
      7140.00   7.7454799e-09
      7150.00   7.7058166e-09
      7160.00   7.6664055e-09
      7170.00   7.6272450e-09
      7180.00   7.5883336e-09
      7190.00   7.5496698e-09
      7200.00   7.5112502e-09
      7210.00   7.4730744e-09
      7220.00   7.4351407e-09
      7230.00   7.3974452e-09
      7240.00   7.3599889e-09
      7250.00   7.3227671e-09
      7260.00   7.2857800e-09
      7270.00   7.2490262e-09
      7280.00   7.2125019e-09
      7290.00   7.1762073e-09
      7300.00   7.1401403e-09
      7310.00   7.1042987e-09
      7320.00   7.0686804e-09
      7330.00   7.0332849e-09
      7340.00   6.9981094e-09
      7350.00   6.9631533e-09
      7360.00   6.9284145e-09
      7370.00   6.8938919e-09
      7380.00   6.8595820e-09
      7390.00   6.8254857e-09
      7400.00   6.7915997e-09
      7410.00   6.7579234e-09
      7420.00   6.7244550e-09
      7430.00   6.6911926e-09
      7440.00   6.6581350e-09
      7450.00   6.6252810e-09
      7460.00   6.5926288e-09
      7470.00   6.5601766e-09
      7480.00   6.5279234e-09
      7490.00   6.4958673e-09
      7500.00   6.4640078e-09
      7510.00   6.4323420e-09
      7520.00   6.4008695e-09
      7530.00   6.3695884e-09
      7540.00   6.3384985e-09
      7550.00   6.3075967e-09
      7560.00   6.2768828e-09
      7570.00   6.2463549e-09
      7580.00   6.2160111e-09
      7590.00   6.1858519e-09
      7600.00   6.1558747e-09
      7610.00   6.1260780e-09
      7620.00   6.0964612e-09
      7630.00   6.0670218e-09
      7640.00   6.0377604e-09
      7650.00   6.0086739e-09
      7660.00   5.9797625e-09
      7670.00   5.9510237e-09
      7680.00   5.9224570e-09
      7690.00   5.8940610e-09
      7700.00   5.8658348e-09
      7710.00   5.8377765e-09
      7720.00   5.8098852e-09
      7730.00   5.7821605e-09
      7740.00   5.7546000e-09
      7750.00   5.7272030e-09
      7760.00   5.6999686e-09
      7770.00   5.6728953e-09
      7780.00   5.6459821e-09
      7790.00   5.6192279e-09
      7800.00   5.5926315e-09
      7810.00   5.5661917e-09
      7820.00   5.5399081e-09
      7830.00   5.5137785e-09
      7840.00   5.4878026e-09
      7850.00   5.4619788e-09
      7860.00   5.4363063e-09
      7870.00   5.4107843e-09
      7880.00   5.3854113e-09
      7890.00   5.3601867e-09
      7900.00   5.3351088e-09
      7910.00   5.3101775e-09
      7920.00   5.2853910e-09
      7930.00   5.2607485e-09
      7940.00   5.2362492e-09
      7950.00   5.2118917e-09
      7960.00   5.1876760e-09
      7970.00   5.1635997e-09
      7980.00   5.1396629e-09
      7990.00   5.1158641e-09
      8000.00   5.0922025e-09
