      1600.00   3.6603026e-17
      1610.00   4.1818202e-17
      1620.00   4.7688781e-17
      1630.00   5.4285636e-17
      1640.00   6.1685936e-17
      1650.00   6.9973630e-17
      1660.00   7.9239866e-17
      1670.00   8.9583487e-17
      1680.00   1.0111146e-16
      1690.00   1.1393947e-16
      1700.00   1.2819237e-16
      1710.00   1.4400473e-16
      1720.00   1.6152142e-16
      1730.00   1.8089817e-16
      1740.00   2.0230214e-16
      1750.00   2.2591262e-16
      1760.00   2.5192147e-16
      1770.00   2.8053396e-16
      1780.00   3.1196928e-16
      1790.00   3.4646128e-16
      1800.00   3.8425906e-16
      1810.00   4.2562787e-16
      1820.00   4.7084936e-16
      1830.00   5.2022298e-16
      1840.00   5.7406603e-16
      1850.00   6.3271474e-16
      1860.00   6.9652497e-16
      1870.00   7.6587297e-16
      1880.00   8.4115587e-16
      1890.00   9.2279286e-16
      1900.00   1.0112256e-15
      1910.00   1.1069190e-15
      1920.00   1.2103623e-15
      1930.00   1.3220694e-15
      1940.00   1.4425801e-15
      1950.00   1.5724600e-15
      1960.00   1.7123023e-15
      1970.00   1.8627276e-15
      1980.00   2.0243857e-15
      1990.00   2.1979550e-15
      2000.00   2.3841440e-15
      2010.00   2.5836923e-15
      2020.00   2.7973705e-15
      2030.00   3.0259812e-15
      2040.00   3.2703602e-15
      2050.00   3.5313758e-15
      2060.00   3.8099309e-15
      2070.00   4.1069625e-15
      2080.00   4.4234437e-15
      2090.00   4.7603813e-15
      2100.00   5.1188203e-15
      2110.00   5.4998418e-15
      2120.00   5.9045633e-15
      2130.00   6.3341417e-15
      2140.00   6.7897695e-15
      2150.00   7.2726803e-15
      2160.00   7.7841449e-15
      2170.00   8.3254730e-15
      2180.00   8.8980162e-15
      2190.00   9.5031631e-15
      2200.00   1.0142344e-14
      2210.00   1.0817029e-14
      2220.00   1.1528728e-14
      2230.00   1.2278994e-14
      2240.00   1.3069416e-14
      2250.00   1.3901628e-14
      2260.00   1.4777305e-14
      2270.00   1.5698157e-14
      2280.00   1.6665944e-14
      2290.00   1.7682457e-14
      2300.00   1.8749536e-14
      2310.00   1.9869056e-14
      2320.00   2.1042934e-14
      2330.00   2.2273128e-14
      2340.00   2.3561632e-14
      2350.00   2.4910485e-14
      2360.00   2.6321763e-14
      2370.00   2.7797581e-14
      2380.00   2.9340087e-14
      2390.00   3.0951475e-14
      2400.00   3.2633975e-14
      2410.00   3.4389845e-14
      2420.00   3.6221395e-14
      2430.00   3.8130959e-14
      2440.00   4.0120909e-14
      2450.00   4.2193654e-14
      2460.00   4.4351638e-14
      2470.00   4.6597324e-14
      2480.00   4.8933224e-14
      2490.00   5.1361884e-14
      2500.00   5.3885866e-14
      2510.00   5.6507771e-14
      2520.00   5.9230231e-14
      2530.00   6.2055889e-14
      2540.00   6.4987447e-14
      2550.00   6.8027610e-14
      2560.00   7.1179104e-14
      2570.00   7.4444698e-14
      2580.00   7.7827176e-14
      2590.00   8.1329339e-14
      2600.00   8.4954025e-14
      2610.00   8.8704070e-14
      2620.00   9.2582348e-14
      2630.00   9.6591732e-14
      2640.00   1.0073513e-13
      2650.00   1.0501547e-13
      2660.00   1.0943568e-13
      2670.00   1.1399869e-13
      2680.00   1.1870748e-13
      2690.00   1.2356500e-13
      2700.00   1.2857422e-13
      2710.00   1.3373815e-13
      2720.00   1.3905979e-13
      2730.00   1.4454210e-13
      2740.00   1.5018811e-13
      2750.00   1.5600084e-13
      2760.00   1.6198329e-13
      2770.00   1.6813846e-13
      2780.00   1.7446936e-13
      2790.00   1.8097904e-13
      2800.00   1.8767045e-13
      2810.00   1.9454662e-13
      2820.00   2.0161057e-13
      2830.00   2.0886525e-13
      2840.00   2.1631366e-13
      2850.00   2.2395877e-13
      2860.00   2.3180357e-13
      2870.00   2.3985098e-13
      2880.00   2.4810393e-13
      2890.00   2.5656538e-13
      2900.00   2.6523820e-13
      2910.00   2.7412536e-13
      2920.00   2.8322966e-13
      2930.00   2.9255395e-13
      2940.00   3.0210112e-13
      2950.00   3.1187396e-13
      2960.00   3.2187523e-13
      2970.00   3.3210779e-13
      2980.00   3.4257430e-13
      2990.00   3.5327750e-13
      3000.00   3.6422011e-13
      3010.00   3.7540473e-13
      3020.00   3.8683409e-13
      3030.00   3.9851070e-13
      3040.00   4.1043722e-13
      3050.00   4.2261613e-13
      3060.00   4.3504997e-13
      3070.00   4.4774119e-13
      3080.00   4.6069223e-13
      3090.00   4.7390552e-13
      3100.00   4.8738344e-13
      3110.00   5.0112824e-13
      3120.00   5.1514234e-13
      3130.00   5.2942787e-13
      3140.00   5.4398713e-13
      3150.00   5.5882220e-13
      3160.00   5.7393535e-13
      3170.00   5.8932843e-13
      3180.00   6.0500378e-13
      3190.00   6.2096316e-13
      3200.00   6.3720866e-13
      3210.00   6.5374211e-13
      3220.00   6.7056548e-13
      3230.00   6.8768042e-13
      3240.00   7.0508882e-13
      3250.00   7.2279244e-13
      3260.00   7.4079290e-13
      3270.00   7.5909173e-13
      3280.00   7.7769068e-13
      3290.00   7.9659113e-13
      3300.00   8.1579468e-13
      3310.00   8.3530268e-13
      3320.00   8.5511644e-13
      3330.00   8.7523744e-13
      3340.00   8.9566690e-13
      3350.00   9.1640594e-13
      3360.00   9.3745582e-13
      3370.00   9.5881765e-13
      3380.00   9.8049246e-13
      3390.00   1.0024813e-12
      3400.00   1.0247851e-12
      3410.00   1.0474049e-12
      3420.00   1.0703413e-12
      3430.00   1.0935952e-12
      3440.00   1.1171674e-12
      3450.00   1.1410584e-12
      3460.00   1.1652693e-12
      3470.00   1.1898002e-12
      3480.00   1.2146516e-12
      3490.00   1.2398243e-12
      3500.00   1.2653186e-12
      3510.00   1.2911348e-12
      3520.00   1.3172732e-12
      3530.00   1.3437342e-12
      3540.00   1.3705178e-12
      3550.00   1.3976242e-12
      3560.00   1.4250537e-12
      3570.00   1.4528061e-12
      3580.00   1.4808815e-12
      3590.00   1.5092796e-12
      3600.00   1.5380007e-12
      3610.00   1.5670445e-12
      3620.00   1.5964105e-12
      3630.00   1.6260984e-12
      3640.00   1.6561083e-12
      3650.00   1.6864396e-12
      3660.00   1.7170918e-12
      3670.00   1.7480644e-12
      3680.00   1.7793570e-12
      3690.00   1.8109689e-12
      3700.00   1.8428996e-12
      3710.00   1.8751482e-12
      3720.00   1.9077141e-12
      3730.00   1.9405966e-12
      3740.00   1.9737947e-12
      3750.00   2.0073077e-12
      3760.00   2.0411342e-12
      3770.00   2.0752739e-12
      3780.00   2.1097252e-12
      3790.00   2.1444872e-12
      3800.00   2.1795592e-12
      3810.00   2.2149396e-12
      3820.00   2.2506271e-12
      3830.00   2.2866207e-12
      3840.00   2.3229189e-12
      3850.00   2.3595206e-12
      3860.00   2.3964241e-12
      3870.00   2.4336285e-12
      3880.00   2.4711318e-12
      3890.00   2.5089327e-12
      3900.00   2.5470297e-12
      3910.00   2.5854211e-12
      3920.00   2.6241053e-12
      3930.00   2.6630804e-12
      3940.00   2.7023451e-12
      3950.00   2.7418975e-12
      3960.00   2.7817358e-12
      3970.00   2.8218581e-12
      3980.00   2.8622627e-12
      3990.00   2.9029475e-12
      4000.00   2.9439105e-12
      4010.00   2.9851500e-12
      4020.00   3.0266639e-12
      4030.00   3.0684502e-12
      4040.00   3.1105066e-12
      4050.00   3.1528315e-12
      4060.00   3.1954220e-12
      4070.00   3.2382768e-12
      4080.00   3.2813930e-12
      4090.00   3.3247687e-12
      4100.00   3.3684019e-12
      4110.00   3.4122899e-12
      4120.00   3.4564303e-12
      4130.00   3.5008213e-12
      4140.00   3.5454598e-12
      4150.00   3.5903445e-12
      4160.00   3.6354719e-12
      4170.00   3.6808399e-12
      4180.00   3.7264461e-12
      4190.00   3.7722880e-12
      4200.00   3.8183633e-12
      4210.00   3.8646697e-12
      4220.00   3.9112033e-12
      4230.00   3.9579632e-12
      4240.00   4.0049453e-12
      4250.00   4.0521483e-12
      4260.00   4.0995690e-12
      4270.00   4.1472044e-12
      4280.00   4.1950525e-12
      4290.00   4.2431102e-12
      4300.00   4.2913749e-12
      4310.00   4.3398438e-12
      4320.00   4.3885142e-12
      4330.00   4.4373831e-12
      4340.00   4.4864481e-12
      4350.00   4.5357065e-12
      4360.00   4.5851553e-12
      4370.00   4.6347917e-12
      4380.00   4.6846126e-12
      4390.00   4.7346157e-12
      4400.00   4.7847977e-12
      4410.00   4.8351564e-12
      4420.00   4.8856878e-12
      4430.00   4.9363899e-12
      4440.00   4.9872597e-12
      4450.00   5.0382944e-12
      4460.00   5.0894907e-12
      4470.00   5.1408460e-12
      4480.00   5.1923571e-12
      4490.00   5.2440214e-12
      4500.00   5.2958360e-12
      4510.00   5.3477974e-12
      4520.00   5.3999039e-12
      4530.00   5.4521508e-12
      4540.00   5.5045364e-12
      4550.00   5.5570577e-12
      4560.00   5.6097115e-12
      4570.00   5.6624943e-12
      4580.00   5.7154040e-12
      4590.00   5.7684374e-12
      4600.00   5.8215916e-12
      4610.00   5.8748636e-12
      4620.00   5.9282499e-12
      4630.00   5.9817480e-12
      4640.00   6.0353555e-12
      4650.00   6.0890687e-12
      4660.00   6.1428849e-12
      4670.00   6.1968006e-12
      4680.00   6.2508137e-12
      4690.00   6.3049211e-12
      4700.00   6.3591191e-12
      4710.00   6.4134059e-12
      4720.00   6.4677774e-12
      4730.00   6.5222314e-12
      4740.00   6.5767656e-12
      4750.00   6.6313754e-12
      4760.00   6.6860593e-12
      4770.00   6.7408138e-12
      4780.00   6.7956358e-12
      4790.00   6.8505232e-12
      4800.00   6.9054723e-12
      4810.00   6.9604804e-12
      4820.00   7.0155444e-12
      4830.00   7.0706625e-12
      4840.00   7.1258309e-12
      4850.00   7.1810471e-12
      4860.00   7.2363081e-12
      4870.00   7.2916114e-12
      4880.00   7.3469534e-12
      4890.00   7.4023322e-12
      4900.00   7.4577445e-12
      4910.00   7.5131876e-12
      4920.00   7.5686597e-12
      4930.00   7.6241553e-12
      4940.00   7.6796748e-12
      4950.00   7.7352134e-12
      4960.00   7.7907687e-12
      4970.00   7.8463390e-12
      4980.00   7.9019211e-12
      4990.00   7.9575118e-12
      5000.00   8.0131089e-12
      5010.00   8.0687099e-12
      5020.00   8.1243111e-12
      5030.00   8.1799110e-12
      5040.00   8.2355072e-12
      5050.00   8.2910955e-12
      5060.00   8.3466742e-12
      5070.00   8.4022420e-12
      5080.00   8.4577939e-12
      5090.00   8.5133292e-12
      5100.00   8.5688450e-12
      5110.00   8.6243380e-12
      5120.00   8.6798060e-12
      5130.00   8.7352465e-12
      5140.00   8.7906581e-12
      5150.00   8.8460368e-12
      5160.00   8.9013814e-12
      5170.00   8.9566887e-12
      5180.00   9.0119561e-12
      5190.00   9.0671824e-12
      5200.00   9.1223638e-12
      5210.00   9.1774987e-12
      5220.00   9.2325845e-12
      5230.00   9.2876189e-12
      5240.00   9.3426002e-12
      5250.00   9.3975249e-12
      5260.00   9.4523912e-12
      5270.00   9.5071969e-12
      5280.00   9.5619406e-12
      5290.00   9.6166192e-12
      5300.00   9.6712302e-12
      5310.00   9.7257725e-12
      5320.00   9.7802429e-12
      5330.00   9.8346394e-12
      5340.00   9.8889604e-12
      5350.00   9.9432035e-12
      5360.00   9.9973666e-12
      5370.00   1.0051447e-11
      5380.00   1.0105444e-11
      5390.00   1.0159354e-11
      5400.00   1.0213176e-11
      5410.00   1.0266908e-11
      5420.00   1.0320547e-11
      5430.00   1.0374092e-11
      5440.00   1.0427542e-11
      5450.00   1.0480893e-11
      5460.00   1.0534143e-11
      5470.00   1.0587292e-11
      5480.00   1.0640337e-11
      5490.00   1.0693276e-11
      5500.00   1.0746107e-11
      5510.00   1.0798831e-11
      5520.00   1.0851442e-11
      5530.00   1.0903940e-11
      5540.00   1.0956323e-11
      5550.00   1.1008591e-11
      5560.00   1.1060738e-11
      5570.00   1.1112767e-11
      5580.00   1.1164676e-11
      5590.00   1.1216459e-11
      5600.00   1.1268117e-11
      5610.00   1.1319650e-11
      5620.00   1.1371054e-11
      5630.00   1.1422328e-11
      5640.00   1.1473472e-11
      5650.00   1.1524481e-11
      5660.00   1.1575356e-11
      5670.00   1.1626096e-11
      5680.00   1.1676698e-11
      5690.00   1.1727160e-11
      5700.00   1.1777483e-11
      5710.00   1.1827662e-11
      5720.00   1.1877700e-11
      5730.00   1.1927591e-11
      5740.00   1.1977338e-11
      5750.00   1.2026936e-11
      5760.00   1.2076385e-11
      5770.00   1.2125684e-11
      5780.00   1.2174832e-11
      5790.00   1.2223825e-11
      5800.00   1.2272665e-11
      5810.00   1.2321351e-11
      5820.00   1.2369879e-11
      5830.00   1.2418249e-11
      5840.00   1.2466460e-11
      5850.00   1.2514510e-11
      5860.00   1.2562399e-11
      5870.00   1.2610125e-11
      5880.00   1.2657687e-11
      5890.00   1.2705084e-11
      5900.00   1.2752315e-11
      5910.00   1.2799379e-11
      5920.00   1.2846273e-11
      5930.00   1.2893000e-11
      5940.00   1.2939556e-11
      5950.00   1.2985940e-11
      5960.00   1.3032152e-11
      5970.00   1.3078190e-11
      5980.00   1.3124054e-11
      5990.00   1.3169743e-11
      6000.00   1.3215255e-11
      6010.00   1.3260589e-11
      6020.00   1.3305746e-11
      6030.00   1.3350724e-11
      6040.00   1.3395522e-11
      6050.00   1.3440139e-11
      6060.00   1.3484574e-11
      6070.00   1.3528827e-11
      6080.00   1.3572897e-11
      6090.00   1.3616783e-11
      6100.00   1.3660483e-11
      6110.00   1.3703997e-11
      6120.00   1.3747328e-11
      6130.00   1.3790469e-11
      6140.00   1.3833423e-11
      6150.00   1.3876188e-11
      6160.00   1.3918764e-11
      6170.00   1.3961150e-11
      6180.00   1.4003346e-11
      6190.00   1.4045350e-11
      6200.00   1.4087164e-11
      6210.00   1.4128783e-11
      6220.00   1.4170210e-11
      6230.00   1.4211445e-11
      6240.00   1.4252485e-11
      6250.00   1.4293328e-11
      6260.00   1.4333979e-11
      6270.00   1.4374433e-11
      6280.00   1.4414691e-11
      6290.00   1.4454751e-11
      6300.00   1.4494614e-11
      6310.00   1.4534280e-11
      6320.00   1.4573749e-11
      6330.00   1.4613016e-11
      6340.00   1.4652085e-11
      6350.00   1.4690957e-11
      6360.00   1.4729627e-11
      6370.00   1.4768097e-11
      6380.00   1.4806366e-11
      6390.00   1.4844435e-11
      6400.00   1.4882302e-11
      6410.00   1.4919967e-11
      6420.00   1.4957430e-11
      6430.00   1.4994691e-11
      6440.00   1.5031750e-11
      6450.00   1.5068605e-11
      6460.00   1.5105257e-11
      6470.00   1.5141705e-11
      6480.00   1.5177950e-11
      6490.00   1.5213992e-11
      6500.00   1.5249828e-11
      6510.00   1.5285461e-11
      6520.00   1.5320889e-11
      6530.00   1.5356111e-11
      6540.00   1.5391129e-11
      6550.00   1.5425943e-11
      6560.00   1.5460550e-11
      6570.00   1.5494952e-11
      6580.00   1.5529148e-11
      6590.00   1.5563140e-11
      6600.00   1.5596925e-11
      6610.00   1.5630504e-11
      6620.00   1.5663877e-11
      6630.00   1.5697042e-11
      6640.00   1.5730003e-11
      6650.00   1.5762758e-11
      6660.00   1.5795306e-11
      6670.00   1.5827648e-11
      6680.00   1.5859784e-11
      6690.00   1.5891712e-11
      6700.00   1.5923435e-11
      6710.00   1.5954951e-11
      6720.00   1.5986261e-11
      6730.00   1.6017363e-11
      6740.00   1.6048261e-11
      6750.00   1.6078951e-11
      6760.00   1.6109436e-11
      6770.00   1.6139715e-11
      6780.00   1.6169787e-11
      6790.00   1.6199653e-11
      6800.00   1.6229313e-11
      6810.00   1.6258768e-11
      6820.00   1.6288017e-11
      6830.00   1.6317060e-11
      6840.00   1.6345896e-11
      6850.00   1.6374528e-11
      6860.00   1.6402955e-11
      6870.00   1.6431176e-11
      6880.00   1.6459193e-11
      6890.00   1.6487004e-11
      6900.00   1.6514609e-11
      6910.00   1.6542012e-11
      6920.00   1.6569211e-11
      6930.00   1.6596204e-11
      6940.00   1.6622995e-11
      6950.00   1.6649581e-11
      6960.00   1.6675962e-11
      6970.00   1.6702141e-11
      6980.00   1.6728118e-11
      6990.00   1.6753892e-11
      7000.00   1.6779462e-11
      7010.00   1.6804830e-11
      7020.00   1.6829996e-11
      7030.00   1.6854962e-11
      7040.00   1.6879724e-11
      7050.00   1.6904286e-11
      7060.00   1.6928647e-11
      7070.00   1.6952807e-11
      7080.00   1.6976765e-11
      7090.00   1.7000524e-11
      7100.00   1.7024083e-11
      7110.00   1.7047443e-11
      7120.00   1.7070605e-11
      7130.00   1.7093568e-11
      7140.00   1.7116330e-11
      7150.00   1.7138896e-11
      7160.00   1.7161263e-11
      7170.00   1.7183432e-11
      7180.00   1.7205404e-11
      7190.00   1.7227181e-11
      7200.00   1.7248760e-11
      7210.00   1.7270143e-11
      7220.00   1.7291333e-11
      7230.00   1.7312324e-11
      7240.00   1.7333123e-11
      7250.00   1.7353725e-11
      7260.00   1.7374133e-11
      7270.00   1.7394350e-11
      7280.00   1.7414370e-11
      7290.00   1.7434199e-11
      7300.00   1.7453836e-11
      7310.00   1.7473281e-11
      7320.00   1.7492533e-11
      7330.00   1.7511595e-11
      7340.00   1.7530465e-11
      7350.00   1.7549146e-11
      7360.00   1.7567637e-11
      7370.00   1.7585940e-11
      7380.00   1.7604050e-11
      7390.00   1.7621974e-11
      7400.00   1.7639709e-11
      7410.00   1.7657257e-11
      7420.00   1.7674618e-11
      7430.00   1.7691792e-11
      7440.00   1.7708779e-11
      7450.00   1.7725582e-11
      7460.00   1.7742199e-11
      7470.00   1.7758631e-11
      7480.00   1.7774879e-11
      7490.00   1.7790942e-11
      7500.00   1.7806825e-11
      7510.00   1.7822522e-11
      7520.00   1.7838037e-11
      7530.00   1.7853370e-11
      7540.00   1.7868524e-11
      7550.00   1.7883495e-11
      7560.00   1.7898287e-11
      7570.00   1.7912899e-11
      7580.00   1.7927330e-11
      7590.00   1.7941585e-11
      7600.00   1.7955661e-11
      7610.00   1.7969559e-11
      7620.00   1.7983280e-11
      7630.00   1.7996823e-11
      7640.00   1.8010193e-11
      7650.00   1.8023385e-11
      7660.00   1.8036404e-11
      7670.00   1.8049246e-11
      7680.00   1.8061915e-11
      7690.00   1.8074411e-11
      7700.00   1.8086735e-11
      7710.00   1.8098886e-11
      7720.00   1.8110865e-11
      7730.00   1.8122675e-11
      7740.00   1.8134313e-11
      7750.00   1.8145780e-11
      7760.00   1.8157079e-11
      7770.00   1.8168208e-11
      7780.00   1.8179169e-11
      7790.00   1.8189963e-11
      7800.00   1.8200589e-11
      7810.00   1.8211048e-11
      7820.00   1.8221343e-11
      7830.00   1.8231471e-11
      7840.00   1.8241435e-11
      7850.00   1.8251233e-11
      7860.00   1.8260868e-11
      7870.00   1.8270341e-11
      7880.00   1.8279650e-11
      7890.00   1.8288798e-11
      7900.00   1.8297784e-11
      7910.00   1.8306610e-11
      7920.00   1.8315275e-11
      7930.00   1.8323781e-11
      7940.00   1.8332127e-11
      7950.00   1.8340315e-11
      7960.00   1.8348347e-11
      7970.00   1.8356219e-11
      7980.00   1.8363936e-11
      7990.00   1.8371496e-11
      8000.00   1.8378901e-11
