      1600.00   8.9642175e-07
      1610.00   8.8429947e-07
      1620.00   8.7234000e-07
      1630.00   8.6054250e-07
      1640.00   8.4890549e-07
      1650.00   8.3742779e-07
      1660.00   8.2610803e-07
      1670.00   8.1494498e-07
      1680.00   8.0393702e-07
      1690.00   7.9308279e-07
      1700.00   7.8238085e-07
      1710.00   7.7182963e-07
      1720.00   7.6142755e-07
      1730.00   7.5117304e-07
      1740.00   7.4106440e-07
      1750.00   7.3110017e-07
      1760.00   7.2127858e-07
      1770.00   7.1159806e-07
      1780.00   7.0205691e-07
      1790.00   6.9265344e-07
      1800.00   6.8338594e-07
      1810.00   6.7425287e-07
      1820.00   6.6525224e-07
      1830.00   6.5638266e-07
      1840.00   6.4764229e-07
      1850.00   6.3902945e-07
      1860.00   6.3054246e-07
      1870.00   6.2217970e-07
      1880.00   6.1393939e-07
      1890.00   6.0581992e-07
      1900.00   5.9781959e-07
      1910.00   5.8993677e-07
      1920.00   5.8216979e-07
      1930.00   5.7451703e-07
      1940.00   5.6697695e-07
      1950.00   5.5954782e-07
      1960.00   5.5222813e-07
      1970.00   5.4501620e-07
      1980.00   5.3791058e-07
      1990.00   5.3090966e-07
      2000.00   5.2401186e-07
      2010.00   5.1721571e-07
      2020.00   5.1051969e-07
      2030.00   5.0392228e-07
      2040.00   4.9742207e-07
      2050.00   4.9101755e-07
      2060.00   4.8470728e-07
      2070.00   4.7848983e-07
      2080.00   4.7236387e-07
      2090.00   4.6632787e-07
      2100.00   4.6038055e-07
      2110.00   4.5452055e-07
      2120.00   4.4874648e-07
      2130.00   4.4305711e-07
      2140.00   4.3745102e-07
      2150.00   4.3192702e-07
      2160.00   4.2648380e-07
      2170.00   4.2112006e-07
      2180.00   4.1583467e-07
      2190.00   4.1062634e-07
      2200.00   4.0549389e-07
      2210.00   4.0043615e-07
      2220.00   3.9545191e-07
      2230.00   3.9054009e-07
      2240.00   3.8569948e-07
      2250.00   3.8092903e-07
      2260.00   3.7622762e-07
      2270.00   3.7159412e-07
      2280.00   3.6702756e-07
      2290.00   3.6252678e-07
      2300.00   3.5809084e-07
      2310.00   3.5371868e-07
      2320.00   3.4940930e-07
      2330.00   3.4516173e-07
      2340.00   3.4097496e-07
      2350.00   3.3684806e-07
      2360.00   3.3278009e-07
      2370.00   3.2877014e-07
      2380.00   3.2481725e-07
      2390.00   3.2092056e-07
      2400.00   3.1707918e-07
      2410.00   3.1329221e-07
      2420.00   3.0955885e-07
      2430.00   3.0587822e-07
      2440.00   3.0224950e-07
      2450.00   2.9867189e-07
      2460.00   2.9514460e-07
      2470.00   2.9166677e-07
      2480.00   2.8823766e-07
      2490.00   2.8485656e-07
      2500.00   2.8152266e-07
      2510.00   2.7823524e-07
      2520.00   2.7499359e-07
      2530.00   2.7179693e-07
      2540.00   2.6864464e-07
      2550.00   2.6553601e-07
      2560.00   2.6247031e-07
      2570.00   2.5944691e-07
      2580.00   2.5646515e-07
      2590.00   2.5352437e-07
      2600.00   2.5062397e-07
      2610.00   2.4776328e-07
      2620.00   2.4494172e-07
      2630.00   2.4215863e-07
      2640.00   2.3941346e-07
      2650.00   2.3670563e-07
      2660.00   2.3403455e-07
      2670.00   2.3139965e-07
      2680.00   2.2880038e-07
      2690.00   2.2623619e-07
      2700.00   2.2370652e-07
      2710.00   2.2121087e-07
      2720.00   2.1874873e-07
      2730.00   2.1631954e-07
      2740.00   2.1392284e-07
      2750.00   2.1155810e-07
      2760.00   2.0922489e-07
      2770.00   2.0692265e-07
      2780.00   2.0465096e-07
      2790.00   2.0240937e-07
      2800.00   2.0019737e-07
      2810.00   1.9801455e-07
      2820.00   1.9586049e-07
      2830.00   1.9373469e-07
      2840.00   1.9163678e-07
      2850.00   1.8956632e-07
      2860.00   1.8752291e-07
      2870.00   1.8550612e-07
      2880.00   1.8351556e-07
      2890.00   1.8155085e-07
      2900.00   1.7961158e-07
      2910.00   1.7769743e-07
      2920.00   1.7580796e-07
      2930.00   1.7394281e-07
      2940.00   1.7210165e-07
      2950.00   1.7028411e-07
      2960.00   1.6848982e-07
      2970.00   1.6671849e-07
      2980.00   1.6496973e-07
      2990.00   1.6324322e-07
      3000.00   1.6153866e-07
      3010.00   1.5985567e-07
      3020.00   1.5819400e-07
      3030.00   1.5655329e-07
      3040.00   1.5493327e-07
      3050.00   1.5333361e-07
      3060.00   1.5175403e-07
      3070.00   1.5019422e-07
      3080.00   1.4865390e-07
      3090.00   1.4713280e-07
      3100.00   1.4563065e-07
      3110.00   1.4414713e-07
      3120.00   1.4268203e-07
      3130.00   1.4123504e-07
      3140.00   1.3980593e-07
      3150.00   1.3839442e-07
      3160.00   1.3700029e-07
      3170.00   1.3562323e-07
      3180.00   1.3426307e-07
      3190.00   1.3291952e-07
      3200.00   1.3159237e-07
      3210.00   1.3028136e-07
      3220.00   1.2898630e-07
      3230.00   1.2770693e-07
      3240.00   1.2644304e-07
      3250.00   1.2519442e-07
      3260.00   1.2396085e-07
      3270.00   1.2274211e-07
      3280.00   1.2153801e-07
      3290.00   1.2034832e-07
      3300.00   1.1917286e-07
      3310.00   1.1801143e-07
      3320.00   1.1686381e-07
      3330.00   1.1572984e-07
      3340.00   1.1460932e-07
      3350.00   1.1350205e-07
      3360.00   1.1240787e-07
      3370.00   1.1132658e-07
      3380.00   1.1025801e-07
      3390.00   1.0920199e-07
      3400.00   1.0815834e-07
      3410.00   1.0712690e-07
      3420.00   1.0610750e-07
      3430.00   1.0509996e-07
      3440.00   1.0410414e-07
      3450.00   1.0311985e-07
      3460.00   1.0214699e-07
      3470.00   1.0118535e-07
      3480.00   1.0023479e-07
      3490.00   9.9295179e-08
      3500.00   9.8366361e-08
      3510.00   9.7448179e-08
      3520.00   9.6540507e-08
      3530.00   9.5643202e-08
      3540.00   9.4756110e-08
      3550.00   9.3879106e-08
      3560.00   9.3012061e-08
      3570.00   9.2154831e-08
      3580.00   9.1307293e-08
      3590.00   9.0469309e-08
      3600.00   8.9640766e-08
      3610.00   8.8821541e-08
      3620.00   8.8011495e-08
      3630.00   8.7210501e-08
      3640.00   8.6418465e-08
      3650.00   8.5635265e-08
      3660.00   8.4860771e-08
      3670.00   8.4094876e-08
      3680.00   8.3337475e-08
      3690.00   8.2588445e-08
      3700.00   8.1847687e-08
      3710.00   8.1115091e-08
      3720.00   8.0390544e-08
      3730.00   7.9673958e-08
      3740.00   7.8965215e-08
      3750.00   7.8264223e-08
      3760.00   7.7570871e-08
      3770.00   7.6885076e-08
      3780.00   7.6206730e-08
      3790.00   7.5535735e-08
      3800.00   7.4872019e-08
      3810.00   7.4215468e-08
      3820.00   7.3565994e-08
      3830.00   7.2923512e-08
      3840.00   7.2287927e-08
      3850.00   7.1659161e-08
      3860.00   7.1037118e-08
      3870.00   7.0421727e-08
      3880.00   6.9812891e-08
      3890.00   6.9210531e-08
      3900.00   6.8614569e-08
      3910.00   6.8024924e-08
      3920.00   6.7441516e-08
      3930.00   6.6864263e-08
      3940.00   6.6293095e-08
      3950.00   6.5727934e-08
      3960.00   6.5168710e-08
      3970.00   6.4615341e-08
      3980.00   6.4067764e-08
      3990.00   6.3525898e-08
      4000.00   6.2989675e-08
      4010.00   6.2459030e-08
      4020.00   6.1933892e-08
      4030.00   6.1414196e-08
      4040.00   6.0899869e-08
      4050.00   6.0390854e-08
      4060.00   5.9887076e-08
      4070.00   5.9388483e-08
      4080.00   5.8895004e-08
      4090.00   5.8406578e-08
      4100.00   5.7923150e-08
      4110.00   5.7444654e-08
      4120.00   5.6971027e-08
      4130.00   5.6502220e-08
      4140.00   5.6038163e-08
      4150.00   5.5578817e-08
      4160.00   5.5124109e-08
      4170.00   5.4673986e-08
      4180.00   5.4228399e-08
      4190.00   5.3787290e-08
      4200.00   5.3350610e-08
      4210.00   5.2918310e-08
      4220.00   5.2490320e-08
      4230.00   5.2066610e-08
      4240.00   5.1647112e-08
      4250.00   5.1231791e-08
      4260.00   5.0820592e-08
      4270.00   5.0413462e-08
      4280.00   5.0010362e-08
      4290.00   4.9611241e-08
      4300.00   4.9216051e-08
      4310.00   4.8824747e-08
      4320.00   4.8437285e-08
      4330.00   4.8053616e-08
      4340.00   4.7673701e-08
      4350.00   4.7297497e-08
      4360.00   4.6924959e-08
      4370.00   4.6556045e-08
      4380.00   4.6190711e-08
      4390.00   4.5828921e-08
      4400.00   4.5470628e-08
      4410.00   4.5115801e-08
      4420.00   4.4764387e-08
      4430.00   4.4416358e-08
      4440.00   4.4071671e-08
      4450.00   4.3730293e-08
      4460.00   4.3392179e-08
      4470.00   4.3057296e-08
      4480.00   4.2725606e-08
      4490.00   4.2397076e-08
      4500.00   4.2071668e-08
      4510.00   4.1749344e-08
      4520.00   4.1430078e-08
      4530.00   4.1113824e-08
      4540.00   4.0800556e-08
      4550.00   4.0490242e-08
      4560.00   4.0182844e-08
      4570.00   3.9878328e-08
      4580.00   3.9576669e-08
      4590.00   3.9277831e-08
      4600.00   3.8981784e-08
      4610.00   3.8688497e-08
      4620.00   3.8397936e-08
      4630.00   3.8110074e-08
      4640.00   3.7824884e-08
      4650.00   3.7542334e-08
      4660.00   3.7262394e-08
      4670.00   3.6985033e-08
      4680.00   3.6710229e-08
      4690.00   3.6437951e-08
      4700.00   3.6168169e-08
      4710.00   3.5900862e-08
      4720.00   3.5635995e-08
      4730.00   3.5373548e-08
      4740.00   3.5113496e-08
      4750.00   3.4855805e-08
      4760.00   3.4600457e-08
      4770.00   3.4347424e-08
      4780.00   3.4096679e-08
      4790.00   3.3848203e-08
      4800.00   3.3601966e-08
      4810.00   3.3357946e-08
      4820.00   3.3116118e-08
      4830.00   3.2876462e-08
      4840.00   3.2638954e-08
      4850.00   3.2403569e-08
      4860.00   3.2170287e-08
      4870.00   3.1939084e-08
      4880.00   3.1709937e-08
      4890.00   3.1482827e-08
      4900.00   3.1257731e-08
      4910.00   3.1034627e-08
      4920.00   3.0813500e-08
      4930.00   3.0594316e-08
      4940.00   3.0377069e-08
      4950.00   3.0161729e-08
      4960.00   2.9948279e-08
      4970.00   2.9736703e-08
      4980.00   2.9526978e-08
      4990.00   2.9319085e-08
      5000.00   2.9113004e-08
      5010.00   2.8908720e-08
      5020.00   2.8706209e-08
      5030.00   2.8505456e-08
      5040.00   2.8306445e-08
      5050.00   2.8109152e-08
      5060.00   2.7913563e-08
      5070.00   2.7719664e-08
      5080.00   2.7527430e-08
      5090.00   2.7336850e-08
      5100.00   2.7147906e-08
      5110.00   2.6960579e-08
      5120.00   2.6774853e-08
      5130.00   2.6590712e-08
      5140.00   2.6408143e-08
      5150.00   2.6227126e-08
      5160.00   2.6047648e-08
      5170.00   2.5869692e-08
      5180.00   2.5693242e-08
      5190.00   2.5518286e-08
      5200.00   2.5344806e-08
      5210.00   2.5172788e-08
      5220.00   2.5002217e-08
      5230.00   2.4833078e-08
      5240.00   2.4665360e-08
      5250.00   2.4499045e-08
      5260.00   2.4334119e-08
      5270.00   2.4170570e-08
      5280.00   2.4008385e-08
      5290.00   2.3847550e-08
      5300.00   2.3688050e-08
      5310.00   2.3529874e-08
      5320.00   2.3373007e-08
      5330.00   2.3217437e-08
      5340.00   2.3063151e-08
      5350.00   2.2910137e-08
      5360.00   2.2758383e-08
      5370.00   2.2607874e-08
      5380.00   2.2458601e-08
      5390.00   2.2310549e-08
      5400.00   2.2163707e-08
      5410.00   2.2018066e-08
      5420.00   2.1873610e-08
      5430.00   2.1730332e-08
      5440.00   2.1588218e-08
      5450.00   2.1447257e-08
      5460.00   2.1307435e-08
      5470.00   2.1168747e-08
      5480.00   2.1031177e-08
      5490.00   2.0894718e-08
      5500.00   2.0759355e-08
      5510.00   2.0625084e-08
      5520.00   2.0491889e-08
      5530.00   2.0359761e-08
      5540.00   2.0228688e-08
      5550.00   2.0098666e-08
      5560.00   1.9969677e-08
      5570.00   1.9841718e-08
      5580.00   1.9714777e-08
      5590.00   1.9588843e-08
      5600.00   1.9463906e-08
      5610.00   1.9339959e-08
      5620.00   1.9216991e-08
      5630.00   1.9094995e-08
      5640.00   1.8973961e-08
      5650.00   1.8853876e-08
      5660.00   1.8734737e-08
      5670.00   1.8616532e-08
      5680.00   1.8499252e-08
      5690.00   1.8382890e-08
      5700.00   1.8267436e-08
      5710.00   1.8152882e-08
      5720.00   1.8039222e-08
      5730.00   1.7926442e-08
      5740.00   1.7814541e-08
      5750.00   1.7703504e-08
      5760.00   1.7593327e-08
      5770.00   1.7484002e-08
      5780.00   1.7375521e-08
      5790.00   1.7267874e-08
      5800.00   1.7161056e-08
      5810.00   1.7055061e-08
      5820.00   1.6949876e-08
      5830.00   1.6845498e-08
      5840.00   1.6741917e-08
      5850.00   1.6639127e-08
      5860.00   1.6537121e-08
      5870.00   1.6435891e-08
      5880.00   1.6335431e-08
      5890.00   1.6235735e-08
      5900.00   1.6136793e-08
      5910.00   1.6038600e-08
      5920.00   1.5941149e-08
      5930.00   1.5844434e-08
      5940.00   1.5748448e-08
      5950.00   1.5653184e-08
      5960.00   1.5558636e-08
      5970.00   1.5464796e-08
      5980.00   1.5371661e-08
      5990.00   1.5279222e-08
      6000.00   1.5187474e-08
      6010.00   1.5096409e-08
      6020.00   1.5006023e-08
      6030.00   1.4916310e-08
      6040.00   1.4827262e-08
      6050.00   1.4738875e-08
      6060.00   1.4651143e-08
      6070.00   1.4564059e-08
      6080.00   1.4477619e-08
      6090.00   1.4391817e-08
      6100.00   1.4306646e-08
      6110.00   1.4222099e-08
      6120.00   1.4138177e-08
      6130.00   1.4054868e-08
      6140.00   1.3972169e-08
      6150.00   1.3890075e-08
      6160.00   1.3808580e-08
      6170.00   1.3727679e-08
      6180.00   1.3647367e-08
      6190.00   1.3567639e-08
      6200.00   1.3488491e-08
      6210.00   1.3409915e-08
      6220.00   1.3331909e-08
      6230.00   1.3254467e-08
      6240.00   1.3177584e-08
      6250.00   1.3101254e-08
      6260.00   1.3025475e-08
      6270.00   1.2950241e-08
      6280.00   1.2875546e-08
      6290.00   1.2801386e-08
      6300.00   1.2727758e-08
      6310.00   1.2654656e-08
      6320.00   1.2582077e-08
      6330.00   1.2510013e-08
      6340.00   1.2438463e-08
      6350.00   1.2367424e-08
      6360.00   1.2296887e-08
      6370.00   1.2226850e-08
      6380.00   1.2157309e-08
      6390.00   1.2088260e-08
      6400.00   1.2019699e-08
      6410.00   1.1951621e-08
      6420.00   1.1884022e-08
      6430.00   1.1816898e-08
      6440.00   1.1750247e-08
      6450.00   1.1684062e-08
      6460.00   1.1618341e-08
      6470.00   1.1553079e-08
      6480.00   1.1488273e-08
      6490.00   1.1423920e-08
      6500.00   1.1360014e-08
      6510.00   1.1296553e-08
      6520.00   1.1233533e-08
      6530.00   1.1170950e-08
      6540.00   1.1108800e-08
      6550.00   1.1047081e-08
      6560.00   1.0985787e-08
      6570.00   1.0924916e-08
      6580.00   1.0864466e-08
      6590.00   1.0804431e-08
      6600.00   1.0744808e-08
      6610.00   1.0685595e-08
      6620.00   1.0626788e-08
      6630.00   1.0568382e-08
      6640.00   1.0510376e-08
      6650.00   1.0452767e-08
      6660.00   1.0395549e-08
      6670.00   1.0338721e-08
      6680.00   1.0282280e-08
      6690.00   1.0226221e-08
      6700.00   1.0170544e-08
      6710.00   1.0115242e-08
      6720.00   1.0060315e-08
      6730.00   1.0005759e-08
      6740.00   9.9515709e-09
      6750.00   9.8977475e-09
      6760.00   9.8442865e-09
      6770.00   9.7911853e-09
      6780.00   9.7384392e-09
      6790.00   9.6860473e-09
      6800.00   9.6340055e-09
      6810.00   9.5823123e-09
      6820.00   9.5309637e-09
      6830.00   9.4799573e-09
      6840.00   9.4292903e-09
      6850.00   9.3789601e-09
      6860.00   9.3289646e-09
      6870.00   9.2793001e-09
      6880.00   9.2299651e-09
      6890.00   9.1809560e-09
      6900.00   9.1322699e-09
      6910.00   9.0839060e-09
      6920.00   9.0358615e-09
      6930.00   8.9881317e-09
      6940.00   8.9407165e-09
      6950.00   8.8936118e-09
      6960.00   8.8468157e-09
      6970.00   8.8003261e-09
      6980.00   8.7541410e-09
      6990.00   8.7082578e-09
      7000.00   8.6626728e-09
      7010.00   8.6173847e-09
      7020.00   8.5723915e-09
      7030.00   8.5276913e-09
      7040.00   8.4832801e-09
      7050.00   8.4391575e-09
      7060.00   8.3953201e-09
      7070.00   8.3517661e-09
      7080.00   8.3084927e-09
      7090.00   8.2654986e-09
      7100.00   8.2227815e-09
      7110.00   8.1803391e-09
      7120.00   8.1381697e-09
      7130.00   8.0962710e-09
      7140.00   8.0546396e-09
      7150.00   8.0132755e-09
      7160.00   7.9721752e-09
      7170.00   7.9313372e-09
      7180.00   7.8907597e-09
      7190.00   7.8504411e-09
      7200.00   7.8103781e-09
      7210.00   7.7705700e-09
      7220.00   7.7310151e-09
      7230.00   7.6917093e-09
      7240.00   7.6526538e-09
      7250.00   7.6138435e-09
      7260.00   7.5752786e-09
      7270.00   7.5369577e-09
      7280.00   7.4988769e-09
      7290.00   7.4610362e-09
      7300.00   7.4234335e-09
      7310.00   7.3860665e-09
      7320.00   7.3489331e-09
      7330.00   7.3120325e-09
      7340.00   7.2753620e-09
      7350.00   7.2389209e-09
      7360.00   7.2027071e-09
      7370.00   7.1667193e-09
      7380.00   7.1309538e-09
      7390.00   7.0954117e-09
      7400.00   7.0600894e-09
      7410.00   7.0249864e-09
      7420.00   6.9901007e-09
      7430.00   6.9554303e-09
      7440.00   6.9209740e-09
      7450.00   6.8867306e-09
      7460.00   6.8526981e-09
      7470.00   6.8188747e-09
      7480.00   6.7852593e-09
      7490.00   6.7518498e-09
      7500.00   6.7186460e-09
      7510.00   6.6856445e-09
      7520.00   6.6528450e-09
      7530.00   6.6202458e-09
      7540.00   6.5878461e-09
      7550.00   6.5556432e-09
      7560.00   6.5236365e-09
      7570.00   6.4918244e-09
      7580.00   6.4602046e-09
      7590.00   6.4287777e-09
      7600.00   6.3975409e-09
      7610.00   6.3664927e-09
      7620.00   6.3356326e-09
      7630.00   6.3049579e-09
      7640.00   6.2744691e-09
      7650.00   6.2441631e-09
      7660.00   6.2140401e-09
      7670.00   6.1840973e-09
      7680.00   6.1543344e-09
      7690.00   6.1247498e-09
      7700.00   6.0953426e-09
      7710.00   6.0661108e-09
      7720.00   6.0370535e-09
      7730.00   6.0081703e-09
      7740.00   5.9794586e-09
      7750.00   5.9509177e-09
      7760.00   5.9225466e-09
      7770.00   5.8943439e-09
      7780.00   5.8663082e-09
      7790.00   5.8384388e-09
      7800.00   5.8107342e-09
      7810.00   5.7831931e-09
      7820.00   5.7558152e-09
      7830.00   5.7285982e-09
      7840.00   5.7015417e-09
      7850.00   5.6746440e-09
      7860.00   5.6479044e-09
      7870.00   5.6213219e-09
      7880.00   5.5948949e-09
      7890.00   5.5686231e-09
      7900.00   5.5425045e-09
      7910.00   5.5165389e-09
      7920.00   5.4907245e-09
      7930.00   5.4650604e-09
      7940.00   5.4395460e-09
      7950.00   5.4141796e-09
      7960.00   5.3889614e-09
      7970.00   5.3638885e-09
      7980.00   5.3389615e-09
      7990.00   5.3141784e-09
      8000.00   5.2895386e-09
