      1600.00   9.5593967e-07
      1610.00   9.4271565e-07
      1620.00   9.2967746e-07
      1630.00   9.1682381e-07
      1640.00   9.0415269e-07
      1650.00   8.9166247e-07
      1660.00   8.7935132e-07
      1670.00   8.6721754e-07
      1680.00   8.5525904e-07
      1690.00   8.4347407e-07
      1700.00   8.3186071e-07
      1710.00   8.2041700e-07
      1720.00   8.0914092e-07
      1730.00   7.9803051e-07
      1740.00   7.8708366e-07
      1750.00   7.7629853e-07
      1760.00   7.6567295e-07
      1770.00   7.5520500e-07
      1780.00   7.4489259e-07
      1790.00   7.3473369e-07
      1800.00   7.2472622e-07
      1810.00   7.1486833e-07
      1820.00   7.0515766e-07
      1830.00   6.9559251e-07
      1840.00   6.8617071e-07
      1850.00   6.7689027e-07
      1860.00   6.6774919e-07
      1870.00   6.5874558e-07
      1880.00   6.4987733e-07
      1890.00   6.4114258e-07
      1900.00   6.3253932e-07
      1910.00   6.2406567e-07
      1920.00   6.1571966e-07
      1930.00   6.0749944e-07
      1940.00   5.9940320e-07
      1950.00   5.9142896e-07
      1960.00   5.8357497e-07
      1970.00   5.7583930e-07
      1980.00   5.6822029e-07
      1990.00   5.6071609e-07
      2000.00   5.5332488e-07
      2010.00   5.4604500e-07
      2020.00   5.3887471e-07
      2030.00   5.3181228e-07
      2040.00   5.2485609e-07
      2050.00   5.1800444e-07
      2060.00   5.1125570e-07
      2070.00   5.0460824e-07
      2080.00   4.9806057e-07
      2090.00   4.9161095e-07
      2100.00   4.8525793e-07
      2110.00   4.7900000e-07
      2120.00   4.7283559e-07
      2130.00   4.6676329e-07
      2140.00   4.6078155e-07
      2150.00   4.5488900e-07
      2160.00   4.4908418e-07
      2170.00   4.4336566e-07
      2180.00   4.3773214e-07
      2190.00   4.3218220e-07
      2200.00   4.2671452e-07
      2210.00   4.2132779e-07
      2220.00   4.1602069e-07
      2230.00   4.1079197e-07
      2240.00   4.0564033e-07
      2250.00   4.0056458e-07
      2260.00   3.9556348e-07
      2270.00   3.9063577e-07
      2280.00   3.8578039e-07
      2290.00   3.8099606e-07
      2300.00   3.7628171e-07
      2310.00   3.7163620e-07
      2320.00   3.6705841e-07
      2330.00   3.6254727e-07
      2340.00   3.5810166e-07
      2350.00   3.5372058e-07
      2360.00   3.4940297e-07
      2370.00   3.4514783e-07
      2380.00   3.4095412e-07
      2390.00   3.3682087e-07
      2400.00   3.3274713e-07
      2410.00   3.2873188e-07
      2420.00   3.2477427e-07
      2430.00   3.2087333e-07
      2440.00   3.1702815e-07
      2450.00   3.1323785e-07
      2460.00   3.0950158e-07
      2470.00   3.0581839e-07
      2480.00   3.0218748e-07
      2490.00   2.9860806e-07
      2500.00   2.9507925e-07
      2510.00   2.9160027e-07
      2520.00   2.8817034e-07
      2530.00   2.8478861e-07
      2540.00   2.8145441e-07
      2550.00   2.7816695e-07
      2560.00   2.7492545e-07
      2570.00   2.7172921e-07
      2580.00   2.6857753e-07
      2590.00   2.6546968e-07
      2600.00   2.6240501e-07
      2610.00   2.5938279e-07
      2620.00   2.5640239e-07
      2630.00   2.5346310e-07
      2640.00   2.5056432e-07
      2650.00   2.4770541e-07
      2660.00   2.4488575e-07
      2670.00   2.4210470e-07
      2680.00   2.3936168e-07
      2690.00   2.3665608e-07
      2700.00   2.3398730e-07
      2710.00   2.3135482e-07
      2720.00   2.2875806e-07
      2730.00   2.2619641e-07
      2740.00   2.2366940e-07
      2750.00   2.2117644e-07
      2760.00   2.1871706e-07
      2770.00   2.1629068e-07
      2780.00   2.1389682e-07
      2790.00   2.1153501e-07
      2800.00   2.0920469e-07
      2810.00   2.0690542e-07
      2820.00   2.0463674e-07
      2830.00   2.0239814e-07
      2840.00   2.0018919e-07
      2850.00   1.9800942e-07
      2860.00   1.9585841e-07
      2870.00   1.9373570e-07
      2880.00   1.9164085e-07
      2890.00   1.8957348e-07
      2900.00   1.8753313e-07
      2910.00   1.8551945e-07
      2920.00   1.8353198e-07
      2930.00   1.8157034e-07
      2940.00   1.7963415e-07
      2950.00   1.7772303e-07
      2960.00   1.7583659e-07
      2970.00   1.7397450e-07
      2980.00   1.7213635e-07
      2990.00   1.7032181e-07
      3000.00   1.6853052e-07
      3010.00   1.6676212e-07
      3020.00   1.6501631e-07
      3030.00   1.6329271e-07
      3040.00   1.6159104e-07
      3050.00   1.5991094e-07
      3060.00   1.5825210e-07
      3070.00   1.5661422e-07
      3080.00   1.5499697e-07
      3090.00   1.5340007e-07
      3100.00   1.5182321e-07
      3110.00   1.5026610e-07
      3120.00   1.4872847e-07
      3130.00   1.4721000e-07
      3140.00   1.4571045e-07
      3150.00   1.4422951e-07
      3160.00   1.4276696e-07
      3170.00   1.4132246e-07
      3180.00   1.3989583e-07
      3190.00   1.3848676e-07
      3200.00   1.3709503e-07
      3210.00   1.3572036e-07
      3220.00   1.3436254e-07
      3230.00   1.3302129e-07
      3240.00   1.3169640e-07
      3250.00   1.3038764e-07
      3260.00   1.2909478e-07
      3270.00   1.2781757e-07
      3280.00   1.2655583e-07
      3290.00   1.2530930e-07
      3300.00   1.2407779e-07
      3310.00   1.2286108e-07
      3320.00   1.2165896e-07
      3330.00   1.2047123e-07
      3340.00   1.1929770e-07
      3350.00   1.1813815e-07
      3360.00   1.1699239e-07
      3370.00   1.1586024e-07
      3380.00   1.1474150e-07
      3390.00   1.1363599e-07
      3400.00   1.1254353e-07
      3410.00   1.1146394e-07
      3420.00   1.1039702e-07
      3430.00   1.0934262e-07
      3440.00   1.0830056e-07
      3450.00   1.0727066e-07
      3460.00   1.0625279e-07
      3470.00   1.0524675e-07
      3480.00   1.0425237e-07
      3490.00   1.0326953e-07
      3500.00   1.0229805e-07
      3510.00   1.0133777e-07
      3520.00   1.0038856e-07
      3530.00   9.9450255e-08
      3540.00   9.8522705e-08
      3550.00   9.7605772e-08
      3560.00   9.6699319e-08
      3570.00   9.5803195e-08
      3580.00   9.4917267e-08
      3590.00   9.4041391e-08
      3600.00   9.3175446e-08
      3610.00   9.2319302e-08
      3620.00   9.1472811e-08
      3630.00   9.0635840e-08
      3640.00   8.9808288e-08
      3650.00   8.8990025e-08
      3660.00   8.8180916e-08
      3670.00   8.7380846e-08
      3680.00   8.6589702e-08
      3690.00   8.5807358e-08
      3700.00   8.5033706e-08
      3710.00   8.4268630e-08
      3720.00   8.3512012e-08
      3730.00   8.2763756e-08
      3740.00   8.2023740e-08
      3750.00   8.1291866e-08
      3760.00   8.0568015e-08
      3770.00   7.9852100e-08
      3780.00   7.9144008e-08
      3790.00   7.8443634e-08
      3800.00   7.7750903e-08
      3810.00   7.7065693e-08
      3820.00   7.6387912e-08
      3830.00   7.5717471e-08
      3840.00   7.5054267e-08
      3850.00   7.4398220e-08
      3860.00   7.3749227e-08
      3870.00   7.3107215e-08
      3880.00   7.2472078e-08
      3890.00   7.1843737e-08
      3900.00   7.1222106e-08
      3910.00   7.0607103e-08
      3920.00   6.9998639e-08
      3930.00   6.9396631e-08
      3940.00   6.8801004e-08
      3950.00   6.8211676e-08
      3960.00   6.7628572e-08
      3970.00   6.7051607e-08
      3980.00   6.6480713e-08
      3990.00   6.5915805e-08
      4000.00   6.5356813e-08
      4010.00   6.4803667e-08
      4020.00   6.4256291e-08
      4030.00   6.3714619e-08
      4040.00   6.3178572e-08
      4050.00   6.2648090e-08
      4060.00   6.2123095e-08
      4070.00   6.1603532e-08
      4080.00   6.1089326e-08
      4090.00   6.0580412e-08
      4100.00   6.0076733e-08
      4110.00   5.9578219e-08
      4120.00   5.9084804e-08
      4130.00   5.8596435e-08
      4140.00   5.8113041e-08
      4150.00   5.7634578e-08
      4160.00   5.7160970e-08
      4170.00   5.6692164e-08
      4180.00   5.6228103e-08
      4190.00   5.5768731e-08
      4200.00   5.5313994e-08
      4210.00   5.4863840e-08
      4220.00   5.4418197e-08
      4230.00   5.3977032e-08
      4240.00   5.3540274e-08
      4250.00   5.3107887e-08
      4260.00   5.2679812e-08
      4270.00   5.2255993e-08
      4280.00   5.1836390e-08
      4290.00   5.1420948e-08
      4300.00   5.1009618e-08
      4310.00   5.0602352e-08
      4320.00   5.0199104e-08
      4330.00   4.9799821e-08
      4340.00   4.9404465e-08
      4350.00   4.9012988e-08
      4360.00   4.8625344e-08
      4370.00   4.8241489e-08
      4380.00   4.7861376e-08
      4390.00   4.7484967e-08
      4400.00   4.7112213e-08
      4410.00   4.6743083e-08
      4420.00   4.6377519e-08
      4430.00   4.6015492e-08
      4440.00   4.5656959e-08
      4450.00   4.5301882e-08
      4460.00   4.4950216e-08
      4470.00   4.4601925e-08
      4480.00   4.4256970e-08
      4490.00   4.3915316e-08
      4500.00   4.3576924e-08
      4510.00   4.3241753e-08
      4520.00   4.2909776e-08
      4530.00   4.2580944e-08
      4540.00   4.2255232e-08
      4550.00   4.1932603e-08
      4560.00   4.1613021e-08
      4570.00   4.1296447e-08
      4580.00   4.0982856e-08
      4590.00   4.0672211e-08
      4600.00   4.0364479e-08
      4610.00   4.0059629e-08
      4620.00   3.9757625e-08
      4630.00   3.9458438e-08
      4640.00   3.9162039e-08
      4650.00   3.8868396e-08
      4660.00   3.8577477e-08
      4670.00   3.8289250e-08
      4680.00   3.8003690e-08
      4690.00   3.7720768e-08
      4700.00   3.7440449e-08
      4710.00   3.7162712e-08
      4720.00   3.6887522e-08
      4730.00   3.6614856e-08
      4740.00   3.6344688e-08
      4750.00   3.6076984e-08
      4760.00   3.5811724e-08
      4770.00   3.5548878e-08
      4780.00   3.5288419e-08
      4790.00   3.5030326e-08
      4800.00   3.4774568e-08
      4810.00   3.4521122e-08
      4820.00   3.4269962e-08
      4830.00   3.4021068e-08
      4840.00   3.3774413e-08
      4850.00   3.3529971e-08
      4860.00   3.3287722e-08
      4870.00   3.3047640e-08
      4880.00   3.2809702e-08
      4890.00   3.2573888e-08
      4900.00   3.2340172e-08
      4910.00   3.2108534e-08
      4920.00   3.1878955e-08
      4930.00   3.1651402e-08
      4940.00   3.1425867e-08
      4950.00   3.1202321e-08
      4960.00   3.0980744e-08
      4970.00   3.0761119e-08
      4980.00   3.0543423e-08
      4990.00   3.0327636e-08
      5000.00   3.0113738e-08
      5010.00   2.9901711e-08
      5020.00   2.9691531e-08
      5030.00   2.9483184e-08
      5040.00   2.9276651e-08
      5050.00   2.9071907e-08
      5060.00   2.8868938e-08
      5070.00   2.8667730e-08
      5080.00   2.8468256e-08
      5090.00   2.8270504e-08
      5100.00   2.8074457e-08
      5110.00   2.7880093e-08
      5120.00   2.7687396e-08
      5130.00   2.7496350e-08
      5140.00   2.7306942e-08
      5150.00   2.7119149e-08
      5160.00   2.6932958e-08
      5170.00   2.6748353e-08
      5180.00   2.6565315e-08
      5190.00   2.6383833e-08
      5200.00   2.6203886e-08
      5210.00   2.6025462e-08
      5220.00   2.5848544e-08
      5230.00   2.5673118e-08
      5240.00   2.5499170e-08
      5250.00   2.5326681e-08
      5260.00   2.5155639e-08
      5270.00   2.4986030e-08
      5280.00   2.4817841e-08
      5290.00   2.4651056e-08
      5300.00   2.4485661e-08
      5310.00   2.4321643e-08
      5320.00   2.4158988e-08
      5330.00   2.3997681e-08
      5340.00   2.3837712e-08
      5350.00   2.3679065e-08
      5360.00   2.3521728e-08
      5370.00   2.3365688e-08
      5380.00   2.3210933e-08
      5390.00   2.3057449e-08
      5400.00   2.2905223e-08
      5410.00   2.2754246e-08
      5420.00   2.2604503e-08
      5430.00   2.2455983e-08
      5440.00   2.2308675e-08
      5450.00   2.2162566e-08
      5460.00   2.2017642e-08
      5470.00   2.1873896e-08
      5480.00   2.1731314e-08
      5490.00   2.1589887e-08
      5500.00   2.1449600e-08
      5510.00   2.1310447e-08
      5520.00   2.1172413e-08
      5530.00   2.1035490e-08
      5540.00   2.0899663e-08
      5550.00   2.0764929e-08
      5560.00   2.0631268e-08
      5570.00   2.0498678e-08
      5580.00   2.0367148e-08
      5590.00   2.0236663e-08
      5600.00   2.0107215e-08
      5610.00   1.9978796e-08
      5620.00   1.9851395e-08
      5630.00   1.9725003e-08
      5640.00   1.9599611e-08
      5650.00   1.9475207e-08
      5660.00   1.9351785e-08
      5670.00   1.9229333e-08
      5680.00   1.9107844e-08
      5690.00   1.8987307e-08
      5700.00   1.8867715e-08
      5710.00   1.8749057e-08
      5720.00   1.8631329e-08
      5730.00   1.8514515e-08
      5740.00   1.8398614e-08
      5750.00   1.8283611e-08
      5760.00   1.8169502e-08
      5770.00   1.8056278e-08
      5780.00   1.7943929e-08
      5790.00   1.7832448e-08
      5800.00   1.7721828e-08
      5810.00   1.7612063e-08
      5820.00   1.7503139e-08
      5830.00   1.7395053e-08
      5840.00   1.7287796e-08
      5850.00   1.7181360e-08
      5860.00   1.7075738e-08
      5870.00   1.6970922e-08
      5880.00   1.6866906e-08
      5890.00   1.6763683e-08
      5900.00   1.6661243e-08
      5910.00   1.6559581e-08
      5920.00   1.6458689e-08
      5930.00   1.6358563e-08
      5940.00   1.6259192e-08
      5950.00   1.6160571e-08
      5960.00   1.6062694e-08
      5970.00   1.5965552e-08
      5980.00   1.5869142e-08
      5990.00   1.5773455e-08
      6000.00   1.5678484e-08
      6010.00   1.5584223e-08
      6020.00   1.5490667e-08
      6030.00   1.5397809e-08
      6040.00   1.5305643e-08
      6050.00   1.5214161e-08
      6060.00   1.5123359e-08
      6070.00   1.5033231e-08
      6080.00   1.4943771e-08
      6090.00   1.4854973e-08
      6100.00   1.4766829e-08
      6110.00   1.4679335e-08
      6120.00   1.4592487e-08
      6130.00   1.4506276e-08
      6140.00   1.4420699e-08
      6150.00   1.4335749e-08
      6160.00   1.4251421e-08
      6170.00   1.4167710e-08
      6180.00   1.4084609e-08
      6190.00   1.4002114e-08
      6200.00   1.3920221e-08
      6210.00   1.3838922e-08
      6220.00   1.3758214e-08
      6230.00   1.3678091e-08
      6240.00   1.3598548e-08
      6250.00   1.3519579e-08
      6260.00   1.3441182e-08
      6270.00   1.3363350e-08
      6280.00   1.3286077e-08
      6290.00   1.3209359e-08
      6300.00   1.3133193e-08
      6310.00   1.3057572e-08
      6320.00   1.2982494e-08
      6330.00   1.2907951e-08
      6340.00   1.2833940e-08
      6350.00   1.2760458e-08
      6360.00   1.2687499e-08
      6370.00   1.2615057e-08
      6380.00   1.2543131e-08
      6390.00   1.2471714e-08
      6400.00   1.2400803e-08
      6410.00   1.2330393e-08
      6420.00   1.2260480e-08
      6430.00   1.2191060e-08
      6440.00   1.2122130e-08
      6450.00   1.2053683e-08
      6460.00   1.1985717e-08
      6470.00   1.1918227e-08
      6480.00   1.1851210e-08
      6490.00   1.1784663e-08
      6500.00   1.1718580e-08
      6510.00   1.1652957e-08
      6520.00   1.1587792e-08
      6530.00   1.1523079e-08
      6540.00   1.1458816e-08
      6550.00   1.1395000e-08
      6560.00   1.1331625e-08
      6570.00   1.1268687e-08
      6580.00   1.1206186e-08
      6590.00   1.1144115e-08
      6600.00   1.1082472e-08
      6610.00   1.1021253e-08
      6620.00   1.0960455e-08
      6630.00   1.0900072e-08
      6640.00   1.0840105e-08
      6650.00   1.0780548e-08
      6660.00   1.0721398e-08
      6670.00   1.0662651e-08
      6680.00   1.0604306e-08
      6690.00   1.0546356e-08
      6700.00   1.0488801e-08
      6710.00   1.0431637e-08
      6720.00   1.0374860e-08
      6730.00   1.0318467e-08
      6740.00   1.0262457e-08
      6750.00   1.0206824e-08
      6760.00   1.0151566e-08
      6770.00   1.0096681e-08
      6780.00   1.0042165e-08
      6790.00   9.9880148e-09
      6800.00   9.9342278e-09
      6810.00   9.8808019e-09
      6820.00   9.8277330e-09
      6830.00   9.7750188e-09
      6840.00   9.7226561e-09
      6850.00   9.6706424e-09
      6860.00   9.6189753e-09
      6870.00   9.5676512e-09
      6880.00   9.5166684e-09
      6890.00   9.4660232e-09
      6900.00   9.4157126e-09
      6910.00   9.3657358e-09
      6920.00   9.3160898e-09
      6930.00   9.2667698e-09
      6940.00   9.2177756e-09
      6950.00   9.1691031e-09
      6960.00   9.1207502e-09
      6970.00   9.0727148e-09
      6980.00   9.0249947e-09
      6990.00   8.9775873e-09
      7000.00   8.9304888e-09
      7010.00   8.8836977e-09
      7020.00   8.8372120e-09
      7030.00   8.7910298e-09
      7040.00   8.7451468e-09
      7050.00   8.6995627e-09
      7060.00   8.6542740e-09
      7070.00   8.6092788e-09
      7080.00   8.5645741e-09
      7090.00   8.5201585e-09
      7100.00   8.4760298e-09
      7110.00   8.4321856e-09
      7120.00   8.3886240e-09
      7130.00   8.3453428e-09
      7140.00   8.3023383e-09
      7150.00   8.2596105e-09
      7160.00   8.2171559e-09
      7170.00   8.1749728e-09
      7180.00   8.1330595e-09
      7190.00   8.0914142e-09
      7200.00   8.0500334e-09
      7210.00   8.0089166e-09
      7220.00   7.9680619e-09
      7230.00   7.9274651e-09
      7240.00   7.8871273e-09
      7250.00   7.8470434e-09
      7260.00   7.8072135e-09
      7270.00   7.7676362e-09
      7280.00   7.7283074e-09
      7290.00   7.6892272e-09
      7300.00   7.6503933e-09
      7310.00   7.6118034e-09
      7320.00   7.5734552e-09
      7330.00   7.5353481e-09
      7340.00   7.4974790e-09
      7350.00   7.4598474e-09
      7360.00   7.4224510e-09
      7370.00   7.3852885e-09
      7380.00   7.3483562e-09
      7390.00   7.3116549e-09
      7400.00   7.2751812e-09
      7410.00   7.2389344e-09
      7420.00   7.2029125e-09
      7430.00   7.1671134e-09
      7440.00   7.1315358e-09
      7450.00   7.0961785e-09
      7460.00   7.0610396e-09
      7470.00   7.0261169e-09
      7480.00   6.9914094e-09
      7490.00   6.9569152e-09
      7500.00   6.9226335e-09
      7510.00   6.8885614e-09
      7520.00   6.8546982e-09
      7530.00   6.8210422e-09
      7540.00   6.7875927e-09
      7550.00   6.7543468e-09
      7560.00   6.7213038e-09
      7570.00   6.6884622e-09
      7580.00   6.6558195e-09
      7590.00   6.6233764e-09
      7600.00   6.5911300e-09
      7610.00   6.5590787e-09
      7620.00   6.5272219e-09
      7630.00   6.4955569e-09
      7640.00   6.4640843e-09
      7650.00   6.4328008e-09
      7660.00   6.4017065e-09
      7670.00   6.3707987e-09
      7680.00   6.3400769e-09
      7690.00   6.3095396e-09
      7700.00   6.2791858e-09
      7710.00   6.2490135e-09
      7720.00   6.2190216e-09
      7730.00   6.1892096e-09
      7740.00   6.1595753e-09
      7750.00   6.1301174e-09
      7760.00   6.1008352e-09
      7770.00   6.0717272e-09
      7780.00   6.0427920e-09
      7790.00   6.0140287e-09
      7800.00   5.9854358e-09
      7810.00   5.9570121e-09
      7820.00   5.9287570e-09
      7830.00   5.9006684e-09
      7840.00   5.8727458e-09
      7850.00   5.8449875e-09
      7860.00   5.8173925e-09
      7870.00   5.7899601e-09
      7880.00   5.7626885e-09
      7890.00   5.7355773e-09
      7900.00   5.7086244e-09
      7910.00   5.6818299e-09
      7920.00   5.6551917e-09
      7930.00   5.6287090e-09
      7940.00   5.6023809e-09
      7950.00   5.5762060e-09
      7960.00   5.5501841e-09
      7970.00   5.5243127e-09
      7980.00   5.4985919e-09
      7990.00   5.4730201e-09
      8000.00   5.4475963e-09
