      1600.00   9.7103218e-07
      1610.00   9.5752641e-07
      1620.00   9.4421244e-07
      1630.00   9.3108884e-07
      1640.00   9.1815348e-07
      1650.00   9.0540462e-07
      1660.00   8.9284027e-07
      1670.00   8.8045864e-07
      1680.00   8.6825751e-07
      1690.00   8.5623501e-07
      1700.00   8.4438912e-07
      1710.00   8.3271775e-07
      1720.00   8.2121879e-07
      1730.00   8.0989015e-07
      1740.00   7.9872963e-07
      1750.00   7.8773530e-07
      1760.00   7.7690487e-07
      1770.00   7.6623632e-07
      1780.00   7.5572748e-07
      1790.00   7.4537622e-07
      1800.00   7.3518038e-07
      1810.00   7.2513799e-07
      1820.00   7.1524662e-07
      1830.00   7.0550449e-07
      1840.00   6.9590935e-07
      1850.00   6.8645910e-07
      1860.00   6.7715170e-07
      1870.00   6.6798515e-07
      1880.00   6.5895728e-07
      1890.00   6.5006614e-07
      1900.00   6.4130967e-07
      1910.00   6.3268590e-07
      1920.00   6.2419280e-07
      1930.00   6.1582845e-07
      1940.00   6.0759097e-07
      1950.00   5.9947833e-07
      1960.00   5.9148869e-07
      1970.00   5.8362008e-07
      1980.00   5.7587077e-07
      1990.00   5.6823886e-07
      2000.00   5.6072247e-07
      2010.00   5.5331987e-07
      2020.00   5.4602928e-07
      2030.00   5.3884892e-07
      2040.00   5.3177710e-07
      2050.00   5.2481209e-07
      2060.00   5.1795219e-07
      2070.00   5.1119574e-07
      2080.00   5.0454118e-07
      2090.00   4.9798675e-07
      2100.00   4.9153094e-07
      2110.00   4.8517219e-07
      2120.00   4.7890890e-07
      2130.00   4.7273962e-07
      2140.00   4.6666274e-07
      2150.00   4.6067686e-07
      2160.00   4.5478049e-07
      2170.00   4.4897215e-07
      2180.00   4.4325051e-07
      2190.00   4.3761410e-07
      2200.00   4.3206159e-07
      2210.00   4.2659161e-07
      2220.00   4.2120281e-07
      2230.00   4.1589392e-07
      2240.00   4.1066359e-07
      2250.00   4.0551062e-07
      2260.00   4.0043372e-07
      2270.00   3.9543161e-07
      2280.00   3.9050319e-07
      2290.00   3.8564717e-07
      2300.00   3.8086244e-07
      2310.00   3.7614782e-07
      2320.00   3.7150219e-07
      2330.00   3.6692443e-07
      2340.00   3.6241341e-07
      2350.00   3.5796809e-07
      2360.00   3.5358741e-07
      2370.00   3.4927032e-07
      2380.00   3.4501577e-07
      2390.00   3.4082276e-07
      2400.00   3.3669033e-07
      2410.00   3.3261742e-07
      2420.00   3.2860318e-07
      2430.00   3.2464660e-07
      2440.00   3.2074676e-07
      2450.00   3.1690276e-07
      2460.00   3.1311373e-07
      2470.00   3.0937870e-07
      2480.00   3.0569685e-07
      2490.00   3.0206737e-07
      2500.00   2.9848937e-07
      2510.00   2.9496204e-07
      2520.00   2.9148460e-07
      2530.00   2.8805618e-07
      2540.00   2.8467607e-07
      2550.00   2.8134349e-07
      2560.00   2.7805764e-07
      2570.00   2.7481780e-07
      2580.00   2.7162326e-07
      2590.00   2.6847327e-07
      2600.00   2.6536717e-07
      2610.00   2.6230422e-07
      2620.00   2.5928376e-07
      2630.00   2.5630508e-07
      2640.00   2.5336757e-07
      2650.00   2.5047056e-07
      2660.00   2.4761344e-07
      2670.00   2.4479555e-07
      2680.00   2.4201629e-07
      2690.00   2.3927505e-07
      2700.00   2.3657121e-07
      2710.00   2.3390424e-07
      2720.00   2.3127355e-07
      2730.00   2.2867853e-07
      2740.00   2.2611867e-07
      2750.00   2.2359341e-07
      2760.00   2.2110224e-07
      2770.00   2.1864458e-07
      2780.00   2.1621994e-07
      2790.00   2.1382784e-07
      2800.00   2.1146771e-07
      2810.00   2.0913911e-07
      2820.00   2.0684156e-07
      2830.00   2.0457455e-07
      2840.00   2.0233763e-07
      2850.00   2.0013033e-07
      2860.00   1.9795223e-07
      2870.00   1.9580285e-07
      2880.00   1.9368174e-07
      2890.00   1.9158852e-07
      2900.00   1.8952272e-07
      2910.00   1.8748398e-07
      2920.00   1.8547184e-07
      2930.00   1.8348590e-07
      2940.00   1.8152579e-07
      2950.00   1.7959112e-07
      2960.00   1.7768148e-07
      2970.00   1.7579655e-07
      2980.00   1.7393590e-07
      2990.00   1.7209920e-07
      3000.00   1.7028609e-07
      3010.00   1.6849620e-07
      3020.00   1.6672921e-07
      3030.00   1.6498476e-07
      3040.00   1.6326254e-07
      3050.00   1.6156220e-07
      3060.00   1.5988342e-07
      3070.00   1.5822589e-07
      3080.00   1.5658929e-07
      3090.00   1.5497331e-07
      3100.00   1.5337767e-07
      3110.00   1.5180204e-07
      3120.00   1.5024617e-07
      3130.00   1.4870972e-07
      3140.00   1.4719245e-07
      3150.00   1.4569406e-07
      3160.00   1.4421429e-07
      3170.00   1.4275284e-07
      3180.00   1.4130949e-07
      3190.00   1.3988395e-07
      3200.00   1.3847597e-07
      3210.00   1.3708529e-07
      3220.00   1.3571169e-07
      3230.00   1.3435488e-07
      3240.00   1.3301466e-07
      3250.00   1.3169078e-07
      3260.00   1.3038301e-07
      3270.00   1.2909111e-07
      3280.00   1.2781487e-07
      3290.00   1.2655405e-07
      3300.00   1.2530845e-07
      3310.00   1.2407785e-07
      3320.00   1.2286202e-07
      3330.00   1.2166079e-07
      3340.00   1.2047393e-07
      3350.00   1.1930124e-07
      3360.00   1.1814252e-07
      3370.00   1.1699759e-07
      3380.00   1.1586624e-07
      3390.00   1.1474829e-07
      3400.00   1.1364356e-07
      3410.00   1.1255187e-07
      3420.00   1.1147301e-07
      3430.00   1.1040684e-07
      3440.00   1.0935316e-07
      3450.00   1.0831180e-07
      3460.00   1.0728262e-07
      3470.00   1.0626542e-07
      3480.00   1.0526004e-07
      3490.00   1.0426633e-07
      3500.00   1.0328414e-07
      3510.00   1.0231328e-07
      3520.00   1.0135363e-07
      3530.00   1.0040503e-07
      3540.00   9.9467318e-08
      3550.00   9.8540355e-08
      3560.00   9.7624004e-08
      3570.00   9.6718110e-08
      3580.00   9.5822540e-08
      3590.00   9.4937147e-08
      3600.00   9.4061808e-08
      3610.00   9.3196391e-08
      3620.00   9.2340747e-08
      3630.00   9.1494741e-08
      3640.00   9.0658270e-08
      3650.00   8.9831202e-08
      3660.00   8.9013400e-08
      3670.00   8.8204748e-08
      3680.00   8.7405132e-08
      3690.00   8.6614422e-08
      3700.00   8.5832510e-08
      3710.00   8.5059279e-08
      3720.00   8.4294608e-08
      3730.00   8.3538401e-08
      3740.00   8.2790533e-08
      3750.00   8.2050905e-08
      3760.00   8.1319397e-08
      3770.00   8.0595920e-08
      3780.00   7.9880360e-08
      3790.00   7.9172611e-08
      3800.00   7.8472595e-08
      3810.00   7.7780191e-08
      3820.00   7.7095305e-08
      3830.00   7.6417844e-08
      3840.00   7.5747708e-08
      3850.00   7.5084813e-08
      3860.00   7.4429055e-08
      3870.00   7.3780361e-08
      3880.00   7.3138623e-08
      3890.00   7.2503761e-08
      3900.00   7.1875688e-08
      3910.00   7.1254319e-08
      3920.00   7.0639567e-08
      3930.00   7.0031346e-08
      3940.00   6.9429581e-08
      3950.00   6.8834188e-08
      3960.00   6.8245091e-08
      3970.00   6.7662204e-08
      3980.00   6.7085459e-08
      3990.00   6.6514769e-08
      4000.00   6.5950063e-08
      4010.00   6.5391271e-08
      4020.00   6.4838315e-08
      4030.00   6.4291128e-08
      4040.00   6.3749631e-08
      4050.00   6.3213763e-08
      4060.00   6.2683444e-08
      4070.00   6.2158620e-08
      4080.00   6.1639213e-08
      4090.00   6.1125159e-08
      4100.00   6.0616399e-08
      4110.00   6.0112862e-08
      4120.00   5.9614483e-08
      4130.00   5.9121206e-08
      4140.00   5.8632961e-08
      4150.00   5.8149702e-08
      4160.00   5.7671353e-08
      4170.00   5.7197859e-08
      4180.00   5.6729165e-08
      4190.00   5.6265211e-08
      4200.00   5.5805944e-08
      4210.00   5.5351312e-08
      4220.00   5.4901240e-08
      4230.00   5.4455697e-08
      4240.00   5.4014610e-08
      4250.00   5.3577942e-08
      4260.00   5.3145634e-08
      4270.00   5.2717629e-08
      4280.00   5.2293886e-08
      4290.00   5.1874351e-08
      4300.00   5.1458973e-08
      4310.00   5.1047703e-08
      4320.00   5.0640496e-08
      4330.00   5.0237298e-08
      4340.00   4.9838068e-08
      4350.00   4.9442762e-08
      4360.00   4.9051329e-08
      4370.00   4.8663726e-08
      4380.00   4.8279907e-08
      4390.00   4.7899832e-08
      4400.00   4.7523452e-08
      4410.00   4.7150734e-08
      4420.00   4.6781623e-08
      4430.00   4.6416085e-08
      4440.00   4.6054080e-08
      4450.00   4.5695567e-08
      4460.00   4.5340503e-08
      4470.00   4.4988851e-08
      4480.00   4.4640570e-08
      4490.00   4.4295625e-08
      4500.00   4.3953977e-08
      4510.00   4.3615584e-08
      4520.00   4.3280421e-08
      4530.00   4.2948435e-08
      4540.00   4.2619603e-08
      4550.00   4.2293886e-08
      4560.00   4.1971249e-08
      4570.00   4.1651652e-08
      4580.00   4.1335070e-08
      4590.00   4.1021464e-08
      4600.00   4.0710803e-08
      4610.00   4.0403054e-08
      4620.00   4.0098181e-08
      4630.00   3.9796154e-08
      4640.00   3.9496946e-08
      4650.00   3.9200521e-08
      4660.00   3.8906850e-08
      4670.00   3.8615899e-08
      4680.00   3.8327643e-08
      4690.00   3.8042053e-08
      4700.00   3.7759092e-08
      4710.00   3.7478741e-08
      4720.00   3.7200963e-08
      4730.00   3.6925735e-08
      4740.00   3.6653032e-08
      4750.00   3.6382817e-08
      4760.00   3.6115073e-08
      4770.00   3.5849767e-08
      4780.00   3.5586873e-08
      4790.00   3.5326369e-08
      4800.00   3.5068226e-08
      4810.00   3.4812417e-08
      4820.00   3.4558918e-08
      4830.00   3.4307708e-08
      4840.00   3.4058760e-08
      4850.00   3.3812049e-08
      4860.00   3.3567552e-08
      4870.00   3.3325245e-08
      4880.00   3.3085103e-08
      4890.00   3.2847107e-08
      4900.00   3.2611231e-08
      4910.00   3.2377454e-08
      4920.00   3.2145757e-08
      4930.00   3.1916107e-08
      4940.00   3.1688495e-08
      4950.00   3.1462892e-08
      4960.00   3.1239278e-08
      4970.00   3.1017636e-08
      4980.00   3.0797943e-08
      4990.00   3.0580177e-08
      5000.00   3.0364320e-08
      5010.00   3.0150353e-08
      5020.00   2.9938251e-08
      5030.00   2.9728001e-08
      5040.00   2.9519583e-08
      5050.00   2.9312972e-08
      5060.00   2.9108154e-08
      5070.00   2.8905114e-08
      5080.00   2.8703826e-08
      5090.00   2.8504277e-08
      5100.00   2.8306449e-08
      5110.00   2.8110322e-08
      5120.00   2.7915879e-08
      5130.00   2.7723103e-08
      5140.00   2.7531980e-08
      5150.00   2.7342490e-08
      5160.00   2.7154618e-08
      5170.00   2.6968346e-08
      5180.00   2.6783657e-08
      5190.00   2.6600540e-08
      5200.00   2.6418973e-08
      5210.00   2.6238944e-08
      5220.00   2.6060436e-08
      5230.00   2.5883434e-08
      5240.00   2.5707925e-08
      5250.00   2.5533890e-08
      5260.00   2.5361316e-08
      5270.00   2.5190188e-08
      5280.00   2.5020495e-08
      5290.00   2.4852219e-08
      5300.00   2.4685347e-08
      5310.00   2.4519866e-08
      5320.00   2.4355760e-08
      5330.00   2.4193016e-08
      5340.00   2.4031623e-08
      5350.00   2.3871565e-08
      5360.00   2.3712830e-08
      5370.00   2.3555404e-08
      5380.00   2.3399276e-08
      5390.00   2.3244430e-08
      5400.00   2.3090855e-08
      5410.00   2.2938542e-08
      5420.00   2.2787474e-08
      5430.00   2.2637642e-08
      5440.00   2.2489033e-08
      5450.00   2.2341634e-08
      5460.00   2.2195431e-08
      5470.00   2.2050419e-08
      5480.00   2.1906581e-08
      5490.00   2.1763909e-08
      5500.00   2.1622388e-08
      5510.00   2.1482013e-08
      5520.00   2.1342768e-08
      5530.00   2.1204642e-08
      5540.00   2.1067625e-08
      5550.00   2.0931710e-08
      5560.00   2.0796880e-08
      5570.00   2.0663130e-08
      5580.00   2.0530449e-08
      5590.00   2.0398825e-08
      5600.00   2.0268247e-08
      5610.00   2.0138708e-08
      5620.00   2.0010196e-08
      5630.00   1.9882704e-08
      5640.00   1.9756220e-08
      5650.00   1.9630734e-08
      5660.00   1.9506239e-08
      5670.00   1.9382724e-08
      5680.00   1.9260180e-08
      5690.00   1.9138598e-08
      5700.00   1.9017969e-08
      5710.00   1.8898284e-08
      5720.00   1.8779536e-08
      5730.00   1.8661712e-08
      5740.00   1.8544809e-08
      5750.00   1.8428813e-08
      5760.00   1.8313719e-08
      5770.00   1.8199518e-08
      5780.00   1.8086201e-08
      5790.00   1.7973760e-08
      5800.00   1.7862188e-08
      5810.00   1.7751478e-08
      5820.00   1.7641619e-08
      5830.00   1.7532604e-08
      5840.00   1.7424426e-08
      5850.00   1.7317076e-08
      5860.00   1.7210549e-08
      5870.00   1.7104835e-08
      5880.00   1.6999928e-08
      5890.00   1.6895822e-08
      5900.00   1.6792506e-08
      5910.00   1.6689976e-08
      5920.00   1.6588222e-08
      5930.00   1.6487241e-08
      5940.00   1.6387023e-08
      5950.00   1.6287562e-08
      5960.00   1.6188851e-08
      5970.00   1.6090882e-08
      5980.00   1.5993651e-08
      5990.00   1.5897150e-08
      6000.00   1.5801373e-08
      6010.00   1.5706311e-08
      6020.00   1.5611961e-08
      6030.00   1.5518316e-08
      6040.00   1.5425369e-08
      6050.00   1.5333113e-08
      6060.00   1.5241542e-08
      6070.00   1.5150652e-08
      6080.00   1.5060435e-08
      6090.00   1.4970886e-08
      6100.00   1.4881999e-08
      6110.00   1.4793766e-08
      6120.00   1.4706186e-08
      6130.00   1.4619249e-08
      6140.00   1.4532951e-08
      6150.00   1.4447286e-08
      6160.00   1.4362248e-08
      6170.00   1.4277833e-08
      6180.00   1.4194034e-08
      6190.00   1.4110846e-08
      6200.00   1.4028266e-08
      6210.00   1.3946285e-08
      6220.00   1.3864900e-08
      6230.00   1.3784106e-08
      6240.00   1.3703898e-08
      6250.00   1.3624268e-08
      6260.00   1.3545214e-08
      6270.00   1.3466732e-08
      6280.00   1.3388814e-08
      6290.00   1.3311455e-08
      6300.00   1.3234653e-08
      6310.00   1.3158402e-08
      6320.00   1.3082699e-08
      6330.00   1.3007534e-08
      6340.00   1.2932907e-08
      6350.00   1.2858815e-08
      6360.00   1.2785248e-08
      6370.00   1.2712205e-08
      6380.00   1.2639681e-08
      6390.00   1.2567672e-08
      6400.00   1.2496172e-08
      6410.00   1.2425178e-08
      6420.00   1.2354686e-08
      6430.00   1.2284691e-08
      6440.00   1.2215190e-08
      6450.00   1.2146177e-08
      6460.00   1.2077649e-08
      6470.00   1.2009602e-08
      6480.00   1.1942031e-08
      6490.00   1.1874935e-08
      6500.00   1.1808306e-08
      6510.00   1.1742143e-08
      6520.00   1.1676440e-08
      6530.00   1.1611194e-08
      6540.00   1.1546402e-08
      6550.00   1.1482061e-08
      6560.00   1.1418164e-08
      6570.00   1.1354710e-08
      6580.00   1.1291694e-08
      6590.00   1.1229114e-08
      6600.00   1.1166965e-08
      6610.00   1.1105244e-08
      6620.00   1.1043948e-08
      6630.00   1.0983071e-08
      6640.00   1.0922612e-08
      6650.00   1.0862568e-08
      6660.00   1.0802934e-08
      6670.00   1.0743707e-08
      6680.00   1.0684884e-08
      6690.00   1.0626461e-08
      6700.00   1.0568437e-08
      6710.00   1.0510806e-08
      6720.00   1.0453566e-08
      6730.00   1.0396714e-08
      6740.00   1.0340247e-08
      6750.00   1.0284161e-08
      6760.00   1.0228453e-08
      6770.00   1.0173122e-08
      6780.00   1.0118162e-08
      6790.00   1.0063572e-08
      6800.00   1.0009348e-08
      6810.00   9.9554888e-09
      6820.00   9.9019893e-09
      6830.00   9.8488475e-09
      6840.00   9.7960603e-09
      6850.00   9.7436252e-09
      6860.00   9.6915397e-09
      6870.00   9.6398002e-09
      6880.00   9.5884049e-09
      6890.00   9.5373501e-09
      6900.00   9.4866329e-09
      6910.00   9.4362524e-09
      6920.00   9.3862055e-09
      6930.00   9.3364874e-09
      6940.00   9.2870980e-09
      6950.00   9.2380331e-09
      6960.00   9.1892905e-09
      6970.00   9.1408681e-09
      6980.00   9.0927638e-09
      6990.00   9.0449749e-09
      7000.00   8.9974975e-09
      7010.00   8.9503302e-09
      7020.00   8.9034710e-09
      7030.00   8.8569178e-09
      7040.00   8.8106664e-09
      7050.00   8.7647165e-09
      7060.00   8.7190645e-09
      7070.00   8.6737085e-09
      7080.00   8.6286456e-09
      7090.00   8.5838743e-09
      7100.00   8.5393922e-09
      7110.00   8.4951971e-09
      7120.00   8.4512871e-09
      7130.00   8.4076599e-09
      7140.00   8.3643116e-09
      7150.00   8.3212426e-09
      7160.00   8.2784490e-09
      7170.00   8.2359292e-09
      7180.00   8.1936815e-09
      7190.00   8.1517041e-09
      7200.00   8.1099936e-09
      7210.00   8.0685491e-09
      7220.00   8.0273691e-09
      7230.00   7.9864492e-09
      7240.00   7.9457905e-09
      7250.00   7.9053878e-09
      7260.00   7.8652414e-09
      7270.00   7.8253496e-09
      7280.00   7.7857084e-09
      7290.00   7.7463180e-09
      7300.00   7.7071759e-09
      7310.00   7.6682799e-09
      7320.00   7.6296277e-09
      7330.00   7.5912186e-09
      7340.00   7.5530496e-09
      7350.00   7.5151200e-09
      7360.00   7.4774277e-09
      7370.00   7.4399711e-09
      7380.00   7.4027467e-09
      7390.00   7.3657554e-09
      7400.00   7.3289935e-09
      7410.00   7.2924604e-09
      7420.00   7.2561541e-09
      7430.00   7.2200726e-09
      7440.00   7.1842144e-09
      7450.00   7.1485784e-09
      7460.00   7.1131624e-09
      7470.00   7.0779647e-09
      7480.00   7.0429839e-09
      7490.00   7.0082181e-09
      7500.00   6.9736668e-09
      7510.00   6.9393267e-09
      7520.00   6.9051973e-09
      7530.00   6.8712768e-09
      7540.00   6.8375646e-09
      7550.00   6.8040576e-09
      7560.00   6.7707553e-09
      7570.00   6.7376560e-09
      7580.00   6.7047573e-09
      7590.00   6.6720599e-09
      7600.00   6.6395609e-09
      7610.00   6.6072585e-09
      7620.00   6.5751523e-09
      7630.00   6.5432395e-09
      7640.00   6.5115207e-09
      7650.00   6.4799926e-09
      7660.00   6.4486552e-09
      7670.00   6.4175059e-09
      7680.00   6.3865441e-09
      7690.00   6.3557684e-09
      7700.00   6.3251777e-09
      7710.00   6.2947700e-09
      7720.00   6.2645442e-09
      7730.00   6.2344999e-09
      7740.00   6.2046346e-09
      7750.00   6.1749473e-09
      7760.00   6.1454371e-09
      7770.00   6.1161025e-09
      7780.00   6.0869422e-09
      7790.00   6.0579552e-09
      7800.00   6.0291400e-09
      7810.00   6.0004954e-09
      7820.00   5.9720209e-09
      7830.00   5.9437141e-09
      7840.00   5.9155748e-09
      7850.00   5.8876010e-09
      7860.00   5.8597920e-09
      7870.00   5.8321469e-09
      7880.00   5.8046639e-09
      7890.00   5.7773427e-09
      7900.00   5.7501811e-09
      7910.00   5.7231792e-09
      7920.00   5.6963348e-09
      7930.00   5.6696472e-09
      7940.00   5.6431156e-09
      7950.00   5.6167383e-09
      7960.00   5.5905153e-09
      7970.00   5.5644440e-09
      7980.00   5.5385247e-09
      7990.00   5.5127555e-09
      8000.00   5.4871355e-09
