      1600.00   1.0014667e-06
      1610.00   9.8738998e-07
      1620.00   9.7351725e-07
      1630.00   9.5984682e-07
      1640.00   9.4637627e-07
      1650.00   9.3310361e-07
      1660.00   9.2002659e-07
      1670.00   9.0714318e-07
      1680.00   8.9445091e-07
      1690.00   8.8194766e-07
      1700.00   8.6963119e-07
      1710.00   8.5749919e-07
      1720.00   8.4554929e-07
      1730.00   8.3377922e-07
      1740.00   8.2218654e-07
      1750.00   8.1076912e-07
      1760.00   7.9952446e-07
      1770.00   7.8845035e-07
      1780.00   7.7754441e-07
      1790.00   7.6680432e-07
      1800.00   7.5622773e-07
      1810.00   7.4581250e-07
      1820.00   7.3555601e-07
      1830.00   7.2545630e-07
      1840.00   7.1551095e-07
      1850.00   7.0571771e-07
      1860.00   6.9607436e-07
      1870.00   6.8657874e-07
      1880.00   6.7722853e-07
      1890.00   6.6802163e-07
      1900.00   6.5895583e-07
      1910.00   6.5002900e-07
      1920.00   6.4123898e-07
      1930.00   6.3258372e-07
      1940.00   6.2406119e-07
      1950.00   6.1566923e-07
      1960.00   6.0740589e-07
      1970.00   5.9926905e-07
      1980.00   5.9125687e-07
      1990.00   5.8336733e-07
      2000.00   5.7559841e-07
      2010.00   5.6794831e-07
      2020.00   5.6041510e-07
      2030.00   5.5299690e-07
      2040.00   5.4569193e-07
      2050.00   5.3849834e-07
      2060.00   5.3141432e-07
      2070.00   5.2443814e-07
      2080.00   5.1756813e-07
      2090.00   5.1080241e-07
      2100.00   5.0413942e-07
      2110.00   4.9757749e-07
      2120.00   4.9111493e-07
      2130.00   4.8475020e-07
      2140.00   4.7848162e-07
      2150.00   4.7230771e-07
      2160.00   4.6622689e-07
      2170.00   4.6023760e-07
      2180.00   4.5433844e-07
      2190.00   4.4852787e-07
      2200.00   4.4280446e-07
      2210.00   4.3716682e-07
      2220.00   4.3161349e-07
      2230.00   4.2614315e-07
      2240.00   4.2075438e-07
      2250.00   4.1544590e-07
      2260.00   4.1021639e-07
      2270.00   4.0506448e-07
      2280.00   3.9998903e-07
      2290.00   3.9498867e-07
      2300.00   3.9006226e-07
      2310.00   3.8520855e-07
      2320.00   3.8042635e-07
      2330.00   3.7571452e-07
      2340.00   3.7107185e-07
      2350.00   3.6649726e-07
      2360.00   3.6198964e-07
      2370.00   3.5754790e-07
      2380.00   3.5317093e-07
      2390.00   3.4885768e-07
      2400.00   3.4460716e-07
      2410.00   3.4041827e-07
      2420.00   3.3629009e-07
      2430.00   3.3222158e-07
      2440.00   3.2821180e-07
      2450.00   3.2425978e-07
      2460.00   3.2036463e-07
      2470.00   3.1652533e-07
      2480.00   3.1274103e-07
      2490.00   3.0901087e-07
      2500.00   3.0533395e-07
      2510.00   3.0170941e-07
      2520.00   2.9813642e-07
      2530.00   2.9461409e-07
      2540.00   2.9114170e-07
      2550.00   2.8771840e-07
      2560.00   2.8434338e-07
      2570.00   2.8101590e-07
      2580.00   2.7773518e-07
      2590.00   2.7450048e-07
      2600.00   2.7131109e-07
      2610.00   2.6816626e-07
      2620.00   2.6506528e-07
      2630.00   2.6200744e-07
      2640.00   2.5899208e-07
      2650.00   2.5601851e-07
      2660.00   2.5308610e-07
      2670.00   2.5019417e-07
      2680.00   2.4734209e-07
      2690.00   2.4452922e-07
      2700.00   2.4175493e-07
      2710.00   2.3901865e-07
      2720.00   2.3631979e-07
      2730.00   2.3365770e-07
      2740.00   2.3103187e-07
      2750.00   2.2844170e-07
      2760.00   2.2588666e-07
      2770.00   2.2336616e-07
      2780.00   2.2087969e-07
      2790.00   2.1842675e-07
      2800.00   2.1600674e-07
      2810.00   2.1361922e-07
      2820.00   2.1126368e-07
      2830.00   2.0893959e-07
      2840.00   2.0664651e-07
      2850.00   2.0438392e-07
      2860.00   2.0215140e-07
      2870.00   1.9994844e-07
      2880.00   1.9777460e-07
      2890.00   1.9562946e-07
      2900.00   1.9351255e-07
      2910.00   1.9142349e-07
      2920.00   1.8936181e-07
      2930.00   1.8732709e-07
      2940.00   1.8531895e-07
      2950.00   1.8333698e-07
      2960.00   1.8138077e-07
      2970.00   1.7944997e-07
      2980.00   1.7754415e-07
      2990.00   1.7566296e-07
      3000.00   1.7380604e-07
      3010.00   1.7197299e-07
      3020.00   1.7016349e-07
      3030.00   1.6837717e-07
      3040.00   1.6661370e-07
      3050.00   1.6487273e-07
      3060.00   1.6315393e-07
      3070.00   1.6145697e-07
      3080.00   1.5978151e-07
      3090.00   1.5812726e-07
      3100.00   1.5649391e-07
      3110.00   1.5488111e-07
      3120.00   1.5328862e-07
      3130.00   1.5171609e-07
      3140.00   1.5016327e-07
      3150.00   1.4862983e-07
      3160.00   1.4711553e-07
      3170.00   1.4562003e-07
      3180.00   1.4414314e-07
      3190.00   1.4268453e-07
      3200.00   1.4124396e-07
      3210.00   1.3982116e-07
      3220.00   1.3841589e-07
      3230.00   1.3702786e-07
      3240.00   1.3565686e-07
      3250.00   1.3430265e-07
      3260.00   1.3296497e-07
      3270.00   1.3164357e-07
      3280.00   1.3033826e-07
      3290.00   1.2904877e-07
      3300.00   1.2777490e-07
      3310.00   1.2651643e-07
      3320.00   1.2527311e-07
      3330.00   1.2404477e-07
      3340.00   1.2283118e-07
      3350.00   1.2163212e-07
      3360.00   1.2044740e-07
      3370.00   1.1927682e-07
      3380.00   1.1812018e-07
      3390.00   1.1697729e-07
      3400.00   1.1584795e-07
      3410.00   1.1473198e-07
      3420.00   1.1362918e-07
      3430.00   1.1253938e-07
      3440.00   1.1146240e-07
      3450.00   1.1039805e-07
      3460.00   1.0934619e-07
      3470.00   1.0830661e-07
      3480.00   1.0727915e-07
      3490.00   1.0626366e-07
      3500.00   1.0525997e-07
      3510.00   1.0426791e-07
      3520.00   1.0328733e-07
      3530.00   1.0231807e-07
      3540.00   1.0135998e-07
      3550.00   1.0041290e-07
      3560.00   9.9476695e-08
      3570.00   9.8551209e-08
      3580.00   9.7636302e-08
      3590.00   9.6731824e-08
      3600.00   9.5837646e-08
      3610.00   9.4953635e-08
      3620.00   9.4079637e-08
      3630.00   9.3215513e-08
      3640.00   9.2361156e-08
      3650.00   9.1516432e-08
      3660.00   9.0681200e-08
      3670.00   8.9855340e-08
      3680.00   8.9038735e-08
      3690.00   8.8231252e-08
      3700.00   8.7432778e-08
      3710.00   8.6643195e-08
      3720.00   8.5862378e-08
      3730.00   8.5090228e-08
      3740.00   8.4326618e-08
      3750.00   8.3571444e-08
      3760.00   8.2824584e-08
      3770.00   8.2085948e-08
      3780.00   8.1355416e-08
      3790.00   8.0632880e-08
      3800.00   7.9918261e-08
      3810.00   7.9211434e-08
      3820.00   7.8512302e-08
      3830.00   7.7820771e-08
      3840.00   7.7136737e-08
      3850.00   7.6460114e-08
      3860.00   7.5790795e-08
      3870.00   7.5128706e-08
      3880.00   7.4473735e-08
      3890.00   7.3825801e-08
      3900.00   7.3184813e-08
      3910.00   7.2550686e-08
      3920.00   7.1923329e-08
      3930.00   7.1302654e-08
      3940.00   7.0688585e-08
      3950.00   7.0081034e-08
      3960.00   6.9479925e-08
      3970.00   6.8885170e-08
      3980.00   6.8296696e-08
      3990.00   6.7714417e-08
      4000.00   6.7138259e-08
      4010.00   6.6568149e-08
      4020.00   6.6004009e-08
      4030.00   6.5445769e-08
      4040.00   6.4893349e-08
      4050.00   6.4346686e-08
      4060.00   6.3805697e-08
      4070.00   6.3270328e-08
      4080.00   6.2740498e-08
      4090.00   6.2216142e-08
      4100.00   6.1697199e-08
      4110.00   6.1183597e-08
      4120.00   6.0675268e-08
      4130.00   6.0172157e-08
      4140.00   5.9674189e-08
      4150.00   5.9181319e-08
      4160.00   5.8693469e-08
      4170.00   5.8210581e-08
      4180.00   5.7732601e-08
      4190.00   5.7259465e-08
      4200.00   5.6791121e-08
      4210.00   5.6327514e-08
      4220.00   5.5868569e-08
      4230.00   5.5414252e-08
      4240.00   5.4964490e-08
      4250.00   5.4519243e-08
      4260.00   5.4078453e-08
      4270.00   5.3642060e-08
      4280.00   5.3210023e-08
      4290.00   5.2782285e-08
      4300.00   5.2358795e-08
      4310.00   5.1939504e-08
      4320.00   5.1524363e-08
      4330.00   5.1113319e-08
      4340.00   5.0706330e-08
      4350.00   5.0303349e-08
      4360.00   4.9904325e-08
      4370.00   4.9509215e-08
      4380.00   4.9117969e-08
      4390.00   4.8730549e-08
      4400.00   4.8346904e-08
      4410.00   4.7966999e-08
      4420.00   4.7590778e-08
      4430.00   4.7218208e-08
      4440.00   4.6849245e-08
      4450.00   4.6483851e-08
      4460.00   4.6121978e-08
      4470.00   4.5763590e-08
      4480.00   4.5408645e-08
      4490.00   4.5057107e-08
      4500.00   4.4708936e-08
      4510.00   4.4364091e-08
      4520.00   4.4022542e-08
      4530.00   4.3684239e-08
      4540.00   4.3349155e-08
      4550.00   4.3017253e-08
      4560.00   4.2688495e-08
      4570.00   4.2362843e-08
      4580.00   4.2040267e-08
      4590.00   4.1720731e-08
      4600.00   4.1404202e-08
      4610.00   4.1090645e-08
      4620.00   4.0780025e-08
      4630.00   4.0472310e-08
      4640.00   4.0167473e-08
      4650.00   3.9865478e-08
      4660.00   3.9566293e-08
      4670.00   3.9269885e-08
      4680.00   3.8976228e-08
      4690.00   3.8685292e-08
      4700.00   3.8397040e-08
      4710.00   3.8111452e-08
      4720.00   3.7828491e-08
      4730.00   3.7548131e-08
      4740.00   3.7270349e-08
      4750.00   3.6995107e-08
      4760.00   3.6722386e-08
      4770.00   3.6452153e-08
      4780.00   3.6184382e-08
      4790.00   3.5919049e-08
      4800.00   3.5656126e-08
      4810.00   3.5395585e-08
      4820.00   3.5137401e-08
      4830.00   3.4881553e-08
      4840.00   3.4628012e-08
      4850.00   3.4376754e-08
      4860.00   3.4127756e-08
      4870.00   3.3880992e-08
      4880.00   3.3636437e-08
      4890.00   3.3394071e-08
      4900.00   3.3153869e-08
      4910.00   3.2915807e-08
      4920.00   3.2679868e-08
      4930.00   3.2446017e-08
      4940.00   3.2214245e-08
      4950.00   3.1984523e-08
      4960.00   3.1756829e-08
      4970.00   3.1531147e-08
      4980.00   3.1307454e-08
      4990.00   3.1085726e-08
      5000.00   3.0865945e-08
      5010.00   3.0648092e-08
      5020.00   3.0432142e-08
      5030.00   3.0218080e-08
      5040.00   3.0005886e-08
      5050.00   2.9795536e-08
      5060.00   2.9587015e-08
      5070.00   2.9380307e-08
      5080.00   2.9175385e-08
      5090.00   2.8972237e-08
      5100.00   2.8770845e-08
      5110.00   2.8571187e-08
      5120.00   2.8373246e-08
      5130.00   2.8177005e-08
      5140.00   2.7982450e-08
      5150.00   2.7789559e-08
      5160.00   2.7598319e-08
      5170.00   2.7408710e-08
      5180.00   2.7220716e-08
      5190.00   2.7034324e-08
      5200.00   2.6849513e-08
      5210.00   2.6666269e-08
      5220.00   2.6484577e-08
      5230.00   2.6304420e-08
      5240.00   2.6125785e-08
      5250.00   2.5948653e-08
      5260.00   2.5773010e-08
      5270.00   2.5598843e-08
      5280.00   2.5426137e-08
      5290.00   2.5254876e-08
      5300.00   2.5085046e-08
      5310.00   2.4916634e-08
      5320.00   2.4749624e-08
      5330.00   2.4584003e-08
      5340.00   2.4419758e-08
      5350.00   2.4256874e-08
      5360.00   2.4095339e-08
      5370.00   2.3935138e-08
      5380.00   2.3776260e-08
      5390.00   2.3618690e-08
      5400.00   2.3462414e-08
      5410.00   2.3307424e-08
      5420.00   2.3153704e-08
      5430.00   2.3001242e-08
      5440.00   2.2850028e-08
      5450.00   2.2700047e-08
      5460.00   2.2551285e-08
      5470.00   2.2403736e-08
      5480.00   2.2257384e-08
      5490.00   2.2112220e-08
      5500.00   2.1968229e-08
      5510.00   2.1825406e-08
      5520.00   2.1683733e-08
      5530.00   2.1543203e-08
      5540.00   2.1403801e-08
      5550.00   2.1265523e-08
      5560.00   2.1128350e-08
      5570.00   2.0992277e-08
      5580.00   2.0857295e-08
      5590.00   2.0723388e-08
      5600.00   2.0590547e-08
      5610.00   2.0458766e-08
      5620.00   2.0328030e-08
      5630.00   2.0198334e-08
      5640.00   2.0069665e-08
      5650.00   1.9942012e-08
      5660.00   1.9815369e-08
      5670.00   1.9689725e-08
      5680.00   1.9565070e-08
      5690.00   1.9441395e-08
      5700.00   1.9318690e-08
      5710.00   1.9196948e-08
      5720.00   1.9076160e-08
      5730.00   1.8956313e-08
      5740.00   1.8837405e-08
      5750.00   1.8719420e-08
      5760.00   1.8602354e-08
      5770.00   1.8486197e-08
      5780.00   1.8370942e-08
      5790.00   1.8256578e-08
      5800.00   1.8143099e-08
      5810.00   1.8030499e-08
      5820.00   1.7918765e-08
      5830.00   1.7807891e-08
      5840.00   1.7697870e-08
      5850.00   1.7588692e-08
      5860.00   1.7480352e-08
      5870.00   1.7372840e-08
      5880.00   1.7266150e-08
      5890.00   1.7160275e-08
      5900.00   1.7055206e-08
      5910.00   1.6950936e-08
      5920.00   1.6847458e-08
      5930.00   1.6744766e-08
      5940.00   1.6642851e-08
      5950.00   1.6541707e-08
      5960.00   1.6441327e-08
      5970.00   1.6341703e-08
      5980.00   1.6242830e-08
      5990.00   1.6144701e-08
      6000.00   1.6047308e-08
      6010.00   1.5950644e-08
      6020.00   1.5854705e-08
      6030.00   1.5759484e-08
      6040.00   1.5664972e-08
      6050.00   1.5571165e-08
      6060.00   1.5478056e-08
      6070.00   1.5385639e-08
      6080.00   1.5293909e-08
      6090.00   1.5202858e-08
      6100.00   1.5112481e-08
      6110.00   1.5022770e-08
      6120.00   1.4933724e-08
      6130.00   1.4845332e-08
      6140.00   1.4757591e-08
      6150.00   1.4670494e-08
      6160.00   1.4584037e-08
      6170.00   1.4498213e-08
      6180.00   1.4413016e-08
      6190.00   1.4328442e-08
      6200.00   1.4244486e-08
      6210.00   1.4161140e-08
      6220.00   1.4078400e-08
      6230.00   1.3996263e-08
      6240.00   1.3914721e-08
      6250.00   1.3833768e-08
      6260.00   1.3753402e-08
      6270.00   1.3673618e-08
      6280.00   1.3594407e-08
      6290.00   1.3515767e-08
      6300.00   1.3437693e-08
      6310.00   1.3360180e-08
      6320.00   1.3283224e-08
      6330.00   1.3206816e-08
      6340.00   1.3130956e-08
      6350.00   1.3055640e-08
      6360.00   1.2980859e-08
      6370.00   1.2906611e-08
      6380.00   1.2832891e-08
      6390.00   1.2759695e-08
      6400.00   1.2687018e-08
      6410.00   1.2614855e-08
      6420.00   1.2543203e-08
      6430.00   1.2472058e-08
      6440.00   1.2401415e-08
      6450.00   1.2331268e-08
      6460.00   1.2261615e-08
      6470.00   1.2192451e-08
      6480.00   1.2123773e-08
      6490.00   1.2055577e-08
      6500.00   1.1987856e-08
      6510.00   1.1920610e-08
      6520.00   1.1853833e-08
      6530.00   1.1787520e-08
      6540.00   1.1721669e-08
      6550.00   1.1656276e-08
      6560.00   1.1591337e-08
      6570.00   1.1526847e-08
      6580.00   1.1462804e-08
      6590.00   1.1399203e-08
      6600.00   1.1336042e-08
      6610.00   1.1273316e-08
      6620.00   1.1211021e-08
      6630.00   1.1149154e-08
      6640.00   1.1087713e-08
      6650.00   1.1026693e-08
      6660.00   1.0966090e-08
      6670.00   1.0905902e-08
      6680.00   1.0846125e-08
      6690.00   1.0786755e-08
      6700.00   1.0727790e-08
      6710.00   1.0669225e-08
      6720.00   1.0611059e-08
      6730.00   1.0553286e-08
      6740.00   1.0495906e-08
      6750.00   1.0438913e-08
      6760.00   1.0382306e-08
      6770.00   1.0326081e-08
      6780.00   1.0270234e-08
      6790.00   1.0214763e-08
      6800.00   1.0159665e-08
      6810.00   1.0104937e-08
      6820.00   1.0050576e-08
      6830.00   9.9965781e-09
      6840.00   9.9429413e-09
      6850.00   9.8896626e-09
      6860.00   9.8367397e-09
      6870.00   9.7841687e-09
      6880.00   9.7319479e-09
      6890.00   9.6800734e-09
      6900.00   9.6285423e-09
      6910.00   9.5773537e-09
      6920.00   9.5265045e-09
      6930.00   9.4759898e-09
      6940.00   9.4258093e-09
      6950.00   9.3759589e-09
      6960.00   9.3264364e-09
      6970.00   9.2772395e-09
      6980.00   9.2283663e-09
      6990.00   9.1798138e-09
      7000.00   9.1315781e-09
      7010.00   9.0836579e-09
      7020.00   9.0360510e-09
      7030.00   8.9887554e-09
      7040.00   8.9417667e-09
      7050.00   8.8950847e-09
      7060.00   8.8487056e-09
      7070.00   8.8026276e-09
      7080.00   8.7568476e-09
      7090.00   8.7113643e-09
      7100.00   8.6661752e-09
      7110.00   8.6212778e-09
      7120.00   8.5766704e-09
      7130.00   8.5323506e-09
      7140.00   8.4883145e-09
      7150.00   8.4445623e-09
      7160.00   8.4010904e-09
      7170.00   8.3578968e-09
      7180.00   8.3149799e-09
      7190.00   8.2723380e-09
      7200.00   8.2299674e-09
      7210.00   8.1878673e-09
      7220.00   8.1460362e-09
      7230.00   8.1044696e-09
      7240.00   8.0631686e-09
      7250.00   8.0221280e-09
      7260.00   7.9813479e-09
      7270.00   7.9408268e-09
      7280.00   7.9005605e-09
      7290.00   7.8605492e-09
      7300.00   7.8207904e-09
      7310.00   7.7812819e-09
      7320.00   7.7420212e-09
      7330.00   7.7030077e-09
      7340.00   7.6642384e-09
      7350.00   7.6257125e-09
      7360.00   7.5874278e-09
      7370.00   7.5493829e-09
      7380.00   7.5115741e-09
      7390.00   7.4740022e-09
      7400.00   7.4366636e-09
      7410.00   7.3995576e-09
      7420.00   7.3626822e-09
      7430.00   7.3260353e-09
      7440.00   7.2896156e-09
      7450.00   7.2534216e-09
      7460.00   7.2174515e-09
      7470.00   7.1817032e-09
      7480.00   7.1461755e-09
      7490.00   7.1108664e-09
      7500.00   7.0757752e-09
      7510.00   7.0408989e-09
      7520.00   7.0062367e-09
      7530.00   6.9717870e-09
      7540.00   6.9375489e-09
      7550.00   6.9035196e-09
      7560.00   6.8696983e-09
      7570.00   6.8360834e-09
      7580.00   6.8026724e-09
      7590.00   6.7694661e-09
      7600.00   6.7364614e-09
      7610.00   6.7036566e-09
      7620.00   6.6710513e-09
      7630.00   6.6386425e-09
      7640.00   6.6064310e-09
      7650.00   6.5744133e-09
      7660.00   6.5425895e-09
      7670.00   6.5109569e-09
      7680.00   6.4795150e-09
      7690.00   6.4482622e-09
      7700.00   6.4171974e-09
      7710.00   6.3863186e-09
      7720.00   6.3556247e-09
      7730.00   6.3251154e-09
      7740.00   6.2947880e-09
      7750.00   6.2646415e-09
      7760.00   6.2346751e-09
      7770.00   6.2048871e-09
      7780.00   6.1752763e-09
      7790.00   6.1458416e-09
      7800.00   6.1165817e-09
      7810.00   6.0874950e-09
      7820.00   6.0585812e-09
      7830.00   6.0298380e-09
      7840.00   6.0012649e-09
      7850.00   5.9728602e-09
      7860.00   5.9446229e-09
      7870.00   5.9165521e-09
      7880.00   5.8886462e-09
      7890.00   5.8609046e-09
      7900.00   5.8333253e-09
      7910.00   5.8059083e-09
      7920.00   5.7786513e-09
      7930.00   5.7515538e-09
      7940.00   5.7246147e-09
      7950.00   5.6978325e-09
      7960.00   5.6712072e-09
      7970.00   5.6447360e-09
      7980.00   5.6184192e-09
      7990.00   5.5922550e-09
      8000.00   5.5662425e-09
