      1600.00   1.0322281e-06
      1610.00   1.0175707e-06
      1620.00   1.0031297e-06
      1630.00   9.8890334e-07
      1640.00   9.7488877e-07
      1650.00   9.6108376e-07
      1660.00   9.4748581e-07
      1670.00   9.3409263e-07
      1680.00   9.2090149e-07
      1690.00   9.0791002e-07
      1700.00   8.9511575e-07
      1710.00   8.8251611e-07
      1720.00   8.7010852e-07
      1730.00   8.5789046e-07
      1740.00   8.4585929e-07
      1750.00   8.3401264e-07
      1760.00   8.2234782e-07
      1770.00   8.1086239e-07
      1780.00   7.9955378e-07
      1790.00   7.8841947e-07
      1800.00   7.7745691e-07
      1810.00   7.6666378e-07
      1820.00   7.5603727e-07
      1830.00   7.4557524e-07
      1840.00   7.3527509e-07
      1850.00   7.2513440e-07
      1860.00   7.1515077e-07
      1870.00   7.0532191e-07
      1880.00   6.9564530e-07
      1890.00   6.8611871e-07
      1900.00   6.7673976e-07
      1910.00   6.6750618e-07
      1920.00   6.5841567e-07
      1930.00   6.4946602e-07
      1940.00   6.4065508e-07
      1950.00   6.3198054e-07
      1960.00   6.2344032e-07
      1970.00   6.1503218e-07
      1980.00   6.0675414e-07
      1990.00   5.9860406e-07
      2000.00   5.9057982e-07
      2010.00   5.8267948e-07
      2020.00   5.7490100e-07
      2030.00   5.6724240e-07
      2040.00   5.5970179e-07
      2050.00   5.5227719e-07
      2060.00   5.4496672e-07
      2070.00   5.3776851e-07
      2080.00   5.3068082e-07
      2090.00   5.2370168e-07
      2100.00   5.1682941e-07
      2110.00   5.1006226e-07
      2120.00   5.0339846e-07
      2130.00   4.9683637e-07
      2140.00   4.9037423e-07
      2150.00   4.8401047e-07
      2160.00   4.7774343e-07
      2170.00   4.7157147e-07
      2180.00   4.6549313e-07
      2190.00   4.5950677e-07
      2200.00   4.5361091e-07
      2210.00   4.4780407e-07
      2220.00   4.4208472e-07
      2230.00   4.3645148e-07
      2240.00   4.3090285e-07
      2250.00   4.2543751e-07
      2260.00   4.2005405e-07
      2270.00   4.1475105e-07
      2280.00   4.0952730e-07
      2290.00   4.0438139e-07
      2300.00   3.9931209e-07
      2310.00   3.9431812e-07
      2320.00   3.8939823e-07
      2330.00   3.8455122e-07
      2340.00   3.7977583e-07
      2350.00   3.7507093e-07
      2360.00   3.7043536e-07
      2370.00   3.6586797e-07
      2380.00   3.6136761e-07
      2390.00   3.5693319e-07
      2400.00   3.5256367e-07
      2410.00   3.4825789e-07
      2420.00   3.4401490e-07
      2430.00   3.3983363e-07
      2440.00   3.3571307e-07
      2450.00   3.3165224e-07
      2460.00   3.2765018e-07
      2470.00   3.2370585e-07
      2480.00   3.1981834e-07
      2490.00   3.1598679e-07
      2500.00   3.1221024e-07
      2510.00   3.0848779e-07
      2520.00   3.0481859e-07
      2530.00   3.0120170e-07
      2540.00   2.9763638e-07
      2550.00   2.9412174e-07
      2560.00   2.9065695e-07
      2570.00   2.8724121e-07
      2580.00   2.8387375e-07
      2590.00   2.8055378e-07
      2600.00   2.7728055e-07
      2610.00   2.7405329e-07
      2620.00   2.7087128e-07
      2630.00   2.6773375e-07
      2640.00   2.6464004e-07
      2650.00   2.6158944e-07
      2660.00   2.5858126e-07
      2670.00   2.5561482e-07
      2680.00   2.5268946e-07
      2690.00   2.4980452e-07
      2700.00   2.4695934e-07
      2710.00   2.4415335e-07
      2720.00   2.4138590e-07
      2730.00   2.3865634e-07
      2740.00   2.3596414e-07
      2750.00   2.3330867e-07
      2760.00   2.3068939e-07
      2770.00   2.2810568e-07
      2780.00   2.2555702e-07
      2790.00   2.2304289e-07
      2800.00   2.2056267e-07
      2810.00   2.1811589e-07
      2820.00   2.1570204e-07
      2830.00   2.1332056e-07
      2840.00   2.1097098e-07
      2850.00   2.0865280e-07
      2860.00   2.0636556e-07
      2870.00   2.0410874e-07
      2880.00   2.0188188e-07
      2890.00   1.9968455e-07
      2900.00   1.9751626e-07
      2910.00   1.9537661e-07
      2920.00   1.9326512e-07
      2930.00   1.9118137e-07
      2940.00   1.8912495e-07
      2950.00   1.8709544e-07
      2960.00   1.8509241e-07
      2970.00   1.8311551e-07
      2980.00   1.8116430e-07
      2990.00   1.7923840e-07
      3000.00   1.7733744e-07
      3010.00   1.7546102e-07
      3020.00   1.7360881e-07
      3030.00   1.7178041e-07
      3040.00   1.6997550e-07
      3050.00   1.6819371e-07
      3060.00   1.6643469e-07
      3070.00   1.6469810e-07
      3080.00   1.6298361e-07
      3090.00   1.6129090e-07
      3100.00   1.5961965e-07
      3110.00   1.5796953e-07
      3120.00   1.5634025e-07
      3130.00   1.5473147e-07
      3140.00   1.5314292e-07
      3150.00   1.5157428e-07
      3160.00   1.5002529e-07
      3170.00   1.4849561e-07
      3180.00   1.4698502e-07
      3190.00   1.4549320e-07
      3200.00   1.4401990e-07
      3210.00   1.4256483e-07
      3220.00   1.4112776e-07
      3230.00   1.3970838e-07
      3240.00   1.3830647e-07
      3250.00   1.3692179e-07
      3260.00   1.3555407e-07
      3270.00   1.3420306e-07
      3280.00   1.3286855e-07
      3290.00   1.3155027e-07
      3300.00   1.3024802e-07
      3310.00   1.2896155e-07
      3320.00   1.2769064e-07
      3330.00   1.2643508e-07
      3340.00   1.2519465e-07
      3350.00   1.2396912e-07
      3360.00   1.2275830e-07
      3370.00   1.2156197e-07
      3380.00   1.2037994e-07
      3390.00   1.1921200e-07
      3400.00   1.1805795e-07
      3410.00   1.1691762e-07
      3420.00   1.1579078e-07
      3430.00   1.1467727e-07
      3440.00   1.1357690e-07
      3450.00   1.1248947e-07
      3460.00   1.1141485e-07
      3470.00   1.1035281e-07
      3480.00   1.0930319e-07
      3490.00   1.0826583e-07
      3500.00   1.0724056e-07
      3510.00   1.0622721e-07
      3520.00   1.0522562e-07
      3530.00   1.0423564e-07
      3540.00   1.0325709e-07
      3550.00   1.0228983e-07
      3560.00   1.0133370e-07
      3570.00   1.0038855e-07
      3580.00   9.9454243e-08
      3590.00   9.8530612e-08
      3600.00   9.7617532e-08
      3610.00   9.6714863e-08
      3620.00   9.5822447e-08
      3630.00   9.4940143e-08
      3640.00   9.4067841e-08
      3650.00   9.3205401e-08
      3660.00   9.2352680e-08
      3670.00   9.1509554e-08
      3680.00   9.0675903e-08
      3690.00   8.9851591e-08
      3700.00   8.9036503e-08
      3710.00   8.8230515e-08
      3720.00   8.7433499e-08
      3730.00   8.6645355e-08
      3740.00   8.5865951e-08
      3750.00   8.5095182e-08
      3760.00   8.4332922e-08
      3770.00   8.3579077e-08
      3780.00   8.2833526e-08
      3790.00   8.2096157e-08
      3800.00   8.1366890e-08
      3810.00   8.0645595e-08
      3820.00   7.9932173e-08
      3830.00   7.9226529e-08
      3840.00   7.8528554e-08
      3850.00   7.7838162e-08
      3860.00   7.7155242e-08
      3870.00   7.6479716e-08
      3880.00   7.5811474e-08
      3890.00   7.5150428e-08
      3900.00   7.4496488e-08
      3910.00   7.3849565e-08
      3920.00   7.3209566e-08
      3930.00   7.2576401e-08
      3940.00   7.1949991e-08
      3950.00   7.1330249e-08
      3960.00   7.0717093e-08
      3970.00   7.0110434e-08
      3980.00   6.9510200e-08
      3990.00   6.8916298e-08
      4000.00   6.8328655e-08
      4010.00   6.7747197e-08
      4020.00   6.7171842e-08
      4030.00   6.6602519e-08
      4040.00   6.6039145e-08
      4050.00   6.5481657e-08
      4060.00   6.4929970e-08
      4070.00   6.4384026e-08
      4080.00   6.3843746e-08
      4090.00   6.3309060e-08
      4100.00   6.2779907e-08
      4110.00   6.2256213e-08
      4120.00   6.1737908e-08
      4130.00   6.1224935e-08
      4140.00   6.0717219e-08
      4150.00   6.0214713e-08
      4160.00   5.9717337e-08
      4170.00   5.9225032e-08
      4180.00   5.8737741e-08
      4190.00   5.8255401e-08
      4200.00   5.7777956e-08
      4210.00   5.7305352e-08
      4220.00   5.6837511e-08
      4230.00   5.6374398e-08
      4240.00   5.5915938e-08
      4250.00   5.5462092e-08
      4260.00   5.5012798e-08
      4270.00   5.4567997e-08
      4280.00   5.4127645e-08
      4290.00   5.3691685e-08
      4300.00   5.3260064e-08
      4310.00   5.2832732e-08
      4320.00   5.2409638e-08
      4330.00   5.1990729e-08
      4340.00   5.1575961e-08
      4350.00   5.1165287e-08
      4360.00   5.0758655e-08
      4370.00   5.0356019e-08
      4380.00   4.9957330e-08
      4390.00   4.9562547e-08
      4400.00   4.9171619e-08
      4410.00   4.8784511e-08
      4420.00   4.8401164e-08
      4430.00   4.8021545e-08
      4440.00   4.7645610e-08
      4450.00   4.7273317e-08
      4460.00   4.6904621e-08
      4470.00   4.6539482e-08
      4480.00   4.6177858e-08
      4490.00   4.5819713e-08
      4500.00   4.5465005e-08
      4510.00   4.5113691e-08
      4520.00   4.4765743e-08
      4530.00   4.4421109e-08
      4540.00   4.4079760e-08
      4550.00   4.3741660e-08
      4560.00   4.3406768e-08
      4570.00   4.3075046e-08
      4580.00   4.2746465e-08
      4590.00   4.2420986e-08
      4600.00   4.2098575e-08
      4610.00   4.1779199e-08
      4620.00   4.1462819e-08
      4630.00   4.1149405e-08
      4640.00   4.0838927e-08
      4650.00   4.0531350e-08
      4660.00   4.0226640e-08
      4670.00   3.9924764e-08
      4680.00   3.9625695e-08
      4690.00   3.9329402e-08
      4700.00   3.9035848e-08
      4710.00   3.8745013e-08
      4720.00   3.8456857e-08
      4730.00   3.8171356e-08
      4740.00   3.7888485e-08
      4750.00   3.7608205e-08
      4760.00   3.7330496e-08
      4770.00   3.7055327e-08
      4780.00   3.6782669e-08
      4790.00   3.6512499e-08
      4800.00   3.6244786e-08
      4810.00   3.5979503e-08
      4820.00   3.5716626e-08
      4830.00   3.5456130e-08
      4840.00   3.5197988e-08
      4850.00   3.4942175e-08
      4860.00   3.4688666e-08
      4870.00   3.4437437e-08
      4880.00   3.4188461e-08
      4890.00   3.3941717e-08
      4900.00   3.3697180e-08
      4910.00   3.3454826e-08
      4920.00   3.3214637e-08
      4930.00   3.2976577e-08
      4940.00   3.2740638e-08
      4950.00   3.2506788e-08
      4960.00   3.2275008e-08
      4970.00   3.2045279e-08
      4980.00   3.1817577e-08
      4990.00   3.1591881e-08
      5000.00   3.1368169e-08
      5010.00   3.1146422e-08
      5020.00   3.0926617e-08
      5030.00   3.0708736e-08
      5040.00   3.0492761e-08
      5050.00   3.0278665e-08
      5060.00   3.0066433e-08
      5070.00   2.9856051e-08
      5080.00   2.9647489e-08
      5090.00   2.9440737e-08
      5100.00   2.9235773e-08
      5110.00   2.9032577e-08
      5120.00   2.8831133e-08
      5130.00   2.8631421e-08
      5140.00   2.8433428e-08
      5150.00   2.8237131e-08
      5160.00   2.8042517e-08
      5170.00   2.7849566e-08
      5180.00   2.7658261e-08
      5190.00   2.7468588e-08
      5200.00   2.7280528e-08
      5210.00   2.7094065e-08
      5220.00   2.6909182e-08
      5230.00   2.6725865e-08
      5240.00   2.6544099e-08
      5250.00   2.6363865e-08
      5260.00   2.6185149e-08
      5270.00   2.6007936e-08
      5280.00   2.5832212e-08
      5290.00   2.5657962e-08
      5300.00   2.5485169e-08
      5310.00   2.5313822e-08
      5320.00   2.5143904e-08
      5330.00   2.4975400e-08
      5340.00   2.4808299e-08
      5350.00   2.4642586e-08
      5360.00   2.4478246e-08
      5370.00   2.4315266e-08
      5380.00   2.4153634e-08
      5390.00   2.3993334e-08
      5400.00   2.3834353e-08
      5410.00   2.3676682e-08
      5420.00   2.3520305e-08
      5430.00   2.3365211e-08
      5440.00   2.3211387e-08
      5450.00   2.3058820e-08
      5460.00   2.2907495e-08
      5470.00   2.2757405e-08
      5480.00   2.2608535e-08
      5490.00   2.2460876e-08
      5500.00   2.2314411e-08
      5510.00   2.2169136e-08
      5520.00   2.2025034e-08
      5530.00   2.1882094e-08
      5540.00   2.1740305e-08
      5550.00   2.1599659e-08
      5560.00   2.1460140e-08
      5570.00   2.1321742e-08
      5580.00   2.1184454e-08
      5590.00   2.1048261e-08
      5600.00   2.0913155e-08
      5610.00   2.0779128e-08
      5620.00   2.0646166e-08
      5630.00   2.0514262e-08
      5640.00   2.0383405e-08
      5650.00   2.0253582e-08
      5660.00   2.0124788e-08
      5670.00   1.9997011e-08
      5680.00   1.9870242e-08
      5690.00   1.9744471e-08
      5700.00   1.9619689e-08
      5710.00   1.9495885e-08
      5720.00   1.9373055e-08
      5730.00   1.9251182e-08
      5740.00   1.9130265e-08
      5750.00   1.9010289e-08
      5760.00   1.8891248e-08
      5770.00   1.8773134e-08
      5780.00   1.8655937e-08
      5790.00   1.8539648e-08
      5800.00   1.8424260e-08
      5810.00   1.8309767e-08
      5820.00   1.8196156e-08
      5830.00   1.8083421e-08
      5840.00   1.7971553e-08
      5850.00   1.7860545e-08
      5860.00   1.7750389e-08
      5870.00   1.7641078e-08
      5880.00   1.7532603e-08
      5890.00   1.7424957e-08
      5900.00   1.7318132e-08
      5910.00   1.7212121e-08
      5920.00   1.7106915e-08
      5930.00   1.7002510e-08
      5940.00   1.6898897e-08
      5950.00   1.6796067e-08
      5960.00   1.6694016e-08
      5970.00   1.6592735e-08
      5980.00   1.6492218e-08
      5990.00   1.6392458e-08
      6000.00   1.6293448e-08
      6010.00   1.6195180e-08
      6020.00   1.6097649e-08
      6030.00   1.6000849e-08
      6040.00   1.5904772e-08
      6050.00   1.5809412e-08
      6060.00   1.5714762e-08
      6070.00   1.5620818e-08
      6080.00   1.5527572e-08
      6090.00   1.5435017e-08
      6100.00   1.5343148e-08
      6110.00   1.5251958e-08
      6120.00   1.5161444e-08
      6130.00   1.5071595e-08
      6140.00   1.4982410e-08
      6150.00   1.4893880e-08
      6160.00   1.4806000e-08
      6170.00   1.4718766e-08
      6180.00   1.4632170e-08
      6190.00   1.4546207e-08
      6200.00   1.4460873e-08
      6210.00   1.4376161e-08
      6220.00   1.4292065e-08
      6230.00   1.4208583e-08
      6240.00   1.4125706e-08
      6250.00   1.4043429e-08
      6260.00   1.3961749e-08
      6270.00   1.3880661e-08
      6280.00   1.3800157e-08
      6290.00   1.3720233e-08
      6300.00   1.3640886e-08
      6310.00   1.3562109e-08
      6320.00   1.3483899e-08
      6330.00   1.3406247e-08
      6340.00   1.3329152e-08
      6350.00   1.3252611e-08
      6360.00   1.3176614e-08
      6370.00   1.3101160e-08
      6380.00   1.3026243e-08
      6390.00   1.2951859e-08
      6400.00   1.2878003e-08
      6410.00   1.2804670e-08
      6420.00   1.2731857e-08
      6430.00   1.2659560e-08
      6440.00   1.2587773e-08
      6450.00   1.2516492e-08
      6460.00   1.2445713e-08
      6470.00   1.2375432e-08
      6480.00   1.2305644e-08
      6490.00   1.2236347e-08
      6500.00   1.2167534e-08
      6510.00   1.2099204e-08
      6520.00   1.2031350e-08
      6530.00   1.1963969e-08
      6540.00   1.1897058e-08
      6550.00   1.1830613e-08
      6560.00   1.1764629e-08
      6570.00   1.1699103e-08
      6580.00   1.1634031e-08
      6590.00   1.1569410e-08
      6600.00   1.1505235e-08
      6610.00   1.1441502e-08
      6620.00   1.1378209e-08
      6630.00   1.1315351e-08
      6640.00   1.1252926e-08
      6650.00   1.1190929e-08
      6660.00   1.1129357e-08
      6670.00   1.1068206e-08
      6680.00   1.1007474e-08
      6690.00   1.0947155e-08
      6700.00   1.0887249e-08
      6710.00   1.0827750e-08
      6720.00   1.0768656e-08
      6730.00   1.0709962e-08
      6740.00   1.0651668e-08
      6750.00   1.0593767e-08
      6760.00   1.0536259e-08
      6770.00   1.0479139e-08
      6780.00   1.0422404e-08
      6790.00   1.0366052e-08
      6800.00   1.0310078e-08
      6810.00   1.0254481e-08
      6820.00   1.0199257e-08
      6830.00   1.0144403e-08
      6840.00   1.0089916e-08
      6850.00   1.0035793e-08
      6860.00   9.9820322e-09
      6870.00   9.9286289e-09
      6880.00   9.8755817e-09
      6890.00   9.8228867e-09
      6900.00   9.7705410e-09
      6910.00   9.7185436e-09
      6920.00   9.6668913e-09
      6930.00   9.6155791e-09
      6940.00   9.5646069e-09
      6950.00   9.5139703e-09
      6960.00   9.4636671e-09
      6970.00   9.4136951e-09
      6980.00   9.3640521e-09
      6990.00   9.3147353e-09
      7000.00   9.2657408e-09
      7010.00   9.2170669e-09
      7020.00   9.1687116e-09
      7030.00   9.1206729e-09
      7040.00   9.0729462e-09
      7050.00   9.0255314e-09
      7060.00   8.9784246e-09
      7070.00   8.9316240e-09
      7080.00   8.8851263e-09
      7090.00   8.8389303e-09
      7100.00   8.7930334e-09
      7110.00   8.7474332e-09
      7120.00   8.7021278e-09
      7130.00   8.6571148e-09
      7140.00   8.6123902e-09
      7150.00   8.5679544e-09
      7160.00   8.5238034e-09
      7170.00   8.4799355e-09
      7180.00   8.4363488e-09
      7190.00   8.3930417e-09
      7200.00   8.3500105e-09
      7210.00   8.3072543e-09
      7220.00   8.2647715e-09
      7230.00   8.2225577e-09
      7240.00   8.1806138e-09
      7250.00   8.1389347e-09
      7260.00   8.0975205e-09
      7270.00   8.0563695e-09
      7280.00   8.0154775e-09
      7290.00   7.9748448e-09
      7300.00   7.9344688e-09
      7310.00   7.8943472e-09
      7320.00   7.8544776e-09
      7330.00   7.8148592e-09
      7340.00   7.7754891e-09
      7350.00   7.7363664e-09
      7360.00   7.6974889e-09
      7370.00   7.6588551e-09
      7380.00   7.6204613e-09
      7390.00   7.5823084e-09
      7400.00   7.5443926e-09
      7410.00   7.5067132e-09
      7420.00   7.4692683e-09
      7430.00   7.4320556e-09
      7440.00   7.3950738e-09
      7450.00   7.3583215e-09
      7460.00   7.3217968e-09
      7470.00   7.2854975e-09
      7480.00   7.2494224e-09
      7490.00   7.2135694e-09
      7500.00   7.1779381e-09
      7510.00   7.1425251e-09
      7520.00   7.1073297e-09
      7530.00   7.0723503e-09
      7540.00   7.0375860e-09
      7550.00   7.0030338e-09
      7560.00   6.9686932e-09
      7570.00   6.9345623e-09
      7580.00   6.9006386e-09
      7590.00   6.8669229e-09
      7600.00   6.8334122e-09
      7610.00   6.8001046e-09
      7620.00   6.7669998e-09
      7630.00   6.7340947e-09
      7640.00   6.7013901e-09
      7650.00   6.6688825e-09
      7660.00   6.6365719e-09
      7670.00   6.6044556e-09
      7680.00   6.5725331e-09
      7690.00   6.5408028e-09
      7700.00   6.5092636e-09
      7710.00   6.4779134e-09
      7720.00   6.4467511e-09
      7730.00   6.4157764e-09
      7740.00   6.3849865e-09
      7750.00   6.3543805e-09
      7760.00   6.3239575e-09
      7770.00   6.2937158e-09
      7780.00   6.2636542e-09
      7790.00   6.2337715e-09
      7800.00   6.2040664e-09
      7810.00   6.1745374e-09
      7820.00   6.1451841e-09
      7830.00   6.1160040e-09
      7840.00   6.0869969e-09
      7850.00   6.0581608e-09
      7860.00   6.0294949e-09
      7870.00   6.0009982e-09
      7880.00   5.9726689e-09
      7890.00   5.9445068e-09
      7900.00   5.9165094e-09
      7910.00   5.8886770e-09
      7920.00   5.8610072e-09
      7930.00   5.8334994e-09
      7940.00   5.8061526e-09
      7950.00   5.7789653e-09
      7960.00   5.7519373e-09
      7970.00   5.7250658e-09
      7980.00   5.6983514e-09
      7990.00   5.6717919e-09
      8000.00   5.6453866e-09
