      1600.00   1.0789684e-06
      1610.00   1.0634220e-06
      1620.00   1.0481113e-06
      1630.00   1.0330342e-06
      1640.00   1.0181873e-06
      1650.00   1.0035681e-06
      1660.00   9.8917358e-07
      1670.00   9.7500107e-07
      1680.00   9.6104743e-07
      1690.00   9.4730991e-07
      1700.00   9.3378565e-07
      1710.00   9.2047172e-07
      1720.00   9.0736517e-07
      1730.00   8.9446311e-07
      1740.00   8.8176256e-07
      1750.00   8.6926082e-07
      1760.00   8.5695485e-07
      1770.00   8.4484191e-07
      1780.00   8.3291909e-07
      1790.00   8.2118356e-07
      1800.00   8.0963248e-07
      1810.00   7.9826324e-07
      1820.00   7.8707271e-07
      1830.00   7.7605851e-07
      1840.00   7.6521774e-07
      1850.00   7.5454772e-07
      1860.00   7.4404579e-07
      1870.00   7.3370939e-07
      1880.00   7.2353578e-07
      1890.00   7.1352245e-07
      1900.00   7.0366681e-07
      1910.00   6.9396635e-07
      1920.00   6.8441854e-07
      1930.00   6.7502096e-07
      1940.00   6.6577123e-07
      1950.00   6.5666685e-07
      1960.00   6.4770552e-07
      1970.00   6.3888480e-07
      1980.00   6.3020252e-07
      1990.00   6.2165637e-07
      2000.00   6.1324400e-07
      2010.00   6.0496332e-07
      2020.00   5.9681211e-07
      2030.00   5.8878821e-07
      2040.00   5.8088956e-07
      2050.00   5.7311404e-07
      2060.00   5.6545958e-07
      2070.00   5.5792418e-07
      2080.00   5.5050593e-07
      2090.00   5.4320271e-07
      2100.00   5.3601270e-07
      2110.00   5.2893402e-07
      2120.00   5.2196474e-07
      2130.00   5.1510311e-07
      2140.00   5.0834722e-07
      2150.00   5.0169538e-07
      2160.00   4.9514580e-07
      2170.00   4.8869673e-07
      2180.00   4.8234657e-07
      2190.00   4.7609359e-07
      2200.00   4.6993618e-07
      2210.00   4.6387274e-07
      2220.00   4.5790165e-07
      2230.00   4.5202141e-07
      2240.00   4.4623045e-07
      2250.00   4.4052730e-07
      2260.00   4.3491049e-07
      2270.00   4.2937849e-07
      2280.00   4.2393000e-07
      2290.00   4.1856351e-07
      2300.00   4.1327772e-07
      2310.00   4.0807124e-07
      2320.00   4.0294275e-07
      2330.00   3.9789096e-07
      2340.00   3.9291454e-07
      2350.00   3.8801227e-07
      2360.00   3.8318290e-07
      2370.00   3.7842524e-07
      2380.00   3.7373805e-07
      2390.00   3.6912016e-07
      2400.00   3.6457046e-07
      2410.00   3.6008773e-07
      2420.00   3.5567096e-07
      2430.00   3.5131900e-07
      2440.00   3.4703077e-07
      2450.00   3.4280525e-07
      2460.00   3.3864140e-07
      2470.00   3.3453813e-07
      2480.00   3.3049448e-07
      2490.00   3.2650952e-07
      2500.00   3.2258222e-07
      2510.00   3.1871165e-07
      2520.00   3.1489691e-07
      2530.00   3.1113700e-07
      2540.00   3.0743111e-07
      2550.00   3.0377834e-07
      2560.00   3.0017777e-07
      2570.00   2.9662859e-07
      2580.00   2.9312996e-07
      2590.00   2.8968104e-07
      2600.00   2.8628106e-07
      2610.00   2.8292918e-07
      2620.00   2.7962466e-07
      2630.00   2.7636668e-07
      2640.00   2.7315454e-07
      2650.00   2.6998748e-07
      2660.00   2.6686480e-07
      2670.00   2.6378574e-07
      2680.00   2.6074965e-07
      2690.00   2.5775580e-07
      2700.00   2.5480351e-07
      2710.00   2.5189216e-07
      2720.00   2.4902108e-07
      2730.00   2.4618959e-07
      2740.00   2.4339712e-07
      2750.00   2.4064300e-07
      2760.00   2.3792669e-07
      2770.00   2.3524750e-07
      2780.00   2.3260491e-07
      2790.00   2.2999834e-07
      2800.00   2.2742717e-07
      2810.00   2.2489090e-07
      2820.00   2.2238899e-07
      2830.00   2.1992084e-07
      2840.00   2.1748598e-07
      2850.00   2.1508385e-07
      2860.00   2.1271399e-07
      2870.00   2.1037585e-07
      2880.00   2.0806894e-07
      2890.00   2.0579281e-07
      2900.00   2.0354695e-07
      2910.00   2.0133095e-07
      2920.00   1.9914428e-07
      2930.00   1.9698651e-07
      2940.00   1.9485722e-07
      2950.00   1.9275595e-07
      2960.00   1.9068227e-07
      2970.00   1.8863580e-07
      2980.00   1.8661607e-07
      2990.00   1.8462270e-07
      3000.00   1.8265530e-07
      3010.00   1.8071344e-07
      3020.00   1.7879678e-07
      3030.00   1.7690489e-07
      3040.00   1.7503745e-07
      3050.00   1.7319406e-07
      3060.00   1.7137437e-07
      3070.00   1.6957801e-07
      3080.00   1.6780464e-07
      3090.00   1.6605392e-07
      3100.00   1.6432551e-07
      3110.00   1.6261907e-07
      3120.00   1.6093431e-07
      3130.00   1.5927085e-07
      3140.00   1.5762843e-07
      3150.00   1.5600670e-07
      3160.00   1.5440540e-07
      3170.00   1.5282415e-07
      3180.00   1.5126276e-07
      3190.00   1.4972085e-07
      3200.00   1.4819819e-07
      3210.00   1.4669447e-07
      3220.00   1.4520944e-07
      3230.00   1.4374279e-07
      3240.00   1.4229429e-07
      3250.00   1.4086367e-07
      3260.00   1.3945066e-07
      3270.00   1.3805501e-07
      3280.00   1.3667648e-07
      3290.00   1.3531480e-07
      3300.00   1.3396976e-07
      3310.00   1.3264110e-07
      3320.00   1.3132858e-07
      3330.00   1.3003200e-07
      3340.00   1.2875112e-07
      3350.00   1.2748569e-07
      3360.00   1.2623552e-07
      3370.00   1.2500040e-07
      3380.00   1.2378009e-07
      3390.00   1.2257441e-07
      3400.00   1.2138313e-07
      3410.00   1.2020607e-07
      3420.00   1.1904302e-07
      3430.00   1.1789378e-07
      3440.00   1.1675816e-07
      3450.00   1.1563596e-07
      3460.00   1.1452703e-07
      3470.00   1.1343114e-07
      3480.00   1.1234813e-07
      3490.00   1.1127783e-07
      3500.00   1.1022006e-07
      3510.00   1.0917464e-07
      3520.00   1.0814141e-07
      3530.00   1.0712020e-07
      3540.00   1.0611083e-07
      3550.00   1.0511316e-07
      3560.00   1.0412702e-07
      3570.00   1.0315226e-07
      3580.00   1.0218872e-07
      3590.00   1.0123624e-07
      3600.00   1.0029468e-07
      3610.00   9.9363910e-08
      3620.00   9.8443755e-08
      3630.00   9.7534069e-08
      3640.00   9.6634737e-08
      3650.00   9.5745617e-08
      3660.00   9.4866556e-08
      3670.00   9.3997428e-08
      3680.00   9.3138107e-08
      3690.00   9.2288451e-08
      3700.00   9.1448341e-08
      3710.00   9.0617648e-08
      3720.00   8.9796240e-08
      3730.00   8.8984012e-08
      3740.00   8.8180826e-08
      3750.00   8.7386574e-08
      3760.00   8.6601125e-08
      3770.00   8.5824381e-08
      3780.00   8.5056216e-08
      3790.00   8.4296515e-08
      3800.00   8.3545192e-08
      3810.00   8.2802114e-08
      3820.00   8.2067179e-08
      3830.00   8.1340286e-08
      3840.00   8.0621324e-08
      3850.00   7.9910202e-08
      3860.00   7.9206805e-08
      3870.00   7.8511054e-08
      3880.00   7.7822831e-08
      3890.00   7.7142048e-08
      3900.00   7.6468610e-08
      3910.00   7.5802425e-08
      3920.00   7.5143397e-08
      3930.00   7.4491431e-08
      3940.00   7.3846447e-08
      3950.00   7.3208353e-08
      3960.00   7.2577065e-08
      3970.00   7.1952490e-08
      3980.00   7.1334553e-08
      3990.00   7.0723159e-08
      4000.00   7.0118231e-08
      4010.00   6.9519692e-08
      4020.00   6.8927457e-08
      4030.00   6.8341454e-08
      4040.00   6.7761596e-08
      4050.00   6.7187817e-08
      4060.00   6.6620029e-08
      4070.00   6.6058173e-08
      4080.00   6.5502165e-08
      4090.00   6.4951934e-08
      4100.00   6.4407417e-08
      4110.00   6.3868536e-08
      4120.00   6.3335219e-08
      4130.00   6.2807408e-08
      4140.00   6.2285024e-08
      4150.00   6.1768018e-08
      4160.00   6.1256308e-08
      4170.00   6.0749833e-08
      4180.00   6.0248533e-08
      4190.00   5.9752343e-08
      4200.00   5.9261206e-08
      4210.00   5.8775065e-08
      4220.00   5.8293839e-08
      4230.00   5.7817492e-08
      4240.00   5.7345947e-08
      4250.00   5.6879163e-08
      4260.00   5.6417076e-08
      4270.00   5.5959624e-08
      4280.00   5.5506763e-08
      4290.00   5.5058433e-08
      4300.00   5.4614579e-08
      4310.00   5.4175150e-08
      4320.00   5.3740093e-08
      4330.00   5.3309353e-08
      4340.00   5.2882884e-08
      4350.00   5.2460637e-08
      4360.00   5.2042560e-08
      4370.00   5.1628603e-08
      4380.00   5.1218717e-08
      4390.00   5.0812860e-08
      4400.00   5.0410977e-08
      4410.00   5.0013034e-08
      4420.00   4.9618969e-08
      4430.00   4.9228748e-08
      4440.00   4.8842324e-08
      4450.00   4.8459657e-08
      4460.00   4.8080696e-08
      4470.00   4.7705404e-08
      4480.00   4.7333735e-08
      4490.00   4.6965651e-08
      4500.00   4.6601111e-08
      4510.00   4.6240070e-08
      4520.00   4.5882498e-08
      4530.00   4.5528341e-08
      4540.00   4.5177570e-08
      4550.00   4.4830147e-08
      4560.00   4.4486031e-08
      4570.00   4.4145182e-08
      4580.00   4.3807569e-08
      4590.00   4.3473152e-08
      4600.00   4.3141898e-08
      4610.00   4.2813770e-08
      4620.00   4.2488729e-08
      4630.00   4.2166743e-08
      4640.00   4.1847784e-08
      4650.00   4.1531811e-08
      4660.00   4.1218793e-08
      4670.00   4.0908694e-08
      4680.00   4.0601488e-08
      4690.00   4.0297140e-08
      4700.00   3.9995614e-08
      4710.00   3.9696888e-08
      4720.00   3.9400922e-08
      4730.00   3.9107690e-08
      4740.00   3.8817166e-08
      4750.00   3.8529311e-08
      4760.00   3.8244105e-08
      4770.00   3.7961513e-08
      4780.00   3.7681507e-08
      4790.00   3.7404063e-08
      4800.00   3.7129149e-08
      4810.00   3.6856738e-08
      4820.00   3.6586802e-08
      4830.00   3.6319320e-08
      4840.00   3.6054261e-08
      4850.00   3.5791599e-08
      4860.00   3.5531309e-08
      4870.00   3.5273366e-08
      4880.00   3.5017743e-08
      4890.00   3.4764417e-08
      4900.00   3.4513363e-08
      4910.00   3.4264556e-08
      4920.00   3.4017977e-08
      4930.00   3.3773590e-08
      4940.00   3.3531386e-08
      4950.00   3.3291333e-08
      4960.00   3.3053408e-08
      4970.00   3.2817595e-08
      4980.00   3.2583869e-08
      4990.00   3.2352205e-08
      5000.00   3.2122584e-08
      5010.00   3.1894986e-08
      5020.00   3.1669385e-08
      5030.00   3.1445764e-08
      5040.00   3.1224103e-08
      5050.00   3.1004377e-08
      5060.00   3.0786569e-08
      5070.00   3.0570662e-08
      5080.00   3.0356630e-08
      5090.00   3.0144458e-08
      5100.00   2.9934127e-08
      5110.00   2.9725615e-08
      5120.00   2.9518904e-08
      5130.00   2.9313975e-08
      5140.00   2.9110814e-08
      5150.00   2.8909398e-08
      5160.00   2.8709713e-08
      5170.00   2.8511738e-08
      5180.00   2.8315456e-08
      5190.00   2.8120853e-08
      5200.00   2.7927908e-08
      5210.00   2.7736606e-08
      5220.00   2.7546930e-08
      5230.00   2.7358863e-08
      5240.00   2.7172391e-08
      5250.00   2.6987494e-08
      5260.00   2.6804159e-08
      5270.00   2.6622369e-08
      5280.00   2.6442111e-08
      5290.00   2.6263367e-08
      5300.00   2.6086122e-08
      5310.00   2.5910364e-08
      5320.00   2.5736074e-08
      5330.00   2.5563239e-08
      5340.00   2.5391845e-08
      5350.00   2.5221878e-08
      5360.00   2.5053324e-08
      5370.00   2.4886167e-08
      5380.00   2.4720396e-08
      5390.00   2.4555994e-08
      5400.00   2.4392949e-08
      5410.00   2.4231250e-08
      5420.00   2.4070880e-08
      5430.00   2.3911829e-08
      5440.00   2.3754084e-08
      5450.00   2.3597630e-08
      5460.00   2.3442453e-08
      5470.00   2.3288546e-08
      5480.00   2.3135892e-08
      5490.00   2.2984483e-08
      5500.00   2.2834301e-08
      5510.00   2.2685341e-08
      5520.00   2.2537587e-08
      5530.00   2.2391028e-08
      5540.00   2.2245650e-08
      5550.00   2.2101449e-08
      5560.00   2.1958403e-08
      5570.00   2.1816510e-08
      5580.00   2.1675758e-08
      5590.00   2.1536131e-08
      5600.00   2.1397621e-08
      5610.00   2.1260219e-08
      5620.00   2.1123911e-08
      5630.00   2.0988690e-08
      5640.00   2.0854545e-08
      5650.00   2.0721463e-08
      5660.00   2.0589438e-08
      5670.00   2.0458456e-08
      5680.00   2.0328511e-08
      5690.00   2.0199590e-08
      5700.00   2.0071685e-08
      5710.00   1.9944786e-08
      5720.00   1.9818886e-08
      5730.00   1.9693970e-08
      5740.00   1.9570035e-08
      5750.00   1.9447067e-08
      5760.00   1.9325060e-08
      5770.00   1.9204004e-08
      5780.00   1.9083890e-08
      5790.00   1.8964709e-08
      5800.00   1.8846453e-08
      5810.00   1.8729116e-08
      5820.00   1.8612684e-08
      5830.00   1.8497152e-08
      5840.00   1.8382512e-08
      5850.00   1.8268753e-08
      5860.00   1.8155870e-08
      5870.00   1.8043854e-08
      5880.00   1.7932696e-08
      5890.00   1.7822391e-08
      5900.00   1.7712928e-08
      5910.00   1.7604300e-08
      5920.00   1.7496499e-08
      5930.00   1.7389521e-08
      5940.00   1.7283356e-08
      5950.00   1.7177995e-08
      5960.00   1.7073433e-08
      5970.00   1.6969662e-08
      5980.00   1.6866675e-08
      5990.00   1.6764466e-08
      6000.00   1.6663026e-08
      6010.00   1.6562348e-08
      6020.00   1.6462427e-08
      6030.00   1.6363256e-08
      6040.00   1.6264827e-08
      6050.00   1.6167134e-08
      6060.00   1.6070170e-08
      6070.00   1.5973930e-08
      6080.00   1.5878407e-08
      6090.00   1.5783593e-08
      6100.00   1.5689483e-08
      6110.00   1.5596070e-08
      6120.00   1.5503351e-08
      6130.00   1.5411315e-08
      6140.00   1.5319960e-08
      6150.00   1.5229277e-08
      6160.00   1.5139261e-08
      6170.00   1.5049908e-08
      6180.00   1.4961210e-08
      6190.00   1.4873161e-08
      6200.00   1.4785759e-08
      6210.00   1.4698993e-08
      6220.00   1.4612861e-08
      6230.00   1.4527358e-08
      6240.00   1.4442476e-08
      6250.00   1.4358210e-08
      6260.00   1.4274557e-08
      6270.00   1.4191510e-08
      6280.00   1.4109063e-08
      6290.00   1.4027211e-08
      6300.00   1.3945951e-08
      6310.00   1.3865276e-08
      6320.00   1.3785183e-08
      6330.00   1.3705662e-08
      6340.00   1.3626713e-08
      6350.00   1.3548331e-08
      6360.00   1.3470509e-08
      6370.00   1.3393242e-08
      6380.00   1.3316527e-08
      6390.00   1.3240359e-08
      6400.00   1.3164732e-08
      6410.00   1.3089642e-08
      6420.00   1.3015086e-08
      6430.00   1.2941058e-08
      6440.00   1.2867554e-08
      6450.00   1.2794568e-08
      6460.00   1.2722098e-08
      6470.00   1.2650138e-08
      6480.00   1.2578685e-08
      6490.00   1.2507734e-08
      6500.00   1.2437281e-08
      6510.00   1.2367322e-08
      6520.00   1.2297852e-08
      6530.00   1.2228867e-08
      6540.00   1.2160363e-08
      6550.00   1.2092339e-08
      6560.00   1.2024786e-08
      6570.00   1.1957703e-08
      6580.00   1.1891086e-08
      6590.00   1.1824931e-08
      6600.00   1.1759233e-08
      6610.00   1.1693990e-08
      6620.00   1.1629197e-08
      6630.00   1.1564850e-08
      6640.00   1.1500947e-08
      6650.00   1.1437484e-08
      6660.00   1.1374455e-08
      6670.00   1.1311859e-08
      6680.00   1.1249693e-08
      6690.00   1.1187949e-08
      6700.00   1.1126629e-08
      6710.00   1.1065727e-08
      6720.00   1.1005239e-08
      6730.00   1.0945163e-08
      6740.00   1.0885495e-08
      6750.00   1.0826232e-08
      6760.00   1.0767370e-08
      6770.00   1.0708908e-08
      6780.00   1.0650839e-08
      6790.00   1.0593162e-08
      6800.00   1.0535874e-08
      6810.00   1.0478973e-08
      6820.00   1.0422453e-08
      6830.00   1.0366313e-08
      6840.00   1.0310548e-08
      6850.00   1.0255158e-08
      6860.00   1.0200138e-08
      6870.00   1.0145484e-08
      6880.00   1.0091196e-08
      6890.00   1.0037269e-08
      6900.00   9.9837003e-09
      6910.00   9.9304881e-09
      6920.00   9.8776298e-09
      6930.00   9.8251202e-09
      6940.00   9.7729589e-09
      6950.00   9.7211417e-09
      6960.00   9.6696662e-09
      6970.00   9.6185302e-09
      6980.00   9.5677314e-09
      6990.00   9.5172669e-09
      7000.00   9.4671326e-09
      7010.00   9.4173271e-09
      7020.00   9.3678480e-09
      7030.00   9.3186934e-09
      7040.00   9.2698586e-09
      7050.00   9.2213433e-09
      7060.00   9.1731438e-09
      7070.00   9.1252580e-09
      7080.00   9.0776827e-09
      7090.00   9.0304165e-09
      7100.00   8.9834569e-09
      7110.00   8.9368012e-09
      7120.00   8.8904477e-09
      7130.00   8.8443938e-09
      7140.00   8.7986354e-09
      7150.00   8.7531729e-09
      7160.00   8.7080023e-09
      7170.00   8.6631218e-09
      7180.00   8.6185294e-09
      7190.00   8.5742235e-09
      7200.00   8.5302003e-09
      7210.00   8.4864589e-09
      7220.00   8.4429976e-09
      7230.00   8.3998119e-09
      7240.00   8.3569028e-09
      7250.00   8.3142649e-09
      7260.00   8.2718984e-09
      7270.00   8.2298017e-09
      7280.00   8.1879703e-09
      7290.00   8.1464045e-09
      7300.00   8.1051018e-09
      7310.00   8.0640596e-09
      7320.00   8.0232756e-09
      7330.00   7.9827490e-09
      7340.00   7.9424767e-09
      7350.00   7.9024579e-09
      7360.00   7.8626903e-09
      7370.00   7.8231723e-09
      7380.00   7.7839002e-09
      7390.00   7.7448749e-09
      7400.00   7.7060924e-09
      7410.00   7.6675522e-09
      7420.00   7.6292521e-09
      7430.00   7.5911899e-09
      7440.00   7.5533641e-09
      7450.00   7.5157736e-09
      7460.00   7.4784160e-09
      7470.00   7.4412894e-09
      7480.00   7.4043924e-09
      7490.00   7.3677230e-09
      7500.00   7.3312806e-09
      7510.00   7.2950617e-09
      7520.00   7.2590659e-09
      7530.00   7.2232911e-09
      7540.00   7.1877368e-09
      7550.00   7.1523997e-09
      7560.00   7.1172792e-09
      7570.00   7.0823735e-09
      7580.00   7.0476801e-09
      7590.00   7.0131997e-09
      7600.00   6.9789291e-09
      7610.00   6.9448667e-09
      7620.00   6.9110119e-09
      7630.00   6.8773617e-09
      7640.00   6.8439167e-09
      7650.00   6.8106735e-09
      7660.00   6.7776320e-09
      7670.00   6.7447896e-09
      7680.00   6.7121456e-09
      7690.00   6.6796984e-09
      7700.00   6.6474468e-09
      7710.00   6.6153889e-09
      7720.00   6.5835234e-09
      7730.00   6.5518499e-09
      7740.00   6.5203657e-09
      7750.00   6.4890698e-09
      7760.00   6.4579613e-09
      7770.00   6.4270385e-09
      7780.00   6.3962999e-09
      7790.00   6.3657447e-09
      7800.00   6.3353712e-09
      7810.00   6.3051781e-09
      7820.00   6.2751649e-09
      7830.00   6.2453291e-09
      7840.00   6.2156703e-09
      7850.00   6.1861866e-09
      7860.00   6.1568772e-09
      7870.00   6.1277410e-09
      7880.00   6.0987763e-09
      7890.00   6.0699826e-09
      7900.00   6.0413577e-09
      7910.00   6.0129016e-09
      7920.00   5.9846121e-09
      7930.00   5.9564884e-09
      7940.00   5.9285295e-09
      7950.00   5.9007338e-09
      7960.00   5.8731013e-09
      7970.00   5.8456291e-09
      7980.00   5.8183175e-09
      7990.00   5.7911646e-09
      8000.00   5.7641696e-09
