      1600.00   1.0947048e-06
      1610.00   1.0788572e-06
      1620.00   1.0632522e-06
      1630.00   1.0478870e-06
      1640.00   1.0327585e-06
      1650.00   1.0178637e-06
      1660.00   1.0031997e-06
      1670.00   9.8876357e-07
      1680.00   9.7455204e-07
      1690.00   9.6056224e-07
      1700.00   9.4679118e-07
      1710.00   9.3323579e-07
      1720.00   9.1989299e-07
      1730.00   9.0675980e-07
      1740.00   8.9383308e-07
      1750.00   8.8111003e-07
      1760.00   8.6858749e-07
      1770.00   8.5626262e-07
      1780.00   8.4413239e-07
      1790.00   8.3219388e-07
      1800.00   8.2044412e-07
      1810.00   8.0888042e-07
      1820.00   7.9749954e-07
      1830.00   7.8629901e-07
      1840.00   7.7527583e-07
      1850.00   7.6442724e-07
      1860.00   7.5375048e-07
      1870.00   7.4324290e-07
      1880.00   7.3290168e-07
      1890.00   7.2272423e-07
      1900.00   7.1270787e-07
      1910.00   7.0285002e-07
      1920.00   6.9314807e-07
      1930.00   6.8359951e-07
      1940.00   6.7420192e-07
      1950.00   6.6495269e-07
      1960.00   6.5584948e-07
      1970.00   6.4688977e-07
      1980.00   6.3807132e-07
      1990.00   6.2939176e-07
      2000.00   6.2084868e-07
      2010.00   6.1243992e-07
      2020.00   6.0416321e-07
      2030.00   5.9601632e-07
      2040.00   5.8799714e-07
      2050.00   5.8010348e-07
      2060.00   5.7233325e-07
      2070.00   5.6468435e-07
      2080.00   5.5715487e-07
      2090.00   5.4974260e-07
      2100.00   5.4244568e-07
      2110.00   5.3526219e-07
      2120.00   5.2819014e-07
      2130.00   5.2122775e-07
      2140.00   5.1437306e-07
      2150.00   5.0762433e-07
      2160.00   5.0097974e-07
      2170.00   4.9443748e-07
      2180.00   4.8799593e-07
      2190.00   4.8165330e-07
      2200.00   4.7540795e-07
      2210.00   4.6925825e-07
      2220.00   4.6320255e-07
      2230.00   4.5723930e-07
      2240.00   4.5136688e-07
      2250.00   4.4558382e-07
      2260.00   4.3988859e-07
      2270.00   4.3427964e-07
      2280.00   4.2875564e-07
      2290.00   4.2331504e-07
      2300.00   4.1795652e-07
      2310.00   4.1267865e-07
      2320.00   4.0748009e-07
      2330.00   4.0235952e-07
      2340.00   3.9731558e-07
      2350.00   3.9234702e-07
      2360.00   3.8745258e-07
      2370.00   3.8263103e-07
      2380.00   3.7788110e-07
      2390.00   3.7320161e-07
      2400.00   3.6859142e-07
      2410.00   3.6404929e-07
      2420.00   3.5957417e-07
      2430.00   3.5516491e-07
      2440.00   3.5082041e-07
      2450.00   3.4653961e-07
      2460.00   3.4232146e-07
      2470.00   3.3816485e-07
      2480.00   3.3406880e-07
      2490.00   3.3003235e-07
      2500.00   3.2605447e-07
      2510.00   3.2213421e-07
      2520.00   3.1827064e-07
      2530.00   3.1446274e-07
      2540.00   3.1070970e-07
      2550.00   3.0701058e-07
      2560.00   3.0336447e-07
      2570.00   2.9977052e-07
      2580.00   2.9622789e-07
      2590.00   2.9273572e-07
      2600.00   2.8929323e-07
      2610.00   2.8589957e-07
      2620.00   2.8255396e-07
      2630.00   2.7925559e-07
      2640.00   2.7600374e-07
      2650.00   2.7279763e-07
      2660.00   2.6963655e-07
      2670.00   2.6651974e-07
      2680.00   2.6344652e-07
      2690.00   2.6041616e-07
      2700.00   2.5742796e-07
      2710.00   2.5448129e-07
      2720.00   2.5157548e-07
      2730.00   2.4870982e-07
      2740.00   2.4588374e-07
      2750.00   2.4309656e-07
      2760.00   2.4034772e-07
      2770.00   2.3763654e-07
      2780.00   2.3496246e-07
      2790.00   2.3232492e-07
      2800.00   2.2972328e-07
      2810.00   2.2715702e-07
      2820.00   2.2462560e-07
      2830.00   2.2212841e-07
      2840.00   2.1966497e-07
      2850.00   2.1723472e-07
      2860.00   2.1483717e-07
      2870.00   2.1247179e-07
      2880.00   2.1013807e-07
      2890.00   2.0783554e-07
      2900.00   2.0556369e-07
      2910.00   2.0332211e-07
      2920.00   2.0111026e-07
      2930.00   1.9892770e-07
      2940.00   1.9677400e-07
      2950.00   1.9464870e-07
      2960.00   1.9255136e-07
      2970.00   1.9048158e-07
      2980.00   1.8843891e-07
      2990.00   1.8642295e-07
      3000.00   1.8443329e-07
      3010.00   1.8246952e-07
      3020.00   1.8053127e-07
      3030.00   1.7861813e-07
      3040.00   1.7672975e-07
      3050.00   1.7486574e-07
      3060.00   1.7302573e-07
      3070.00   1.7120936e-07
      3080.00   1.6941627e-07
      3090.00   1.6764613e-07
      3100.00   1.6589859e-07
      3110.00   1.6417330e-07
      3120.00   1.6246996e-07
      3130.00   1.6078821e-07
      3140.00   1.5912775e-07
      3150.00   1.5748825e-07
      3160.00   1.5586943e-07
      3170.00   1.5427093e-07
      3180.00   1.5269252e-07
      3190.00   1.5113386e-07
      3200.00   1.4959468e-07
      3210.00   1.4807467e-07
      3220.00   1.4657359e-07
      3230.00   1.4509113e-07
      3240.00   1.4362703e-07
      3250.00   1.4218103e-07
      3260.00   1.4075288e-07
      3270.00   1.3934228e-07
      3280.00   1.3794902e-07
      3290.00   1.3657282e-07
      3300.00   1.3521346e-07
      3310.00   1.3387069e-07
      3320.00   1.3254425e-07
      3330.00   1.3123394e-07
      3340.00   1.2993952e-07
      3350.00   1.2866075e-07
      3360.00   1.2739742e-07
      3370.00   1.2614931e-07
      3380.00   1.2491620e-07
      3390.00   1.2369789e-07
      3400.00   1.2249416e-07
      3410.00   1.2130482e-07
      3420.00   1.2012964e-07
      3430.00   1.1896845e-07
      3440.00   1.1782104e-07
      3450.00   1.1668721e-07
      3460.00   1.1556680e-07
      3470.00   1.1445960e-07
      3480.00   1.1336542e-07
      3490.00   1.1228410e-07
      3500.00   1.1121546e-07
      3510.00   1.1015931e-07
      3520.00   1.0911549e-07
      3530.00   1.0808384e-07
      3540.00   1.0706416e-07
      3550.00   1.0605632e-07
      3560.00   1.0506015e-07
      3570.00   1.0407548e-07
      3580.00   1.0310216e-07
      3590.00   1.0214004e-07
      3600.00   1.0118896e-07
      3610.00   1.0024879e-07
      3620.00   9.9319359e-08
      3630.00   9.8400516e-08
      3640.00   9.7492147e-08
      3650.00   9.6594104e-08
      3660.00   9.5706237e-08
      3670.00   9.4828414e-08
      3680.00   9.3960510e-08
      3690.00   9.3102381e-08
      3700.00   9.2253904e-08
      3710.00   9.1414952e-08
      3720.00   9.0585388e-08
      3730.00   8.9765108e-08
      3740.00   8.8953971e-08
      3750.00   8.8151868e-08
      3760.00   8.7358666e-08
      3770.00   8.6574267e-08
      3780.00   8.5798542e-08
      3790.00   8.5031374e-08
      3800.00   8.4272678e-08
      3810.00   8.3522319e-08
      3820.00   8.2780192e-08
      3830.00   8.2046196e-08
      3840.00   8.1320218e-08
      3850.00   8.0602166e-08
      3860.00   7.9891925e-08
      3870.00   7.9189413e-08
      3880.00   7.8494512e-08
      3890.00   7.7807131e-08
      3900.00   7.7127176e-08
      3910.00   7.6454553e-08
      3920.00   7.5789164e-08
      3930.00   7.5130915e-08
      3940.00   7.4479723e-08
      3950.00   7.3835495e-08
      3960.00   7.3198146e-08
      3970.00   7.2567584e-08
      3980.00   7.1943730e-08
      3990.00   7.1326490e-08
      4000.00   7.0715785e-08
      4010.00   7.0111538e-08
      4020.00   6.9513662e-08
      4030.00   6.8922085e-08
      4040.00   6.8336718e-08
      4050.00   6.7757494e-08
      4060.00   6.7184326e-08
      4070.00   6.6617152e-08
      4080.00   6.6055888e-08
      4090.00   6.5500463e-08
      4100.00   6.4950811e-08
      4110.00   6.4406856e-08
      4120.00   6.3868523e-08
      4130.00   6.3335754e-08
      4140.00   6.2808468e-08
      4150.00   6.2286618e-08
      4160.00   6.1770118e-08
      4170.00   6.1258908e-08
      4180.00   6.0752927e-08
      4190.00   6.0252110e-08
      4200.00   5.9756398e-08
      4210.00   5.9265733e-08
      4220.00   5.8780035e-08
      4230.00   5.8299267e-08
      4240.00   5.7823350e-08
      4250.00   5.7352243e-08
      4260.00   5.6885882e-08
      4270.00   5.6424204e-08
      4280.00   5.5967164e-08
      4290.00   5.5514700e-08
      4300.00   5.5066760e-08
      4310.00   5.4623289e-08
      4320.00   5.4184236e-08
      4330.00   5.3749543e-08
      4340.00   5.3319165e-08
      4350.00   5.2893052e-08
      4360.00   5.2471151e-08
      4370.00   5.2053413e-08
      4380.00   5.1639786e-08
      4390.00   5.1230229e-08
      4400.00   5.0824688e-08
      4410.00   5.0423124e-08
      4420.00   5.0025479e-08
      4430.00   4.9631716e-08
      4440.00   4.9241789e-08
      4450.00   4.8855656e-08
      4460.00   4.8473267e-08
      4470.00   4.8094583e-08
      4480.00   4.7719559e-08
      4490.00   4.7348156e-08
      4500.00   4.6980332e-08
      4510.00   4.6616041e-08
      4520.00   4.6255254e-08
      4530.00   4.5897916e-08
      4540.00   4.5543999e-08
      4550.00   4.5193462e-08
      4560.00   4.4846265e-08
      4570.00   4.4502367e-08
      4580.00   4.4161737e-08
      4590.00   4.3824336e-08
      4600.00   4.3490127e-08
      4610.00   4.3159076e-08
      4620.00   4.2831142e-08
      4630.00   4.2506295e-08
      4640.00   4.2184502e-08
      4650.00   4.1865726e-08
      4660.00   4.1549933e-08
      4670.00   4.1237088e-08
      4680.00   4.0927164e-08
      4690.00   4.0620126e-08
      4700.00   4.0315938e-08
      4710.00   4.0014576e-08
      4720.00   3.9716001e-08
      4730.00   3.9420188e-08
      4740.00   3.9127108e-08
      4750.00   3.8836724e-08
      4760.00   3.8549013e-08
      4770.00   3.8263943e-08
      4780.00   3.7981483e-08
      4790.00   3.7701610e-08
      4800.00   3.7424292e-08
      4810.00   3.7149500e-08
      4820.00   3.6877208e-08
      4830.00   3.6607392e-08
      4840.00   3.6340023e-08
      4850.00   3.6075074e-08
      4860.00   3.5812520e-08
      4870.00   3.5552335e-08
      4880.00   3.5294492e-08
      4890.00   3.5038969e-08
      4900.00   3.4785738e-08
      4910.00   3.4534777e-08
      4920.00   3.4286065e-08
      4930.00   3.4039565e-08
      4940.00   3.3795269e-08
      4950.00   3.3553143e-08
      4960.00   3.3313168e-08
      4970.00   3.3075323e-08
      4980.00   3.2839585e-08
      4990.00   3.2605929e-08
      5000.00   3.2374335e-08
      5010.00   3.2144783e-08
      5020.00   3.1917247e-08
      5030.00   3.1691709e-08
      5040.00   3.1468151e-08
      5050.00   3.1246544e-08
      5060.00   3.1026874e-08
      5070.00   3.0809124e-08
      5080.00   3.0593264e-08
      5090.00   3.0379283e-08
      5100.00   3.0167160e-08
      5110.00   2.9956873e-08
      5120.00   2.9748403e-08
      5130.00   2.9541733e-08
      5140.00   2.9336847e-08
      5150.00   2.9133721e-08
      5160.00   2.8932343e-08
      5170.00   2.8732691e-08
      5180.00   2.8534747e-08
      5190.00   2.8338499e-08
      5200.00   2.8143923e-08
      5210.00   2.7951005e-08
      5220.00   2.7759729e-08
      5230.00   2.7570076e-08
      5240.00   2.7382033e-08
      5250.00   2.7195580e-08
      5260.00   2.7010703e-08
      5270.00   2.6827385e-08
      5280.00   2.6645613e-08
      5290.00   2.6465369e-08
      5300.00   2.6286638e-08
      5310.00   2.6109407e-08
      5320.00   2.5933658e-08
      5330.00   2.5759376e-08
      5340.00   2.5586550e-08
      5350.00   2.5415164e-08
      5360.00   2.5245202e-08
      5370.00   2.5076651e-08
      5380.00   2.4909498e-08
      5390.00   2.4743727e-08
      5400.00   2.4579325e-08
      5410.00   2.4416281e-08
      5420.00   2.4254579e-08
      5430.00   2.4094207e-08
      5440.00   2.3935153e-08
      5450.00   2.3777402e-08
      5460.00   2.3620939e-08
      5470.00   2.3465758e-08
      5480.00   2.3311841e-08
      5490.00   2.3159180e-08
      5500.00   2.3007757e-08
      5510.00   2.2857567e-08
      5520.00   2.2708594e-08
      5530.00   2.2560827e-08
      5540.00   2.2414251e-08
      5550.00   2.2268863e-08
      5560.00   2.2124640e-08
      5570.00   2.1981581e-08
      5580.00   2.1839672e-08
      5590.00   2.1698899e-08
      5600.00   2.1559253e-08
      5610.00   2.1420724e-08
      5620.00   2.1283300e-08
      5630.00   2.1146972e-08
      5640.00   2.1011730e-08
      5650.00   2.0877559e-08
      5660.00   2.0744455e-08
      5670.00   2.0612405e-08
      5680.00   2.0481399e-08
      5690.00   2.0351427e-08
      5700.00   2.0222480e-08
      5710.00   2.0094547e-08
      5720.00   1.9967623e-08
      5730.00   1.9841691e-08
      5740.00   1.9716749e-08
      5750.00   1.9592782e-08
      5760.00   1.9469785e-08
      5770.00   1.9347747e-08
      5780.00   1.9226660e-08
      5790.00   1.9106513e-08
      5800.00   1.8987300e-08
      5810.00   1.8869014e-08
      5820.00   1.8751641e-08
      5830.00   1.8635176e-08
      5840.00   1.8519609e-08
      5850.00   1.8404933e-08
      5860.00   1.8291140e-08
      5870.00   1.8178221e-08
      5880.00   1.8066168e-08
      5890.00   1.7954975e-08
      5900.00   1.7844631e-08
      5910.00   1.7735131e-08
      5920.00   1.7626464e-08
      5930.00   1.7518627e-08
      5940.00   1.7411610e-08
      5950.00   1.7305405e-08
      5960.00   1.7200005e-08
      5970.00   1.7095402e-08
      5980.00   1.6991592e-08
      5990.00   1.6888565e-08
      6000.00   1.6786314e-08
      6010.00   1.6684832e-08
      6020.00   1.6584113e-08
      6030.00   1.6484150e-08
      6040.00   1.6384937e-08
      6050.00   1.6286465e-08
      6060.00   1.6188729e-08
      6070.00   1.6091723e-08
      6080.00   1.5995440e-08
      6090.00   1.5899872e-08
      6100.00   1.5805015e-08
      6110.00   1.5710860e-08
      6120.00   1.5617405e-08
      6130.00   1.5524639e-08
      6140.00   1.5432559e-08
      6150.00   1.5341158e-08
      6160.00   1.5250430e-08
      6170.00   1.5160369e-08
      6180.00   1.5070970e-08
      6190.00   1.4982225e-08
      6200.00   1.4894132e-08
      6210.00   1.4806682e-08
      6220.00   1.4719870e-08
      6230.00   1.4633693e-08
      6240.00   1.4548142e-08
      6250.00   1.4463212e-08
      6260.00   1.4378900e-08
      6270.00   1.4295200e-08
      6280.00   1.4212105e-08
      6290.00   1.4129610e-08
      6300.00   1.4047711e-08
      6310.00   1.3966402e-08
      6320.00   1.3885681e-08
      6330.00   1.3805537e-08
      6340.00   1.3725968e-08
      6350.00   1.3646973e-08
      6360.00   1.3568541e-08
      6370.00   1.3490670e-08
      6380.00   1.3413355e-08
      6390.00   1.3336591e-08
      6400.00   1.3260374e-08
      6410.00   1.3184698e-08
      6420.00   1.3109559e-08
      6430.00   1.3034954e-08
      6440.00   1.2960877e-08
      6450.00   1.2887323e-08
      6460.00   1.2814288e-08
      6470.00   1.2741768e-08
      6480.00   1.2669758e-08
      6490.00   1.2598256e-08
      6500.00   1.2527256e-08
      6510.00   1.2456753e-08
      6520.00   1.2386744e-08
      6530.00   1.2317224e-08
      6540.00   1.2248189e-08
      6550.00   1.2179637e-08
      6560.00   1.2111561e-08
      6570.00   1.2043958e-08
      6580.00   1.1976826e-08
      6590.00   1.1910159e-08
      6600.00   1.1843954e-08
      6610.00   1.1778206e-08
      6620.00   1.1712913e-08
      6630.00   1.1648069e-08
      6640.00   1.1583673e-08
      6650.00   1.1519720e-08
      6660.00   1.1456206e-08
      6670.00   1.1393128e-08
      6680.00   1.1330483e-08
      6690.00   1.1268264e-08
      6700.00   1.1206472e-08
      6710.00   1.1145102e-08
      6720.00   1.1084149e-08
      6730.00   1.1023611e-08
      6740.00   1.0963486e-08
      6750.00   1.0903767e-08
      6760.00   1.0844454e-08
      6770.00   1.0785544e-08
      6780.00   1.0727030e-08
      6790.00   1.0668912e-08
      6800.00   1.0611185e-08
      6810.00   1.0553848e-08
      6820.00   1.0496896e-08
      6830.00   1.0440327e-08
      6840.00   1.0384136e-08
      6850.00   1.0328322e-08
      6860.00   1.0272882e-08
      6870.00   1.0217812e-08
      6880.00   1.0163110e-08
      6890.00   1.0108772e-08
      6900.00   1.0054795e-08
      6910.00   1.0001178e-08
      6920.00   9.9479169e-09
      6930.00   9.8950078e-09
      6940.00   9.8424498e-09
      6950.00   9.7902387e-09
      6960.00   9.7383721e-09
      6970.00   9.6868478e-09
      6980.00   9.6356633e-09
      6990.00   9.5848159e-09
      7000.00   9.5343015e-09
      7010.00   9.4841183e-09
      7020.00   9.4342644e-09
      7030.00   9.3847374e-09
      7040.00   9.3355330e-09
      7050.00   9.2866506e-09
      7060.00   9.2380865e-09
      7070.00   9.1898387e-09
      7080.00   9.1419039e-09
      7090.00   9.0942807e-09
      7100.00   9.0469665e-09
      7110.00   8.9999587e-09
      7120.00   8.9532555e-09
      7130.00   8.9068543e-09
      7140.00   8.8607511e-09
      7150.00   8.8149461e-09
      7160.00   8.7694354e-09
      7170.00   8.7242170e-09
      7180.00   8.6792892e-09
      7190.00   8.6346501e-09
      7200.00   8.5902959e-09
      7210.00   8.5462258e-09
      7220.00   8.5024381e-09
      7230.00   8.4589282e-09
      7240.00   8.4156970e-09
      7250.00   8.3727393e-09
      7260.00   8.3300552e-09
      7270.00   8.2876429e-09
      7280.00   8.2454982e-09
      7290.00   8.2036211e-09
      7300.00   8.1620092e-09
      7310.00   8.1206599e-09
      7320.00   8.0795709e-09
      7330.00   8.0387413e-09
      7340.00   7.9981681e-09
      7350.00   7.9578503e-09
      7360.00   7.9177858e-09
      7370.00   7.8779729e-09
      7380.00   7.8384078e-09
      7390.00   7.7990914e-09
      7400.00   7.7600198e-09
      7410.00   7.7211924e-09
      7420.00   7.6826070e-09
      7430.00   7.6442614e-09
      7440.00   7.6061542e-09
      7450.00   7.5682840e-09
      7460.00   7.5306486e-09
      7470.00   7.4932460e-09
      7480.00   7.4560749e-09
      7490.00   7.4191331e-09
      7500.00   7.3824201e-09
      7510.00   7.3459325e-09
      7520.00   7.3096696e-09
      7530.00   7.2736295e-09
      7540.00   7.2378116e-09
      7550.00   7.2022127e-09
      7560.00   7.1668320e-09
      7570.00   7.1316679e-09
      7580.00   7.0967177e-09
      7590.00   7.0619822e-09
      7600.00   7.0274582e-09
      7610.00   6.9931440e-09
      7620.00   6.9590390e-09
      7630.00   6.9251402e-09
      7640.00   6.8914483e-09
      7650.00   6.8579597e-09
      7660.00   6.8246744e-09
      7670.00   6.7915898e-09
      7680.00   6.7587051e-09
      7690.00   6.7260187e-09
      7700.00   6.6935296e-09
      7710.00   6.6612356e-09
      7720.00   6.6291355e-09
      7730.00   6.5972289e-09
      7740.00   6.5655131e-09
      7750.00   6.5339871e-09
      7760.00   6.5026499e-09
      7770.00   6.4714999e-09
      7780.00   6.4405356e-09
      7790.00   6.4097560e-09
      7800.00   6.3791596e-09
      7810.00   6.3487450e-09
      7820.00   6.3185116e-09
      7830.00   6.2884571e-09
      7840.00   6.2585809e-09
      7850.00   6.2288813e-09
      7860.00   6.1993572e-09
      7870.00   6.1700077e-09
      7880.00   6.1408310e-09
      7890.00   6.1118267e-09
      7900.00   6.0829925e-09
      7910.00   6.0543283e-09
      7920.00   6.0258321e-09
      7930.00   5.9975029e-09
      7940.00   5.9693398e-09
      7950.00   5.9413413e-09
      7960.00   5.9135071e-09
      7970.00   5.8858345e-09
      7980.00   5.8583238e-09
      7990.00   5.8309729e-09
      8000.00   5.8037812e-09
