      1600.00   1.1584098e-06
      1610.00   1.1413349e-06
      1620.00   1.1245297e-06
      1630.00   1.1079911e-06
      1640.00   1.0917150e-06
      1650.00   1.0756981e-06
      1660.00   1.0599366e-06
      1670.00   1.0444272e-06
      1680.00   1.0291660e-06
      1690.00   1.0141496e-06
      1700.00   9.9937432e-07
      1710.00   9.8483669e-07
      1720.00   9.7053307e-07
      1730.00   9.5645995e-07
      1740.00   9.4261371e-07
      1750.00   9.2899107e-07
      1760.00   9.1558839e-07
      1770.00   9.0240234e-07
      1780.00   8.8942948e-07
      1790.00   8.7666643e-07
      1800.00   8.6410979e-07
      1810.00   8.5175645e-07
      1820.00   8.3960276e-07
      1830.00   8.2764585e-07
      1840.00   8.1588234e-07
      1850.00   8.0430907e-07
      1860.00   7.9292293e-07
      1870.00   7.8172092e-07
      1880.00   7.7069983e-07
      1890.00   7.5985676e-07
      1900.00   7.4918868e-07
      1910.00   7.3869268e-07
      1920.00   7.2836584e-07
      1930.00   7.1820534e-07
      1940.00   7.0820846e-07
      1950.00   6.9837230e-07
      1960.00   6.8869421e-07
      1970.00   6.7917140e-07
      1980.00   6.6980138e-07
      1990.00   6.6058147e-07
      2000.00   6.5150904e-07
      2010.00   6.4258166e-07
      2020.00   6.3379680e-07
      2030.00   6.2515201e-07
      2040.00   6.1664495e-07
      2050.00   6.0827318e-07
      2060.00   6.0003439e-07
      2070.00   5.9192628e-07
      2080.00   5.8394671e-07
      2090.00   5.7609327e-07
      2100.00   5.6836389e-07
      2110.00   5.6075647e-07
      2120.00   5.5326882e-07
      2130.00   5.4589896e-07
      2140.00   5.3864476e-07
      2150.00   5.3150430e-07
      2160.00   5.2447559e-07
      2170.00   5.1755665e-07
      2180.00   5.1074568e-07
      2190.00   5.0404075e-07
      2200.00   4.9744006e-07
      2210.00   4.9094181e-07
      2220.00   4.8454420e-07
      2230.00   4.7824556e-07
      2240.00   4.7204410e-07
      2250.00   4.6593823e-07
      2260.00   4.5992628e-07
      2270.00   4.5400656e-07
      2280.00   4.4817761e-07
      2290.00   4.4243776e-07
      2300.00   4.3678557e-07
      2310.00   4.3121949e-07
      2320.00   4.2573805e-07
      2330.00   4.2033984e-07
      2340.00   4.1502335e-07
      2350.00   4.0978726e-07
      2360.00   4.0463018e-07
      2370.00   3.9955079e-07
      2380.00   3.9454770e-07
      2390.00   3.8961966e-07
      2400.00   3.8476540e-07
      2410.00   3.7998361e-07
      2420.00   3.7527315e-07
      2430.00   3.7063276e-07
      2440.00   3.6606126e-07
      2450.00   3.6155751e-07
      2460.00   3.5712038e-07
      2470.00   3.5274866e-07
      2480.00   3.4844130e-07
      2490.00   3.4419727e-07
      2500.00   3.4001545e-07
      2510.00   3.3589483e-07
      2520.00   3.3183439e-07
      2530.00   3.2783305e-07
      2540.00   3.2388993e-07
      2550.00   3.2000402e-07
      2560.00   3.1617434e-07
      2570.00   3.1239999e-07
      2580.00   3.0868005e-07
      2590.00   3.0501360e-07
      2600.00   3.0139981e-07
      2610.00   2.9783775e-07
      2620.00   2.9432661e-07
      2630.00   2.9086551e-07
      2640.00   2.8745366e-07
      2650.00   2.8409025e-07
      2660.00   2.8077451e-07
      2670.00   2.7750563e-07
      2680.00   2.7428286e-07
      2690.00   2.7110545e-07
      2700.00   2.6797262e-07
      2710.00   2.6488373e-07
      2720.00   2.6183803e-07
      2730.00   2.5883479e-07
      2740.00   2.5587337e-07
      2750.00   2.5295307e-07
      2760.00   2.5007328e-07
      2770.00   2.4723327e-07
      2780.00   2.4443245e-07
      2790.00   2.4167022e-07
      2800.00   2.3894590e-07
      2810.00   2.3625893e-07
      2820.00   2.3360872e-07
      2830.00   2.3099466e-07
      2840.00   2.2841620e-07
      2850.00   2.2587276e-07
      2860.00   2.2336381e-07
      2870.00   2.2088879e-07
      2880.00   2.1844715e-07
      2890.00   2.1603840e-07
      2900.00   2.1366200e-07
      2910.00   2.1131750e-07
      2920.00   2.0900433e-07
      2930.00   2.0672203e-07
      2940.00   2.0447012e-07
      2950.00   2.0224815e-07
      2960.00   2.0005560e-07
      2970.00   1.9789210e-07
      2980.00   1.9575714e-07
      2990.00   1.9365029e-07
      3000.00   1.9157113e-07
      3010.00   1.8951922e-07
      3020.00   1.8749417e-07
      3030.00   1.8549554e-07
      3040.00   1.8352295e-07
      3050.00   1.8157600e-07
      3060.00   1.7965430e-07
      3070.00   1.7775745e-07
      3080.00   1.7588509e-07
      3090.00   1.7403685e-07
      3100.00   1.7221238e-07
      3110.00   1.7041128e-07
      3120.00   1.6863326e-07
      3130.00   1.6687793e-07
      3140.00   1.6514497e-07
      3150.00   1.6343403e-07
      3160.00   1.6174481e-07
      3170.00   1.6007693e-07
      3180.00   1.5843016e-07
      3190.00   1.5680412e-07
      3200.00   1.5519853e-07
      3210.00   1.5361308e-07
      3220.00   1.5204749e-07
      3230.00   1.5050144e-07
      3240.00   1.4897466e-07
      3250.00   1.4746689e-07
      3260.00   1.4597783e-07
      3270.00   1.4450719e-07
      3280.00   1.4305474e-07
      3290.00   1.4162018e-07
      3300.00   1.4020329e-07
      3310.00   1.3880379e-07
      3320.00   1.3742141e-07
      3330.00   1.3605595e-07
      3340.00   1.3470714e-07
      3350.00   1.3337474e-07
      3360.00   1.3205853e-07
      3370.00   1.3075826e-07
      3380.00   1.2947371e-07
      3390.00   1.2820467e-07
      3400.00   1.2695091e-07
      3410.00   1.2571221e-07
      3420.00   1.2448836e-07
      3430.00   1.2327916e-07
      3440.00   1.2208438e-07
      3450.00   1.2090383e-07
      3460.00   1.1973734e-07
      3470.00   1.1858466e-07
      3480.00   1.1744563e-07
      3490.00   1.1632005e-07
      3500.00   1.1520774e-07
      3510.00   1.1410851e-07
      3520.00   1.1302218e-07
      3530.00   1.1194859e-07
      3540.00   1.1088752e-07
      3550.00   1.0983884e-07
      3560.00   1.0880236e-07
      3570.00   1.0777792e-07
      3580.00   1.0676535e-07
      3590.00   1.0576448e-07
      3600.00   1.0477517e-07
      3610.00   1.0379727e-07
      3620.00   1.0283059e-07
      3630.00   1.0187498e-07
      3640.00   1.0093032e-07
      3650.00   9.9996459e-08
      3660.00   9.9073231e-08
      3670.00   9.8160501e-08
      3680.00   9.7258137e-08
      3690.00   9.6365988e-08
      3700.00   9.5483924e-08
      3710.00   9.4611812e-08
      3720.00   9.3749509e-08
      3730.00   9.2896903e-08
      3740.00   9.2053849e-08
      3750.00   9.1220230e-08
      3760.00   9.0395907e-08
      3770.00   8.9580778e-08
      3780.00   8.8774706e-08
      3790.00   8.7977571e-08
      3800.00   8.7189280e-08
      3810.00   8.6409693e-08
      3820.00   8.5638700e-08
      3830.00   8.4876195e-08
      3840.00   8.4122059e-08
      3850.00   8.3376196e-08
      3860.00   8.2638483e-08
      3870.00   8.1908837e-08
      3880.00   8.1187133e-08
      3890.00   8.0473276e-08
      3900.00   7.9767166e-08
      3910.00   7.9068705e-08
      3920.00   7.8377792e-08
      3930.00   7.7694326e-08
      3940.00   7.7018220e-08
      3950.00   7.6349378e-08
      3960.00   7.5687712e-08
      3970.00   7.5033121e-08
      3980.00   7.4385527e-08
      3990.00   7.3744828e-08
      4000.00   7.3110944e-08
      4010.00   7.2483792e-08
      4020.00   7.1863283e-08
      4030.00   7.1249338e-08
      4040.00   7.0641868e-08
      4050.00   7.0040801e-08
      4060.00   6.9446045e-08
      4070.00   6.8857536e-08
      4080.00   6.8275186e-08
      4090.00   6.7698921e-08
      4100.00   6.7128671e-08
      4110.00   6.6564356e-08
      4120.00   6.6005899e-08
      4130.00   6.5453238e-08
      4140.00   6.4906290e-08
      4150.00   6.4365003e-08
      4160.00   6.3829289e-08
      4170.00   6.3299085e-08
      4180.00   6.2774327e-08
      4190.00   6.2254947e-08
      4200.00   6.1740882e-08
      4210.00   6.1232074e-08
      4220.00   6.0728437e-08
      4230.00   6.0229933e-08
      4240.00   5.9736480e-08
      4250.00   5.9248035e-08
      4260.00   5.8764529e-08
      4270.00   5.8285899e-08
      4280.00   5.7812096e-08
      4290.00   5.7343057e-08
      4300.00   5.6878725e-08
      4310.00   5.6419044e-08
      4320.00   5.5963961e-08
      4330.00   5.5513415e-08
      4340.00   5.5067359e-08
      4350.00   5.4625742e-08
      4360.00   5.4188505e-08
      4370.00   5.3755601e-08
      4380.00   5.3326973e-08
      4390.00   5.2902579e-08
      4400.00   5.2482362e-08
      4410.00   5.2066283e-08
      4420.00   5.1654279e-08
      4430.00   5.1246313e-08
      4440.00   5.0842337e-08
      4450.00   5.0442306e-08
      4460.00   5.0046169e-08
      4470.00   4.9653883e-08
      4480.00   4.9265404e-08
      4490.00   4.8880690e-08
      4500.00   4.8499697e-08
      4510.00   4.8122378e-08
      4520.00   4.7748700e-08
      4530.00   4.7378609e-08
      4540.00   4.7012072e-08
      4550.00   4.6649050e-08
      4560.00   4.6289500e-08
      4570.00   4.5933378e-08
      4580.00   4.5580652e-08
      4590.00   4.5231282e-08
      4600.00   4.4885230e-08
      4610.00   4.4542460e-08
      4620.00   4.4202928e-08
      4630.00   4.3866602e-08
      4640.00   4.3533451e-08
      4650.00   4.3203435e-08
      4660.00   4.2876518e-08
      4670.00   4.2552663e-08
      4680.00   4.2231842e-08
      4690.00   4.1914020e-08
      4700.00   4.1599157e-08
      4710.00   4.1287231e-08
      4720.00   4.0978199e-08
      4730.00   4.0672035e-08
      4740.00   4.0368711e-08
      4750.00   4.0068185e-08
      4760.00   3.9770436e-08
      4770.00   3.9475429e-08
      4780.00   3.9183133e-08
      4790.00   3.8893522e-08
      4800.00   3.8606564e-08
      4810.00   3.8322229e-08
      4820.00   3.8040489e-08
      4830.00   3.7761321e-08
      4840.00   3.7484692e-08
      4850.00   3.7210576e-08
      4860.00   3.6938945e-08
      4870.00   3.6669775e-08
      4880.00   3.6403034e-08
      4890.00   3.6138701e-08
      4900.00   3.5876748e-08
      4910.00   3.5617150e-08
      4920.00   3.5359886e-08
      4930.00   3.5104918e-08
      4940.00   3.4852236e-08
      4950.00   3.4601808e-08
      4960.00   3.4353610e-08
      4970.00   3.4107623e-08
      4980.00   3.3863821e-08
      4990.00   3.3622180e-08
      5000.00   3.3382679e-08
      5010.00   3.3145295e-08
      5020.00   3.2910003e-08
      5030.00   3.2676784e-08
      5040.00   3.2445618e-08
      5050.00   3.2216477e-08
      5060.00   3.1989344e-08
      5070.00   3.1764202e-08
      5080.00   3.1541022e-08
      5090.00   3.1319790e-08
      5100.00   3.1100485e-08
      5110.00   3.0883083e-08
      5120.00   3.0667567e-08
      5130.00   3.0453916e-08
      5140.00   3.0242115e-08
      5150.00   3.0032141e-08
      5160.00   2.9823977e-08
      5170.00   2.9617604e-08
      5180.00   2.9413002e-08
      5190.00   2.9210157e-08
      5200.00   2.9009046e-08
      5210.00   2.8809655e-08
      5220.00   2.8611964e-08
      5230.00   2.8415957e-08
      5240.00   2.8221619e-08
      5250.00   2.8028929e-08
      5260.00   2.7837872e-08
      5270.00   2.7648431e-08
      5280.00   2.7460592e-08
      5290.00   2.7274338e-08
      5300.00   2.7089651e-08
      5310.00   2.6906518e-08
      5320.00   2.6724922e-08
      5330.00   2.6544846e-08
      5340.00   2.6366279e-08
      5350.00   2.6189203e-08
      5360.00   2.6013604e-08
      5370.00   2.5839466e-08
      5380.00   2.5666776e-08
      5390.00   2.5495519e-08
      5400.00   2.5325679e-08
      5410.00   2.5157248e-08
      5420.00   2.4990206e-08
      5430.00   2.4824542e-08
      5440.00   2.4660243e-08
      5450.00   2.4497294e-08
      5460.00   2.4335680e-08
      5470.00   2.4175393e-08
      5480.00   2.4016415e-08
      5490.00   2.3858738e-08
      5500.00   2.3702344e-08
      5510.00   2.3547227e-08
      5520.00   2.3393370e-08
      5530.00   2.3240762e-08
      5540.00   2.3089388e-08
      5550.00   2.2939243e-08
      5560.00   2.2790305e-08
      5570.00   2.2642573e-08
      5580.00   2.2496031e-08
      5590.00   2.2350666e-08
      5600.00   2.2206467e-08
      5610.00   2.2063425e-08
      5620.00   2.1921527e-08
      5630.00   2.1780764e-08
      5640.00   2.1641125e-08
      5650.00   2.1502595e-08
      5660.00   2.1365170e-08
      5670.00   2.1228835e-08
      5680.00   2.1093582e-08
      5690.00   2.0959398e-08
      5700.00   2.0826276e-08
      5710.00   2.0694204e-08
      5720.00   2.0563176e-08
      5730.00   2.0433174e-08
      5740.00   2.0304198e-08
      5750.00   2.0176231e-08
      5760.00   2.0049266e-08
      5770.00   1.9923296e-08
      5780.00   1.9798308e-08
      5790.00   1.9674294e-08
      5800.00   1.9551247e-08
      5810.00   1.9429158e-08
      5820.00   1.9308015e-08
      5830.00   1.9187811e-08
      5840.00   1.9068537e-08
      5850.00   1.8950184e-08
      5860.00   1.8832744e-08
      5870.00   1.8716209e-08
      5880.00   1.8600571e-08
      5890.00   1.8485821e-08
      5900.00   1.8371951e-08
      5910.00   1.8258953e-08
      5920.00   1.8146817e-08
      5930.00   1.8035540e-08
      5940.00   1.7925111e-08
      5950.00   1.7815522e-08
      5960.00   1.7706766e-08
      5970.00   1.7598835e-08
      5980.00   1.7491723e-08
      5990.00   1.7385421e-08
      6000.00   1.7279922e-08
      6010.00   1.7175219e-08
      6020.00   1.7071304e-08
      6030.00   1.6968173e-08
      6040.00   1.6865815e-08
      6050.00   1.6764225e-08
      6060.00   1.6663396e-08
      6070.00   1.6563321e-08
      6080.00   1.6463994e-08
      6090.00   1.6365408e-08
      6100.00   1.6267555e-08
      6110.00   1.6170429e-08
      6120.00   1.6074027e-08
      6130.00   1.5978337e-08
      6140.00   1.5883357e-08
      6150.00   1.5789078e-08
      6160.00   1.5695495e-08
      6170.00   1.5602602e-08
      6180.00   1.5510393e-08
      6190.00   1.5418861e-08
      6200.00   1.5328003e-08
      6210.00   1.5237809e-08
      6220.00   1.5148275e-08
      6230.00   1.5059397e-08
      6240.00   1.4971167e-08
      6250.00   1.4883578e-08
      6260.00   1.4796628e-08
      6270.00   1.4710311e-08
      6280.00   1.4624619e-08
      6290.00   1.4539547e-08
      6300.00   1.4455092e-08
      6310.00   1.4371247e-08
      6320.00   1.4288008e-08
      6330.00   1.4205367e-08
      6340.00   1.4123320e-08
      6350.00   1.4041865e-08
      6360.00   1.3960993e-08
      6370.00   1.3880701e-08
      6380.00   1.3800983e-08
      6390.00   1.3721835e-08
      6400.00   1.3643251e-08
      6410.00   1.3565227e-08
      6420.00   1.3487758e-08
      6430.00   1.3410840e-08
      6440.00   1.3334469e-08
      6450.00   1.3258637e-08
      6460.00   1.3183342e-08
      6470.00   1.3108579e-08
      6480.00   1.3034344e-08
      6490.00   1.2960632e-08
      6500.00   1.2887439e-08
      6510.00   1.2814760e-08
      6520.00   1.2742592e-08
      6530.00   1.2670928e-08
      6540.00   1.2599766e-08
      6550.00   1.2529102e-08
      6560.00   1.2458930e-08
      6570.00   1.2389247e-08
      6580.00   1.2320050e-08
      6590.00   1.2251335e-08
      6600.00   1.2183095e-08
      6610.00   1.2115329e-08
      6620.00   1.2048032e-08
      6630.00   1.1981199e-08
      6640.00   1.1914828e-08
      6650.00   1.1848916e-08
      6660.00   1.1783456e-08
      6670.00   1.1718446e-08
      6680.00   1.1653884e-08
      6690.00   1.1589763e-08
      6700.00   1.1526082e-08
      6710.00   1.1462836e-08
      6720.00   1.1400022e-08
      6730.00   1.1337636e-08
      6740.00   1.1275677e-08
      6750.00   1.1214137e-08
      6760.00   1.1153016e-08
      6770.00   1.1092311e-08
      6780.00   1.1032015e-08
      6790.00   1.0972128e-08
      6800.00   1.0912646e-08
      6810.00   1.0853565e-08
      6820.00   1.0794882e-08
      6830.00   1.0736594e-08
      6840.00   1.0678698e-08
      6850.00   1.0621190e-08
      6860.00   1.0564068e-08
      6870.00   1.0507329e-08
      6880.00   1.0450969e-08
      6890.00   1.0394985e-08
      6900.00   1.0339373e-08
      6910.00   1.0284133e-08
      6920.00   1.0229261e-08
      6930.00   1.0174752e-08
      6940.00   1.0120606e-08
      6950.00   1.0066818e-08
      6960.00   1.0013385e-08
      6970.00   9.9603058e-09
      6980.00   9.9075774e-09
      6990.00   9.8551968e-09
      7000.00   9.8031599e-09
      7010.00   9.7514650e-09
      7020.00   9.7001099e-09
      7030.00   9.6490923e-09
      7040.00   9.5984075e-09
      7050.00   9.5480552e-09
      7060.00   9.4980314e-09
      7070.00   9.4483340e-09
      7080.00   9.3989597e-09
      7090.00   9.3499070e-09
      7100.00   9.3011731e-09
      7110.00   9.2527556e-09
      7120.00   9.2046523e-09
      7130.00   9.1568608e-09
      7140.00   9.1093767e-09
      7150.00   9.0622004e-09
      7160.00   9.0153277e-09
      7170.00   8.9687567e-09
      7180.00   8.9224856e-09
      7190.00   8.8765124e-09
      7200.00   8.8308331e-09
      7210.00   8.7854471e-09
      7220.00   8.7403524e-09
      7230.00   8.6955443e-09
      7240.00   8.6510239e-09
      7250.00   8.6067857e-09
      7260.00   8.5628296e-09
      7270.00   8.5191541e-09
      7280.00   8.4757547e-09
      7290.00   8.4326313e-09
      7300.00   8.3897816e-09
      7310.00   8.3472028e-09
      7320.00   8.3048925e-09
      7330.00   8.2628499e-09
      7340.00   8.2210717e-09
      7350.00   8.1795571e-09
      7360.00   8.1383037e-09
      7370.00   8.0973099e-09
      7380.00   8.0565718e-09
      7390.00   8.0160901e-09
      7400.00   7.9758611e-09
      7410.00   7.9358839e-09
      7420.00   7.8961564e-09
      7430.00   7.8566762e-09
      7440.00   7.8174419e-09
      7450.00   7.7784520e-09
      7460.00   7.7397044e-09
      7470.00   7.7011969e-09
      7480.00   7.6629281e-09
      7490.00   7.6248960e-09
      7500.00   7.5870997e-09
      7510.00   7.5495359e-09
      7520.00   7.5122039e-09
      7530.00   7.4751017e-09
      7540.00   7.4382287e-09
      7550.00   7.4015814e-09
      7560.00   7.3651593e-09
      7570.00   7.3289605e-09
      7580.00   7.2929823e-09
      7590.00   7.2572255e-09
      7600.00   7.2216869e-09
      7610.00   7.1863646e-09
      7620.00   7.1512580e-09
      7630.00   7.1163641e-09
      7640.00   7.0816834e-09
      7650.00   7.0472125e-09
      7660.00   7.0129513e-09
      7670.00   6.9788969e-09
      7680.00   6.9450487e-09
      7690.00   6.9114050e-09
      7700.00   6.8779646e-09
      7710.00   6.8447254e-09
      7720.00   6.8116863e-09
      7730.00   6.7788466e-09
      7740.00   6.7462036e-09
      7750.00   6.7137563e-09
      7760.00   6.6815037e-09
      7770.00   6.6494441e-09
      7780.00   6.6175759e-09
      7790.00   6.5858982e-09
      7800.00   6.5544093e-09
      7810.00   6.5231079e-09
      7820.00   6.4919932e-09
      7830.00   6.4610630e-09
      7840.00   6.4303167e-09
      7850.00   6.3997523e-09
      7860.00   6.3693689e-09
      7870.00   6.3391656e-09
      7880.00   6.3091403e-09
      7890.00   6.2792927e-09
      7900.00   6.2496205e-09
      7910.00   6.2201236e-09
      7920.00   6.1907998e-09
      7930.00   6.1616482e-09
      7940.00   6.1326678e-09
      7950.00   6.1038569e-09
      7960.00   6.0752156e-09
      7970.00   6.0467407e-09
      7980.00   6.0184327e-09
      7990.00   5.9902896e-09
      8000.00   5.9623103e-09
