      1600.00   1.9377206e-15
      1610.00   2.1598960e-15
      1620.00   2.4038603e-15
      1630.00   2.6713648e-15
      1640.00   2.9642652e-15
      1650.00   3.2845282e-15
      1660.00   3.6342333e-15
      1670.00   4.0155785e-15
      1680.00   4.4308809e-15
      1690.00   4.8825841e-15
      1700.00   5.3732599e-15
      1710.00   5.9056112e-15
      1720.00   6.4824767e-15
      1730.00   7.1068341e-15
      1740.00   7.7818020e-15
      1750.00   8.5106470e-15
      1760.00   9.2967809e-15
      1770.00   1.0143770e-14
      1780.00   1.1055331e-14
      1790.00   1.2035342e-14
      1800.00   1.3087835e-14
      1810.00   1.4217012e-14
      1820.00   1.5427226e-14
      1830.00   1.6723011e-14
      1840.00   1.8109060e-14
      1850.00   1.9590236e-14
      1860.00   2.1171575e-14
      1870.00   2.2858289e-14
      1880.00   2.4655756e-14
      1890.00   2.6569534e-14
      1900.00   2.8605355e-14
      1910.00   3.0769125e-14
      1920.00   3.3066929e-14
      1930.00   3.5505026e-14
      1940.00   3.8089857e-14
      1950.00   4.0828028e-14
      1960.00   4.3726330e-14
      1970.00   4.6791717e-14
      1980.00   5.0031333e-14
      1990.00   5.3452483e-14
      2000.00   5.7062635e-14
      2010.00   6.0869445e-14
      2020.00   6.4880722e-14
      2030.00   6.9104443e-14
      2040.00   7.3548756e-14
      2050.00   7.8221955e-14
      2060.00   8.3132497e-14
      2070.00   8.8288995e-14
      2080.00   9.3700228e-14
      2090.00   9.9375077e-14
      2100.00   1.0532262e-13
      2110.00   1.1155205e-13
      2120.00   1.1807268e-13
      2130.00   1.2489401e-13
      2140.00   1.3202560e-13
      2150.00   1.3947719e-13
      2160.00   1.4725861e-13
      2170.00   1.5537978e-13
      2180.00   1.6385080e-13
      2190.00   1.7268181e-13
      2200.00   1.8188308e-13
      2210.00   1.9146497e-13
      2220.00   2.0143790e-13
      2230.00   2.1181243e-13
      2240.00   2.2259913e-13
      2250.00   2.3380871e-13
      2260.00   2.4545189e-13
      2270.00   2.5753943e-13
      2280.00   2.7008226e-13
      2290.00   2.8309120e-13
      2300.00   2.9657725e-13
      2310.00   3.1055135e-13
      2320.00   3.2502452e-13
      2330.00   3.4000779e-13
      2340.00   3.5551216e-13
      2350.00   3.7154871e-13
      2360.00   3.8812849e-13
      2370.00   4.0526257e-13
      2380.00   4.2296193e-13
      2390.00   4.4123763e-13
      2400.00   4.6010068e-13
      2410.00   4.7956197e-13
      2420.00   4.9963254e-13
      2430.00   5.2032323e-13
      2440.00   5.4164487e-13
      2450.00   5.6360828e-13
      2460.00   5.8622424e-13
      2470.00   6.0950322e-13
      2480.00   6.3345591e-13
      2490.00   6.5809290e-13
      2500.00   6.8342452e-13
      2510.00   7.0946111e-13
      2520.00   7.3621296e-13
      2530.00   7.6369004e-13
      2540.00   7.9190256e-13
      2550.00   8.2086038e-13
      2560.00   8.5057317e-13
      2570.00   8.8105069e-13
      2580.00   9.1230247e-13
      2590.00   9.4433786e-13
      2600.00   9.7716622e-13
      2610.00   1.0107965e-12
      2620.00   1.0452379e-12
      2630.00   1.0804988e-12
      2640.00   1.1165883e-12
      2650.00   1.1535146e-12
      2660.00   1.1912862e-12
      2670.00   1.2299110e-12
      2680.00   1.2693973e-12
      2690.00   1.3097526e-12
      2700.00   1.3509844e-12
      2710.00   1.3931004e-12
      2720.00   1.4361079e-12
      2730.00   1.4800134e-12
      2740.00   1.5248243e-12
      2750.00   1.5705468e-12
      2760.00   1.6171878e-12
      2770.00   1.6647529e-12
      2780.00   1.7132485e-12
      2790.00   1.7626804e-12
      2800.00   1.8130539e-12
      2810.00   1.8643746e-12
      2820.00   1.9166478e-12
      2830.00   1.9698779e-12
      2840.00   2.0240700e-12
      2850.00   2.0792285e-12
      2860.00   2.1353577e-12
      2870.00   2.1924615e-12
      2880.00   2.2505434e-12
      2890.00   2.3096076e-12
      2900.00   2.3696569e-12
      2910.00   2.4306950e-12
      2920.00   2.4927242e-12
      2930.00   2.5557471e-12
      2940.00   2.6197664e-12
      2950.00   2.6847843e-12
      2960.00   2.7508024e-12
      2970.00   2.8178230e-12
      2980.00   2.8858469e-12
      2990.00   2.9548756e-12
      3000.00   3.0249103e-12
      3010.00   3.0959512e-12
      3020.00   3.1679996e-12
      3030.00   3.2410551e-12
      3040.00   3.3151184e-12
      3050.00   3.3901889e-12
      3060.00   3.4662664e-12
      3070.00   3.5433500e-12
      3080.00   3.6214390e-12
      3090.00   3.7005325e-12
      3100.00   3.7806293e-12
      3110.00   3.8617272e-12
      3120.00   3.9438256e-12
      3130.00   4.0269213e-12
      3140.00   4.1110131e-12
      3150.00   4.1960977e-12
      3160.00   4.2821737e-12
      3170.00   4.3692364e-12
      3180.00   4.4572850e-12
      3190.00   4.5463146e-12
      3200.00   4.6363226e-12
      3210.00   4.7273047e-12
      3220.00   4.8192580e-12
      3230.00   4.9121770e-12
      3240.00   5.0060586e-12
      3250.00   5.1008983e-12
      3260.00   5.1966913e-12
      3270.00   5.2934320e-12
      3280.00   5.3911166e-12
      3290.00   5.4897388e-12
      3300.00   5.5892942e-12
      3310.00   5.6897766e-12
      3320.00   5.7911798e-12
      3330.00   5.8934990e-12
      3340.00   5.9967278e-12
      3350.00   6.1008591e-12
      3360.00   6.2058872e-12
      3370.00   6.3118054e-12
      3380.00   6.4186068e-12
      3390.00   6.5262850e-12
      3400.00   6.6348324e-12
      3410.00   6.7442424e-12
      3420.00   6.8545066e-12
      3430.00   6.9656184e-12
      3440.00   7.0775698e-12
      3450.00   7.1903522e-12
      3460.00   7.3039603e-12
      3470.00   7.4183833e-12
      3480.00   7.5336135e-12
      3490.00   7.6496437e-12
      3500.00   7.7664651e-12
      3510.00   7.8840683e-12
      3520.00   8.0024458e-12
      3530.00   8.1215887e-12
      3540.00   8.2414870e-12
      3550.00   8.3621324e-12
      3560.00   8.4835166e-12
      3570.00   8.6056292e-12
      3580.00   8.7284615e-12
      3590.00   8.8520034e-12
      3600.00   8.9762467e-12
      3610.00   9.1011819e-12
      3620.00   9.2267979e-12
      3630.00   9.3530843e-12
      3640.00   9.4800337e-12
      3650.00   9.6076358e-12
      3660.00   9.7358793e-12
      3670.00   9.8647548e-12
      3680.00   9.9942530e-12
      3690.00   1.0124362e-11
      3700.00   1.0255074e-11
      3710.00   1.0386377e-11
      3720.00   1.0518260e-11
      3730.00   1.0650715e-11
      3740.00   1.0783729e-11
      3750.00   1.0917294e-11
      3760.00   1.1051397e-11
      3770.00   1.1186029e-11
      3780.00   1.1321179e-11
      3790.00   1.1456836e-11
      3800.00   1.1592991e-11
      3810.00   1.1729632e-11
      3820.00   1.1866748e-11
      3830.00   1.2004328e-11
      3840.00   1.2142362e-11
      3850.00   1.2280839e-11
      3860.00   1.2419748e-11
      3870.00   1.2559080e-11
      3880.00   1.2698821e-11
      3890.00   1.2838963e-11
      3900.00   1.2979493e-11
      3910.00   1.3120401e-11
      3920.00   1.3261677e-11
      3930.00   1.3403308e-11
      3940.00   1.3545285e-11
      3950.00   1.3687597e-11
      3960.00   1.3830234e-11
      3970.00   1.3973182e-11
      3980.00   1.4116434e-11
      3990.00   1.4259976e-11
      4000.00   1.4403799e-11
      4010.00   1.4547892e-11
      4020.00   1.4692243e-11
      4030.00   1.4836844e-11
      4040.00   1.4981681e-11
      4050.00   1.5126746e-11
      4060.00   1.5272026e-11
      4070.00   1.5417513e-11
      4080.00   1.5563195e-11
      4090.00   1.5709060e-11
      4100.00   1.5855101e-11
      4110.00   1.6001304e-11
      4120.00   1.6147660e-11
      4130.00   1.6294159e-11
      4140.00   1.6440789e-11
      4150.00   1.6587544e-11
      4160.00   1.6734408e-11
      4170.00   1.6881373e-11
      4180.00   1.7028429e-11
      4190.00   1.7175566e-11
      4200.00   1.7322775e-11
      4210.00   1.7470046e-11
      4220.00   1.7617364e-11
      4230.00   1.7764726e-11
      4240.00   1.7912116e-11
      4250.00   1.8059529e-11
      4260.00   1.8206953e-11
      4270.00   1.8354377e-11
      4280.00   1.8501795e-11
      4290.00   1.8649195e-11
      4300.00   1.8796567e-11
      4310.00   1.8943902e-11
      4320.00   1.9091191e-11
      4330.00   1.9238424e-11
      4340.00   1.9385592e-11
      4350.00   1.9532687e-11
      4360.00   1.9679698e-11
      4370.00   1.9826617e-11
      4380.00   1.9973433e-11
      4390.00   2.0120141e-11
      4400.00   2.0266727e-11
      4410.00   2.0413189e-11
      4420.00   2.0559510e-11
      4430.00   2.0705686e-11
      4440.00   2.0851709e-11
      4450.00   2.0997570e-11
      4460.00   2.1143259e-11
      4470.00   2.1288768e-11
      4480.00   2.1434089e-11
      4490.00   2.1579215e-11
      4500.00   2.1724136e-11
      4510.00   2.1868844e-11
      4520.00   2.2013334e-11
      4530.00   2.2157593e-11
      4540.00   2.2301617e-11
      4550.00   2.2445398e-11
      4560.00   2.2588927e-11
      4570.00   2.2732195e-11
      4580.00   2.2875197e-11
      4590.00   2.3017925e-11
      4600.00   2.3160372e-11
      4610.00   2.3302531e-11
      4620.00   2.3444391e-11
      4630.00   2.3585948e-11
      4640.00   2.3727197e-11
      4650.00   2.3868128e-11
      4660.00   2.4008735e-11
      4670.00   2.4149009e-11
      4680.00   2.4288946e-11
      4690.00   2.4428540e-11
      4700.00   2.4567780e-11
      4710.00   2.4706665e-11
      4720.00   2.4845184e-11
      4730.00   2.4983333e-11
      4740.00   2.5121108e-11
      4750.00   2.5258497e-11
      4760.00   2.5395499e-11
      4770.00   2.5532106e-11
      4780.00   2.5668311e-11
      4790.00   2.5804111e-11
      4800.00   2.5939497e-11
      4810.00   2.6074465e-11
      4820.00   2.6209007e-11
      4830.00   2.6343123e-11
      4840.00   2.6476803e-11
      4850.00   2.6610043e-11
      4860.00   2.6742837e-11
      4870.00   2.6875182e-11
      4880.00   2.7007069e-11
      4890.00   2.7138497e-11
      4900.00   2.7269458e-11
      4910.00   2.7399948e-11
      4920.00   2.7529966e-11
      4930.00   2.7659497e-11
      4940.00   2.7788548e-11
      4950.00   2.7917107e-11
      4960.00   2.8045171e-11
      4970.00   2.8172738e-11
      4980.00   2.8299803e-11
      4990.00   2.8426360e-11
      5000.00   2.8552405e-11
      5010.00   2.8677936e-11
      5020.00   2.8802945e-11
      5030.00   2.8927431e-11
      5040.00   2.9051392e-11
      5050.00   2.9174818e-11
      5060.00   2.9297709e-11
      5070.00   2.9420065e-11
      5080.00   2.9541874e-11
      5090.00   2.9663139e-11
      5100.00   2.9783856e-11
      5110.00   2.9904018e-11
      5120.00   3.0023624e-11
      5130.00   3.0142669e-11
      5140.00   3.0261154e-11
      5150.00   3.0379071e-11
      5160.00   3.0496422e-11
      5170.00   3.0613200e-11
      5180.00   3.0729401e-11
      5190.00   3.0845029e-11
      5200.00   3.0960073e-11
      5210.00   3.1074535e-11
      5220.00   3.1188411e-11
      5230.00   3.1301699e-11
      5240.00   3.1414398e-11
      5250.00   3.1526501e-11
      5260.00   3.1638008e-11
      5270.00   3.1748917e-11
      5280.00   3.1859227e-11
      5290.00   3.1968935e-11
      5300.00   3.2078037e-11
      5310.00   3.2186535e-11
      5320.00   3.2294423e-11
      5330.00   3.2401699e-11
      5340.00   3.2508365e-11
      5350.00   3.2614416e-11
      5360.00   3.2719851e-11
      5370.00   3.2824668e-11
      5380.00   3.2928866e-11
      5390.00   3.3032442e-11
      5400.00   3.3135394e-11
      5410.00   3.3237726e-11
      5420.00   3.3339430e-11
      5430.00   3.3440509e-11
      5440.00   3.3540961e-11
      5450.00   3.3640783e-11
      5460.00   3.3739971e-11
      5470.00   3.3838531e-11
      5480.00   3.3936456e-11
      5490.00   3.4033751e-11
      5500.00   3.4130407e-11
      5510.00   3.4226432e-11
      5520.00   3.4321819e-11
      5530.00   3.4416568e-11
      5540.00   3.4510677e-11
      5550.00   3.4604153e-11
      5560.00   3.4696982e-11
      5570.00   3.4789175e-11
      5580.00   3.4880730e-11
      5590.00   3.4971641e-11
      5600.00   3.5061909e-11
      5610.00   3.5151537e-11
      5620.00   3.5240521e-11
      5630.00   3.5328865e-11
      5640.00   3.5416566e-11
      5650.00   3.5503620e-11
      5660.00   3.5590034e-11
      5670.00   3.5675803e-11
      5680.00   3.5760929e-11
      5690.00   3.5845410e-11
      5700.00   3.5929248e-11
      5710.00   3.6012441e-11
      5720.00   3.6094994e-11
      5730.00   3.6176897e-11
      5740.00   3.6258165e-11
      5750.00   3.6338782e-11
      5760.00   3.6418758e-11
      5770.00   3.6498092e-11
      5780.00   3.6576783e-11
      5790.00   3.6654831e-11
      5800.00   3.6732237e-11
      5810.00   3.6809007e-11
      5820.00   3.6885131e-11
      5830.00   3.6960615e-11
      5840.00   3.7035459e-11
      5850.00   3.7109662e-11
      5860.00   3.7183228e-11
      5870.00   3.7256155e-11
      5880.00   3.7328444e-11
      5890.00   3.7400098e-11
      5900.00   3.7471114e-11
      5910.00   3.7541495e-11
      5920.00   3.7611238e-11
      5930.00   3.7680353e-11
      5940.00   3.7748834e-11
      5950.00   3.7816680e-11
      5960.00   3.7883897e-11
      5970.00   3.7950481e-11
      5980.00   3.8016439e-11
      5990.00   3.8081768e-11
      6000.00   3.8146470e-11
      6010.00   3.8210542e-11
      6020.00   3.8273991e-11
      6030.00   3.8336818e-11
      6040.00   3.8399021e-11
      6050.00   3.8460601e-11
      6060.00   3.8521560e-11
      6070.00   3.8581900e-11
      6080.00   3.8641625e-11
      6090.00   3.8700732e-11
      6100.00   3.8759222e-11
      6110.00   3.8817095e-11
      6120.00   3.8874362e-11
      6130.00   3.8931012e-11
      6140.00   3.8987055e-11
      6150.00   3.9042487e-11
      6160.00   3.9097312e-11
      6170.00   3.9151532e-11
      6180.00   3.9205146e-11
      6190.00   3.9258156e-11
      6200.00   3.9310570e-11
      6210.00   3.9362379e-11
      6220.00   3.9413590e-11
      6230.00   3.9464208e-11
      6240.00   3.9514230e-11
      6250.00   3.9563653e-11
      6260.00   3.9612490e-11
      6270.00   3.9660737e-11
      6280.00   3.9708393e-11
      6290.00   3.9755460e-11
      6300.00   3.9801944e-11
      6310.00   3.9847844e-11
      6320.00   3.9893167e-11
      6330.00   3.9937901e-11
      6340.00   3.9982059e-11
      6350.00   4.0025647e-11
      6360.00   4.0068655e-11
      6370.00   4.0111090e-11
      6380.00   4.0152954e-11
      6390.00   4.0194251e-11
      6400.00   4.0234978e-11
      6410.00   4.0275140e-11
      6420.00   4.0314737e-11
      6430.00   4.0353775e-11
      6440.00   4.0392255e-11
      6450.00   4.0430172e-11
      6460.00   4.0467533e-11
      6470.00   4.0504342e-11
      6480.00   4.0540597e-11
      6490.00   4.0576306e-11
      6500.00   4.0611464e-11
      6510.00   4.0646077e-11
      6520.00   4.0680146e-11
      6530.00   4.0713669e-11
      6540.00   4.0746653e-11
      6550.00   4.0779103e-11
      6560.00   4.0811013e-11
      6570.00   4.0842387e-11
      6580.00   4.0873232e-11
      6590.00   4.0903547e-11
      6600.00   4.0933333e-11
      6610.00   4.0962593e-11
      6620.00   4.0991331e-11
      6630.00   4.1019542e-11
      6640.00   4.1047237e-11
      6650.00   4.1074417e-11
      6660.00   4.1101077e-11
      6670.00   4.1127225e-11
      6680.00   4.1152865e-11
      6690.00   4.1177989e-11
      6700.00   4.1202612e-11
      6710.00   4.1226727e-11
      6720.00   4.1250341e-11
      6730.00   4.1273452e-11
      6740.00   4.1296068e-11
      6750.00   4.1318186e-11
      6760.00   4.1339810e-11
      6770.00   4.1360945e-11
      6780.00   4.1381586e-11
      6790.00   4.1401742e-11
      6800.00   4.1421411e-11
      6810.00   4.1440600e-11
      6820.00   4.1459306e-11
      6830.00   4.1477533e-11
      6840.00   4.1495282e-11
      6850.00   4.1512557e-11
      6860.00   4.1529362e-11
      6870.00   4.1545695e-11
      6880.00   4.1561562e-11
      6890.00   4.1576962e-11
      6900.00   4.1591895e-11
      6910.00   4.1606372e-11
      6920.00   4.1620393e-11
      6930.00   4.1633951e-11
      6940.00   4.1647058e-11
      6950.00   4.1659710e-11
      6960.00   4.1671912e-11
      6970.00   4.1683666e-11
      6980.00   4.1694976e-11
      6990.00   4.1705845e-11
      7000.00   4.1716268e-11
      7010.00   4.1726252e-11
      7020.00   4.1735801e-11
      7030.00   4.1744918e-11
      7040.00   4.1753598e-11
      7050.00   4.1761852e-11
      7060.00   4.1769676e-11
      7070.00   4.1777075e-11
      7080.00   4.1784047e-11
      7090.00   4.1790600e-11
      7100.00   4.1796734e-11
      7110.00   4.1802451e-11
      7120.00   4.1807756e-11
      7130.00   4.1812650e-11
      7140.00   4.1817127e-11
      7150.00   4.1821201e-11
      7160.00   4.1824866e-11
      7170.00   4.1828127e-11
      7180.00   4.1830988e-11
      7190.00   4.1833453e-11
      7200.00   4.1835516e-11
      7210.00   4.1837187e-11
      7220.00   4.1838469e-11
      7230.00   4.1839353e-11
      7240.00   4.1839857e-11
      7250.00   4.1839966e-11
      7260.00   4.1839693e-11
      7270.00   4.1839044e-11
      7280.00   4.1838009e-11
      7290.00   4.1836600e-11
      7300.00   4.1834817e-11
      7310.00   4.1832661e-11
      7320.00   4.1830130e-11
      7330.00   4.1827234e-11
      7340.00   4.1823968e-11
      7350.00   4.1820340e-11
      7360.00   4.1816351e-11
      7370.00   4.1812004e-11
      7380.00   4.1807291e-11
      7390.00   4.1802228e-11
      7400.00   4.1796808e-11
      7410.00   4.1791039e-11
      7420.00   4.1784920e-11
      7430.00   4.1778452e-11
      7440.00   4.1771639e-11
      7450.00   4.1764486e-11
      7460.00   4.1756991e-11
      7470.00   4.1749156e-11
      7480.00   4.1740984e-11
      7490.00   4.1732476e-11
      7500.00   4.1723640e-11
      7510.00   4.1714469e-11
      7520.00   4.1704969e-11
      7530.00   4.1695143e-11
      7540.00   4.1684997e-11
      7550.00   4.1674524e-11
      7560.00   4.1663733e-11
      7570.00   4.1652623e-11
      7580.00   4.1641192e-11
      7590.00   4.1629454e-11
      7600.00   4.1617403e-11
      7610.00   4.1605039e-11
      7620.00   4.1592370e-11
      7630.00   4.1579389e-11
      7640.00   4.1566111e-11
      7650.00   4.1552526e-11
      7660.00   4.1538645e-11
      7670.00   4.1524462e-11
      7680.00   4.1509984e-11
      7690.00   4.1495212e-11
      7700.00   4.1480149e-11
      7710.00   4.1464794e-11
      7720.00   4.1449150e-11
      7730.00   4.1433225e-11
      7740.00   4.1417012e-11
      7750.00   4.1400516e-11
      7760.00   4.1383741e-11
      7770.00   4.1366687e-11
      7780.00   4.1349356e-11
      7790.00   4.1331751e-11
      7800.00   4.1313872e-11
      7810.00   4.1295722e-11
      7820.00   4.1277307e-11
      7830.00   4.1258621e-11
      7840.00   4.1239672e-11
      7850.00   4.1220457e-11
      7860.00   4.1200981e-11
      7870.00   4.1181247e-11
      7880.00   4.1161254e-11
      7890.00   4.1141007e-11
      7900.00   4.1120503e-11
      7910.00   4.1099751e-11
      7920.00   4.1078746e-11
      7930.00   4.1057491e-11
      7940.00   4.1035992e-11
      7950.00   4.1014246e-11
      7960.00   4.0992262e-11
      7970.00   4.0970030e-11
      7980.00   4.0947563e-11
      7990.00   4.0924856e-11
      8000.00   4.0901913e-11
