      1600.00   8.2281101e-14
      1610.00   8.9604522e-14
      1620.00   9.7458401e-14
      1630.00   1.0587143e-13
      1640.00   1.1487313e-13
      1650.00   1.2449397e-13
      1660.00   1.3476529e-13
      1670.00   1.4571933e-13
      1680.00   1.5738915e-13
      1690.00   1.6980871e-13
      1700.00   1.8301284e-13
      1710.00   1.9703713e-13
      1720.00   2.1191802e-13
      1730.00   2.2769274e-13
      1740.00   2.4439927e-13
      1750.00   2.6207639e-13
      1760.00   2.8076355e-13
      1770.00   3.0050097e-13
      1780.00   3.2132950e-13
      1790.00   3.4329064e-13
      1800.00   3.6642651e-13
      1810.00   3.9077994e-13
      1820.00   4.1639405e-13
      1830.00   4.4331284e-13
      1840.00   4.7158054e-13
      1850.00   5.0124197e-13
      1860.00   5.3234234e-13
      1870.00   5.6492734e-13
      1880.00   5.9904285e-13
      1890.00   6.3473525e-13
      1900.00   6.7205108e-13
      1910.00   7.1103721e-13
      1920.00   7.5174066e-13
      1930.00   7.9420866e-13
      1940.00   8.3848868e-13
      1950.00   8.8462802e-13
      1960.00   9.3267429e-13
      1970.00   9.8267484e-13
      1980.00   1.0346774e-12
      1990.00   1.0887293e-12
      2000.00   1.1448777e-12
      2010.00   1.2031700e-12
      2020.00   1.2636530e-12
      2030.00   1.3263736e-12
      2040.00   1.3913784e-12
      2050.00   1.4587134e-12
      2060.00   1.5284245e-12
      2070.00   1.6005571e-12
      2080.00   1.6751567e-12
      2090.00   1.7522673e-12
      2100.00   1.8319333e-12
      2110.00   1.9141984e-12
      2120.00   1.9991055e-12
      2130.00   2.0866973e-12
      2140.00   2.1770151e-12
      2150.00   2.2701005e-12
      2160.00   2.3659938e-12
      2170.00   2.4647345e-12
      2180.00   2.5663621e-12
      2190.00   2.6709144e-12
      2200.00   2.7784289e-12
      2210.00   2.8889421e-12
      2220.00   3.0024896e-12
      2230.00   3.1191064e-12
      2240.00   3.2388260e-12
      2250.00   3.3616816e-12
      2260.00   3.4877052e-12
      2270.00   3.6169270e-12
      2280.00   3.7493781e-12
      2290.00   3.8850864e-12
      2300.00   4.0240805e-12
      2310.00   4.1663868e-12
      2320.00   4.3120311e-12
      2330.00   4.4610383e-12
      2340.00   4.6134312e-12
      2350.00   4.7692327e-12
      2360.00   4.9284642e-12
      2370.00   5.0911457e-12
      2380.00   5.2572958e-12
      2390.00   5.4269324e-12
      2400.00   5.6000726e-12
      2410.00   5.7767305e-12
      2420.00   5.9569219e-12
      2430.00   6.1406591e-12
      2440.00   6.3279538e-12
      2450.00   6.5188170e-12
      2460.00   6.7132587e-12
      2470.00   6.9112850e-12
      2480.00   7.1129041e-12
      2490.00   7.3181227e-12
      2500.00   7.5269444e-12
      2510.00   7.7393728e-12
      2520.00   7.9554106e-12
      2530.00   8.1750570e-12
      2540.00   8.3983142e-12
      2550.00   8.6251800e-12
      2560.00   8.8556506e-12
      2570.00   9.0897234e-12
      2580.00   9.3273935e-12
      2590.00   9.5686544e-12
      2600.00   9.8134999e-12
      2610.00   1.0061920e-11
      2620.00   1.0313908e-11
      2630.00   1.0569449e-11
      2640.00   1.0828534e-11
      2650.00   1.1091151e-11
      2660.00   1.1357285e-11
      2670.00   1.1626921e-11
      2680.00   1.1900043e-11
      2690.00   1.2176635e-11
      2700.00   1.2456676e-11
      2710.00   1.2740151e-11
      2720.00   1.3027038e-11
      2730.00   1.3317314e-11
      2740.00   1.3610960e-11
      2750.00   1.3907951e-11
      2760.00   1.4208266e-11
      2770.00   1.4511877e-11
      2780.00   1.4818759e-11
      2790.00   1.5128888e-11
      2800.00   1.5442233e-11
      2810.00   1.5758767e-11
      2820.00   1.6078463e-11
      2830.00   1.6401287e-11
      2840.00   1.6727212e-11
      2850.00   1.7056205e-11
      2860.00   1.7388235e-11
      2870.00   1.7723268e-11
      2880.00   1.8061268e-11
      2890.00   1.8402204e-11
      2900.00   1.8746040e-11
      2910.00   1.9092743e-11
      2920.00   1.9442273e-11
      2930.00   1.9794593e-11
      2940.00   2.0149667e-11
      2950.00   2.0507457e-11
      2960.00   2.0867923e-11
      2970.00   2.1231030e-11
      2980.00   2.1596734e-11
      2990.00   2.1964995e-11
      3000.00   2.2335776e-11
      3010.00   2.2709030e-11
      3020.00   2.3084722e-11
      3030.00   2.3462805e-11
      3040.00   2.3843241e-11
      3050.00   2.4225984e-11
      3060.00   2.4610992e-11
      3070.00   2.4998221e-11
      3080.00   2.5387627e-11
      3090.00   2.5779167e-11
      3100.00   2.6172797e-11
      3110.00   2.6568470e-11
      3120.00   2.6966146e-11
      3130.00   2.7365774e-11
      3140.00   2.7767314e-11
      3150.00   2.8170715e-11
      3160.00   2.8575939e-11
      3170.00   2.8982928e-11
      3180.00   2.9391650e-11
      3190.00   2.9802048e-11
      3200.00   3.0214082e-11
      3210.00   3.0627702e-11
      3220.00   3.1042866e-11
      3230.00   3.1459520e-11
      3240.00   3.1877624e-11
      3250.00   3.2297131e-11
      3260.00   3.2717993e-11
      3270.00   3.3140159e-11
      3280.00   3.3563591e-11
      3290.00   3.3988234e-11
      3300.00   3.4414048e-11
      3310.00   3.4840983e-11
      3320.00   3.5268990e-11
      3330.00   3.5698028e-11
      3340.00   3.6128050e-11
      3350.00   3.6559004e-11
      3360.00   3.6990848e-11
      3370.00   3.7423537e-11
      3380.00   3.7857023e-11
      3390.00   3.8291262e-11
      3400.00   3.8726207e-11
      3410.00   3.9161816e-11
      3420.00   3.9598037e-11
      3430.00   4.0034830e-11
      3440.00   4.0472149e-11
      3450.00   4.0909944e-11
      3460.00   4.1348185e-11
      3470.00   4.1786813e-11
      3480.00   4.2225786e-11
      3490.00   4.2665067e-11
      3500.00   4.3104610e-11
      3510.00   4.3544366e-11
      3520.00   4.3984301e-11
      3530.00   4.4424369e-11
      3540.00   4.4864522e-11
      3550.00   4.5304723e-11
      3560.00   4.5744933e-11
      3570.00   4.6185105e-11
      3580.00   4.6625200e-11
      3590.00   4.7065173e-11
      3600.00   4.7504991e-11
      3610.00   4.7944614e-11
      3620.00   4.8383993e-11
      3630.00   4.8823087e-11
      3640.00   4.9261868e-11
      3650.00   4.9700296e-11
      3660.00   5.0138324e-11
      3670.00   5.0575918e-11
      3680.00   5.1013043e-11
      3690.00   5.1449656e-11
      3700.00   5.1885725e-11
      3710.00   5.2321212e-11
      3720.00   5.2756075e-11
      3730.00   5.3190289e-11
      3740.00   5.3623809e-11
      3750.00   5.4056606e-11
      3760.00   5.4488636e-11
      3770.00   5.4919875e-11
      3780.00   5.5350283e-11
      3790.00   5.5779823e-11
      3800.00   5.6208479e-11
      3810.00   5.6636200e-11
      3820.00   5.7062959e-11
      3830.00   5.7488726e-11
      3840.00   5.7913463e-11
      3850.00   5.8337150e-11
      3860.00   5.8759744e-11
      3870.00   5.9181229e-11
      3880.00   5.9601563e-11
      3890.00   6.0020719e-11
      3900.00   6.0438671e-11
      3910.00   6.0855390e-11
      3920.00   6.1270845e-11
      3930.00   6.1685006e-11
      3940.00   6.2097851e-11
      3950.00   6.2509352e-11
      3960.00   6.2919484e-11
      3970.00   6.3328215e-11
      3980.00   6.3735527e-11
      3990.00   6.4141385e-11
      4000.00   6.4545768e-11
      4010.00   6.4948656e-11
      4020.00   6.5350019e-11
      4030.00   6.5749839e-11
      4040.00   6.6148085e-11
      4050.00   6.6544743e-11
      4060.00   6.6939779e-11
      4070.00   6.7333185e-11
      4080.00   6.7724930e-11
      4090.00   6.8114993e-11
      4100.00   6.8503360e-11
      4110.00   6.8890005e-11
      4120.00   6.9274904e-11
      4130.00   6.9658046e-11
      4140.00   7.0039402e-11
      4150.00   7.0418971e-11
      4160.00   7.0796715e-11
      4170.00   7.1172621e-11
      4180.00   7.1546674e-11
      4190.00   7.1918856e-11
      4200.00   7.2289153e-11
      4210.00   7.2657555e-11
      4220.00   7.3024020e-11
      4230.00   7.3388562e-11
      4240.00   7.3751140e-11
      4250.00   7.4111760e-11
      4260.00   7.4470400e-11
      4270.00   7.4827037e-11
      4280.00   7.5181672e-11
      4290.00   7.5534283e-11
      4300.00   7.5884858e-11
      4310.00   7.6233383e-11
      4320.00   7.6579848e-11
      4330.00   7.6924233e-11
      4340.00   7.7266535e-11
      4350.00   7.7606745e-11
      4360.00   7.7944845e-11
      4370.00   7.8280827e-11
      4380.00   7.8614676e-11
      4390.00   7.8946391e-11
      4400.00   7.9275951e-11
      4410.00   7.9603363e-11
      4420.00   7.9928595e-11
      4430.00   8.0251654e-11
      4440.00   8.0572529e-11
      4450.00   8.0891216e-11
      4460.00   8.1207697e-11
      4470.00   8.1521970e-11
      4480.00   8.1834025e-11
      4490.00   8.2143861e-11
      4500.00   8.2451469e-11
      4510.00   8.2756835e-11
      4520.00   8.3059971e-11
      4530.00   8.3360847e-11
      4540.00   8.3659474e-11
      4550.00   8.3955848e-11
      4560.00   8.4249957e-11
      4570.00   8.4541791e-11
      4580.00   8.4831359e-11
      4590.00   8.5118651e-11
      4600.00   8.5403665e-11
      4610.00   8.5686398e-11
      4620.00   8.5966836e-11
      4630.00   8.6244985e-11
      4640.00   8.6520849e-11
      4650.00   8.6794416e-11
      4660.00   8.7065687e-11
      4670.00   8.7334651e-11
      4680.00   8.7601319e-11
      4690.00   8.7865689e-11
      4700.00   8.8127745e-11
      4710.00   8.8387505e-11
      4720.00   8.8644953e-11
      4730.00   8.8900094e-11
      4740.00   8.9152939e-11
      4750.00   8.9403466e-11
      4760.00   8.9651693e-11
      4770.00   8.9897611e-11
      4780.00   9.0141219e-11
      4790.00   9.0382528e-11
      4800.00   9.0621529e-11
      4810.00   9.0858224e-11
      4820.00   9.1092613e-11
      4830.00   9.1324709e-11
      4840.00   9.1554504e-11
      4850.00   9.1782002e-11
      4860.00   9.2007205e-11
      4870.00   9.2230117e-11
      4880.00   9.2450733e-11
      4890.00   9.2669066e-11
      4900.00   9.2885112e-11
      4910.00   9.3098876e-11
      4920.00   9.3310371e-11
      4930.00   9.3519570e-11
      4940.00   9.3726511e-11
      4950.00   9.3931177e-11
      4960.00   9.4133573e-11
      4970.00   9.4333716e-11
      4980.00   9.4531603e-11
      4990.00   9.4727234e-11
      5000.00   9.4920617e-11
      5010.00   9.5111761e-11
      5020.00   9.5300656e-11
      5030.00   9.5487321e-11
      5040.00   9.5671764e-11
      5050.00   9.5853971e-11
      5060.00   9.6033959e-11
      5070.00   9.6211746e-11
      5080.00   9.6387310e-11
      5090.00   9.6560678e-11
      5100.00   9.6731853e-11
      5110.00   9.6900831e-11
      5120.00   9.7067622e-11
      5130.00   9.7232230e-11
      5140.00   9.7394675e-11
      5150.00   9.7554946e-11
      5160.00   9.7713063e-11
      5170.00   9.7869023e-11
      5180.00   9.8022832e-11
      5190.00   9.8174510e-11
      5200.00   9.8324048e-11
      5210.00   9.8471459e-11
      5220.00   9.8616751e-11
      5230.00   9.8759928e-11
      5240.00   9.8901007e-11
      5250.00   9.9039979e-11
      5260.00   9.9176859e-11
      5270.00   9.9311655e-11
      5280.00   9.9444381e-11
      5290.00   9.9575039e-11
      5300.00   9.9703630e-11
      5310.00   9.9830176e-11
      5320.00   9.9954673e-11
      5330.00   1.0007713e-10
      5340.00   1.0019756e-10
      5350.00   1.0031597e-10
      5360.00   1.0043237e-10
      5370.00   1.0054676e-10
      5380.00   1.0065916e-10
      5390.00   1.0076956e-10
      5400.00   1.0087798e-10
      5410.00   1.0098444e-10
      5420.00   1.0108893e-10
      5430.00   1.0119147e-10
      5440.00   1.0129207e-10
      5450.00   1.0139072e-10
      5460.00   1.0148744e-10
      5470.00   1.0158224e-10
      5480.00   1.0167514e-10
      5490.00   1.0176613e-10
      5500.00   1.0185522e-10
      5510.00   1.0194244e-10
      5520.00   1.0202778e-10
      5530.00   1.0211126e-10
      5540.00   1.0219286e-10
      5550.00   1.0227264e-10
      5560.00   1.0235055e-10
      5570.00   1.0242665e-10
      5580.00   1.0250093e-10
      5590.00   1.0257339e-10
      5600.00   1.0264404e-10
      5610.00   1.0271291e-10
      5620.00   1.0277999e-10
      5630.00   1.0284530e-10
      5640.00   1.0290885e-10
      5650.00   1.0297062e-10
      5660.00   1.0303067e-10
      5670.00   1.0308897e-10
      5680.00   1.0314554e-10
      5690.00   1.0320039e-10
      5700.00   1.0325354e-10
      5710.00   1.0330498e-10
      5720.00   1.0335474e-10
      5730.00   1.0340280e-10
      5740.00   1.0344922e-10
      5750.00   1.0349395e-10
      5760.00   1.0353704e-10
      5770.00   1.0357848e-10
      5780.00   1.0361829e-10
      5790.00   1.0365647e-10
      5800.00   1.0369304e-10
      5810.00   1.0372802e-10
      5820.00   1.0376139e-10
      5830.00   1.0379318e-10
      5840.00   1.0382339e-10
      5850.00   1.0385203e-10
      5860.00   1.0387912e-10
      5870.00   1.0390466e-10
      5880.00   1.0392866e-10
      5890.00   1.0395113e-10
      5900.00   1.0397208e-10
      5910.00   1.0399153e-10
      5920.00   1.0400946e-10
      5930.00   1.0402592e-10
      5940.00   1.0404089e-10
      5950.00   1.0405439e-10
      5960.00   1.0406643e-10
      5970.00   1.0407701e-10
      5980.00   1.0408616e-10
      5990.00   1.0409387e-10
      6000.00   1.0410016e-10
      6010.00   1.0410502e-10
      6020.00   1.0410849e-10
      6030.00   1.0411056e-10
      6040.00   1.0411124e-10
      6050.00   1.0411055e-10
      6060.00   1.0410848e-10
      6070.00   1.0410506e-10
      6080.00   1.0410030e-10
      6090.00   1.0409419e-10
      6100.00   1.0408675e-10
      6110.00   1.0407798e-10
      6120.00   1.0406792e-10
      6130.00   1.0405654e-10
      6140.00   1.0404388e-10
      6150.00   1.0402992e-10
      6160.00   1.0401469e-10
      6170.00   1.0399820e-10
      6180.00   1.0398044e-10
      6190.00   1.0396144e-10
      6200.00   1.0394121e-10
      6210.00   1.0391974e-10
      6220.00   1.0389705e-10
      6230.00   1.0387316e-10
      6240.00   1.0384806e-10
      6250.00   1.0382175e-10
      6260.00   1.0379428e-10
      6270.00   1.0376563e-10
      6280.00   1.0373581e-10
      6290.00   1.0370482e-10
      6300.00   1.0367269e-10
      6310.00   1.0363942e-10
      6320.00   1.0360503e-10
      6330.00   1.0356950e-10
      6340.00   1.0353286e-10
      6350.00   1.0349512e-10
      6360.00   1.0345628e-10
      6370.00   1.0341635e-10
      6380.00   1.0337534e-10
      6390.00   1.0333327e-10
      6400.00   1.0329012e-10
      6410.00   1.0324593e-10
      6420.00   1.0320068e-10
      6430.00   1.0315441e-10
      6440.00   1.0310711e-10
      6450.00   1.0305878e-10
      6460.00   1.0300944e-10
      6470.00   1.0295909e-10
      6480.00   1.0290775e-10
      6490.00   1.0285544e-10
      6500.00   1.0280213e-10
      6510.00   1.0274786e-10
      6520.00   1.0269263e-10
      6530.00   1.0263644e-10
      6540.00   1.0257930e-10
      6550.00   1.0252123e-10
      6560.00   1.0246223e-10
      6570.00   1.0240229e-10
      6580.00   1.0234146e-10
      6590.00   1.0227971e-10
      6600.00   1.0221707e-10
      6610.00   1.0215353e-10
      6620.00   1.0208912e-10
      6630.00   1.0202381e-10
      6640.00   1.0195766e-10
      6650.00   1.0189064e-10
      6660.00   1.0182277e-10
      6670.00   1.0175405e-10
      6680.00   1.0168450e-10
      6690.00   1.0161411e-10
      6700.00   1.0154291e-10
      6710.00   1.0147089e-10
      6720.00   1.0139807e-10
      6730.00   1.0132444e-10
      6740.00   1.0125003e-10
      6750.00   1.0117483e-10
      6760.00   1.0109885e-10
      6770.00   1.0102212e-10
      6780.00   1.0094460e-10
      6790.00   1.0086634e-10
      6800.00   1.0078733e-10
      6810.00   1.0070758e-10
      6820.00   1.0062709e-10
      6830.00   1.0054588e-10
      6840.00   1.0046394e-10
      6850.00   1.0038130e-10
      6860.00   1.0029795e-10
      6870.00   1.0021389e-10
      6880.00   1.0012915e-10
      6890.00   1.0004372e-10
      6900.00   9.9957608e-11
      6910.00   9.9870831e-11
      6920.00   9.9783398e-11
      6930.00   9.9695291e-11
      6940.00   9.9606542e-11
      6950.00   9.9517141e-11
      6960.00   9.9427099e-11
      6970.00   9.9336427e-11
      6980.00   9.9245136e-11
      6990.00   9.9153230e-11
      7000.00   9.9060701e-11
      7010.00   9.8967564e-11
      7020.00   9.8873832e-11
      7030.00   9.8779515e-11
      7040.00   9.8684597e-11
      7050.00   9.8589110e-11
      7060.00   9.8493044e-11
      7070.00   9.8396410e-11
      7080.00   9.8299207e-11
      7090.00   9.8201451e-11
      7100.00   9.8103147e-11
      7110.00   9.8004299e-11
      7120.00   9.7904918e-11
      7130.00   9.7805008e-11
      7140.00   9.7704556e-11
      7150.00   9.7603597e-11
      7160.00   9.7502117e-11
      7170.00   9.7400126e-11
      7180.00   9.7297636e-11
      7190.00   9.7194656e-11
      7200.00   9.7091174e-11
      7210.00   9.6987212e-11
      7220.00   9.6882780e-11
      7230.00   9.6777855e-11
      7240.00   9.6672481e-11
      7250.00   9.6566623e-11
      7260.00   9.6460314e-11
      7270.00   9.6353564e-11
      7280.00   9.6246351e-11
      7290.00   9.6138707e-11
      7300.00   9.6030630e-11
      7310.00   9.5922120e-11
      7320.00   9.5813179e-11
      7330.00   9.5703824e-11
      7340.00   9.5594047e-11
      7350.00   9.5483866e-11
      7360.00   9.5373283e-11
      7370.00   9.5262307e-11
      7380.00   9.5150917e-11
      7390.00   9.5039154e-11
      7400.00   9.4926998e-11
      7410.00   9.4814469e-11
      7420.00   9.4701565e-11
      7430.00   9.4588289e-11
      7440.00   9.4474649e-11
      7450.00   9.4360654e-11
      7460.00   9.4246306e-11
      7470.00   9.4131605e-11
      7480.00   9.4016560e-11
      7490.00   9.3901171e-11
      7500.00   9.3785457e-11
      7510.00   9.3669401e-11
      7520.00   9.3553021e-11
      7530.00   9.3436318e-11
      7540.00   9.3319309e-11
      7550.00   9.3201979e-11
      7560.00   9.3084344e-11
      7570.00   9.2966405e-11
      7580.00   9.2848156e-11
      7590.00   9.2729629e-11
      7600.00   9.2610810e-11
      7610.00   9.2491699e-11
      7620.00   9.2372314e-11
      7630.00   9.2252639e-11
      7640.00   9.2132707e-11
      7650.00   9.2012495e-11
      7660.00   9.1892028e-11
      7670.00   9.1771292e-11
      7680.00   9.1650303e-11
      7690.00   9.1529062e-11
      7700.00   9.1407578e-11
      7710.00   9.1285844e-11
      7720.00   9.1163870e-11
      7730.00   9.1041671e-11
      7740.00   9.0919233e-11
      7750.00   9.0796566e-11
      7760.00   9.0673678e-11
      7770.00   9.0550570e-11
      7780.00   9.0427243e-11
      7790.00   9.0303706e-11
      7800.00   9.0179961e-11
      7810.00   9.0056008e-11
      7820.00   8.9931863e-11
      7830.00   8.9807514e-11
      7840.00   8.9682976e-11
      7850.00   8.9558243e-11
      7860.00   8.9433323e-11
      7870.00   8.9308226e-11
      7880.00   8.9182945e-11
      7890.00   8.9057495e-11
      7900.00   8.8931866e-11
      7910.00   8.8806077e-11
      7920.00   8.8680118e-11
      7930.00   8.8553996e-11
      7940.00   8.8427720e-11
      7950.00   8.8301285e-11
      7960.00   8.8174711e-11
      7970.00   8.8047975e-11
      7980.00   8.7921103e-11
      7990.00   8.7794085e-11
      8000.00   8.7666929e-11
