      1600.00   2.0833208e-12
      1610.00   2.2236625e-12
      1620.00   2.3710938e-12
      1630.00   2.5258315e-12
      1640.00   2.6880906e-12
      1650.00   2.8580870e-12
      1660.00   3.0360354e-12
      1670.00   3.2221502e-12
      1680.00   3.4166436e-12
      1690.00   3.6197274e-12
      1700.00   3.8316116e-12
      1710.00   4.0525041e-12
      1720.00   4.2826103e-12
      1730.00   4.5221337e-12
      1740.00   4.7712743e-12
      1750.00   5.0302311e-12
      1760.00   5.2991975e-12
      1770.00   5.5783658e-12
      1780.00   5.8679231e-12
      1790.00   6.1680536e-12
      1800.00   6.4789367e-12
      1810.00   6.8007496e-12
      1820.00   7.1336608e-12
      1830.00   7.4778400e-12
      1840.00   7.8334477e-12
      1850.00   8.2006410e-12
      1860.00   8.5795719e-12
      1870.00   8.9703882e-12
      1880.00   9.3732297e-12
      1890.00   9.7882330e-12
      1900.00   1.0215528e-11
      1910.00   1.0655239e-11
      1920.00   1.1107483e-11
      1930.00   1.1572375e-11
      1940.00   1.2050021e-11
      1950.00   1.2540519e-11
      1960.00   1.3043965e-11
      1970.00   1.3560444e-11
      1980.00   1.4090041e-11
      1990.00   1.4632828e-11
      2000.00   1.5188872e-11
      2010.00   1.5758236e-11
      2020.00   1.6340976e-11
      2030.00   1.6937139e-11
      2040.00   1.7546767e-11
      2050.00   1.8169896e-11
      2060.00   1.8806553e-11
      2070.00   1.9456761e-11
      2080.00   2.0120537e-11
      2090.00   2.0797885e-11
      2100.00   2.1488810e-11
      2110.00   2.2193309e-11
      2120.00   2.2911369e-11
      2130.00   2.3642975e-11
      2140.00   2.4388099e-11
      2150.00   2.5146716e-11
      2160.00   2.5918787e-11
      2170.00   2.6704267e-11
      2180.00   2.7503113e-11
      2190.00   2.8315266e-11
      2200.00   2.9140667e-11
      2210.00   2.9979251e-11
      2220.00   3.0830941e-11
      2230.00   3.1695665e-11
      2240.00   3.2573333e-11
      2250.00   3.3463861e-11
      2260.00   3.4367153e-11
      2270.00   3.5283104e-11
      2280.00   3.6211617e-11
      2290.00   3.7152575e-11
      2300.00   3.8105868e-11
      2310.00   3.9071373e-11
      2320.00   4.0048967e-11
      2330.00   4.1038521e-11
      2340.00   4.2039896e-11
      2350.00   4.3052960e-11
      2360.00   4.4077569e-11
      2370.00   4.5113578e-11
      2380.00   4.6160831e-11
      2390.00   4.7219177e-11
      2400.00   4.8288461e-11
      2410.00   4.9368512e-11
      2420.00   5.0459176e-11
      2430.00   5.1560279e-11
      2440.00   5.2671649e-11
      2450.00   5.3793114e-11
      2460.00   5.4924500e-11
      2470.00   5.6065611e-11
      2480.00   5.7216272e-11
      2490.00   5.8376306e-11
      2500.00   5.9545515e-11
      2510.00   6.0723711e-11
      2520.00   6.1910705e-11
      2530.00   6.3106289e-11
      2540.00   6.4310284e-11
      2550.00   6.5522485e-11
      2560.00   6.6742683e-11
      2570.00   6.7970685e-11
      2580.00   6.9206287e-11
      2590.00   7.0449282e-11
      2600.00   7.1699471e-11
      2610.00   7.2956637e-11
      2620.00   7.4220581e-11
      2630.00   7.5491082e-11
      2640.00   7.6767941e-11
      2650.00   7.8050945e-11
      2660.00   7.9339888e-11
      2670.00   8.0634550e-11
      2680.00   8.1934728e-11
      2690.00   8.3240203e-11
      2700.00   8.4550757e-11
      2710.00   8.5866196e-11
      2720.00   8.7186303e-11
      2730.00   8.8510848e-11
      2740.00   8.9839640e-11
      2750.00   9.1172459e-11
      2760.00   9.2509105e-11
      2770.00   9.3849345e-11
      2780.00   9.5192985e-11
      2790.00   9.6539824e-11
      2800.00   9.7889625e-11
      2810.00   9.9242203e-11
      2820.00   1.0059736e-10
      2830.00   1.0195485e-10
      2840.00   1.0331451e-10
      2850.00   1.0467611e-10
      2860.00   1.0603947e-10
      2870.00   1.0740437e-10
      2880.00   1.0877060e-10
      2890.00   1.1013798e-10
      2900.00   1.1150631e-10
      2910.00   1.1287540e-10
      2920.00   1.1424504e-10
      2930.00   1.1561504e-10
      2940.00   1.1698522e-10
      2950.00   1.1835537e-10
      2960.00   1.1972531e-10
      2970.00   1.2109487e-10
      2980.00   1.2246385e-10
      2990.00   1.2383206e-10
      3000.00   1.2519934e-10
      3010.00   1.2656547e-10
      3020.00   1.2793033e-10
      3030.00   1.2929369e-10
      3040.00   1.3065542e-10
      3050.00   1.3201532e-10
      3060.00   1.3337323e-10
      3070.00   1.3472899e-10
      3080.00   1.3608241e-10
      3090.00   1.3743335e-10
      3100.00   1.3878165e-10
      3110.00   1.4012712e-10
      3120.00   1.4146966e-10
      3130.00   1.4280906e-10
      3140.00   1.4414520e-10
      3150.00   1.4547790e-10
      3160.00   1.4680706e-10
      3170.00   1.4813246e-10
      3180.00   1.4945404e-10
      3190.00   1.5077160e-10
      3200.00   1.5208503e-10
      3210.00   1.5339417e-10
      3220.00   1.5469892e-10
      3230.00   1.5599910e-10
      3240.00   1.5729461e-10
      3250.00   1.5858534e-10
      3260.00   1.5987114e-10
      3270.00   1.6115187e-10
      3280.00   1.6242744e-10
      3290.00   1.6369772e-10
      3300.00   1.6496260e-10
      3310.00   1.6622196e-10
      3320.00   1.6747567e-10
      3330.00   1.6872365e-10
      3340.00   1.6996579e-10
      3350.00   1.7120196e-10
      3360.00   1.7243208e-10
      3370.00   1.7365604e-10
      3380.00   1.7487375e-10
      3390.00   1.7608511e-10
      3400.00   1.7729002e-10
      3410.00   1.7848841e-10
      3420.00   1.7968016e-10
      3430.00   1.8086520e-10
      3440.00   1.8204344e-10
      3450.00   1.8321478e-10
      3460.00   1.8437920e-10
      3470.00   1.8553655e-10
      3480.00   1.8668678e-10
      3490.00   1.8782983e-10
      3500.00   1.8896561e-10
      3510.00   1.9009405e-10
      3520.00   1.9121510e-10
      3530.00   1.9232868e-10
      3540.00   1.9343472e-10
      3550.00   1.9453316e-10
      3560.00   1.9562395e-10
      3570.00   1.9670703e-10
      3580.00   1.9778234e-10
      3590.00   1.9884981e-10
      3600.00   1.9990941e-10
      3610.00   2.0096111e-10
      3620.00   2.0200481e-10
      3630.00   2.0304046e-10
      3640.00   2.0406807e-10
      3650.00   2.0508757e-10
      3660.00   2.0609891e-10
      3670.00   2.0710205e-10
      3680.00   2.0809697e-10
      3690.00   2.0908361e-10
      3700.00   2.1006195e-10
      3710.00   2.1103197e-10
      3720.00   2.1199360e-10
      3730.00   2.1294686e-10
      3740.00   2.1389168e-10
      3750.00   2.1482806e-10
      3760.00   2.1575594e-10
      3770.00   2.1667535e-10
      3780.00   2.1758622e-10
      3790.00   2.1848853e-10
      3800.00   2.1938233e-10
      3810.00   2.2026754e-10
      3820.00   2.2114414e-10
      3830.00   2.2201214e-10
      3840.00   2.2287151e-10
      3850.00   2.2372227e-10
      3860.00   2.2456436e-10
      3870.00   2.2539783e-10
      3880.00   2.2622263e-10
      3890.00   2.2703876e-10
      3900.00   2.2784623e-10
      3910.00   2.2864503e-10
      3920.00   2.2943515e-10
      3930.00   2.3021658e-10
      3940.00   2.3098934e-10
      3950.00   2.3175343e-10
      3960.00   2.3250886e-10
      3970.00   2.3325561e-10
      3980.00   2.3399371e-10
      3990.00   2.3472313e-10
      4000.00   2.3544389e-10
      4010.00   2.3615602e-10
      4020.00   2.3685951e-10
      4030.00   2.3755438e-10
      4040.00   2.3824062e-10
      4050.00   2.3891828e-10
      4060.00   2.3958732e-10
      4070.00   2.4024780e-10
      4080.00   2.4089972e-10
      4090.00   2.4154308e-10
      4100.00   2.4217793e-10
      4110.00   2.4280427e-10
      4120.00   2.4342209e-10
      4130.00   2.4403145e-10
      4140.00   2.4463233e-10
      4150.00   2.4522483e-10
      4160.00   2.4580888e-10
      4170.00   2.4638453e-10
      4180.00   2.4695182e-10
      4190.00   2.4751076e-10
      4200.00   2.4806138e-10
      4210.00   2.4860375e-10
      4220.00   2.4913778e-10
      4230.00   2.4966362e-10
      4240.00   2.5018120e-10
      4250.00   2.5069061e-10
      4260.00   2.5119188e-10
      4270.00   2.5168498e-10
      4280.00   2.5217001e-10
      4290.00   2.5264696e-10
      4300.00   2.5311587e-10
      4310.00   2.5357677e-10
      4320.00   2.5402969e-10
      4330.00   2.5447464e-10
      4340.00   2.5491170e-10
      4350.00   2.5534088e-10
      4360.00   2.5576221e-10
      4370.00   2.5617574e-10
      4380.00   2.5658147e-10
      4390.00   2.5697947e-10
      4400.00   2.5736975e-10
      4410.00   2.5775239e-10
      4420.00   2.5812736e-10
      4430.00   2.5849474e-10
      4440.00   2.5885455e-10
      4450.00   2.5920686e-10
      4460.00   2.5955167e-10
      4470.00   2.5988902e-10
      4480.00   2.6021896e-10
      4490.00   2.6054154e-10
      4500.00   2.6085679e-10
      4510.00   2.6116472e-10
      4520.00   2.6146543e-10
      4530.00   2.6175889e-10
      4540.00   2.6204519e-10
      4550.00   2.6232436e-10
      4560.00   2.6259644e-10
      4570.00   2.6286144e-10
      4580.00   2.6311944e-10
      4590.00   2.6337047e-10
      4600.00   2.6361457e-10
      4610.00   2.6385179e-10
      4620.00   2.6408214e-10
      4630.00   2.6430569e-10
      4640.00   2.6452249e-10
      4650.00   2.6473256e-10
      4660.00   2.6493596e-10
      4670.00   2.6513269e-10
      4680.00   2.6532285e-10
      4690.00   2.6550646e-10
      4700.00   2.6568354e-10
      4710.00   2.6585418e-10
      4720.00   2.6601837e-10
      4730.00   2.6617618e-10
      4740.00   2.6632768e-10
      4750.00   2.6647286e-10
      4760.00   2.6661180e-10
      4770.00   2.6674453e-10
      4780.00   2.6687108e-10
      4790.00   2.6699152e-10
      4800.00   2.6710588e-10
      4810.00   2.6721419e-10
      4820.00   2.6731651e-10
      4830.00   2.6741289e-10
      4840.00   2.6750336e-10
      4850.00   2.6758797e-10
      4860.00   2.6766677e-10
      4870.00   2.6773979e-10
      4880.00   2.6780706e-10
      4890.00   2.6786866e-10
      4900.00   2.6792461e-10
      4910.00   2.6797495e-10
      4920.00   2.6801977e-10
      4930.00   2.6805901e-10
      4940.00   2.6809282e-10
      4950.00   2.6812118e-10
      4960.00   2.6814414e-10
      4970.00   2.6816178e-10
      4980.00   2.6817412e-10
      4990.00   2.6818119e-10
      5000.00   2.6818305e-10
      5010.00   2.6817974e-10
      5020.00   2.6817129e-10
      5030.00   2.6815775e-10
      5040.00   2.6813919e-10
      5050.00   2.6811559e-10
      5060.00   2.6808703e-10
      5070.00   2.6805358e-10
      5080.00   2.6801523e-10
      5090.00   2.6797205e-10
      5100.00   2.6792409e-10
      5110.00   2.6787136e-10
      5120.00   2.6781391e-10
      5130.00   2.6775179e-10
      5140.00   2.6768506e-10
      5150.00   2.6761373e-10
      5160.00   2.6753786e-10
      5170.00   2.6745749e-10
      5180.00   2.6737264e-10
      5190.00   2.6728338e-10
      5200.00   2.6718973e-10
      5210.00   2.6709174e-10
      5220.00   2.6698944e-10
      5230.00   2.6688287e-10
      5240.00   2.6677210e-10
      5250.00   2.6665712e-10
      5260.00   2.6653799e-10
      5270.00   2.6641476e-10
      5280.00   2.6628747e-10
      5290.00   2.6615616e-10
      5300.00   2.6602084e-10
      5310.00   2.6588159e-10
      5320.00   2.6573842e-10
      5330.00   2.6559137e-10
      5340.00   2.6544050e-10
      5350.00   2.6528582e-10
      5360.00   2.6512739e-10
      5370.00   2.6496523e-10
      5380.00   2.6479939e-10
      5390.00   2.6462989e-10
      5400.00   2.6445677e-10
      5410.00   2.6428011e-10
      5420.00   2.6409989e-10
      5430.00   2.6391618e-10
      5440.00   2.6372901e-10
      5450.00   2.6353841e-10
      5460.00   2.6334438e-10
      5470.00   2.6314704e-10
      5480.00   2.6294635e-10
      5490.00   2.6274240e-10
      5500.00   2.6253516e-10
      5510.00   2.6232475e-10
      5520.00   2.6211115e-10
      5530.00   2.6189439e-10
      5540.00   2.6167450e-10
      5550.00   2.6145158e-10
      5560.00   2.6122556e-10
      5570.00   2.6099656e-10
      5580.00   2.6076460e-10
      5590.00   2.6052968e-10
      5600.00   2.6029183e-10
      5610.00   2.6005113e-10
      5620.00   2.5980756e-10
      5630.00   2.5956121e-10
      5640.00   2.5931208e-10
      5650.00   2.5906017e-10
      5660.00   2.5880557e-10
      5670.00   2.5854828e-10
      5680.00   2.5828834e-10
      5690.00   2.5802578e-10
      5700.00   2.5776063e-10
      5710.00   2.5749291e-10
      5720.00   2.5722270e-10
      5730.00   2.5694994e-10
      5740.00   2.5667477e-10
      5750.00   2.5639712e-10
      5760.00   2.5611708e-10
      5770.00   2.5583467e-10
      5780.00   2.5554990e-10
      5790.00   2.5526281e-10
      5800.00   2.5497343e-10
      5810.00   2.5468183e-10
      5820.00   2.5438797e-10
      5830.00   2.5409191e-10
      5840.00   2.5379368e-10
      5850.00   2.5349329e-10
      5860.00   2.5319079e-10
      5870.00   2.5288620e-10
      5880.00   2.5257955e-10
      5890.00   2.5227088e-10
      5900.00   2.5196018e-10
      5910.00   2.5164751e-10
      5920.00   2.5133286e-10
      5930.00   2.5101632e-10
      5940.00   2.5069788e-10
      5950.00   2.5037755e-10
      5960.00   2.5005538e-10
      5970.00   2.4973137e-10
      5980.00   2.4940558e-10
      5990.00   2.4907802e-10
      6000.00   2.4874871e-10
      6010.00   2.4841767e-10
      6020.00   2.4808493e-10
      6030.00   2.4775054e-10
      6040.00   2.4741450e-10
      6050.00   2.4707683e-10
      6060.00   2.4673755e-10
      6070.00   2.4639671e-10
      6080.00   2.4605433e-10
      6090.00   2.4571041e-10
      6100.00   2.4536499e-10
      6110.00   2.4501807e-10
      6120.00   2.4466973e-10
      6130.00   2.4431993e-10
      6140.00   2.4396873e-10
      6150.00   2.4361612e-10
      6160.00   2.4326215e-10
      6170.00   2.4290685e-10
      6180.00   2.4255021e-10
      6190.00   2.4219227e-10
      6200.00   2.4183307e-10
      6210.00   2.4147259e-10
      6220.00   2.4111087e-10
      6230.00   2.4074796e-10
      6240.00   2.4038385e-10
      6250.00   2.4001853e-10
      6260.00   2.3965209e-10
      6270.00   2.3928453e-10
      6280.00   2.3891583e-10
      6290.00   2.3854602e-10
      6300.00   2.3817517e-10
      6310.00   2.3780325e-10
      6320.00   2.3743032e-10
      6330.00   2.3705633e-10
      6340.00   2.3668136e-10
      6350.00   2.3630545e-10
      6360.00   2.3592855e-10
      6370.00   2.3555071e-10
      6380.00   2.3517195e-10
      6390.00   2.3479230e-10
      6400.00   2.3441175e-10
      6410.00   2.3403034e-10
      6420.00   2.3364808e-10
      6430.00   2.3326499e-10
      6440.00   2.3288111e-10
      6450.00   2.3249640e-10
      6460.00   2.3211092e-10
      6470.00   2.3172469e-10
      6480.00   2.3133770e-10
      6490.00   2.3095001e-10
      6500.00   2.3056159e-10
      6510.00   2.3017249e-10
      6520.00   2.2978271e-10
      6530.00   2.2939225e-10
      6540.00   2.2900115e-10
      6550.00   2.2860944e-10
      6560.00   2.2821710e-10
      6570.00   2.2782415e-10
      6580.00   2.2743063e-10
      6590.00   2.2703656e-10
      6600.00   2.2664192e-10
      6610.00   2.2624674e-10
      6620.00   2.2585105e-10
      6630.00   2.2545482e-10
      6640.00   2.2505813e-10
      6650.00   2.2466096e-10
      6660.00   2.2426331e-10
      6670.00   2.2386522e-10
      6680.00   2.2346671e-10
      6690.00   2.2306774e-10
      6700.00   2.2266839e-10
      6710.00   2.2226863e-10
      6720.00   2.2186850e-10
      6730.00   2.2146799e-10
      6740.00   2.2106715e-10
      6750.00   2.2066594e-10
      6760.00   2.2026442e-10
      6770.00   2.1986260e-10
      6780.00   2.1946045e-10
      6790.00   2.1905802e-10
      6800.00   2.1865531e-10
      6810.00   2.1825235e-10
      6820.00   2.1784912e-10
      6830.00   2.1744566e-10
      6840.00   2.1704196e-10
      6850.00   2.1663805e-10
      6860.00   2.1623394e-10
      6870.00   2.1582963e-10
      6880.00   2.1542515e-10
      6890.00   2.1502049e-10
      6900.00   2.1461565e-10
      6910.00   2.1421070e-10
      6920.00   2.1380562e-10
      6930.00   2.1340038e-10
      6940.00   2.1299505e-10
      6950.00   2.1258960e-10
      6960.00   2.1218405e-10
      6970.00   2.1177843e-10
      6980.00   2.1137274e-10
      6990.00   2.1096700e-10
      7000.00   2.1056118e-10
      7010.00   2.1015533e-10
      7020.00   2.0974945e-10
      7030.00   2.0934356e-10
      7040.00   2.0893763e-10
      7050.00   2.0853173e-10
      7060.00   2.0812582e-10
      7070.00   2.0771993e-10
      7080.00   2.0731405e-10
      7090.00   2.0690822e-10
      7100.00   2.0650243e-10
      7110.00   2.0609670e-10
      7120.00   2.0569104e-10
      7130.00   2.0528545e-10
      7140.00   2.0487992e-10
      7150.00   2.0447450e-10
      7160.00   2.0406916e-10
      7170.00   2.0366393e-10
      7180.00   2.0325881e-10
      7190.00   2.0285383e-10
      7200.00   2.0244896e-10
      7210.00   2.0204424e-10
      7220.00   2.0163969e-10
      7230.00   2.0123525e-10
      7240.00   2.0083102e-10
      7250.00   2.0042691e-10
      7260.00   2.0002300e-10
      7270.00   1.9961929e-10
      7280.00   1.9921575e-10
      7290.00   1.9881242e-10
      7300.00   1.9840931e-10
      7310.00   1.9800641e-10
      7320.00   1.9760371e-10
      7330.00   1.9720126e-10
      7340.00   1.9679903e-10
      7350.00   1.9639706e-10
      7360.00   1.9599533e-10
      7370.00   1.9559388e-10
      7380.00   1.9519265e-10
      7390.00   1.9479172e-10
      7400.00   1.9439105e-10
      7410.00   1.9399068e-10
      7420.00   1.9359059e-10
      7430.00   1.9319079e-10
      7440.00   1.9279129e-10
      7450.00   1.9239211e-10
      7460.00   1.9199325e-10
      7470.00   1.9159469e-10
      7480.00   1.9119647e-10
      7490.00   1.9079857e-10
      7500.00   1.9040102e-10
      7510.00   1.9000380e-10
      7520.00   1.8960693e-10
      7530.00   1.8921040e-10
      7540.00   1.8881426e-10
      7550.00   1.8841847e-10
      7560.00   1.8802305e-10
      7570.00   1.8762801e-10
      7580.00   1.8723332e-10
      7590.00   1.8683905e-10
      7600.00   1.8644517e-10
      7610.00   1.8605167e-10
      7620.00   1.8565858e-10
      7630.00   1.8526588e-10
      7640.00   1.8487361e-10
      7650.00   1.8448174e-10
      7660.00   1.8409031e-10
      7670.00   1.8369928e-10
      7680.00   1.8330868e-10
      7690.00   1.8291852e-10
      7700.00   1.8252880e-10
      7710.00   1.8213952e-10
      7720.00   1.8175068e-10
      7730.00   1.8136231e-10
      7740.00   1.8097438e-10
      7750.00   1.8058690e-10
      7760.00   1.8019989e-10
      7770.00   1.7981335e-10
      7780.00   1.7942728e-10
      7790.00   1.7904168e-10
      7800.00   1.7865656e-10
      7810.00   1.7827192e-10
      7820.00   1.7788778e-10
      7830.00   1.7750412e-10
      7840.00   1.7712095e-10
      7850.00   1.7673828e-10
      7860.00   1.7635610e-10
      7870.00   1.7597444e-10
      7880.00   1.7559327e-10
      7890.00   1.7521263e-10
      7900.00   1.7483248e-10
      7910.00   1.7445287e-10
      7920.00   1.7407377e-10
      7930.00   1.7369519e-10
      7940.00   1.7331714e-10
      7950.00   1.7293962e-10
      7960.00   1.7256265e-10
      7970.00   1.7218619e-10
      7980.00   1.7181028e-10
      7990.00   1.7143490e-10
      8000.00   1.7106007e-10
