      1600.00   3.4938894e-12
      1610.00   3.7172960e-12
      1620.00   3.9512044e-12
      1630.00   4.1958941e-12
      1640.00   4.4516400e-12
      1650.00   4.7187162e-12
      1660.00   4.9973930e-12
      1670.00   5.2879390e-12
      1680.00   5.5906170e-12
      1690.00   5.9056879e-12
      1700.00   6.2334082e-12
      1710.00   6.5740291e-12
      1720.00   6.9277973e-12
      1730.00   7.2949545e-12
      1740.00   7.6757361e-12
      1750.00   8.0703743e-12
      1760.00   8.4790922e-12
      1770.00   8.9021093e-12
      1780.00   9.3396370e-12
      1790.00   9.7918806e-12
      1800.00   1.0259038e-11
      1810.00   1.0741302e-11
      1820.00   1.1238852e-11
      1830.00   1.1751869e-11
      1840.00   1.2280519e-11
      1850.00   1.2824963e-11
      1860.00   1.3385353e-11
      1870.00   1.3961836e-11
      1880.00   1.4554544e-11
      1890.00   1.5163607e-11
      1900.00   1.5789142e-11
      1910.00   1.6431261e-11
      1920.00   1.7090065e-11
      1930.00   1.7765645e-11
      1940.00   1.8458090e-11
      1950.00   1.9167469e-11
      1960.00   1.9893852e-11
      1970.00   2.0637293e-11
      1980.00   2.1397843e-11
      1990.00   2.2175540e-11
      2000.00   2.2970412e-11
      2010.00   2.3782483e-11
      2020.00   2.4611764e-11
      2030.00   2.5458257e-11
      2040.00   2.6321959e-11
      2050.00   2.7202855e-11
      2060.00   2.8100919e-11
      2070.00   2.9016122e-11
      2080.00   2.9948427e-11
      2090.00   3.0897775e-11
      2100.00   3.1864117e-11
      2110.00   3.2847386e-11
      2120.00   3.3847506e-11
      2130.00   3.4864400e-11
      2140.00   3.5897971e-11
      2150.00   3.6948127e-11
      2160.00   3.8014761e-11
      2170.00   3.9097756e-11
      2180.00   4.0197000e-11
      2190.00   4.1312358e-11
      2200.00   4.2443700e-11
      2210.00   4.3590883e-11
      2220.00   4.4753756e-11
      2230.00   4.5932169e-11
      2240.00   4.7125955e-11
      2250.00   4.8334950e-11
      2260.00   4.9558980e-11
      2270.00   5.0797858e-11
      2280.00   5.2051410e-11
      2290.00   5.3319433e-11
      2300.00   5.4601740e-11
      2310.00   5.5898123e-11
      2320.00   5.7208377e-11
      2330.00   5.8532293e-11
      2340.00   5.9869645e-11
      2350.00   6.1220219e-11
      2360.00   6.2583791e-11
      2370.00   6.3960130e-11
      2380.00   6.5348998e-11
      2390.00   6.6750159e-11
      2400.00   6.8163378e-11
      2410.00   6.9588396e-11
      2420.00   7.1024983e-11
      2430.00   7.2472879e-11
      2440.00   7.3931830e-11
      2450.00   7.5401584e-11
      2460.00   7.6881886e-11
      2470.00   7.8372453e-11
      2480.00   7.9873034e-11
      2490.00   8.1383374e-11
      2500.00   8.2903194e-11
      2510.00   8.4432226e-11
      2520.00   8.5970207e-11
      2530.00   8.7516843e-11
      2540.00   8.9071887e-11
      2550.00   9.0635055e-11
      2560.00   9.2206061e-11
      2570.00   9.3784638e-11
      2580.00   9.5370510e-11
      2590.00   9.6963394e-11
      2600.00   9.8563024e-11
      2610.00   1.0016911e-10
      2620.00   1.0178138e-10
      2630.00   1.0339954e-10
      2640.00   1.0502333e-10
      2650.00   1.0665247e-10
      2660.00   1.0828669e-10
      2670.00   1.0992570e-10
      2680.00   1.1156923e-10
      2690.00   1.1321699e-10
      2700.00   1.1486872e-10
      2710.00   1.1652415e-10
      2720.00   1.1818301e-10
      2730.00   1.1984501e-10
      2740.00   1.2150990e-10
      2750.00   1.2317739e-10
      2760.00   1.2484725e-10
      2770.00   1.2651917e-10
      2780.00   1.2819292e-10
      2790.00   1.2986823e-10
      2800.00   1.3154482e-10
      2810.00   1.3322246e-10
      2820.00   1.3490088e-10
      2830.00   1.3657982e-10
      2840.00   1.3825905e-10
      2850.00   1.3993829e-10
      2860.00   1.4161733e-10
      2870.00   1.4329589e-10
      2880.00   1.4497373e-10
      2890.00   1.4665063e-10
      2900.00   1.4832633e-10
      2910.00   1.5000064e-10
      2920.00   1.5167327e-10
      2930.00   1.5334401e-10
      2940.00   1.5501264e-10
      2950.00   1.5667894e-10
      2960.00   1.5834266e-10
      2970.00   1.6000363e-10
      2980.00   1.6166158e-10
      2990.00   1.6331633e-10
      3000.00   1.6496766e-10
      3010.00   1.6661535e-10
      3020.00   1.6825923e-10
      3030.00   1.6989905e-10
      3040.00   1.7153466e-10
      3050.00   1.7316583e-10
      3060.00   1.7479238e-10
      3070.00   1.7641412e-10
      3080.00   1.7803085e-10
      3090.00   1.7964240e-10
      3100.00   1.8124860e-10
      3110.00   1.8284924e-10
      3120.00   1.8444419e-10
      3130.00   1.8603323e-10
      3140.00   1.8761624e-10
      3150.00   1.8919301e-10
      3160.00   1.9076342e-10
      3170.00   1.9232725e-10
      3180.00   1.9388443e-10
      3190.00   1.9543473e-10
      3200.00   1.9697805e-10
      3210.00   1.9851421e-10
      3220.00   2.0004310e-10
      3230.00   2.0156454e-10
      3240.00   2.0307842e-10
      3250.00   2.0458461e-10
      3260.00   2.0608297e-10
      3270.00   2.0757335e-10
      3280.00   2.0905567e-10
      3290.00   2.1052976e-10
      3300.00   2.1199554e-10
      3310.00   2.1345287e-10
      3320.00   2.1490163e-10
      3330.00   2.1634174e-10
      3340.00   2.1777309e-10
      3350.00   2.1919553e-10
      3360.00   2.2060900e-10
      3370.00   2.2201339e-10
      3380.00   2.2340860e-10
      3390.00   2.2479455e-10
      3400.00   2.2617114e-10
      3410.00   2.2753830e-10
      3420.00   2.2889591e-10
      3430.00   2.3024391e-10
      3440.00   2.3158222e-10
      3450.00   2.3291073e-10
      3460.00   2.3422945e-10
      3470.00   2.3553822e-10
      3480.00   2.3683700e-10
      3490.00   2.3812574e-10
      3500.00   2.3940436e-10
      3510.00   2.4067279e-10
      3520.00   2.4193101e-10
      3530.00   2.4317894e-10
      3540.00   2.4441650e-10
      3550.00   2.4564366e-10
      3560.00   2.4686040e-10
      3570.00   2.4806662e-10
      3580.00   2.4926232e-10
      3590.00   2.5044741e-10
      3600.00   2.5162190e-10
      3610.00   2.5278576e-10
      3620.00   2.5393889e-10
      3630.00   2.5508126e-10
      3640.00   2.5621290e-10
      3650.00   2.5733376e-10
      3660.00   2.5844379e-10
      3670.00   2.5954297e-10
      3680.00   2.6063130e-10
      3690.00   2.6170873e-10
      3700.00   2.6277526e-10
      3710.00   2.6383087e-10
      3720.00   2.6487552e-10
      3730.00   2.6590925e-10
      3740.00   2.6693200e-10
      3750.00   2.6794378e-10
      3760.00   2.6894455e-10
      3770.00   2.6993435e-10
      3780.00   2.7091314e-10
      3790.00   2.7188091e-10
      3800.00   2.7283774e-10
      3810.00   2.7378355e-10
      3820.00   2.7471834e-10
      3830.00   2.7564215e-10
      3840.00   2.7655495e-10
      3850.00   2.7745679e-10
      3860.00   2.7834762e-10
      3870.00   2.7922753e-10
      3880.00   2.8009646e-10
      3890.00   2.8095444e-10
      3900.00   2.8180149e-10
      3910.00   2.8263764e-10
      3920.00   2.8346288e-10
      3930.00   2.8427723e-10
      3940.00   2.8508072e-10
      3950.00   2.8587336e-10
      3960.00   2.8665520e-10
      3970.00   2.8742622e-10
      3980.00   2.8818649e-10
      3990.00   2.8893598e-10
      4000.00   2.8967474e-10
      4010.00   2.9040282e-10
      4020.00   2.9112021e-10
      4030.00   2.9182698e-10
      4040.00   2.9252311e-10
      4050.00   2.9320868e-10
      4060.00   2.9388367e-10
      4070.00   2.9454817e-10
      4080.00   2.9520218e-10
      4090.00   2.9584573e-10
      4100.00   2.9647889e-10
      4110.00   2.9710167e-10
      4120.00   2.9771408e-10
      4130.00   2.9831622e-10
      4140.00   2.9890806e-10
      4150.00   2.9948974e-10
      4160.00   3.0006120e-10
      4170.00   3.0062250e-10
      4180.00   3.0117371e-10
      4190.00   3.0171486e-10
      4200.00   3.0224601e-10
      4210.00   3.0276722e-10
      4220.00   3.0327844e-10
      4230.00   3.0377983e-10
      4240.00   3.0427133e-10
      4250.00   3.0475308e-10
      4260.00   3.0522509e-10
      4270.00   3.0568738e-10
      4280.00   3.0614004e-10
      4290.00   3.0658311e-10
      4300.00   3.0701662e-10
      4310.00   3.0744063e-10
      4320.00   3.0785519e-10
      4330.00   3.0826033e-10
      4340.00   3.0865613e-10
      4350.00   3.0904264e-10
      4360.00   3.0941990e-10
      4370.00   3.0978797e-10
      4380.00   3.1014687e-10
      4390.00   3.1049670e-10
      4400.00   3.1083748e-10
      4410.00   3.1116931e-10
      4420.00   3.1149215e-10
      4430.00   3.1180613e-10
      4440.00   3.1211129e-10
      4450.00   3.1240769e-10
      4460.00   3.1269537e-10
      4470.00   3.1297438e-10
      4480.00   3.1324477e-10
      4490.00   3.1350662e-10
      4500.00   3.1375999e-10
      4510.00   3.1400489e-10
      4520.00   3.1424144e-10
      4530.00   3.1446962e-10
      4540.00   3.1468954e-10
      4550.00   3.1490125e-10
      4560.00   3.1510480e-10
      4570.00   3.1530022e-10
      4580.00   3.1548761e-10
      4590.00   3.1566700e-10
      4600.00   3.1583847e-10
      4610.00   3.1600206e-10
      4620.00   3.1615780e-10
      4630.00   3.1630578e-10
      4640.00   3.1644608e-10
      4650.00   3.1657871e-10
      4660.00   3.1670375e-10
      4670.00   3.1682123e-10
      4680.00   3.1693124e-10
      4690.00   3.1703384e-10
      4700.00   3.1712904e-10
      4710.00   3.1721696e-10
      4720.00   3.1729760e-10
      4730.00   3.1737105e-10
      4740.00   3.1743739e-10
      4750.00   3.1749660e-10
      4760.00   3.1754881e-10
      4770.00   3.1759404e-10
      4780.00   3.1763235e-10
      4790.00   3.1766382e-10
      4800.00   3.1768848e-10
      4810.00   3.1770637e-10
      4820.00   3.1771757e-10
      4830.00   3.1772216e-10
      4840.00   3.1772017e-10
      4850.00   3.1771166e-10
      4860.00   3.1769668e-10
      4870.00   3.1767529e-10
      4880.00   3.1764754e-10
      4890.00   3.1761350e-10
      4900.00   3.1757321e-10
      4910.00   3.1752673e-10
      4920.00   3.1747415e-10
      4930.00   3.1741542e-10
      4940.00   3.1735071e-10
      4950.00   3.1728001e-10
      4960.00   3.1720338e-10
      4970.00   3.1712091e-10
      4980.00   3.1703264e-10
      4990.00   3.1693860e-10
      5000.00   3.1683886e-10
      5010.00   3.1673349e-10
      5020.00   3.1662249e-10
      5030.00   3.1650596e-10
      5040.00   3.1638397e-10
      5050.00   3.1625650e-10
      5060.00   3.1612365e-10
      5070.00   3.1598550e-10
      5080.00   3.1584203e-10
      5090.00   3.1569335e-10
      5100.00   3.1553951e-10
      5110.00   3.1538051e-10
      5120.00   3.1521644e-10
      5130.00   3.1504733e-10
      5140.00   3.1487328e-10
      5150.00   3.1469428e-10
      5160.00   3.1451043e-10
      5170.00   3.1432174e-10
      5180.00   3.1412826e-10
      5190.00   3.1393009e-10
      5200.00   3.1372722e-10
      5210.00   3.1351973e-10
      5220.00   3.1330765e-10
      5230.00   3.1309105e-10
      5240.00   3.1286997e-10
      5250.00   3.1264444e-10
      5260.00   3.1241452e-10
      5270.00   3.1218026e-10
      5280.00   3.1194172e-10
      5290.00   3.1169893e-10
      5300.00   3.1145193e-10
      5310.00   3.1120080e-10
      5320.00   3.1094555e-10
      5330.00   3.1068622e-10
      5340.00   3.1042290e-10
      5350.00   3.1015560e-10
      5360.00   3.0988438e-10
      5370.00   3.0960927e-10
      5380.00   3.0933033e-10
      5390.00   3.0904758e-10
      5400.00   3.0876107e-10
      5410.00   3.0847089e-10
      5420.00   3.0817703e-10
      5430.00   3.0787956e-10
      5440.00   3.0757853e-10
      5450.00   3.0727395e-10
      5460.00   3.0696585e-10
      5470.00   3.0665433e-10
      5480.00   3.0633939e-10
      5490.00   3.0602111e-10
      5500.00   3.0569946e-10
      5510.00   3.0537458e-10
      5520.00   3.0504644e-10
      5530.00   3.0471509e-10
      5540.00   3.0438055e-10
      5550.00   3.0404294e-10
      5560.00   3.0370218e-10
      5570.00   3.0335842e-10
      5580.00   3.0301167e-10
      5590.00   3.0266193e-10
      5600.00   3.0230925e-10
      5610.00   3.0195370e-10
      5620.00   3.0159528e-10
      5630.00   3.0123407e-10
      5640.00   3.0087008e-10
      5650.00   3.0050332e-10
      5660.00   3.0013389e-10
      5670.00   2.9976179e-10
      5680.00   2.9938706e-10
      5690.00   2.9900972e-10
      5700.00   2.9862983e-10
      5710.00   2.9824741e-10
      5720.00   2.9786254e-10
      5730.00   2.9747516e-10
      5740.00   2.9708543e-10
      5750.00   2.9669326e-10
      5760.00   2.9629876e-10
      5770.00   2.9590194e-10
      5780.00   2.9550285e-10
      5790.00   2.9510149e-10
      5800.00   2.9469792e-10
      5810.00   2.9429222e-10
      5820.00   2.9388433e-10
      5830.00   2.9347432e-10
      5840.00   2.9306223e-10
      5850.00   2.9264808e-10
      5860.00   2.9223191e-10
      5870.00   2.9181376e-10
      5880.00   2.9139364e-10
      5890.00   2.9097161e-10
      5900.00   2.9054767e-10
      5910.00   2.9012186e-10
      5920.00   2.8969419e-10
      5930.00   2.8926476e-10
      5940.00   2.8883354e-10
      5950.00   2.8840056e-10
      5960.00   2.8796587e-10
      5970.00   2.8752948e-10
      5980.00   2.8709144e-10
      5990.00   2.8665177e-10
      6000.00   2.8621049e-10
      6010.00   2.8576761e-10
      6020.00   2.8532320e-10
      6030.00   2.8487728e-10
      6040.00   2.8442986e-10
      6050.00   2.8398096e-10
      6060.00   2.8353062e-10
      6070.00   2.8307887e-10
      6080.00   2.8262575e-10
      6090.00   2.8217126e-10
      6100.00   2.8171543e-10
      6110.00   2.8125826e-10
      6120.00   2.8079986e-10
      6130.00   2.8034016e-10
      6140.00   2.7987925e-10
      6150.00   2.7941711e-10
      6160.00   2.7895378e-10
      6170.00   2.7848930e-10
      6180.00   2.7802368e-10
      6190.00   2.7755693e-10
      6200.00   2.7708913e-10
      6210.00   2.7662023e-10
      6220.00   2.7615029e-10
      6230.00   2.7567935e-10
      6240.00   2.7520741e-10
      6250.00   2.7473445e-10
      6260.00   2.7426059e-10
      6270.00   2.7378579e-10
      6280.00   2.7331007e-10
      6290.00   2.7283345e-10
      6300.00   2.7235598e-10
      6310.00   2.7187766e-10
      6320.00   2.7139855e-10
      6330.00   2.7091858e-10
      6340.00   2.7043784e-10
      6350.00   2.6995638e-10
      6360.00   2.6947415e-10
      6370.00   2.6899120e-10
      6380.00   2.6850755e-10
      6390.00   2.6802323e-10
      6400.00   2.6753823e-10
      6410.00   2.6705259e-10
      6420.00   2.6656633e-10
      6430.00   2.6607947e-10
      6440.00   2.6559205e-10
      6450.00   2.6510402e-10
      6460.00   2.6461546e-10
      6470.00   2.6412637e-10
      6480.00   2.6363676e-10
      6490.00   2.6314668e-10
      6500.00   2.6265610e-10
      6510.00   2.6216508e-10
      6520.00   2.6167361e-10
      6530.00   2.6118170e-10
      6540.00   2.6068939e-10
      6550.00   2.6019672e-10
      6560.00   2.5970364e-10
      6570.00   2.5921020e-10
      6580.00   2.5871644e-10
      6590.00   2.5822236e-10
      6600.00   2.5772796e-10
      6610.00   2.5723327e-10
      6620.00   2.5673830e-10
      6630.00   2.5624305e-10
      6640.00   2.5574757e-10
      6650.00   2.5525187e-10
      6660.00   2.5475594e-10
      6670.00   2.5425980e-10
      6680.00   2.5376350e-10
      6690.00   2.5326699e-10
      6700.00   2.5277035e-10
      6710.00   2.5227356e-10
      6720.00   2.5177664e-10
      6730.00   2.5127959e-10
      6740.00   2.5078246e-10
      6750.00   2.5028523e-10
      6760.00   2.4978792e-10
      6770.00   2.4929058e-10
      6780.00   2.4879315e-10
      6790.00   2.4829571e-10
      6800.00   2.4779824e-10
      6810.00   2.4730077e-10
      6820.00   2.4680329e-10
      6830.00   2.4630584e-10
      6840.00   2.4580840e-10
      6850.00   2.4531100e-10
      6860.00   2.4481366e-10
      6870.00   2.4431638e-10
      6880.00   2.4381919e-10
      6890.00   2.4332207e-10
      6900.00   2.4282503e-10
      6910.00   2.4232813e-10
      6920.00   2.4183137e-10
      6930.00   2.4133471e-10
      6940.00   2.4083821e-10
      6950.00   2.4034185e-10
      6960.00   2.3984566e-10
      6970.00   2.3934964e-10
      6980.00   2.3885382e-10
      6990.00   2.3835821e-10
      7000.00   2.3786278e-10
      7010.00   2.3736756e-10
      7020.00   2.3687258e-10
      7030.00   2.3637786e-10
      7040.00   2.3588335e-10
      7050.00   2.3538913e-10
      7060.00   2.3489516e-10
      7070.00   2.3440147e-10
      7080.00   2.3390804e-10
      7090.00   2.3341492e-10
      7100.00   2.3292211e-10
      7110.00   2.3242961e-10
      7120.00   2.3193744e-10
      7130.00   2.3144561e-10
      7140.00   2.3095408e-10
      7150.00   2.3046292e-10
      7160.00   2.2997211e-10
      7170.00   2.2948165e-10
      7180.00   2.2899158e-10
      7190.00   2.2850190e-10
      7200.00   2.2801259e-10
      7210.00   2.2752368e-10
      7220.00   2.2703520e-10
      7230.00   2.2654709e-10
      7240.00   2.2605944e-10
      7250.00   2.2557218e-10
      7260.00   2.2508536e-10
      7270.00   2.2459901e-10
      7280.00   2.2411307e-10
      7290.00   2.2362760e-10
      7300.00   2.2314261e-10
      7310.00   2.2265809e-10
      7320.00   2.2217402e-10
      7330.00   2.2169046e-10
      7340.00   2.2120737e-10
      7350.00   2.2072479e-10
      7360.00   2.2024271e-10
      7370.00   2.1976116e-10
      7380.00   2.1928008e-10
      7390.00   2.1879956e-10
      7400.00   2.1831955e-10
      7410.00   2.1784009e-10
      7420.00   2.1736116e-10
      7430.00   2.1688278e-10
      7440.00   2.1640494e-10
      7450.00   2.1592768e-10
      7460.00   2.1545098e-10
      7470.00   2.1497484e-10
      7480.00   2.1449928e-10
      7490.00   2.1402430e-10
      7500.00   2.1354992e-10
      7510.00   2.1307610e-10
      7520.00   2.1260289e-10
      7530.00   2.1213027e-10
      7540.00   2.1165829e-10
      7550.00   2.1118689e-10
      7560.00   2.1071612e-10
      7570.00   2.1024597e-10
      7580.00   2.0977642e-10
      7590.00   2.0930754e-10
      7600.00   2.0883928e-10
      7610.00   2.0837165e-10
      7620.00   2.0790468e-10
      7630.00   2.0743833e-10
      7640.00   2.0697267e-10
      7650.00   2.0650764e-10
      7660.00   2.0604329e-10
      7670.00   2.0557959e-10
      7680.00   2.0511656e-10
      7690.00   2.0465420e-10
      7700.00   2.0419253e-10
      7710.00   2.0373153e-10
      7720.00   2.0327122e-10
      7730.00   2.0281161e-10
      7740.00   2.0235268e-10
      7750.00   2.0189444e-10
      7760.00   2.0143691e-10
      7770.00   2.0098008e-10
      7780.00   2.0052395e-10
      7790.00   2.0006853e-10
      7800.00   1.9961383e-10
      7810.00   1.9915983e-10
      7820.00   1.9870658e-10
      7830.00   1.9825403e-10
      7840.00   1.9780222e-10
      7850.00   1.9735112e-10
      7860.00   1.9690075e-10
      7870.00   1.9645113e-10
      7880.00   1.9600224e-10
      7890.00   1.9555410e-10
      7900.00   1.9510668e-10
      7910.00   1.9466003e-10
      7920.00   1.9421412e-10
      7930.00   1.9376895e-10
      7940.00   1.9332455e-10
      7950.00   1.9288089e-10
      7960.00   1.9243802e-10
      7970.00   1.9199587e-10
      7980.00   1.9155451e-10
      7990.00   1.9111390e-10
      8000.00   1.9067406e-10
