      1600.00   1.3655663e-11
      1610.00   1.4406344e-11
      1620.00   1.5185340e-11
      1630.00   1.5993094e-11
      1640.00   1.6830023e-11
      1650.00   1.7696533e-11
      1660.00   1.8593009e-11
      1670.00   1.9519822e-11
      1680.00   2.0477318e-11
      1690.00   2.1465832e-11
      1700.00   2.2485675e-11
      1710.00   2.3537140e-11
      1720.00   2.4620498e-11
      1730.00   2.5736002e-11
      1740.00   2.6883880e-11
      1750.00   2.8064350e-11
      1760.00   2.9277596e-11
      1770.00   3.0523791e-11
      1780.00   3.1803082e-11
      1790.00   3.3115597e-11
      1800.00   3.4461438e-11
      1810.00   3.5840700e-11
      1820.00   3.7253429e-11
      1830.00   3.8699685e-11
      1840.00   4.0179479e-11
      1850.00   4.1692815e-11
      1860.00   4.3239670e-11
      1870.00   4.4820009e-11
      1880.00   4.6433763e-11
      1890.00   4.8080855e-11
      1900.00   4.9761179e-11
      1910.00   5.1474615e-11
      1920.00   5.3221018e-11
      1930.00   5.5000231e-11
      1940.00   5.6812081e-11
      1950.00   5.8656357e-11
      1960.00   6.0532851e-11
      1970.00   6.2441318e-11
      1980.00   6.4381520e-11
      1990.00   6.6353181e-11
      2000.00   6.8356006e-11
      2010.00   7.0389703e-11
      2020.00   7.2453950e-11
      2030.00   7.4548409e-11
      2040.00   7.6672738e-11
      2050.00   7.8826567e-11
      2060.00   8.1009515e-11
      2070.00   8.3221191e-11
      2080.00   8.5461203e-11
      2090.00   8.7729106e-11
      2100.00   9.0024484e-11
      2110.00   9.2346897e-11
      2120.00   9.4695879e-11
      2130.00   9.7070979e-11
      2140.00   9.9471703e-11
      2150.00   1.0189758e-10
      2160.00   1.0434810e-10
      2170.00   1.0682276e-10
      2180.00   1.0932106e-10
      2190.00   1.1184247e-10
      2200.00   1.1438645e-10
      2210.00   1.1695247e-10
      2220.00   1.1953999e-10
      2230.00   1.2214845e-10
      2240.00   1.2477730e-10
      2250.00   1.2742598e-10
      2260.00   1.3009393e-10
      2270.00   1.3278054e-10
      2280.00   1.3548528e-10
      2290.00   1.3820754e-10
      2300.00   1.4094676e-10
      2310.00   1.4370233e-10
      2320.00   1.4647368e-10
      2330.00   1.4926022e-10
      2340.00   1.5206134e-10
      2350.00   1.5487645e-10
      2360.00   1.5770497e-10
      2370.00   1.6054630e-10
      2380.00   1.6339983e-10
      2390.00   1.6626497e-10
      2400.00   1.6914114e-10
      2410.00   1.7202770e-10
      2420.00   1.7492412e-10
      2430.00   1.7782976e-10
      2440.00   1.8074404e-10
      2450.00   1.8366638e-10
      2460.00   1.8659621e-10
      2470.00   1.8953289e-10
      2480.00   1.9247586e-10
      2490.00   1.9542458e-10
      2500.00   1.9837843e-10
      2510.00   2.0133686e-10
      2520.00   2.0429931e-10
      2530.00   2.0726516e-10
      2540.00   2.1023392e-10
      2550.00   2.1320501e-10
      2560.00   2.1617785e-10
      2570.00   2.1915192e-10
      2580.00   2.2212668e-10
      2590.00   2.2510158e-10
      2600.00   2.2807612e-10
      2610.00   2.3104973e-10
      2620.00   2.3402193e-10
      2630.00   2.3699215e-10
      2640.00   2.3995993e-10
      2650.00   2.4292476e-10
      2660.00   2.4588615e-10
      2670.00   2.4884358e-10
      2680.00   2.5179660e-10
      2690.00   2.5474471e-10
      2700.00   2.5768742e-10
      2710.00   2.6062432e-10
      2720.00   2.6355494e-10
      2730.00   2.6647877e-10
      2740.00   2.6939543e-10
      2750.00   2.7230446e-10
      2760.00   2.7520547e-10
      2770.00   2.7809795e-10
      2780.00   2.8098155e-10
      2790.00   2.8385588e-10
      2800.00   2.8672045e-10
      2810.00   2.8957494e-10
      2820.00   2.9241898e-10
      2830.00   2.9525212e-10
      2840.00   2.9807403e-10
      2850.00   3.0088434e-10
      2860.00   3.0368271e-10
      2870.00   3.0646875e-10
      2880.00   3.0924211e-10
      2890.00   3.1200252e-10
      2900.00   3.1474957e-10
      2910.00   3.1748305e-10
      2920.00   3.2020255e-10
      2930.00   3.2290777e-10
      2940.00   3.2559844e-10
      2950.00   3.2827427e-10
      2960.00   3.3093494e-10
      2970.00   3.3358024e-10
      2980.00   3.3620984e-10
      2990.00   3.3882348e-10
      3000.00   3.4142094e-10
      3010.00   3.4400190e-10
      3020.00   3.4656622e-10
      3030.00   3.4911356e-10
      3040.00   3.5164378e-10
      3050.00   3.5415661e-10
      3060.00   3.5665185e-10
      3070.00   3.5912926e-10
      3080.00   3.6158866e-10
      3090.00   3.6402987e-10
      3100.00   3.6645270e-10
      3110.00   3.6885691e-10
      3120.00   3.7124244e-10
      3130.00   3.7360899e-10
      3140.00   3.7595650e-10
      3150.00   3.7828474e-10
      3160.00   3.8059363e-10
      3170.00   3.8288290e-10
      3180.00   3.8515258e-10
      3190.00   3.8740240e-10
      3200.00   3.8963231e-10
      3210.00   3.9184214e-10
      3220.00   3.9403185e-10
      3230.00   3.9620121e-10
      3240.00   3.9835020e-10
      3250.00   4.0047873e-10
      3260.00   4.0258669e-10
      3270.00   4.0467394e-10
      3280.00   4.0674048e-10
      3290.00   4.0878615e-10
      3300.00   4.1081095e-10
      3310.00   4.1281478e-10
      3320.00   4.1479753e-10
      3330.00   4.1675923e-10
      3340.00   4.1869980e-10
      3350.00   4.2061914e-10
      3360.00   4.2251725e-10
      3370.00   4.2439409e-10
      3380.00   4.2624961e-10
      3390.00   4.2808381e-10
      3400.00   4.2989663e-10
      3410.00   4.3168809e-10
      3420.00   4.3345811e-10
      3430.00   4.3520673e-10
      3440.00   4.3693392e-10
      3450.00   4.3863962e-10
      3460.00   4.4032398e-10
      3470.00   4.4198686e-10
      3480.00   4.4362827e-10
      3490.00   4.4524830e-10
      3500.00   4.4684693e-10
      3510.00   4.4842414e-10
      3520.00   4.4998000e-10
      3530.00   4.5151454e-10
      3540.00   4.5302772e-10
      3550.00   4.5451961e-10
      3560.00   4.5599027e-10
      3570.00   4.5743970e-10
      3580.00   4.5886795e-10
      3590.00   4.6027503e-10
      3600.00   4.6166105e-10
      3610.00   4.6302606e-10
      3620.00   4.6437004e-10
      3630.00   4.6569300e-10
      3640.00   4.6699514e-10
      3650.00   4.6827647e-10
      3660.00   4.6953700e-10
      3670.00   4.7077682e-10
      3680.00   4.7199603e-10
      3690.00   4.7319464e-10
      3700.00   4.7437276e-10
      3710.00   4.7553047e-10
      3720.00   4.7666777e-10
      3730.00   4.7778486e-10
      3740.00   4.7888172e-10
      3750.00   4.7995848e-10
      3760.00   4.8101515e-10
      3770.00   4.8205191e-10
      3780.00   4.8306879e-10
      3790.00   4.8406584e-10
      3800.00   4.8504330e-10
      3810.00   4.8600112e-10
      3820.00   4.8693941e-10
      3830.00   4.8785831e-10
      3840.00   4.8875785e-10
      3850.00   4.8963822e-10
      3860.00   4.9049942e-10
      3870.00   4.9134166e-10
      3880.00   4.9216495e-10
      3890.00   4.9296941e-10
      3900.00   4.9375516e-10
      3910.00   4.9452232e-10
      3920.00   4.9527097e-10
      3930.00   4.9600118e-10
      3940.00   4.9671312e-10
      3950.00   4.9740689e-10
      3960.00   4.9808260e-10
      3970.00   4.9874033e-10
      3980.00   4.9938025e-10
      3990.00   5.0000239e-10
      4000.00   5.0060689e-10
      4010.00   5.0119390e-10
      4020.00   5.0176351e-10
      4030.00   5.0231586e-10
      4040.00   5.0285100e-10
      4050.00   5.0336913e-10
      4060.00   5.0387027e-10
      4070.00   5.0435466e-10
      4080.00   5.0482232e-10
      4090.00   5.0527338e-10
      4100.00   5.0570803e-10
      4110.00   5.0612633e-10
      4120.00   5.0652837e-10
      4130.00   5.0691434e-10
      4140.00   5.0728428e-10
      4150.00   5.0763845e-10
      4160.00   5.0797682e-10
      4170.00   5.0829956e-10
      4180.00   5.0860681e-10
      4190.00   5.0889866e-10
      4200.00   5.0917529e-10
      4210.00   5.0943684e-10
      4220.00   5.0968327e-10
      4230.00   5.0991489e-10
      4240.00   5.1013166e-10
      4250.00   5.1033384e-10
      4260.00   5.1052151e-10
      4270.00   5.1069472e-10
      4280.00   5.1085369e-10
      4290.00   5.1099850e-10
      4300.00   5.1112927e-10
      4310.00   5.1124613e-10
      4320.00   5.1134919e-10
      4330.00   5.1143854e-10
      4340.00   5.1151436e-10
      4350.00   5.1157677e-10
      4360.00   5.1162586e-10
      4370.00   5.1166177e-10
      4380.00   5.1168458e-10
      4390.00   5.1169448e-10
      4400.00   5.1169151e-10
      4410.00   5.1167591e-10
      4420.00   5.1164762e-10
      4430.00   5.1160690e-10
      4440.00   5.1155382e-10
      4450.00   5.1148854e-10
      4460.00   5.1141112e-10
      4470.00   5.1132170e-10
      4480.00   5.1122039e-10
      4490.00   5.1110733e-10
      4500.00   5.1098264e-10
      4510.00   5.1084637e-10
      4520.00   5.1069877e-10
      4530.00   5.1053978e-10
      4540.00   5.1036964e-10
      4550.00   5.1018845e-10
      4560.00   5.0999629e-10
      4570.00   5.0979325e-10
      4580.00   5.0957952e-10
      4590.00   5.0935517e-10
      4600.00   5.0912032e-10
      4610.00   5.0887509e-10
      4620.00   5.0861954e-10
      4630.00   5.0835381e-10
      4640.00   5.0807807e-10
      4650.00   5.0779236e-10
      4660.00   5.0749682e-10
      4670.00   5.0719150e-10
      4680.00   5.0687659e-10
      4690.00   5.0655217e-10
      4700.00   5.0621829e-10
      4710.00   5.0587516e-10
      4720.00   5.0552279e-10
      4730.00   5.0516132e-10
      4740.00   5.0479093e-10
      4750.00   5.0441158e-10
      4760.00   5.0402349e-10
      4770.00   5.0362670e-10
      4780.00   5.0322132e-10
      4790.00   5.0280750e-10
      4800.00   5.0238528e-10
      4810.00   5.0195478e-10
      4820.00   5.0151608e-10
      4830.00   5.0106934e-10
      4840.00   5.0061462e-10
      4850.00   5.0015201e-10
      4860.00   4.9968163e-10
      4870.00   4.9920357e-10
      4880.00   4.9871790e-10
      4890.00   4.9822475e-10
      4900.00   4.9772420e-10
      4910.00   4.9721634e-10
      4920.00   4.9670132e-10
      4930.00   4.9617908e-10
      4940.00   4.9564989e-10
      4950.00   4.9511372e-10
      4960.00   4.9457069e-10
      4970.00   4.9402094e-10
      4980.00   4.9346454e-10
      4990.00   4.9290154e-10
      5000.00   4.9233206e-10
      5010.00   4.9175620e-10
      5020.00   4.9117399e-10
      5030.00   4.9058557e-10
      5040.00   4.8999105e-10
      5050.00   4.8939041e-10
      5060.00   4.8878380e-10
      5070.00   4.8817137e-10
      5080.00   4.8755307e-10
      5090.00   4.8692908e-10
      5100.00   4.8629948e-10
      5110.00   4.8566428e-10
      5120.00   4.8502360e-10
      5130.00   4.8437751e-10
      5140.00   4.8372615e-10
      5150.00   4.8306951e-10
      5160.00   4.8240775e-10
      5170.00   4.8174089e-10
      5180.00   4.8106901e-10
      5190.00   4.8039224e-10
      5200.00   4.7971059e-10
      5210.00   4.7902416e-10
      5220.00   4.7833302e-10
      5230.00   4.7763726e-10
      5240.00   4.7693696e-10
      5250.00   4.7623214e-10
      5260.00   4.7552290e-10
      5270.00   4.7480932e-10
      5280.00   4.7409150e-10
      5290.00   4.7336948e-10
      5300.00   4.7264329e-10
      5310.00   4.7191309e-10
      5320.00   4.7117887e-10
      5330.00   4.7044070e-10
      5340.00   4.6969871e-10
      5350.00   4.6895291e-10
      5360.00   4.6820340e-10
      5370.00   4.6745020e-10
      5380.00   4.6669343e-10
      5390.00   4.6593310e-10
      5400.00   4.6516928e-10
      5410.00   4.6440210e-10
      5420.00   4.6363156e-10
      5430.00   4.6285774e-10
      5440.00   4.6208073e-10
      5450.00   4.6130054e-10
      5460.00   4.6051719e-10
      5470.00   4.5973086e-10
      5480.00   4.5894153e-10
      5490.00   4.5814930e-10
      5500.00   4.5735416e-10
      5510.00   4.5655627e-10
      5520.00   4.5575561e-10
      5530.00   4.5495226e-10
      5540.00   4.5414622e-10
      5550.00   4.5333768e-10
      5560.00   4.5252651e-10
      5570.00   4.5171293e-10
      5580.00   4.5089695e-10
      5590.00   4.5007857e-10
      5600.00   4.4925784e-10
      5610.00   4.4843490e-10
      5620.00   4.4760971e-10
      5630.00   4.4678239e-10
      5640.00   4.4595297e-10
      5650.00   4.4512143e-10
      5660.00   4.4428793e-10
      5670.00   4.4345246e-10
      5680.00   4.4261507e-10
      5690.00   4.4177581e-10
      5700.00   4.4093473e-10
      5710.00   4.4009188e-10
      5720.00   4.3924735e-10
      5730.00   4.3840105e-10
      5740.00   4.3755322e-10
      5750.00   4.3670372e-10
      5760.00   4.3585270e-10
      5770.00   4.3500020e-10
      5780.00   4.3414623e-10
      5790.00   4.3329083e-10
      5800.00   4.3243406e-10
      5810.00   4.3157604e-10
      5820.00   4.3071667e-10
      5830.00   4.2985607e-10
      5840.00   4.2899426e-10
      5850.00   4.2813127e-10
      5860.00   4.2726718e-10
      5870.00   4.2640200e-10
      5880.00   4.2553577e-10
      5890.00   4.2466856e-10
      5900.00   4.2380036e-10
      5910.00   4.2293124e-10
      5920.00   4.2206120e-10
      5930.00   4.2119036e-10
      5940.00   4.2031869e-10
      5950.00   4.1944622e-10
      5960.00   4.1857302e-10
      5970.00   4.1769908e-10
      5980.00   4.1682450e-10
      5990.00   4.1594929e-10
      6000.00   4.1507346e-10
      6010.00   4.1419703e-10
      6020.00   4.1332008e-10
      6030.00   4.1244264e-10
      6040.00   4.1156473e-10
      6050.00   4.1068636e-10
      6060.00   4.0980758e-10
      6070.00   4.0892844e-10
      6080.00   4.0804897e-10
      6090.00   4.0716918e-10
      6100.00   4.0628909e-10
      6110.00   4.0540872e-10
      6120.00   4.0452821e-10
      6130.00   4.0364744e-10
      6140.00   4.0276653e-10
      6150.00   4.0188547e-10
      6160.00   4.0100431e-10
      6170.00   4.0012307e-10
      6180.00   3.9924177e-10
      6190.00   3.9836044e-10
      6200.00   3.9747916e-10
      6210.00   3.9659786e-10
      6220.00   3.9571663e-10
      6230.00   3.9483550e-10
      6240.00   3.9395448e-10
      6250.00   3.9307355e-10
      6260.00   3.9219283e-10
      6270.00   3.9131229e-10
      6280.00   3.9043194e-10
      6290.00   3.8955180e-10
      6300.00   3.8867195e-10
      6310.00   3.8779236e-10
      6320.00   3.8691313e-10
      6330.00   3.8603414e-10
      6340.00   3.8515552e-10
      6350.00   3.8427733e-10
      6360.00   3.8339949e-10
      6370.00   3.8252205e-10
      6380.00   3.8164507e-10
      6390.00   3.8076855e-10
      6400.00   3.7989250e-10
      6410.00   3.7901695e-10
      6420.00   3.7814191e-10
      6430.00   3.7726743e-10
      6440.00   3.7639353e-10
      6450.00   3.7552017e-10
      6460.00   3.7464742e-10
      6470.00   3.7377529e-10
      6480.00   3.7290379e-10
      6490.00   3.7203298e-10
      6500.00   3.7116282e-10
      6510.00   3.7029337e-10
      6520.00   3.6942463e-10
      6530.00   3.6855658e-10
      6540.00   3.6768930e-10
      6550.00   3.6682280e-10
      6560.00   3.6595706e-10
      6570.00   3.6509210e-10
      6580.00   3.6422798e-10
      6590.00   3.6336470e-10
      6600.00   3.6250225e-10
      6610.00   3.6164065e-10
      6620.00   3.6077994e-10
      6630.00   3.5992009e-10
      6640.00   3.5906117e-10
      6650.00   3.5820320e-10
      6660.00   3.5734612e-10
      6670.00   3.5649001e-10
      6680.00   3.5563489e-10
      6690.00   3.5478069e-10
      6700.00   3.5392753e-10
      6710.00   3.5307535e-10
      6720.00   3.5222420e-10
      6730.00   3.5137406e-10
      6740.00   3.5052501e-10
      6750.00   3.4967698e-10
      6760.00   3.4883004e-10
      6770.00   3.4798420e-10
      6780.00   3.4713942e-10
      6790.00   3.4629577e-10
      6800.00   3.4545323e-10
      6810.00   3.4461184e-10
      6820.00   3.4377157e-10
      6830.00   3.4293247e-10
      6840.00   3.4209451e-10
      6850.00   3.4125774e-10
      6860.00   3.4042216e-10
      6870.00   3.3958777e-10
      6880.00   3.3875460e-10
      6890.00   3.3792263e-10
      6900.00   3.3709186e-10
      6910.00   3.3626237e-10
      6920.00   3.3543416e-10
      6930.00   3.3460714e-10
      6940.00   3.3378143e-10
      6950.00   3.3295696e-10
      6960.00   3.3213378e-10
      6970.00   3.3131189e-10
      6980.00   3.3049133e-10
      6990.00   3.2967208e-10
      7000.00   3.2885412e-10
      7010.00   3.2803749e-10
      7020.00   3.2722220e-10
      7030.00   3.2640828e-10
      7040.00   3.2559567e-10
      7050.00   3.2478445e-10
      7060.00   3.2397459e-10
      7070.00   3.2316610e-10
      7080.00   3.2235897e-10
      7090.00   3.2155324e-10
      7100.00   3.2074890e-10
      7110.00   3.1994597e-10
      7120.00   3.1914447e-10
      7130.00   3.1834439e-10
      7140.00   3.1754568e-10
      7150.00   3.1674844e-10
      7160.00   3.1595261e-10
      7170.00   3.1515821e-10
      7180.00   3.1436527e-10
      7190.00   3.1357381e-10
      7200.00   3.1278377e-10
      7210.00   3.1199521e-10
      7220.00   3.1120814e-10
      7230.00   3.1042250e-10
      7240.00   3.0963839e-10
      7250.00   3.0885570e-10
      7260.00   3.0807452e-10
      7270.00   3.0729487e-10
      7280.00   3.0651667e-10
      7290.00   3.0574000e-10
      7300.00   3.0496485e-10
      7310.00   3.0419121e-10
      7320.00   3.0341906e-10
      7330.00   3.0264845e-10
      7340.00   3.0187934e-10
      7350.00   3.0111179e-10
      7360.00   3.0034576e-10
      7370.00   2.9958130e-10
      7380.00   2.9881831e-10
      7390.00   2.9805692e-10
      7400.00   2.9729705e-10
      7410.00   2.9653874e-10
      7420.00   2.9578199e-10
      7430.00   2.9502679e-10
      7440.00   2.9427314e-10
      7450.00   2.9352108e-10
      7460.00   2.9277058e-10
      7470.00   2.9202164e-10
      7480.00   2.9127428e-10
      7490.00   2.9052848e-10
      7500.00   2.8978429e-10
      7510.00   2.8904165e-10
      7520.00   2.8830059e-10
      7530.00   2.8756111e-10
      7540.00   2.8682326e-10
      7550.00   2.8608696e-10
      7560.00   2.8535226e-10
      7570.00   2.8461916e-10
      7580.00   2.8388761e-10
      7590.00   2.8315772e-10
      7600.00   2.8242941e-10
      7610.00   2.8170269e-10
      7620.00   2.8097759e-10
      7630.00   2.8025405e-10
      7640.00   2.7953217e-10
      7650.00   2.7881186e-10
      7660.00   2.7809319e-10
      7670.00   2.7737609e-10
      7680.00   2.7666061e-10
      7690.00   2.7594675e-10
      7700.00   2.7523451e-10
      7710.00   2.7452387e-10
      7720.00   2.7381484e-10
      7730.00   2.7310745e-10
      7740.00   2.7240166e-10
      7750.00   2.7169748e-10
      7760.00   2.7099493e-10
      7770.00   2.7029399e-10
      7780.00   2.6959467e-10
      7790.00   2.6889697e-10
      7800.00   2.6820089e-10
      7810.00   2.6750641e-10
      7820.00   2.6681359e-10
      7830.00   2.6612236e-10
      7840.00   2.6543277e-10
      7850.00   2.6474478e-10
      7860.00   2.6405841e-10
      7870.00   2.6337368e-10
      7880.00   2.6269055e-10
      7890.00   2.6200906e-10
      7900.00   2.6132917e-10
      7910.00   2.6065092e-10
      7920.00   2.5997428e-10
      7930.00   2.5929926e-10
      7940.00   2.5862586e-10
      7950.00   2.5795407e-10
      7960.00   2.5728394e-10
      7970.00   2.5661538e-10
      7980.00   2.5594846e-10
      7990.00   2.5528314e-10
      8000.00   2.5461944e-10
