      1600.00   2.0390677e-11
      1610.00   2.1458095e-11
      1620.00   2.2562842e-11
      1630.00   2.3705373e-11
      1640.00   2.4886102e-11
      1650.00   2.6105430e-11
      1660.00   2.7363726e-11
      1670.00   2.8661341e-11
      1680.00   2.9998586e-11
      1690.00   3.1375759e-11
      1700.00   3.2793125e-11
      1710.00   3.4250921e-11
      1720.00   3.5749358e-11
      1730.00   3.7288618e-11
      1740.00   3.8868852e-11
      1750.00   4.0490196e-11
      1760.00   4.2152743e-11
      1770.00   4.3856570e-11
      1780.00   4.5601719e-11
      1790.00   4.7388207e-11
      1800.00   4.9216022e-11
      1810.00   5.1085137e-11
      1820.00   5.2995464e-11
      1830.00   5.4946937e-11
      1840.00   5.6939425e-11
      1850.00   5.8972786e-11
      1860.00   6.1046850e-11
      1870.00   6.3161430e-11
      1880.00   6.5316295e-11
      1890.00   6.7511208e-11
      1900.00   6.9745895e-11
      1910.00   7.2020067e-11
      1920.00   7.4333405e-11
      1930.00   7.6685572e-11
      1940.00   7.9076219e-11
      1950.00   8.1504949e-11
      1960.00   8.3971369e-11
      1970.00   8.6475043e-11
      1980.00   8.9015546e-11
      1990.00   9.1592407e-11
      2000.00   9.4205135e-11
      2010.00   9.6853244e-11
      2020.00   9.9536213e-11
      2030.00   1.0225350e-10
      2040.00   1.0500458e-10
      2050.00   1.0778886e-10
      2060.00   1.1060577e-10
      2070.00   1.1345471e-10
      2080.00   1.1633510e-10
      2090.00   1.1924628e-10
      2100.00   1.2218762e-10
      2110.00   1.2515851e-10
      2120.00   1.2815825e-10
      2130.00   1.3118621e-10
      2140.00   1.3424168e-10
      2150.00   1.3732400e-10
      2160.00   1.4043246e-10
      2170.00   1.4356634e-10
      2180.00   1.4672497e-10
      2190.00   1.4990760e-10
      2200.00   1.5311353e-10
      2210.00   1.5634201e-10
      2220.00   1.5959231e-10
      2230.00   1.6286370e-10
      2240.00   1.6615543e-10
      2250.00   1.6946675e-10
      2260.00   1.7279692e-10
      2270.00   1.7614516e-10
      2280.00   1.7951077e-10
      2290.00   1.8289293e-10
      2300.00   1.8629093e-10
      2310.00   1.8970400e-10
      2320.00   1.9313137e-10
      2330.00   1.9657232e-10
      2340.00   2.0002604e-10
      2350.00   2.0349181e-10
      2360.00   2.0696888e-10
      2370.00   2.1045650e-10
      2380.00   2.1395390e-10
      2390.00   2.1746035e-10
      2400.00   2.2097512e-10
      2410.00   2.2449742e-10
      2420.00   2.2802659e-10
      2430.00   2.3156186e-10
      2440.00   2.3510251e-10
      2450.00   2.3864782e-10
      2460.00   2.4219711e-10
      2470.00   2.4574959e-10
      2480.00   2.4930460e-10
      2490.00   2.5286147e-10
      2500.00   2.5641948e-10
      2510.00   2.5997796e-10
      2520.00   2.6353623e-10
      2530.00   2.6709358e-10
      2540.00   2.7064941e-10
      2550.00   2.7420304e-10
      2560.00   2.7775379e-10
      2570.00   2.8130106e-10
      2580.00   2.8484421e-10
      2590.00   2.8838259e-10
      2600.00   2.9191564e-10
      2610.00   2.9544270e-10
      2620.00   2.9896321e-10
      2630.00   3.0247652e-10
      2640.00   3.0598210e-10
      2650.00   3.0947937e-10
      2660.00   3.1296777e-10
      2670.00   3.1644673e-10
      2680.00   3.1991573e-10
      2690.00   3.2337421e-10
      2700.00   3.2682162e-10
      2710.00   3.3025750e-10
      2720.00   3.3368134e-10
      2730.00   3.3709257e-10
      2740.00   3.4049077e-10
      2750.00   3.4387544e-10
      2760.00   3.4724614e-10
      2770.00   3.5060234e-10
      2780.00   3.5394363e-10
      2790.00   3.5726962e-10
      2800.00   3.6057976e-10
      2810.00   3.6387372e-10
      2820.00   3.6715109e-10
      2830.00   3.7041141e-10
      2840.00   3.7365433e-10
      2850.00   3.7687944e-10
      2860.00   3.8008641e-10
      2870.00   3.8327483e-10
      2880.00   3.8644432e-10
      2890.00   3.8959461e-10
      2900.00   3.9272529e-10
      2910.00   3.9583614e-10
      2920.00   3.9892673e-10
      2930.00   4.0199676e-10
      2940.00   4.0504598e-10
      2950.00   4.0807409e-10
      2960.00   4.1108075e-10
      2970.00   4.1406579e-10
      2980.00   4.1702886e-10
      2990.00   4.1996972e-10
      3000.00   4.2288817e-10
      3010.00   4.2578387e-10
      3020.00   4.2865670e-10
      3030.00   4.3150636e-10
      3040.00   4.3433270e-10
      3050.00   4.3713547e-10
      3060.00   4.3991448e-10
      3070.00   4.4266954e-10
      3080.00   4.4540045e-10
      3090.00   4.4810707e-10
      3100.00   4.5078924e-10
      3110.00   4.5344673e-10
      3120.00   4.5607951e-10
      3130.00   4.5868731e-10
      3140.00   4.6127010e-10
      3150.00   4.6382765e-10
      3160.00   4.6635996e-10
      3170.00   4.6886673e-10
      3180.00   4.7134807e-10
      3190.00   4.7380372e-10
      3200.00   4.7623366e-10
      3210.00   4.7863776e-10
      3220.00   4.8101601e-10
      3230.00   4.8336821e-10
      3240.00   4.8569440e-10
      3250.00   4.8799451e-10
      3260.00   4.9026846e-10
      3270.00   4.9251614e-10
      3280.00   4.9473761e-10
      3290.00   4.9693275e-10
      3300.00   4.9910159e-10
      3310.00   5.0124406e-10
      3320.00   5.0336010e-10
      3330.00   5.0544979e-10
      3340.00   5.0751309e-10
      3350.00   5.0954992e-10
      3360.00   5.1156034e-10
      3370.00   5.1354435e-10
      3380.00   5.1550195e-10
      3390.00   5.1743318e-10
      3400.00   5.1933801e-10
      3410.00   5.2121653e-10
      3420.00   5.2306868e-10
      3430.00   5.2489455e-10
      3440.00   5.2669416e-10
      3450.00   5.2846749e-10
      3460.00   5.3021477e-10
      3470.00   5.3193584e-10
      3480.00   5.3363080e-10
      3490.00   5.3529977e-10
      3500.00   5.3694280e-10
      3510.00   5.3855987e-10
      3520.00   5.4015115e-10
      3530.00   5.4171669e-10
      3540.00   5.4325648e-10
      3550.00   5.4477067e-10
      3560.00   5.4625935e-10
      3570.00   5.4772256e-10
      3580.00   5.4916040e-10
      3590.00   5.5057293e-10
      3600.00   5.5196031e-10
      3610.00   5.5332265e-10
      3620.00   5.5465994e-10
      3630.00   5.5597225e-10
      3640.00   5.5725984e-10
      3650.00   5.5852277e-10
      3660.00   5.5976107e-10
      3670.00   5.6097489e-10
      3680.00   5.6216438e-10
      3690.00   5.6332959e-10
      3700.00   5.6447069e-10
      3710.00   5.6558778e-10
      3720.00   5.6668093e-10
      3730.00   5.6775037e-10
      3740.00   5.6879612e-10
      3750.00   5.6981838e-10
      3760.00   5.7081718e-10
      3770.00   5.7179277e-10
      3780.00   5.7274519e-10
      3790.00   5.7367455e-10
      3800.00   5.7458115e-10
      3810.00   5.7546497e-10
      3820.00   5.7632617e-10
      3830.00   5.7716491e-10
      3840.00   5.7798129e-10
      3850.00   5.7877554e-10
      3860.00   5.7954768e-10
      3870.00   5.8029800e-10
      3880.00   5.8102651e-10
      3890.00   5.8173341e-10
      3900.00   5.8241885e-10
      3910.00   5.8308298e-10
      3920.00   5.8372591e-10
      3930.00   5.8434778e-10
      3940.00   5.8494880e-10
      3950.00   5.8552908e-10
      3960.00   5.8608881e-10
      3970.00   5.8662808e-10
      3980.00   5.8714711e-10
      3990.00   5.8764596e-10
      4000.00   5.8812482e-10
      4010.00   5.8858388e-10
      4020.00   5.8902326e-10
      4030.00   5.8944314e-10
      4040.00   5.8984361e-10
      4050.00   5.9022490e-10
      4060.00   5.9058708e-10
      4070.00   5.9093042e-10
      4080.00   5.9125497e-10
      4090.00   5.9156092e-10
      4100.00   5.9184847e-10
      4110.00   5.9211772e-10
      4120.00   5.9236879e-10
      4130.00   5.9260194e-10
      4140.00   5.9281719e-10
      4150.00   5.9301489e-10
      4160.00   5.9319501e-10
      4170.00   5.9335775e-10
      4180.00   5.9350329e-10
      4190.00   5.9363177e-10
      4200.00   5.9374338e-10
      4210.00   5.9383832e-10
      4220.00   5.9391654e-10
      4230.00   5.9397842e-10
      4240.00   5.9402392e-10
      4250.00   5.9405337e-10
      4260.00   5.9406684e-10
      4270.00   5.9406444e-10
      4280.00   5.9404641e-10
      4290.00   5.9401286e-10
      4300.00   5.9396393e-10
      4310.00   5.9389979e-10
      4320.00   5.9382058e-10
      4330.00   5.9372641e-10
      4340.00   5.9361750e-10
      4350.00   5.9349399e-10
      4360.00   5.9335600e-10
      4370.00   5.9320369e-10
      4380.00   5.9303718e-10
      4390.00   5.9285668e-10
      4400.00   5.9266225e-10
      4410.00   5.9245417e-10
      4420.00   5.9223239e-10
      4430.00   5.9199720e-10
      4440.00   5.9174871e-10
      4450.00   5.9148710e-10
      4460.00   5.9121244e-10
      4470.00   5.9092490e-10
      4480.00   5.9062461e-10
      4490.00   5.9031176e-10
      4500.00   5.8998646e-10
      4510.00   5.8964880e-10
      4520.00   5.8929905e-10
      4530.00   5.8893717e-10
      4540.00   5.8856343e-10
      4550.00   5.8817795e-10
      4560.00   5.8778083e-10
      4570.00   5.8737217e-10
      4580.00   5.8695219e-10
      4590.00   5.8652099e-10
      4600.00   5.8607871e-10
      4610.00   5.8562548e-10
      4620.00   5.8516137e-10
      4630.00   5.8468657e-10
      4640.00   5.8420125e-10
      4650.00   5.8370547e-10
      4660.00   5.8319939e-10
      4670.00   5.8268308e-10
      4680.00   5.8215675e-10
      4690.00   5.8162051e-10
      4700.00   5.8107440e-10
      4710.00   5.8051867e-10
      4720.00   5.7995333e-10
      4730.00   5.7937856e-10
      4740.00   5.7879455e-10
      4750.00   5.7820126e-10
      4760.00   5.7759895e-10
      4770.00   5.7698767e-10
      4780.00   5.7636753e-10
      4790.00   5.7573871e-10
      4800.00   5.7510127e-10
      4810.00   5.7445532e-10
      4820.00   5.7380098e-10
      4830.00   5.7313843e-10
      4840.00   5.7246773e-10
      4850.00   5.7178900e-10
      4860.00   5.7110235e-10
      4870.00   5.7040790e-10
      4880.00   5.6970572e-10
      4890.00   5.6899599e-10
      4900.00   5.6827876e-10
      4910.00   5.6755415e-10
      4920.00   5.6682235e-10
      4930.00   5.6608325e-10
      4940.00   5.6533720e-10
      4950.00   5.6458414e-10
      4960.00   5.6382422e-10
      4970.00   5.6305759e-10
      4980.00   5.6228432e-10
      4990.00   5.6150449e-10
      5000.00   5.6071822e-10
      5010.00   5.5992563e-10
      5020.00   5.5912675e-10
      5030.00   5.5832173e-10
      5040.00   5.5751071e-10
      5050.00   5.5669366e-10
      5060.00   5.5587076e-10
      5070.00   5.5504216e-10
      5080.00   5.5420780e-10
      5090.00   5.5336791e-10
      5100.00   5.5252254e-10
      5110.00   5.5167175e-10
      5120.00   5.5081563e-10
      5130.00   5.4995428e-10
      5140.00   5.4908785e-10
      5150.00   5.4821634e-10
      5160.00   5.4733992e-10
      5170.00   5.4645860e-10
      5180.00   5.4557248e-10
      5190.00   5.4468171e-10
      5200.00   5.4378630e-10
      5210.00   5.4288635e-10
      5220.00   5.4198196e-10
      5230.00   5.4107319e-10
      5240.00   5.4016017e-10
      5250.00   5.3924289e-10
      5260.00   5.3832149e-10
      5270.00   5.3739603e-10
      5280.00   5.3646663e-10
      5290.00   5.3553334e-10
      5300.00   5.3459620e-10
      5310.00   5.3365536e-10
      5320.00   5.3271083e-10
      5330.00   5.3176269e-10
      5340.00   5.3081105e-10
      5350.00   5.2985597e-10
      5360.00   5.2889751e-10
      5370.00   5.2793573e-10
      5380.00   5.2697074e-10
      5390.00   5.2600256e-10
      5400.00   5.2503126e-10
      5410.00   5.2405699e-10
      5420.00   5.2307974e-10
      5430.00   5.2209960e-10
      5440.00   5.2111667e-10
      5450.00   5.2013096e-10
      5460.00   5.1914249e-10
      5470.00   5.1815147e-10
      5480.00   5.1715784e-10
      5490.00   5.1616175e-10
      5500.00   5.1516316e-10
      5510.00   5.1416226e-10
      5520.00   5.1315902e-10
      5530.00   5.1215352e-10
      5540.00   5.1114578e-10
      5550.00   5.1013599e-10
      5560.00   5.0912401e-10
      5570.00   5.0811008e-10
      5580.00   5.0709421e-10
      5590.00   5.0607640e-10
      5600.00   5.0505670e-10
      5610.00   5.0403525e-10
      5620.00   5.0301203e-10
      5630.00   5.0198716e-10
      5640.00   5.0096067e-10
      5650.00   4.9993253e-10
      5660.00   4.9890293e-10
      5670.00   4.9787183e-10
      5680.00   4.9683931e-10
      5690.00   4.9580541e-10
      5700.00   4.9477019e-10
      5710.00   4.9373369e-10
      5720.00   4.9269602e-10
      5730.00   4.9165708e-10
      5740.00   4.9061712e-10
      5750.00   4.8957599e-10
      5760.00   4.8853386e-10
      5770.00   4.8749075e-10
      5780.00   4.8644669e-10
      5790.00   4.8540172e-10
      5800.00   4.8435590e-10
      5810.00   4.8330935e-10
      5820.00   4.8226198e-10
      5830.00   4.8121389e-10
      5840.00   4.8016513e-10
      5850.00   4.7911571e-10
      5860.00   4.7806572e-10
      5870.00   4.7701518e-10
      5880.00   4.7596412e-10
      5890.00   4.7491261e-10
      5900.00   4.7386065e-10
      5910.00   4.7280830e-10
      5920.00   4.7175557e-10
      5930.00   4.7070258e-10
      5940.00   4.6964931e-10
      5950.00   4.6859578e-10
      5960.00   4.6754206e-10
      5970.00   4.6648814e-10
      5980.00   4.6543413e-10
      5990.00   4.6438003e-10
      6000.00   4.6332587e-10
      6010.00   4.6227164e-10
      6020.00   4.6121745e-10
      6030.00   4.6016333e-10
      6040.00   4.5910927e-10
      6050.00   4.5805532e-10
      6060.00   4.5700149e-10
      6070.00   4.5594786e-10
      6080.00   4.5489446e-10
      6090.00   4.5384128e-10
      6100.00   4.5278837e-10
      6110.00   4.5173572e-10
      6120.00   4.5068349e-10
      6130.00   4.4963155e-10
      6140.00   4.4858004e-10
      6150.00   4.4752891e-10
      6160.00   4.4647824e-10
      6170.00   4.4542806e-10
      6180.00   4.4437837e-10
      6190.00   4.4332920e-10
      6200.00   4.4228064e-10
      6210.00   4.4123261e-10
      6220.00   4.4018520e-10
      6230.00   4.3913846e-10
      6240.00   4.3809238e-10
      6250.00   4.3704694e-10
      6260.00   4.3600226e-10
      6270.00   4.3495834e-10
      6280.00   4.3391514e-10
      6290.00   4.3287271e-10
      6300.00   4.3183112e-10
      6310.00   4.3079036e-10
      6320.00   4.2975050e-10
      6330.00   4.2871143e-10
      6340.00   4.2767328e-10
      6350.00   4.2663613e-10
      6360.00   4.2559986e-10
      6370.00   4.2456456e-10
      6380.00   4.2353026e-10
      6390.00   4.2249698e-10
      6400.00   4.2146471e-10
      6410.00   4.2043348e-10
      6420.00   4.1940333e-10
      6430.00   4.1837428e-10
      6440.00   4.1734636e-10
      6450.00   4.1631951e-10
      6460.00   4.1529382e-10
      6470.00   4.1426931e-10
      6480.00   4.1324596e-10
      6490.00   4.1222385e-10
      6500.00   4.1120293e-10
      6510.00   4.1018327e-10
      6520.00   4.0916485e-10
      6530.00   4.0814767e-10
      6540.00   4.0713179e-10
      6550.00   4.0611724e-10
      6560.00   4.0510398e-10
      6570.00   4.0409204e-10
      6580.00   4.0308147e-10
      6590.00   4.0207228e-10
      6600.00   4.0106445e-10
      6610.00   4.0005801e-10
      6620.00   3.9905299e-10
      6630.00   3.9804935e-10
      6640.00   3.9704718e-10
      6650.00   3.9604648e-10
      6660.00   3.9504721e-10
      6670.00   3.9404943e-10
      6680.00   3.9305317e-10
      6690.00   3.9205835e-10
      6700.00   3.9106509e-10
      6710.00   3.9007334e-10
      6720.00   3.8908315e-10
      6730.00   3.8809447e-10
      6740.00   3.8710741e-10
      6750.00   3.8612189e-10
      6760.00   3.8513797e-10
      6770.00   3.8415568e-10
      6780.00   3.8317495e-10
      6790.00   3.8219586e-10
      6800.00   3.8121839e-10
      6810.00   3.8024259e-10
      6820.00   3.7926843e-10
      6830.00   3.7829593e-10
      6840.00   3.7732508e-10
      6850.00   3.7635592e-10
      6860.00   3.7538847e-10
      6870.00   3.7442270e-10
      6880.00   3.7345866e-10
      6890.00   3.7249632e-10
      6900.00   3.7153568e-10
      6910.00   3.7057681e-10
      6920.00   3.6961972e-10
      6930.00   3.6866432e-10
      6940.00   3.6771072e-10
      6950.00   3.6675886e-10
      6960.00   3.6580876e-10
      6970.00   3.6486045e-10
      6980.00   3.6391396e-10
      6990.00   3.6296928e-10
      7000.00   3.6202636e-10
      7010.00   3.6108525e-10
      7020.00   3.6014597e-10
      7030.00   3.5920855e-10
      7040.00   3.5827291e-10
      7050.00   3.5733914e-10
      7060.00   3.5640721e-10
      7070.00   3.5547712e-10
      7080.00   3.5454887e-10
      7090.00   3.5362249e-10
      7100.00   3.5269798e-10
      7110.00   3.5177534e-10
      7120.00   3.5085460e-10
      7130.00   3.4993575e-10
      7140.00   3.4901873e-10
      7150.00   3.4810365e-10
      7160.00   3.4719044e-10
      7170.00   3.4627913e-10
      7180.00   3.4536973e-10
      7190.00   3.4446227e-10
      7200.00   3.4355669e-10
      7210.00   3.4265304e-10
      7220.00   3.4175135e-10
      7230.00   3.4085152e-10
      7240.00   3.3995369e-10
      7250.00   3.3905772e-10
      7260.00   3.3816371e-10
      7270.00   3.3727168e-10
      7280.00   3.3638154e-10
      7290.00   3.3549337e-10
      7300.00   3.3460717e-10
      7310.00   3.3372292e-10
      7320.00   3.3284060e-10
      7330.00   3.3196026e-10
      7340.00   3.3108185e-10
      7350.00   3.3020544e-10
      7360.00   3.2933099e-10
      7370.00   3.2845853e-10
      7380.00   3.2758798e-10
      7390.00   3.2671945e-10
      7400.00   3.2585287e-10
      7410.00   3.2498828e-10
      7420.00   3.2412567e-10
      7430.00   3.2326503e-10
      7440.00   3.2240637e-10
      7450.00   3.2154971e-10
      7460.00   3.2069504e-10
      7470.00   3.1984235e-10
      7480.00   3.1899164e-10
      7490.00   3.1814292e-10
      7500.00   3.1729621e-10
      7510.00   3.1645146e-10
      7520.00   3.1560871e-10
      7530.00   3.1476795e-10
      7540.00   3.1392922e-10
      7550.00   3.1309244e-10
      7560.00   3.1225768e-10
      7570.00   3.1142491e-10
      7580.00   3.1059410e-10
      7590.00   3.0976534e-10
      7600.00   3.0893857e-10
      7610.00   3.0811377e-10
      7620.00   3.0729100e-10
      7630.00   3.0647017e-10
      7640.00   3.0565140e-10
      7650.00   3.0483459e-10
      7660.00   3.0401981e-10
      7670.00   3.0320699e-10
      7680.00   3.0239618e-10
      7690.00   3.0158736e-10
      7700.00   3.0078056e-10
      7710.00   2.9997573e-10
      7720.00   2.9917289e-10
      7730.00   2.9837208e-10
      7740.00   2.9757324e-10
      7750.00   2.9677639e-10
      7760.00   2.9598154e-10
      7770.00   2.9518868e-10
      7780.00   2.9439781e-10
      7790.00   2.9360892e-10
      7800.00   2.9282203e-10
      7810.00   2.9203712e-10
      7820.00   2.9125421e-10
      7830.00   2.9047327e-10
      7840.00   2.8969433e-10
      7850.00   2.8891736e-10
      7860.00   2.8814236e-10
      7870.00   2.8736936e-10
      7880.00   2.8659832e-10
      7890.00   2.8582928e-10
      7900.00   2.8506219e-10
      7910.00   2.8429710e-10
      7920.00   2.8353397e-10
      7930.00   2.8277280e-10
      7940.00   2.8201362e-10
      7950.00   2.8125638e-10
      7960.00   2.8050115e-10
      7970.00   2.7974784e-10
      7980.00   2.7899652e-10
      7990.00   2.7824714e-10
      8000.00   2.7749972e-10
