      1600.00   5.9609854e-11
      1610.00   6.2313766e-11
      1620.00   6.5092175e-11
      1630.00   6.7945232e-11
      1640.00   7.0872985e-11
      1650.00   7.3875454e-11
      1660.00   7.6952584e-11
      1670.00   8.0104284e-11
      1680.00   8.3330369e-11
      1690.00   8.6630632e-11
      1700.00   9.0004801e-11
      1710.00   9.3452542e-11
      1720.00   9.6973465e-11
      1730.00   1.0056713e-10
      1740.00   1.0423305e-10
      1750.00   1.0797068e-10
      1760.00   1.1177942e-10
      1770.00   1.1565865e-10
      1780.00   1.1960766e-10
      1790.00   1.2362572e-10
      1800.00   1.2771204e-10
      1810.00   1.3186582e-10
      1820.00   1.3608614e-10
      1830.00   1.4037215e-10
      1840.00   1.4472286e-10
      1850.00   1.4913729e-10
      1860.00   1.5361442e-10
      1870.00   1.5815320e-10
      1880.00   1.6275250e-10
      1890.00   1.6741123e-10
      1900.00   1.7212820e-10
      1910.00   1.7690224e-10
      1920.00   1.8173211e-10
      1930.00   1.8661658e-10
      1940.00   1.9155440e-10
      1950.00   1.9654425e-10
      1960.00   2.0158483e-10
      1970.00   2.0667478e-10
      1980.00   2.1181277e-10
      1990.00   2.1699742e-10
      2000.00   2.2222732e-10
      2010.00   2.2750108e-10
      2020.00   2.3281728e-10
      2030.00   2.3817447e-10
      2040.00   2.4357124e-10
      2050.00   2.4900611e-10
      2060.00   2.5447762e-10
      2070.00   2.5998430e-10
      2080.00   2.6552472e-10
      2090.00   2.7109731e-10
      2100.00   2.7670064e-10
      2110.00   2.8233323e-10
      2120.00   2.8799356e-10
      2130.00   2.9368019e-10
      2140.00   2.9939157e-10
      2150.00   3.0512626e-10
      2160.00   3.1088276e-10
      2170.00   3.1665956e-10
      2180.00   3.2245525e-10
      2190.00   3.2826831e-10
      2200.00   3.3409729e-10
      2210.00   3.3994074e-10
      2220.00   3.4579720e-10
      2230.00   3.5166526e-10
      2240.00   3.5754344e-10
      2250.00   3.6343037e-10
      2260.00   3.6932463e-10
      2270.00   3.7522477e-10
      2280.00   3.8112950e-10
      2290.00   3.8703736e-10
      2300.00   3.9294707e-10
      2310.00   3.9885724e-10
      2320.00   4.0476656e-10
      2330.00   4.1067373e-10
      2340.00   4.1657740e-10
      2350.00   4.2247633e-10
      2360.00   4.2836927e-10
      2370.00   4.3425497e-10
      2380.00   4.4013216e-10
      2390.00   4.4599965e-10
      2400.00   4.5185628e-10
      2410.00   4.5770078e-10
      2420.00   4.6353211e-10
      2430.00   4.6934908e-10
      2440.00   4.7515056e-10
      2450.00   4.8093547e-10
      2460.00   4.8670278e-10
      2470.00   4.9245129e-10
      2480.00   4.9818002e-10
      2490.00   5.0388803e-10
      2500.00   5.0957425e-10
      2510.00   5.1523772e-10
      2520.00   5.2087750e-10
      2530.00   5.2649254e-10
      2540.00   5.3208208e-10
      2550.00   5.3764516e-10
      2560.00   5.4318083e-10
      2570.00   5.4868832e-10
      2580.00   5.5416676e-10
      2590.00   5.5961533e-10
      2600.00   5.6503330e-10
      2610.00   5.7041980e-10
      2620.00   5.7577414e-10
      2630.00   5.8109550e-10
      2640.00   5.8638325e-10
      2650.00   5.9163667e-10
      2660.00   5.9685512e-10
      2670.00   6.0203787e-10
      2680.00   6.0718436e-10
      2690.00   6.1229392e-10
      2700.00   6.1736591e-10
      2710.00   6.2239988e-10
      2720.00   6.2739524e-10
      2730.00   6.3235132e-10
      2740.00   6.3726775e-10
      2750.00   6.4214396e-10
      2760.00   6.4697955e-10
      2770.00   6.5177389e-10
      2780.00   6.5652666e-10
      2790.00   6.6123747e-10
      2800.00   6.6590572e-10
      2810.00   6.7053118e-10
      2820.00   6.7511349e-10
      2830.00   6.7965215e-10
      2840.00   6.8414692e-10
      2850.00   6.8859743e-10
      2860.00   6.9300345e-10
      2870.00   6.9736457e-10
      2880.00   7.0168051e-10
      2890.00   7.0595112e-10
      2900.00   7.1017602e-10
      2910.00   7.1435519e-10
      2920.00   7.1848819e-10
      2930.00   7.2257487e-10
      2940.00   7.2661508e-10
      2950.00   7.3060866e-10
      2960.00   7.3455535e-10
      2970.00   7.3845519e-10
      2980.00   7.4230788e-10
      2990.00   7.4611333e-10
      3000.00   7.4987151e-10
      3010.00   7.5358217e-10
      3020.00   7.5724543e-10
      3030.00   7.6086103e-10
      3040.00   7.6442908e-10
      3050.00   7.6794944e-10
      3060.00   7.7142208e-10
      3070.00   7.7484697e-10
      3080.00   7.7822409e-10
      3090.00   7.8155348e-10
      3100.00   7.8483516e-10
      3110.00   7.8806903e-10
      3120.00   7.9125535e-10
      3130.00   7.9439390e-10
      3140.00   7.9748494e-10
      3150.00   8.0052835e-10
      3160.00   8.0352439e-10
      3170.00   8.0647284e-10
      3180.00   8.0937416e-10
      3190.00   8.1222816e-10
      3200.00   8.1503508e-10
      3210.00   8.1779495e-10
      3220.00   8.2050802e-10
      3230.00   8.2317420e-10
      3240.00   8.2579378e-10
      3250.00   8.2836693e-10
      3260.00   8.3089376e-10
      3270.00   8.3337428e-10
      3280.00   8.3580888e-10
      3290.00   8.3819755e-10
      3300.00   8.4054059e-10
      3310.00   8.4283811e-10
      3320.00   8.4509023e-10
      3330.00   8.4729730e-10
      3340.00   8.4945947e-10
      3350.00   8.5157682e-10
      3360.00   8.5364968e-10
      3370.00   8.5567824e-10
      3380.00   8.5766269e-10
      3390.00   8.5960332e-10
      3400.00   8.6150029e-10
      3410.00   8.6335391e-10
      3420.00   8.6516429e-10
      3430.00   8.6693177e-10
      3440.00   8.6865656e-10
      3450.00   8.7033882e-10
      3460.00   8.7197909e-10
      3470.00   8.7357730e-10
      3480.00   8.7513379e-10
      3490.00   8.7664893e-10
      3500.00   8.7812294e-10
      3510.00   8.7955600e-10
      3520.00   8.8094851e-10
      3530.00   8.8230072e-10
      3540.00   8.8361277e-10
      3550.00   8.8488506e-10
      3560.00   8.8611790e-10
      3570.00   8.8731148e-10
      3580.00   8.8846615e-10
      3590.00   8.8958210e-10
      3600.00   8.9065974e-10
      3610.00   8.9169940e-10
      3620.00   8.9270120e-10
      3630.00   8.9366538e-10
      3640.00   8.9459247e-10
      3650.00   8.9548272e-10
      3660.00   8.9633630e-10
      3670.00   8.9715357e-10
      3680.00   8.9793489e-10
      3690.00   8.9868045e-10
      3700.00   8.9939064e-10
      3710.00   9.0006574e-10
      3720.00   9.0070596e-10
      3730.00   9.0131180e-10
      3740.00   9.0188338e-10
      3750.00   9.0242112e-10
      3760.00   9.0292517e-10
      3770.00   9.0339602e-10
      3780.00   9.0383385e-10
      3790.00   9.0423892e-10
      3800.00   9.0461181e-10
      3810.00   9.0495256e-10
      3820.00   9.0526151e-10
      3830.00   9.0553904e-10
      3840.00   9.0578534e-10
      3850.00   9.0600086e-10
      3860.00   9.0618575e-10
      3870.00   9.0634054e-10
      3880.00   9.0646530e-10
      3890.00   9.0656042e-10
      3900.00   9.0662621e-10
      3910.00   9.0666299e-10
      3920.00   9.0667102e-10
      3930.00   9.0665055e-10
      3940.00   9.0660198e-10
      3950.00   9.0652556e-10
      3960.00   9.0642165e-10
      3970.00   9.0629044e-10
      3980.00   9.0613235e-10
      3990.00   9.0594751e-10
      4000.00   9.0573630e-10
      4010.00   9.0549904e-10
      4020.00   9.0523598e-10
      4030.00   9.0494747e-10
      4040.00   9.0463368e-10
      4050.00   9.0429504e-10
      4060.00   9.0393166e-10
      4070.00   9.0354404e-10
      4080.00   9.0313230e-10
      4090.00   9.0269675e-10
      4100.00   9.0223777e-10
      4110.00   9.0175556e-10
      4120.00   9.0125032e-10
      4130.00   9.0072248e-10
      4140.00   9.0017216e-10
      4150.00   8.9959987e-10
      4160.00   8.9900564e-10
      4170.00   8.9838979e-10
      4180.00   8.9775265e-10
      4190.00   8.9709445e-10
      4200.00   8.9641551e-10
      4210.00   8.9571616e-10
      4220.00   8.9499636e-10
      4230.00   8.9425672e-10
      4240.00   8.9349720e-10
      4250.00   8.9271832e-10
      4260.00   8.9192022e-10
      4270.00   8.9110308e-10
      4280.00   8.9026731e-10
      4290.00   8.8941306e-10
      4300.00   8.8854061e-10
      4310.00   8.8765018e-10
      4320.00   8.8674205e-10
      4330.00   8.8581638e-10
      4340.00   8.8487351e-10
      4350.00   8.8391369e-10
      4360.00   8.8293711e-10
      4370.00   8.8194401e-10
      4380.00   8.8093460e-10
      4390.00   8.7990919e-10
      4400.00   8.7886791e-10
      4410.00   8.7781116e-10
      4420.00   8.7673892e-10
      4430.00   8.7565158e-10
      4440.00   8.7454935e-10
      4450.00   8.7343249e-10
      4460.00   8.7230111e-10
      4470.00   8.7115550e-10
      4480.00   8.6999583e-10
      4490.00   8.6882239e-10
      4500.00   8.6763537e-10
      4510.00   8.6643490e-10
      4520.00   8.6522137e-10
      4530.00   8.6399475e-10
      4540.00   8.6275541e-10
      4550.00   8.6150355e-10
      4560.00   8.6023934e-10
      4570.00   8.5896290e-10
      4580.00   8.5767456e-10
      4590.00   8.5637447e-10
      4600.00   8.5506283e-10
      4610.00   8.5373986e-10
      4620.00   8.5240564e-10
      4630.00   8.5106044e-10
      4640.00   8.4970452e-10
      4650.00   8.4833798e-10
      4660.00   8.4696103e-10
      4670.00   8.4557377e-10
      4680.00   8.4417651e-10
      4690.00   8.4276941e-10
      4700.00   8.4135252e-10
      4710.00   8.3992621e-10
      4720.00   8.3849047e-10
      4730.00   8.3704558e-10
      4740.00   8.3559179e-10
      4750.00   8.3412905e-10
      4760.00   8.3265773e-10
      4770.00   8.3117789e-10
      4780.00   8.2968969e-10
      4790.00   8.2819339e-10
      4800.00   8.2668905e-10
      4810.00   8.2517683e-10
      4820.00   8.2365691e-10
      4830.00   8.2212952e-10
      4840.00   8.2059475e-10
      4850.00   8.1905276e-10
      4860.00   8.1750370e-10
      4870.00   8.1594774e-10
      4880.00   8.1438497e-10
      4890.00   8.1281562e-10
      4900.00   8.1123977e-10
      4910.00   8.0965760e-10
      4920.00   8.0806934e-10
      4930.00   8.0647483e-10
      4940.00   8.0487456e-10
      4950.00   8.0326846e-10
      4960.00   8.0165668e-10
      4970.00   8.0003947e-10
      4980.00   7.9841691e-10
      4990.00   7.9678909e-10
      5000.00   7.9515618e-10
      5010.00   7.9351832e-10
      5020.00   7.9187555e-10
      5030.00   7.9022809e-10
      5040.00   7.8857610e-10
      5050.00   7.8691954e-10
      5060.00   7.8525864e-10
      5070.00   7.8359362e-10
      5080.00   7.8192437e-10
      5090.00   7.8025119e-10
      5100.00   7.7857417e-10
      5110.00   7.7689333e-10
      5120.00   7.7520885e-10
      5130.00   7.7352081e-10
      5140.00   7.7182942e-10
      5150.00   7.7013467e-10
      5160.00   7.6843677e-10
      5170.00   7.6673575e-10
      5180.00   7.6503171e-10
      5190.00   7.6332487e-10
      5200.00   7.6161519e-10
      5210.00   7.5990285e-10
      5220.00   7.5818792e-10
      5230.00   7.5647052e-10
      5240.00   7.5475078e-10
      5250.00   7.5302871e-10
      5260.00   7.5130444e-10
      5270.00   7.4957808e-10
      5280.00   7.4784977e-10
      5290.00   7.4611957e-10
      5300.00   7.4438750e-10
      5310.00   7.4265378e-10
      5320.00   7.4091840e-10
      5330.00   7.3918145e-10
      5340.00   7.3744309e-10
      5350.00   7.3570335e-10
      5360.00   7.3396234e-10
      5370.00   7.3222010e-10
      5380.00   7.3047677e-10
      5390.00   7.2873237e-10
      5400.00   7.2698698e-10
      5410.00   7.2524079e-10
      5420.00   7.2349376e-10
      5430.00   7.2174604e-10
      5440.00   7.1999771e-10
      5450.00   7.1824879e-10
      5460.00   7.1649928e-10
      5470.00   7.1474946e-10
      5480.00   7.1299923e-10
      5490.00   7.1124879e-10
      5500.00   7.0949806e-10
      5510.00   7.0774730e-10
      5520.00   7.0599644e-10
      5530.00   7.0424557e-10
      5540.00   7.0249471e-10
      5550.00   7.0074410e-10
      5560.00   6.9899354e-10
      5570.00   6.9724334e-10
      5580.00   6.9549351e-10
      5590.00   6.9374400e-10
      5600.00   6.9199491e-10
      5610.00   6.9024640e-10
      5620.00   6.8849840e-10
      5630.00   6.8675109e-10
      5640.00   6.8500448e-10
      5650.00   6.8325853e-10
      5660.00   6.8151346e-10
      5670.00   6.7976921e-10
      5680.00   6.7802590e-10
      5690.00   6.7628352e-10
      5700.00   6.7454218e-10
      5710.00   6.7280189e-10
      5720.00   6.7106281e-10
      5730.00   6.6932476e-10
      5740.00   6.6758809e-10
      5750.00   6.6585258e-10
      5760.00   6.6411842e-10
      5770.00   6.6238565e-10
      5780.00   6.6065428e-10
      5790.00   6.5892436e-10
      5800.00   6.5719595e-10
      5810.00   6.5546920e-10
      5820.00   6.5374396e-10
      5830.00   6.5202038e-10
      5840.00   6.5029847e-10
      5850.00   6.4857828e-10
      5860.00   6.4685987e-10
      5870.00   6.4514328e-10
      5880.00   6.4342853e-10
      5890.00   6.4171571e-10
      5900.00   6.4000478e-10
      5910.00   6.3829583e-10
      5920.00   6.3658884e-10
      5930.00   6.3488398e-10
      5940.00   6.3318118e-10
      5950.00   6.3148047e-10
      5960.00   6.2978193e-10
      5970.00   6.2808554e-10
      5980.00   6.2639143e-10
      5990.00   6.2469956e-10
      6000.00   6.2300998e-10
      6010.00   6.2132267e-10
      6020.00   6.1963774e-10
      6030.00   6.1795523e-10
      6040.00   6.1627511e-10
      6050.00   6.1459743e-10
      6060.00   6.1292221e-10
      6070.00   6.1124951e-10
      6080.00   6.0957938e-10
      6090.00   6.0791179e-10
      6100.00   6.0624679e-10
      6110.00   6.0458435e-10
      6120.00   6.0292466e-10
      6130.00   6.0126756e-10
      6140.00   5.9961320e-10
      6150.00   5.9796152e-10
      6160.00   5.9631260e-10
      6170.00   5.9466646e-10
      6180.00   5.9302310e-10
      6190.00   5.9138254e-10
      6200.00   5.8974489e-10
      6210.00   5.8811003e-10
      6220.00   5.8647807e-10
      6230.00   5.8484907e-10
      6240.00   5.8322298e-10
      6250.00   5.8159977e-10
      6260.00   5.7997960e-10
      6270.00   5.7836244e-10
      6280.00   5.7674825e-10
      6290.00   5.7513705e-10
      6300.00   5.7352894e-10
      6310.00   5.7192389e-10
      6320.00   5.7032198e-10
      6330.00   5.6872306e-10
      6340.00   5.6712728e-10
      6350.00   5.6553473e-10
      6360.00   5.6394526e-10
      6370.00   5.6235895e-10
      6380.00   5.6077583e-10
      6390.00   5.5919594e-10
      6400.00   5.5761924e-10
      6410.00   5.5604575e-10
      6420.00   5.5447551e-10
      6430.00   5.5290855e-10
      6440.00   5.5134489e-10
      6450.00   5.4978445e-10
      6460.00   5.4822731e-10
      6470.00   5.4667350e-10
      6480.00   5.4512299e-10
      6490.00   5.4357587e-10
      6500.00   5.4203205e-10
      6510.00   5.4049162e-10
      6520.00   5.3895454e-10
      6530.00   5.3742080e-10
      6540.00   5.3589048e-10
      6550.00   5.3436360e-10
      6560.00   5.3284008e-10
      6570.00   5.3131996e-10
      6580.00   5.2980331e-10
      6590.00   5.2829010e-10
      6600.00   5.2678032e-10
      6610.00   5.2527400e-10
      6620.00   5.2377115e-10
      6630.00   5.2227171e-10
      6640.00   5.2077580e-10
      6650.00   5.1928341e-10
      6660.00   5.1779445e-10
      6670.00   5.1630902e-10
      6680.00   5.1482712e-10
      6690.00   5.1334866e-10
      6700.00   5.1187379e-10
      6710.00   5.1040240e-10
      6720.00   5.0893457e-10
      6730.00   5.0747024e-10
      6740.00   5.0600951e-10
      6750.00   5.0455228e-10
      6760.00   5.0309862e-10
      6770.00   5.0164855e-10
      6780.00   5.0020199e-10
      6790.00   4.9875902e-10
      6800.00   4.9731960e-10
      6810.00   4.9588379e-10
      6820.00   4.9445154e-10
      6830.00   4.9302287e-10
      6840.00   4.9159777e-10
      6850.00   4.9017625e-10
      6860.00   4.8875835e-10
      6870.00   4.8734401e-10
      6880.00   4.8593330e-10
      6890.00   4.8452615e-10
      6900.00   4.8312258e-10
      6910.00   4.8172265e-10
      6920.00   4.8032637e-10
      6930.00   4.7893361e-10
      6940.00   4.7754451e-10
      6950.00   4.7615898e-10
      6960.00   4.7477704e-10
      6970.00   4.7339872e-10
      6980.00   4.7202404e-10
      6990.00   4.7065299e-10
      7000.00   4.6928549e-10
      7010.00   4.6792160e-10
      7020.00   4.6656134e-10
      7030.00   4.6520472e-10
      7040.00   4.6385166e-10
      7050.00   4.6250225e-10
      7060.00   4.6115643e-10
      7070.00   4.5981423e-10
      7080.00   4.5847559e-10
      7090.00   4.5714058e-10
      7100.00   4.5580918e-10
      7110.00   4.5448139e-10
      7120.00   4.5315722e-10
      7130.00   4.5183666e-10
      7140.00   4.5051964e-10
      7150.00   4.4920626e-10
      7160.00   4.4789646e-10
      7170.00   4.4659024e-10
      7180.00   4.4528762e-10
      7190.00   4.4398862e-10
      7200.00   4.4269317e-10
      7210.00   4.4140132e-10
      7220.00   4.4011310e-10
      7230.00   4.3882837e-10
      7240.00   4.3754730e-10
      7250.00   4.3626972e-10
      7260.00   4.3499574e-10
      7270.00   4.3372537e-10
      7280.00   4.3245849e-10
      7290.00   4.3119522e-10
      7300.00   4.2993552e-10
      7310.00   4.2867937e-10
      7320.00   4.2742673e-10
      7330.00   4.2617768e-10
      7340.00   4.2493212e-10
      7350.00   4.2369014e-10
      7360.00   4.2245170e-10
      7370.00   4.2121681e-10
      7380.00   4.1998537e-10
      7390.00   4.1875752e-10
      7400.00   4.1753315e-10
      7410.00   4.1631231e-10
      7420.00   4.1509498e-10
      7430.00   4.1388114e-10
      7440.00   4.1267080e-10
      7450.00   4.1146398e-10
      7460.00   4.1026065e-10
      7470.00   4.0906080e-10
      7480.00   4.0786442e-10
      7490.00   4.0667151e-10
      7500.00   4.0548211e-10
      7510.00   4.0429613e-10
      7520.00   4.0311361e-10
      7530.00   4.0193455e-10
      7540.00   4.0075898e-10
      7550.00   3.9958681e-10
      7560.00   3.9841809e-10
      7570.00   3.9725281e-10
      7580.00   3.9609090e-10
      7590.00   3.9493249e-10
      7600.00   3.9377749e-10
      7610.00   3.9262586e-10
      7620.00   3.9147767e-10
      7630.00   3.9033283e-10
      7640.00   3.8919144e-10
      7650.00   3.8805339e-10
      7660.00   3.8691876e-10
      7670.00   3.8578746e-10
      7680.00   3.8465955e-10
      7690.00   3.8353500e-10
      7700.00   3.8241382e-10
      7710.00   3.8129596e-10
      7720.00   3.8018144e-10
      7730.00   3.7907031e-10
      7740.00   3.7796247e-10
      7750.00   3.7685796e-10
      7760.00   3.7575676e-10
      7770.00   3.7465888e-10
      7780.00   3.7356429e-10
      7790.00   3.7247301e-10
      7800.00   3.7138502e-10
      7810.00   3.7030030e-10
      7820.00   3.6921889e-10
      7830.00   3.6814072e-10
      7840.00   3.6706583e-10
      7850.00   3.6599418e-10
      7860.00   3.6492577e-10
      7870.00   3.6386063e-10
      7880.00   3.6279870e-10
      7890.00   3.6174003e-10
      7900.00   3.6068455e-10
      7910.00   3.5963232e-10
      7920.00   3.5858327e-10
      7930.00   3.5753742e-10
      7940.00   3.5649477e-10
      7950.00   3.5545530e-10
      7960.00   3.5441905e-10
      7970.00   3.5338591e-10
      7980.00   3.5235598e-10
      7990.00   3.5132918e-10
      8000.00   3.5030553e-10
