      1600.00   1.1119641e-10
      1610.00   1.1579106e-10
      1620.00   1.2049219e-10
      1630.00   1.2529929e-10
      1640.00   1.3021165e-10
      1650.00   1.3522856e-10
      1660.00   1.4034920e-10
      1670.00   1.4557268e-10
      1680.00   1.5089800e-10
      1690.00   1.5632411e-10
      1700.00   1.6184990e-10
      1710.00   1.6747415e-10
      1720.00   1.7319559e-10
      1730.00   1.7901288e-10
      1740.00   1.8492460e-10
      1750.00   1.9092931e-10
      1760.00   1.9702544e-10
      1770.00   2.0321144e-10
      1780.00   2.0948564e-10
      1790.00   2.1584634e-10
      1800.00   2.2229179e-10
      1810.00   2.2882024e-10
      1820.00   2.3542974e-10
      1830.00   2.4211850e-10
      1840.00   2.4888455e-10
      1850.00   2.5572592e-10
      1860.00   2.6264061e-10
      1870.00   2.6962661e-10
      1880.00   2.7668180e-10
      1890.00   2.8380413e-10
      1900.00   2.9099144e-10
      1910.00   2.9824159e-10
      1920.00   3.0555241e-10
      1930.00   3.1292171e-10
      1940.00   3.2034732e-10
      1950.00   3.2782697e-10
      1960.00   3.3535847e-10
      1970.00   3.4293951e-10
      1980.00   3.5056790e-10
      1990.00   3.5824138e-10
      2000.00   3.6595761e-10
      2010.00   3.7371440e-10
      2020.00   3.8150944e-10
      2030.00   3.8934047e-10
      2040.00   3.9720526e-10
      2050.00   4.0510151e-10
      2060.00   4.1302696e-10
      2070.00   4.2097937e-10
      2080.00   4.2895657e-10
      2090.00   4.3695620e-10
      2100.00   4.4497613e-10
      2110.00   4.5301417e-10
      2120.00   4.6106808e-10
      2130.00   4.6913576e-10
      2140.00   4.7721497e-10
      2150.00   4.8530364e-10
      2160.00   4.9339964e-10
      2170.00   5.0150081e-10
      2180.00   5.0960519e-10
      2190.00   5.1771065e-10
      2200.00   5.2581519e-10
      2210.00   5.3391681e-10
      2220.00   5.4201351e-10
      2230.00   5.5010338e-10
      2240.00   5.5818443e-10
      2250.00   5.6625483e-10
      2260.00   5.7431269e-10
      2270.00   5.8235608e-10
      2280.00   5.9038335e-10
      2290.00   5.9839257e-10
      2300.00   6.0638209e-10
      2310.00   6.1435014e-10
      2320.00   6.2229504e-10
      2330.00   6.3021517e-10
      2340.00   6.3810879e-10
      2350.00   6.4597439e-10
      2360.00   6.5381041e-10
      2370.00   6.6161533e-10
      2380.00   6.6938758e-10
      2390.00   6.7712572e-10
      2400.00   6.8482838e-10
      2410.00   6.9249401e-10
      2420.00   7.0012141e-10
      2430.00   7.0770917e-10
      2440.00   7.1525597e-10
      2450.00   7.2276059e-10
      2460.00   7.3022184e-10
      2470.00   7.3763831e-10
      2480.00   7.4500893e-10
      2490.00   7.5233268e-10
      2500.00   7.5960833e-10
      2510.00   7.6683484e-10
      2520.00   7.7401122e-10
      2530.00   7.8113628e-10
      2540.00   7.8820926e-10
      2550.00   7.9522916e-10
      2560.00   8.0219492e-10
      2570.00   8.0910579e-10
      2580.00   8.1596089e-10
      2590.00   8.2275937e-10
      2600.00   8.2950053e-10
      2610.00   8.3618348e-10
      2620.00   8.4280758e-10
      2630.00   8.4937200e-10
      2640.00   8.5587617e-10
      2650.00   8.6231942e-10
      2660.00   8.6870119e-10
      2670.00   8.7502077e-10
      2680.00   8.8127771e-10
      2690.00   8.8747139e-10
      2700.00   8.9360123e-10
      2710.00   8.9966694e-10
      2720.00   9.0566801e-10
      2730.00   9.1160383e-10
      2740.00   9.1747419e-10
      2750.00   9.2327862e-10
      2760.00   9.2901689e-10
      2770.00   9.3468842e-10
      2780.00   9.4029307e-10
      2790.00   9.4583063e-10
      2800.00   9.5130057e-10
      2810.00   9.5670285e-10
      2820.00   9.6203730e-10
      2830.00   9.6730350e-10
      2840.00   9.7250146e-10
      2850.00   9.7763092e-10
      2860.00   9.8269186e-10
      2870.00   9.8768404e-10
      2880.00   9.9260732e-10
      2890.00   9.9746178e-10
      2900.00   1.0022472e-09
      2910.00   1.0069638e-09
      2920.00   1.0116113e-09
      2930.00   1.0161898e-09
      2940.00   1.0206992e-09
      2950.00   1.0251397e-09
      2960.00   1.0295111e-09
      2970.00   1.0338138e-09
      2980.00   1.0380476e-09
      2990.00   1.0422127e-09
      3000.00   1.0463093e-09
      3010.00   1.0503372e-09
      3020.00   1.0542969e-09
      3030.00   1.0581882e-09
      3040.00   1.0620116e-09
      3050.00   1.0657671e-09
      3060.00   1.0694549e-09
      3070.00   1.0730752e-09
      3080.00   1.0766281e-09
      3090.00   1.0801140e-09
      3100.00   1.0835331e-09
      3110.00   1.0868855e-09
      3120.00   1.0901717e-09
      3130.00   1.0933917e-09
      3140.00   1.0965460e-09
      3150.00   1.0996347e-09
      3160.00   1.1026583e-09
      3170.00   1.1056168e-09
      3180.00   1.1085108e-09
      3190.00   1.1113404e-09
      3200.00   1.1141062e-09
      3210.00   1.1168082e-09
      3220.00   1.1194470e-09
      3230.00   1.1220227e-09
      3240.00   1.1245359e-09
      3250.00   1.1269870e-09
      3260.00   1.1293762e-09
      3270.00   1.1317037e-09
      3280.00   1.1339703e-09
      3290.00   1.1361761e-09
      3300.00   1.1383217e-09
      3310.00   1.1404073e-09
      3320.00   1.1424332e-09
      3330.00   1.1444002e-09
      3340.00   1.1463085e-09
      3350.00   1.1481584e-09
      3360.00   1.1499504e-09
      3370.00   1.1516851e-09
      3380.00   1.1533626e-09
      3390.00   1.1549837e-09
      3400.00   1.1565485e-09
      3410.00   1.1580578e-09
      3420.00   1.1595116e-09
      3430.00   1.1609107e-09
      3440.00   1.1622553e-09
      3450.00   1.1635459e-09
      3460.00   1.1647833e-09
      3470.00   1.1659675e-09
      3480.00   1.1670990e-09
      3490.00   1.1681785e-09
      3500.00   1.1692063e-09
      3510.00   1.1701828e-09
      3520.00   1.1711087e-09
      3530.00   1.1719843e-09
      3540.00   1.1728099e-09
      3550.00   1.1735862e-09
      3560.00   1.1743137e-09
      3570.00   1.1749926e-09
      3580.00   1.1756237e-09
      3590.00   1.1762071e-09
      3600.00   1.1767435e-09
      3610.00   1.1772334e-09
      3620.00   1.1776772e-09
      3630.00   1.1780750e-09
      3640.00   1.1784279e-09
      3650.00   1.1787360e-09
      3660.00   1.1789998e-09
      3670.00   1.1792198e-09
      3680.00   1.1793965e-09
      3690.00   1.1795302e-09
      3700.00   1.1796215e-09
      3710.00   1.1796709e-09
      3720.00   1.1796786e-09
      3730.00   1.1796455e-09
      3740.00   1.1795716e-09
      3750.00   1.1794577e-09
      3760.00   1.1793039e-09
      3770.00   1.1791110e-09
      3780.00   1.1788792e-09
      3790.00   1.1786089e-09
      3800.00   1.1783010e-09
      3810.00   1.1779555e-09
      3820.00   1.1775729e-09
      3830.00   1.1771538e-09
      3840.00   1.1766985e-09
      3850.00   1.1762075e-09
      3860.00   1.1756812e-09
      3870.00   1.1751202e-09
      3880.00   1.1745246e-09
      3890.00   1.1738951e-09
      3900.00   1.1732320e-09
      3910.00   1.1725358e-09
      3920.00   1.1718069e-09
      3930.00   1.1710456e-09
      3940.00   1.1702525e-09
      3950.00   1.1694279e-09
      3960.00   1.1685723e-09
      3970.00   1.1676860e-09
      3980.00   1.1667695e-09
      3990.00   1.1658231e-09
      4000.00   1.1648472e-09
      4010.00   1.1638424e-09
      4020.00   1.1628088e-09
      4030.00   1.1617471e-09
      4040.00   1.1606575e-09
      4050.00   1.1595404e-09
      4060.00   1.1583962e-09
      4070.00   1.1572253e-09
      4080.00   1.1560281e-09
      4090.00   1.1548049e-09
      4100.00   1.1535562e-09
      4110.00   1.1522823e-09
      4120.00   1.1509835e-09
      4130.00   1.1496603e-09
      4140.00   1.1483129e-09
      4150.00   1.1469420e-09
      4160.00   1.1455475e-09
      4170.00   1.1441299e-09
      4180.00   1.1426897e-09
      4190.00   1.1412272e-09
      4200.00   1.1397427e-09
      4210.00   1.1382367e-09
      4220.00   1.1367091e-09
      4230.00   1.1351608e-09
      4240.00   1.1335916e-09
      4250.00   1.1320023e-09
      4260.00   1.1303931e-09
      4270.00   1.1287640e-09
      4280.00   1.1271158e-09
      4290.00   1.1254485e-09
      4300.00   1.1237625e-09
      4310.00   1.1220582e-09
      4320.00   1.1203358e-09
      4330.00   1.1185956e-09
      4340.00   1.1168379e-09
      4350.00   1.1150632e-09
      4360.00   1.1132716e-09
      4370.00   1.1114635e-09
      4380.00   1.1096391e-09
      4390.00   1.1077988e-09
      4400.00   1.1059427e-09
      4410.00   1.1040714e-09
      4420.00   1.1021848e-09
      4430.00   1.1002834e-09
      4440.00   1.0983675e-09
      4450.00   1.0964374e-09
      4460.00   1.0944932e-09
      4470.00   1.0925353e-09
      4480.00   1.0905639e-09
      4490.00   1.0885793e-09
      4500.00   1.0865818e-09
      4510.00   1.0845716e-09
      4520.00   1.0825491e-09
      4530.00   1.0805142e-09
      4540.00   1.0784675e-09
      4550.00   1.0764091e-09
      4560.00   1.0743393e-09
      4570.00   1.0722582e-09
      4580.00   1.0701662e-09
      4590.00   1.0680636e-09
      4600.00   1.0659504e-09
      4610.00   1.0638271e-09
      4620.00   1.0616936e-09
      4630.00   1.0595503e-09
      4640.00   1.0573976e-09
      4650.00   1.0552355e-09
      4660.00   1.0530643e-09
      4670.00   1.0508841e-09
      4680.00   1.0486952e-09
      4690.00   1.0464979e-09
      4700.00   1.0442923e-09
      4710.00   1.0420787e-09
      4720.00   1.0398571e-09
      4730.00   1.0376279e-09
      4740.00   1.0353913e-09
      4750.00   1.0331474e-09
      4760.00   1.0308965e-09
      4770.00   1.0286386e-09
      4780.00   1.0263741e-09
      4790.00   1.0241032e-09
      4800.00   1.0218259e-09
      4810.00   1.0195424e-09
      4820.00   1.0172530e-09
      4830.00   1.0149579e-09
      4840.00   1.0126572e-09
      4850.00   1.0103511e-09
      4860.00   1.0080397e-09
      4870.00   1.0057234e-09
      4880.00   1.0034020e-09
      4890.00   1.0010760e-09
      4900.00   9.9874547e-10
      4910.00   9.9641049e-10
      4920.00   9.9407140e-10
      4930.00   9.9172800e-10
      4940.00   9.8938085e-10
      4950.00   9.8702985e-10
      4960.00   9.8467519e-10
      4970.00   9.8231715e-10
      4980.00   9.7995581e-10
      4990.00   9.7759127e-10
      5000.00   9.7522371e-10
      5010.00   9.7285332e-10
      5020.00   9.7048010e-10
      5030.00   9.6810432e-10
      5040.00   9.6572616e-10
      5050.00   9.6334555e-10
      5060.00   9.6096275e-10
      5070.00   9.5857803e-10
      5080.00   9.5619124e-10
      5090.00   9.5380271e-10
      5100.00   9.5141255e-10
      5110.00   9.4902078e-10
      5120.00   9.4662757e-10
      5130.00   9.4423303e-10
      5140.00   9.4183740e-10
      5150.00   9.3944064e-10
      5160.00   9.3704299e-10
      5170.00   9.3464449e-10
      5180.00   9.3224523e-10
      5190.00   9.2984545e-10
      5200.00   9.2744512e-10
      5210.00   9.2504440e-10
      5220.00   9.2264341e-10
      5230.00   9.2024224e-10
      5240.00   9.1784105e-10
      5250.00   9.1543982e-10
      5260.00   9.1303872e-10
      5270.00   9.1063785e-10
      5280.00   9.0823737e-10
      5290.00   9.0583732e-10
      5300.00   9.0343775e-10
      5310.00   9.0103886e-10
      5320.00   8.9864065e-10
      5330.00   8.9624322e-10
      5340.00   8.9384673e-10
      5350.00   8.9145121e-10
      5360.00   8.8905678e-10
      5370.00   8.8666347e-10
      5380.00   8.8427144e-10
      5390.00   8.8188068e-10
      5400.00   8.7949130e-10
      5410.00   8.7710349e-10
      5420.00   8.7471721e-10
      5430.00   8.7233259e-10
      5440.00   8.6994974e-10
      5450.00   8.6756866e-10
      5460.00   8.6518935e-10
      5470.00   8.6281210e-10
      5480.00   8.6043681e-10
      5490.00   8.5806368e-10
      5500.00   8.5569262e-10
      5510.00   8.5332390e-10
      5520.00   8.5095745e-10
      5530.00   8.4859335e-10
      5540.00   8.4623161e-10
      5550.00   8.4387251e-10
      5560.00   8.4151578e-10
      5570.00   8.3916179e-10
      5580.00   8.3681054e-10
      5590.00   8.3446196e-10
      5600.00   8.3211613e-10
      5610.00   8.2977324e-10
      5620.00   8.2743322e-10
      5630.00   8.2509623e-10
      5640.00   8.2276229e-10
      5650.00   8.2043132e-10
      5660.00   8.1810359e-10
      5670.00   8.1577902e-10
      5680.00   8.1345771e-10
      5690.00   8.1113967e-10
      5700.00   8.0882498e-10
      5710.00   8.0651367e-10
      5720.00   8.0420589e-10
      5730.00   8.0190144e-10
      5740.00   7.9960070e-10
      5750.00   7.9730340e-10
      5760.00   7.9500976e-10
      5770.00   7.9271981e-10
      5780.00   7.9043356e-10
      5790.00   7.8815103e-10
      5800.00   7.8587231e-10
      5810.00   7.8359754e-10
      5820.00   7.8132655e-10
      5830.00   7.7905948e-10
      5840.00   7.7679635e-10
      5850.00   7.7453719e-10
      5860.00   7.7228208e-10
      5870.00   7.7003104e-10
      5880.00   7.6778408e-10
      5890.00   7.6554129e-10
      5900.00   7.6330263e-10
      5910.00   7.6106817e-10
      5920.00   7.5883789e-10
      5930.00   7.5661198e-10
      5940.00   7.5439033e-10
      5950.00   7.5217298e-10
      5960.00   7.4996001e-10
      5970.00   7.4775137e-10
      5980.00   7.4554720e-10
      5990.00   7.4334747e-10
      6000.00   7.4115220e-10
      6010.00   7.3896137e-10
      6020.00   7.3677509e-10
      6030.00   7.3459339e-10
      6040.00   7.3241624e-10
      6050.00   7.3024367e-10
      6060.00   7.2807569e-10
      6070.00   7.2591239e-10
      6080.00   7.2375378e-10
      6090.00   7.2159984e-10
      6100.00   7.1945059e-10
      6110.00   7.1730600e-10
      6120.00   7.1516630e-10
      6130.00   7.1303126e-10
      6140.00   7.1090106e-10
      6150.00   7.0877562e-10
      6160.00   7.0665502e-10
      6170.00   7.0453927e-10
      6180.00   7.0242836e-10
      6190.00   7.0032231e-10
      6200.00   6.9822123e-10
      6210.00   6.9612497e-10
      6220.00   6.9403365e-10
      6230.00   6.9194732e-10
      6240.00   6.8986593e-10
      6250.00   6.8778942e-10
      6260.00   6.8571797e-10
      6270.00   6.8365154e-10
      6280.00   6.8159006e-10
      6290.00   6.7953356e-10
      6300.00   6.7748214e-10
      6310.00   6.7543575e-10
      6320.00   6.7339448e-10
      6330.00   6.7135814e-10
      6340.00   6.6932690e-10
      6350.00   6.6730085e-10
      6360.00   6.6527980e-10
      6370.00   6.6326385e-10
      6380.00   6.6125301e-10
      6390.00   6.5924733e-10
      6400.00   6.5724673e-10
      6410.00   6.5525126e-10
      6420.00   6.5326094e-10
      6430.00   6.5127578e-10
      6440.00   6.4929581e-10
      6450.00   6.4732093e-10
      6460.00   6.4535121e-10
      6470.00   6.4338669e-10
      6480.00   6.4142733e-10
      6490.00   6.3947320e-10
      6500.00   6.3752421e-10
      6510.00   6.3558044e-10
      6520.00   6.3364186e-10
      6530.00   6.3170842e-10
      6540.00   6.2978021e-10
      6550.00   6.2785725e-10
      6560.00   6.2593945e-10
      6570.00   6.2402683e-10
      6580.00   6.2211947e-10
      6590.00   6.2021733e-10
      6600.00   6.1832038e-10
      6610.00   6.1642864e-10
      6620.00   6.1454214e-10
      6630.00   6.1266079e-10
      6640.00   6.1078471e-10
      6650.00   6.0891388e-10
      6660.00   6.0704821e-10
      6670.00   6.0518778e-10
      6680.00   6.0333260e-10
      6690.00   6.0148255e-10
      6700.00   5.9963780e-10
      6710.00   5.9779822e-10
      6720.00   5.9596388e-10
      6730.00   5.9413470e-10
      6740.00   5.9231081e-10
      6750.00   5.9049207e-10
      6760.00   5.8867856e-10
      6770.00   5.8687029e-10
      6780.00   5.8506715e-10
      6790.00   5.8326926e-10
      6800.00   5.8147653e-10
      6810.00   5.7968904e-10
      6820.00   5.7790671e-10
      6830.00   5.7612957e-10
      6840.00   5.7435760e-10
      6850.00   5.7259080e-10
      6860.00   5.7082921e-10
      6870.00   5.6907275e-10
      6880.00   5.6732149e-10
      6890.00   5.6557537e-10
      6900.00   5.6383436e-10
      6910.00   5.6209857e-10
      6920.00   5.6036796e-10
      6930.00   5.5864241e-10
      6940.00   5.5692204e-10
      6950.00   5.5520677e-10
      6960.00   5.5349661e-10
      6970.00   5.5179158e-10
      6980.00   5.5009169e-10
      6990.00   5.4839693e-10
      7000.00   5.4670720e-10
      7010.00   5.4502256e-10
      7020.00   5.4334304e-10
      7030.00   5.4166863e-10
      7040.00   5.3999923e-10
      7050.00   5.3833495e-10
      7060.00   5.3667571e-10
      7070.00   5.3502152e-10
      7080.00   5.3337234e-10
      7090.00   5.3172821e-10
      7100.00   5.3008912e-10
      7110.00   5.2845506e-10
      7120.00   5.2682603e-10
      7130.00   5.2520202e-10
      7140.00   5.2358293e-10
      7150.00   5.2196889e-10
      7160.00   5.2035980e-10
      7170.00   5.1875568e-10
      7180.00   5.1715653e-10
      7190.00   5.1556238e-10
      7200.00   5.1397311e-10
      7210.00   5.1238882e-10
      7220.00   5.1080950e-10
      7230.00   5.0923501e-10
      7240.00   5.0766553e-10
      7250.00   5.0610084e-10
      7260.00   5.0454108e-10
      7270.00   5.0298627e-10
      7280.00   5.0143624e-10
      7290.00   4.9989113e-10
      7300.00   4.9835089e-10
      7310.00   4.9681549e-10
      7320.00   4.9528489e-10
      7330.00   4.9375915e-10
      7340.00   4.9223819e-10
      7350.00   4.9072207e-10
      7360.00   4.8921075e-10
      7370.00   4.8770425e-10
      7380.00   4.8620244e-10
      7390.00   4.8470546e-10
      7400.00   4.8321320e-10
      7410.00   4.8172571e-10
      7420.00   4.8024296e-10
      7430.00   4.7876492e-10
      7440.00   4.7729159e-10
      7450.00   4.7582299e-10
      7460.00   4.7435909e-10
      7470.00   4.7289986e-10
      7480.00   4.7144530e-10
      7490.00   4.6999539e-10
      7500.00   4.6855019e-10
      7510.00   4.6710957e-10
      7520.00   4.6567358e-10
      7530.00   4.6424221e-10
      7540.00   4.6281550e-10
      7550.00   4.6139335e-10
      7560.00   4.5997579e-10
      7570.00   4.5856281e-10
      7580.00   4.5715434e-10
      7590.00   4.5575051e-10
      7600.00   4.5435120e-10
      7610.00   4.5295639e-10
      7620.00   4.5156614e-10
      7630.00   4.5018034e-10
      7640.00   4.4879910e-10
      7650.00   4.4742230e-10
      7660.00   4.4605002e-10
      7670.00   4.4468216e-10
      7680.00   4.4331876e-10
      7690.00   4.4195980e-10
      7700.00   4.4060530e-10
      7710.00   4.3925518e-10
      7720.00   4.3790946e-10
      7730.00   4.3656819e-10
      7740.00   4.3523127e-10
      7750.00   4.3389872e-10
      7760.00   4.3257053e-10
      7770.00   4.3124669e-10
      7780.00   4.2992718e-10
      7790.00   4.2861200e-10
      7800.00   4.2730113e-10
      7810.00   4.2599456e-10
      7820.00   4.2469231e-10
      7830.00   4.2339430e-10
      7840.00   4.2210059e-10
      7850.00   4.2081110e-10
      7860.00   4.1952586e-10
      7870.00   4.1824486e-10
      7880.00   4.1696807e-10
      7890.00   4.1569551e-10
      7900.00   4.1442712e-10
      7910.00   4.1316295e-10
      7920.00   4.1190292e-10
      7930.00   4.1064705e-10
      7940.00   4.0939535e-10
      7950.00   4.0814776e-10
      7960.00   4.0690435e-10
      7970.00   4.0566499e-10
      7980.00   4.0442978e-10
      7990.00   4.0319863e-10
      8000.00   4.0197155e-10
