      1600.00   1.9518571e-10
      1610.00   2.0254185e-10
      1620.00   2.1003897e-10
      1630.00   2.1767533e-10
      1640.00   2.2544893e-10
      1650.00   2.3335774e-10
      1660.00   2.4139962e-10
      1670.00   2.4957236e-10
      1680.00   2.5787358e-10
      1690.00   2.6630089e-10
      1700.00   2.7485179e-10
      1710.00   2.8352369e-10
      1720.00   2.9231391e-10
      1730.00   3.0121971e-10
      1740.00   3.1023827e-10
      1750.00   3.1936676e-10
      1760.00   3.2860220e-10
      1770.00   3.3794164e-10
      1780.00   3.4738202e-10
      1790.00   3.5692025e-10
      1800.00   3.6655317e-10
      1810.00   3.7627770e-10
      1820.00   3.8609044e-10
      1830.00   3.9598833e-10
      1840.00   4.0596801e-10
      1850.00   4.1602618e-10
      1860.00   4.2615952e-10
      1870.00   4.3636474e-10
      1880.00   4.4663840e-10
      1890.00   4.5697718e-10
      1900.00   4.6737768e-10
      1910.00   4.7783653e-10
      1920.00   4.8835033e-10
      1930.00   4.9891569e-10
      1940.00   5.0952932e-10
      1950.00   5.2018772e-10
      1960.00   5.3088762e-10
      1970.00   5.4162557e-10
      1980.00   5.5239835e-10
      1990.00   5.6320259e-10
      2000.00   5.7403491e-10
      2010.00   5.8489213e-10
      2020.00   5.9577097e-10
      2030.00   6.0666816e-10
      2040.00   6.1758056e-10
      2050.00   6.2850496e-10
      2060.00   6.3943820e-10
      2070.00   6.5037718e-10
      2080.00   6.6131894e-10
      2090.00   6.7226023e-10
      2100.00   6.8319818e-10
      2110.00   6.9412986e-10
      2120.00   7.0505225e-10
      2130.00   7.1596259e-10
      2140.00   7.2685792e-10
      2150.00   7.3773554e-10
      2160.00   7.4859268e-10
      2170.00   7.5942654e-10
      2180.00   7.7023465e-10
      2190.00   7.8101426e-10
      2200.00   7.9176287e-10
      2210.00   8.0247798e-10
      2220.00   8.1315706e-10
      2230.00   8.2379780e-10
      2240.00   8.3439772e-10
      2250.00   8.4495462e-10
      2260.00   8.5546620e-10
      2270.00   8.6593013e-10
      2280.00   8.7634448e-10
      2290.00   8.8670692e-10
      2300.00   8.9701556e-10
      2310.00   9.0726833e-10
      2320.00   9.1746327e-10
      2330.00   9.2759855e-10
      2340.00   9.3767216e-10
      2350.00   9.4768243e-10
      2360.00   9.5762761e-10
      2370.00   9.6750603e-10
      2380.00   9.7731594e-10
      2390.00   9.8705578e-10
      2400.00   9.9672410e-10
      2410.00   1.0063192e-09
      2420.00   1.0158399e-09
      2430.00   1.0252846e-09
      2440.00   1.0346520e-09
      2450.00   1.0439410e-09
      2460.00   1.0531501e-09
      2470.00   1.0622781e-09
      2480.00   1.0713239e-09
      2490.00   1.0802865e-09
      2500.00   1.0891647e-09
      2510.00   1.0979576e-09
      2520.00   1.1066642e-09
      2530.00   1.1152833e-09
      2540.00   1.1238145e-09
      2550.00   1.1322566e-09
      2560.00   1.1406089e-09
      2570.00   1.1488706e-09
      2580.00   1.1570411e-09
      2590.00   1.1651196e-09
      2600.00   1.1731056e-09
      2610.00   1.1809984e-09
      2620.00   1.1887975e-09
      2630.00   1.1965022e-09
      2640.00   1.2041122e-09
      2650.00   1.2116270e-09
      2660.00   1.2190464e-09
      2670.00   1.2263696e-09
      2680.00   1.2335967e-09
      2690.00   1.2407271e-09
      2700.00   1.2477605e-09
      2710.00   1.2546968e-09
      2720.00   1.2615360e-09
      2730.00   1.2682774e-09
      2740.00   1.2749212e-09
      2750.00   1.2814673e-09
      2760.00   1.2879156e-09
      2770.00   1.2942658e-09
      2780.00   1.3005181e-09
      2790.00   1.3066727e-09
      2800.00   1.3127290e-09
      2810.00   1.3186875e-09
      2820.00   1.3245484e-09
      2830.00   1.3303114e-09
      2840.00   1.3359769e-09
      2850.00   1.3415448e-09
      2860.00   1.3470157e-09
      2870.00   1.3523893e-09
      2880.00   1.3576660e-09
      2890.00   1.3628462e-09
      2900.00   1.3679298e-09
      2910.00   1.3729176e-09
      2920.00   1.3778095e-09
      2930.00   1.3826057e-09
      2940.00   1.3873069e-09
      2950.00   1.3919132e-09
      2960.00   1.3964250e-09
      2970.00   1.4008429e-09
      2980.00   1.4051669e-09
      2990.00   1.4093977e-09
      3000.00   1.4135357e-09
      3010.00   1.4175812e-09
      3020.00   1.4215349e-09
      3030.00   1.4253969e-09
      3040.00   1.4291681e-09
      3050.00   1.4328487e-09
      3060.00   1.4364393e-09
      3070.00   1.4399404e-09
      3080.00   1.4433525e-09
      3090.00   1.4466763e-09
      3100.00   1.4499122e-09
      3110.00   1.4530606e-09
      3120.00   1.4561226e-09
      3130.00   1.4590982e-09
      3140.00   1.4619883e-09
      3150.00   1.4647933e-09
      3160.00   1.4675142e-09
      3170.00   1.4701508e-09
      3180.00   1.4727047e-09
      3190.00   1.4751759e-09
      3200.00   1.4775652e-09
      3210.00   1.4798732e-09
      3220.00   1.4821007e-09
      3230.00   1.4842480e-09
      3240.00   1.4863160e-09
      3250.00   1.4883054e-09
      3260.00   1.4902169e-09
      3270.00   1.4920508e-09
      3280.00   1.4938081e-09
      3290.00   1.4954893e-09
      3300.00   1.4970953e-09
      3310.00   1.4986266e-09
      3320.00   1.5000837e-09
      3330.00   1.5014676e-09
      3340.00   1.5027790e-09
      3350.00   1.5040183e-09
      3360.00   1.5051863e-09
      3370.00   1.5062838e-09
      3380.00   1.5073114e-09
      3390.00   1.5082698e-09
      3400.00   1.5091597e-09
      3410.00   1.5099820e-09
      3420.00   1.5107369e-09
      3430.00   1.5114255e-09
      3440.00   1.5120484e-09
      3450.00   1.5126060e-09
      3460.00   1.5130997e-09
      3470.00   1.5135294e-09
      3480.00   1.5138962e-09
      3490.00   1.5142007e-09
      3500.00   1.5144437e-09
      3510.00   1.5146256e-09
      3520.00   1.5147475e-09
      3530.00   1.5148098e-09
      3540.00   1.5148132e-09
      3550.00   1.5147584e-09
      3560.00   1.5146462e-09
      3570.00   1.5144771e-09
      3580.00   1.5142519e-09
      3590.00   1.5139711e-09
      3600.00   1.5136356e-09
      3610.00   1.5132461e-09
      3620.00   1.5128029e-09
      3630.00   1.5123068e-09
      3640.00   1.5117586e-09
      3650.00   1.5111591e-09
      3660.00   1.5105086e-09
      3670.00   1.5098078e-09
      3680.00   1.5090576e-09
      3690.00   1.5082584e-09
      3700.00   1.5074109e-09
      3710.00   1.5065158e-09
      3720.00   1.5055736e-09
      3730.00   1.5045852e-09
      3740.00   1.5035509e-09
      3750.00   1.5024716e-09
      3760.00   1.5013475e-09
      3770.00   1.5001797e-09
      3780.00   1.4989685e-09
      3790.00   1.4977145e-09
      3800.00   1.4964187e-09
      3810.00   1.4950812e-09
      3820.00   1.4937028e-09
      3830.00   1.4922842e-09
      3840.00   1.4908256e-09
      3850.00   1.4893281e-09
      3860.00   1.4877918e-09
      3870.00   1.4862177e-09
      3880.00   1.4846060e-09
      3890.00   1.4829575e-09
      3900.00   1.4812727e-09
      3910.00   1.4795521e-09
      3920.00   1.4777963e-09
      3930.00   1.4760058e-09
      3940.00   1.4741811e-09
      3950.00   1.4723229e-09
      3960.00   1.4704317e-09
      3970.00   1.4685079e-09
      3980.00   1.4665522e-09
      3990.00   1.4645649e-09
      4000.00   1.4625466e-09
      4010.00   1.4604978e-09
      4020.00   1.4584191e-09
      4030.00   1.4563110e-09
      4040.00   1.4541738e-09
      4050.00   1.4520082e-09
      4060.00   1.4498145e-09
      4070.00   1.4475935e-09
      4080.00   1.4453453e-09
      4090.00   1.4430706e-09
      4100.00   1.4407699e-09
      4110.00   1.4384435e-09
      4120.00   1.4360919e-09
      4130.00   1.4337157e-09
      4140.00   1.4313151e-09
      4150.00   1.4288909e-09
      4160.00   1.4264432e-09
      4170.00   1.4239726e-09
      4180.00   1.4214794e-09
      4190.00   1.4189642e-09
      4200.00   1.4164274e-09
      4210.00   1.4138695e-09
      4220.00   1.4112906e-09
      4230.00   1.4086914e-09
      4240.00   1.4060720e-09
      4250.00   1.4034333e-09
      4260.00   1.4007753e-09
      4270.00   1.3980984e-09
      4280.00   1.3954033e-09
      4290.00   1.3926901e-09
      4300.00   1.3899592e-09
      4310.00   1.3872111e-09
      4320.00   1.3844462e-09
      4330.00   1.3816646e-09
      4340.00   1.3788669e-09
      4350.00   1.3760535e-09
      4360.00   1.3732246e-09
      4370.00   1.3703806e-09
      4380.00   1.3675219e-09
      4390.00   1.3646488e-09
      4400.00   1.3617616e-09
      4410.00   1.3588609e-09
      4420.00   1.3559465e-09
      4430.00   1.3530192e-09
      4440.00   1.3500792e-09
      4450.00   1.3471268e-09
      4460.00   1.3441623e-09
      4470.00   1.3411860e-09
      4480.00   1.3381982e-09
      4490.00   1.3351992e-09
      4500.00   1.3321895e-09
      4510.00   1.3291691e-09
      4520.00   1.3261386e-09
      4530.00   1.3230979e-09
      4540.00   1.3200476e-09
      4550.00   1.3169880e-09
      4560.00   1.3139192e-09
      4570.00   1.3108415e-09
      4580.00   1.3077553e-09
      4590.00   1.3046608e-09
      4600.00   1.3015582e-09
      4610.00   1.2984479e-09
      4620.00   1.2953300e-09
      4630.00   1.2922049e-09
      4640.00   1.2890728e-09
      4650.00   1.2859340e-09
      4660.00   1.2827887e-09
      4670.00   1.2796370e-09
      4680.00   1.2764793e-09
      4690.00   1.2733159e-09
      4700.00   1.2701469e-09
      4710.00   1.2669726e-09
      4720.00   1.2637931e-09
      4730.00   1.2606088e-09
      4740.00   1.2574200e-09
      4750.00   1.2542265e-09
      4760.00   1.2510290e-09
      4770.00   1.2478274e-09
      4780.00   1.2446220e-09
      4790.00   1.2414131e-09
      4800.00   1.2382007e-09
      4810.00   1.2349852e-09
      4820.00   1.2317666e-09
      4830.00   1.2285453e-09
      4840.00   1.2253214e-09
      4850.00   1.2220951e-09
      4860.00   1.2188665e-09
      4870.00   1.2156360e-09
      4880.00   1.2124035e-09
      4890.00   1.2091695e-09
      4900.00   1.2059339e-09
      4910.00   1.2026970e-09
      4920.00   1.1994590e-09
      4930.00   1.1962199e-09
      4940.00   1.1929801e-09
      4950.00   1.1897395e-09
      4960.00   1.1864985e-09
      4970.00   1.1832571e-09
      4980.00   1.1800157e-09
      4990.00   1.1767741e-09
      5000.00   1.1735327e-09
      5010.00   1.1702917e-09
      5020.00   1.1670510e-09
      5030.00   1.1638108e-09
      5040.00   1.1605716e-09
      5050.00   1.1573330e-09
      5060.00   1.1540954e-09
      5070.00   1.1508591e-09
      5080.00   1.1476239e-09
      5090.00   1.1443902e-09
      5100.00   1.1411581e-09
      5110.00   1.1379275e-09
      5120.00   1.1346988e-09
      5130.00   1.1314719e-09
      5140.00   1.1282471e-09
      5150.00   1.1250245e-09
      5160.00   1.1218041e-09
      5170.00   1.1185861e-09
      5180.00   1.1153706e-09
      5190.00   1.1121578e-09
      5200.00   1.1089477e-09
      5210.00   1.1057404e-09
      5220.00   1.1025360e-09
      5230.00   1.0993346e-09
      5240.00   1.0961365e-09
      5250.00   1.0929416e-09
      5260.00   1.0897500e-09
      5270.00   1.0865618e-09
      5280.00   1.0833772e-09
      5290.00   1.0801963e-09
      5300.00   1.0770190e-09
      5310.00   1.0738457e-09
      5320.00   1.0706762e-09
      5330.00   1.0675107e-09
      5340.00   1.0643493e-09
      5350.00   1.0611921e-09
      5360.00   1.0580392e-09
      5370.00   1.0548906e-09
      5380.00   1.0517464e-09
      5390.00   1.0486067e-09
      5400.00   1.0454715e-09
      5410.00   1.0423410e-09
      5420.00   1.0392153e-09
      5430.00   1.0360944e-09
      5440.00   1.0329783e-09
      5450.00   1.0298672e-09
      5460.00   1.0267610e-09
      5470.00   1.0236600e-09
      5480.00   1.0205641e-09
      5490.00   1.0174735e-09
      5500.00   1.0143880e-09
      5510.00   1.0113080e-09
      5520.00   1.0082334e-09
      5530.00   1.0051642e-09
      5540.00   1.0021004e-09
      5550.00   9.9904242e-10
      5560.00   9.9598983e-10
      5570.00   9.9294306e-10
      5580.00   9.8990210e-10
      5590.00   9.8686684e-10
      5600.00   9.8383738e-10
      5610.00   9.8081391e-10
      5620.00   9.7779632e-10
      5630.00   9.7478479e-10
      5640.00   9.7177934e-10
      5650.00   9.6877984e-10
      5660.00   9.6578660e-10
      5670.00   9.6279950e-10
      5680.00   9.5981863e-10
      5690.00   9.5684400e-10
      5700.00   9.5387570e-10
      5710.00   9.5091372e-10
      5720.00   9.4795824e-10
      5730.00   9.4500900e-10
      5740.00   9.4206643e-10
      5750.00   9.3913020e-10
      5760.00   9.3620055e-10
      5770.00   9.3327749e-10
      5780.00   9.3036102e-10
      5790.00   9.2745115e-10
      5800.00   9.2454796e-10
      5810.00   9.2165161e-10
      5820.00   9.1876188e-10
      5830.00   9.1587892e-10
      5840.00   9.1300274e-10
      5850.00   9.1013335e-10
      5860.00   9.0727083e-10
      5870.00   9.0441518e-10
      5880.00   9.0156642e-10
      5890.00   8.9872463e-10
      5900.00   8.9588973e-10
      5910.00   8.9306182e-10
      5920.00   8.9024083e-10
      5930.00   8.8742697e-10
      5940.00   8.8462012e-10
      5950.00   8.8182029e-10
      5960.00   8.7902756e-10
      5970.00   8.7624187e-10
      5980.00   8.7346337e-10
      5990.00   8.7069199e-10
      6000.00   8.6792775e-10
      6010.00   8.6517060e-10
      6020.00   8.6242068e-10
      6030.00   8.5967799e-10
      6040.00   8.5694250e-10
      6050.00   8.5421420e-10
      6060.00   8.5149313e-10
      6070.00   8.4877933e-10
      6080.00   8.4607284e-10
      6090.00   8.4337360e-10
      6100.00   8.4068163e-10
      6110.00   8.3799689e-10
      6120.00   8.3531961e-10
      6130.00   8.3264953e-10
      6140.00   8.2998682e-10
      6150.00   8.2733141e-10
      6160.00   8.2468335e-10
      6170.00   8.2204265e-10
      6180.00   8.1940929e-10
      6190.00   8.1678327e-10
      6200.00   8.1416471e-10
      6210.00   8.1155343e-10
      6220.00   8.0894954e-10
      6230.00   8.0635310e-10
      6240.00   8.0376403e-10
      6250.00   8.0118226e-10
      6260.00   7.9860798e-10
      6270.00   7.9604112e-10
      6280.00   7.9348160e-10
      6290.00   7.9092944e-10
      6300.00   7.8838475e-10
      6310.00   7.8584744e-10
      6320.00   7.8331762e-10
      6330.00   7.8079506e-10
      6340.00   7.7827993e-10
      6350.00   7.7577233e-10
      6360.00   7.7327204e-10
      6370.00   7.7077915e-10
      6380.00   7.6829367e-10
      6390.00   7.6581562e-10
      6400.00   7.6334493e-10
      6410.00   7.6088163e-10
      6420.00   7.5842573e-10
      6430.00   7.5597724e-10
      6440.00   7.5353618e-10
      6450.00   7.5110242e-10
      6460.00   7.4867604e-10
      6470.00   7.4625706e-10
      6480.00   7.4384542e-10
      6490.00   7.4144122e-10
      6500.00   7.3904432e-10
      6510.00   7.3665480e-10
      6520.00   7.3427263e-10
      6530.00   7.3189773e-10
      6540.00   7.2953021e-10
      6550.00   7.2717006e-10
      6560.00   7.2481718e-10
      6570.00   7.2247158e-10
      6580.00   7.2013334e-10
      6590.00   7.1780240e-10
      6600.00   7.1547874e-10
      6610.00   7.1316234e-10
      6620.00   7.1085325e-10
      6630.00   7.0855133e-10
      6640.00   7.0625674e-10
      6650.00   7.0396943e-10
      6660.00   7.0168928e-10
      6670.00   6.9941639e-10
      6680.00   6.9715075e-10
      6690.00   6.9489222e-10
      6700.00   6.9264097e-10
      6710.00   6.9039686e-10
      6720.00   6.8815996e-10
      6730.00   6.8593016e-10
      6740.00   6.8370760e-10
      6750.00   6.8149212e-10
      6760.00   6.7928380e-10
      6770.00   6.7708264e-10
      6780.00   6.7488851e-10
      6790.00   6.7270151e-10
      6800.00   6.7052157e-10
      6810.00   6.6834875e-10
      6820.00   6.6618297e-10
      6830.00   6.6402422e-10
      6840.00   6.6187249e-10
      6850.00   6.5972778e-10
      6860.00   6.5759012e-10
      6870.00   6.5545940e-10
      6880.00   6.5333571e-10
      6890.00   6.5121895e-10
      6900.00   6.4910910e-10
      6910.00   6.4700626e-10
      6920.00   6.4491040e-10
      6930.00   6.4282135e-10
      6940.00   6.4073926e-10
      6950.00   6.3866400e-10
      6960.00   6.3659560e-10
      6970.00   6.3453407e-10
      6980.00   6.3247942e-10
      6990.00   6.3043162e-10
      7000.00   6.2839055e-10
      7010.00   6.2635628e-10
      7020.00   6.2432881e-10
      7030.00   6.2230816e-10
      7040.00   6.2029417e-10
      7050.00   6.1828699e-10
      7060.00   6.1628650e-10
      7070.00   6.1429272e-10
      7080.00   6.1230559e-10
      7090.00   6.1032514e-10
      7100.00   6.0835137e-10
      7110.00   6.0638424e-10
      7120.00   6.0442376e-10
      7130.00   6.0246991e-10
      7140.00   6.0052256e-10
      7150.00   5.9858187e-10
      7160.00   5.9664769e-10
      7170.00   5.9472005e-10
      7180.00   5.9279895e-10
      7190.00   5.9088441e-10
      7200.00   5.8897630e-10
      7210.00   5.8707470e-10
      7220.00   5.8517962e-10
      7230.00   5.8329087e-10
      7240.00   5.8140867e-10
      7250.00   5.7953276e-10
      7260.00   5.7766329e-10
      7270.00   5.7580025e-10
      7280.00   5.7394349e-10
      7290.00   5.7209312e-10
      7300.00   5.7024911e-10
      7310.00   5.6841139e-10
      7320.00   5.6657993e-10
      7330.00   5.6475478e-10
      7340.00   5.6293585e-10
      7350.00   5.6112319e-10
      7360.00   5.5931677e-10
      7370.00   5.5751660e-10
      7380.00   5.5572250e-10
      7390.00   5.5393467e-10
      7400.00   5.5215294e-10
      7410.00   5.5037738e-10
      7420.00   5.4860794e-10
      7430.00   5.4684458e-10
      7440.00   5.4508731e-10
      7450.00   5.4333614e-10
      7460.00   5.4159103e-10
      7470.00   5.3985192e-10
      7480.00   5.3811884e-10
      7490.00   5.3639174e-10
      7500.00   5.3467068e-10
      7510.00   5.3295552e-10
      7520.00   5.3124632e-10
      7530.00   5.2954303e-10
      7540.00   5.2784572e-10
      7550.00   5.2615424e-10
      7560.00   5.2446867e-10
      7570.00   5.2278895e-10
      7580.00   5.2111500e-10
      7590.00   5.1944697e-10
      7600.00   5.1778473e-10
      7610.00   5.1612825e-10
      7620.00   5.1447757e-10
      7630.00   5.1283258e-10
      7640.00   5.1119341e-10
      7650.00   5.0955989e-10
      7660.00   5.0793212e-10
      7670.00   5.0630998e-10
      7680.00   5.0469352e-10
      7690.00   5.0308271e-10
      7700.00   5.0147755e-10
      7710.00   4.9987797e-10
      7720.00   4.9828398e-10
      7730.00   4.9669562e-10
      7740.00   4.9511279e-10
      7750.00   4.9353548e-10
      7760.00   4.9196371e-10
      7770.00   4.9039744e-10
      7780.00   4.8883665e-10
      7790.00   4.8728134e-10
      7800.00   4.8573148e-10
      7810.00   4.8418705e-10
      7820.00   4.8264807e-10
      7830.00   4.8111446e-10
      7840.00   4.7958625e-10
      7850.00   4.7806338e-10
      7860.00   4.7654586e-10
      7870.00   4.7503369e-10
      7880.00   4.7352681e-10
      7890.00   4.7202526e-10
      7900.00   4.7052895e-10
      7910.00   4.6903794e-10
      7920.00   4.6755215e-10
      7930.00   4.6607157e-10
      7940.00   4.6459623e-10
      7950.00   4.6312605e-10
      7960.00   4.6166111e-10
      7970.00   4.6020126e-10
      7980.00   4.5874659e-10
      7990.00   4.5729701e-10
      8000.00   4.5585254e-10
