      1600.00   5.1761563e-10
      1610.00   5.3388062e-10
      1620.00   5.5034091e-10
      1630.00   5.6699022e-10
      1640.00   5.8382178e-10
      1650.00   6.0082898e-10
      1660.00   6.1800500e-10
      1670.00   6.3534311e-10
      1680.00   6.5283624e-10
      1690.00   6.7047750e-10
      1700.00   6.8825991e-10
      1710.00   7.0617640e-10
      1720.00   7.2421985e-10
      1730.00   7.4238318e-10
      1740.00   7.6065916e-10
      1750.00   7.7904084e-10
      1760.00   7.9752095e-10
      1770.00   8.1609247e-10
      1780.00   8.3474827e-10
      1790.00   8.5348126e-10
      1800.00   8.7228434e-10
      1810.00   8.9115072e-10
      1820.00   9.1007303e-10
      1830.00   9.2904474e-10
      1840.00   9.4805879e-10
      1850.00   9.6710839e-10
      1860.00   9.8618680e-10
      1870.00   1.0052875e-09
      1880.00   1.0244036e-09
      1890.00   1.0435288e-09
      1900.00   1.0626565e-09
      1910.00   1.0817804e-09
      1920.00   1.1008943e-09
      1930.00   1.1199919e-09
      1940.00   1.1390673e-09
      1950.00   1.1581144e-09
      1960.00   1.1771273e-09
      1970.00   1.1961002e-09
      1980.00   1.2150275e-09
      1990.00   1.2339037e-09
      2000.00   1.2527232e-09
      2010.00   1.2714807e-09
      2020.00   1.2901710e-09
      2030.00   1.3087889e-09
      2040.00   1.3273296e-09
      2050.00   1.3457881e-09
      2060.00   1.3641595e-09
      2070.00   1.3824393e-09
      2080.00   1.4006231e-09
      2090.00   1.4187062e-09
      2100.00   1.4366844e-09
      2110.00   1.4545537e-09
      2120.00   1.4723098e-09
      2130.00   1.4899490e-09
      2140.00   1.5074673e-09
      2150.00   1.5248611e-09
      2160.00   1.5421269e-09
      2170.00   1.5592609e-09
      2180.00   1.5762601e-09
      2190.00   1.5931212e-09
      2200.00   1.6098410e-09
      2210.00   1.6264166e-09
      2220.00   1.6428450e-09
      2230.00   1.6591236e-09
      2240.00   1.6752495e-09
      2250.00   1.6912204e-09
      2260.00   1.7070338e-09
      2270.00   1.7226870e-09
      2280.00   1.7381783e-09
      2290.00   1.7535052e-09
      2300.00   1.7686659e-09
      2310.00   1.7836584e-09
      2320.00   1.7984809e-09
      2330.00   1.8131318e-09
      2340.00   1.8276091e-09
      2350.00   1.8419115e-09
      2360.00   1.8560377e-09
      2370.00   1.8699864e-09
      2380.00   1.8837560e-09
      2390.00   1.8973455e-09
      2400.00   1.9107540e-09
      2410.00   1.9239800e-09
      2420.00   1.9370233e-09
      2430.00   1.9498827e-09
      2440.00   1.9625574e-09
      2450.00   1.9750470e-09
      2460.00   1.9873509e-09
      2470.00   1.9994681e-09
      2480.00   2.0113985e-09
      2490.00   2.0231419e-09
      2500.00   2.0346979e-09
      2510.00   2.0460661e-09
      2520.00   2.0572467e-09
      2530.00   2.0682390e-09
      2540.00   2.0790436e-09
      2550.00   2.0896604e-09
      2560.00   2.1000892e-09
      2570.00   2.1103303e-09
      2580.00   2.1203840e-09
      2590.00   2.1302504e-09
      2600.00   2.1399301e-09
      2610.00   2.1494232e-09
      2620.00   2.1587303e-09
      2630.00   2.1678516e-09
      2640.00   2.1767879e-09
      2650.00   2.1855396e-09
      2660.00   2.1941075e-09
      2670.00   2.2024921e-09
      2680.00   2.2106942e-09
      2690.00   2.2187143e-09
      2700.00   2.2265532e-09
      2710.00   2.2342121e-09
      2720.00   2.2416916e-09
      2730.00   2.2489923e-09
      2740.00   2.2561156e-09
      2750.00   2.2630622e-09
      2760.00   2.2698333e-09
      2770.00   2.2764294e-09
      2780.00   2.2828520e-09
      2790.00   2.2891022e-09
      2800.00   2.2951806e-09
      2810.00   2.3010888e-09
      2820.00   2.3068280e-09
      2830.00   2.3123989e-09
      2840.00   2.3178030e-09
      2850.00   2.3230414e-09
      2860.00   2.3281156e-09
      2870.00   2.3330265e-09
      2880.00   2.3377753e-09
      2890.00   2.3423636e-09
      2900.00   2.3467924e-09
      2910.00   2.3510637e-09
      2920.00   2.3551780e-09
      2930.00   2.3591369e-09
      2940.00   2.3629418e-09
      2950.00   2.3665941e-09
      2960.00   2.3700950e-09
      2970.00   2.3734464e-09
      2980.00   2.3766492e-09
      2990.00   2.3797048e-09
      3000.00   2.3826150e-09
      3010.00   2.3853806e-09
      3020.00   2.3880037e-09
      3030.00   2.3904852e-09
      3040.00   2.3928270e-09
      3050.00   2.3950303e-09
      3060.00   2.3970965e-09
      3070.00   2.3990270e-09
      3080.00   2.4008233e-09
      3090.00   2.4024870e-09
      3100.00   2.4040196e-09
      3110.00   2.4054221e-09
      3120.00   2.4066967e-09
      3130.00   2.4078441e-09
      3140.00   2.4088663e-09
      3150.00   2.4097644e-09
      3160.00   2.4105403e-09
      3170.00   2.4111945e-09
      3180.00   2.4117298e-09
      3190.00   2.4121465e-09
      3200.00   2.4124468e-09
      3210.00   2.4126316e-09
      3220.00   2.4127029e-09
      3230.00   2.4126614e-09
      3240.00   2.4125091e-09
      3250.00   2.4122474e-09
      3260.00   2.4118777e-09
      3270.00   2.4114009e-09
      3280.00   2.4108192e-09
      3290.00   2.4101333e-09
      3300.00   2.4093452e-09
      3310.00   2.4084559e-09
      3320.00   2.4074666e-09
      3330.00   2.4063793e-09
      3340.00   2.4051951e-09
      3350.00   2.4039150e-09
      3360.00   2.4025407e-09
      3370.00   2.4010735e-09
      3380.00   2.3995148e-09
      3390.00   2.3978659e-09
      3400.00   2.3961280e-09
      3410.00   2.3943027e-09
      3420.00   2.3923909e-09
      3430.00   2.3903941e-09
      3440.00   2.3883137e-09
      3450.00   2.3861505e-09
      3460.00   2.3839068e-09
      3470.00   2.3815828e-09
      3480.00   2.3791800e-09
      3490.00   2.3766999e-09
      3500.00   2.3741437e-09
      3510.00   2.3715124e-09
      3520.00   2.3688074e-09
      3530.00   2.3660300e-09
      3540.00   2.3631810e-09
      3550.00   2.3602619e-09
      3560.00   2.3572739e-09
      3570.00   2.3542179e-09
      3580.00   2.3510953e-09
      3590.00   2.3479070e-09
      3600.00   2.3446544e-09
      3610.00   2.3413388e-09
      3620.00   2.3379607e-09
      3630.00   2.3345211e-09
      3640.00   2.3310219e-09
      3650.00   2.3274638e-09
      3660.00   2.3238478e-09
      3670.00   2.3201748e-09
      3680.00   2.3164463e-09
      3690.00   2.3126629e-09
      3700.00   2.3088259e-09
      3710.00   2.3049362e-09
      3720.00   2.3009947e-09
      3730.00   2.2970028e-09
      3740.00   2.2929610e-09
      3750.00   2.2888706e-09
      3760.00   2.2847322e-09
      3770.00   2.2805472e-09
      3780.00   2.2763162e-09
      3790.00   2.2720401e-09
      3800.00   2.2677204e-09
      3810.00   2.2633575e-09
      3820.00   2.2589522e-09
      3830.00   2.2545058e-09
      3840.00   2.2500187e-09
      3850.00   2.2454923e-09
      3860.00   2.2409269e-09
      3870.00   2.2363241e-09
      3880.00   2.2316841e-09
      3890.00   2.2270078e-09
      3900.00   2.2222963e-09
      3910.00   2.2175503e-09
      3920.00   2.2127706e-09
      3930.00   2.2079577e-09
      3940.00   2.2031128e-09
      3950.00   2.1982365e-09
      3960.00   2.1933297e-09
      3970.00   2.1883929e-09
      3980.00   2.1834272e-09
      3990.00   2.1784329e-09
      4000.00   2.1734109e-09
      4010.00   2.1683620e-09
      4020.00   2.1632869e-09
      4030.00   2.1581863e-09
      4040.00   2.1530608e-09
      4050.00   2.1479112e-09
      4060.00   2.1427379e-09
      4070.00   2.1375420e-09
      4080.00   2.1323239e-09
      4090.00   2.1270841e-09
      4100.00   2.1218237e-09
      4110.00   2.1165429e-09
      4120.00   2.1112423e-09
      4130.00   2.1059229e-09
      4140.00   2.1005848e-09
      4150.00   2.0952293e-09
      4160.00   2.0898563e-09
      4170.00   2.0844666e-09
      4180.00   2.0790608e-09
      4190.00   2.0736394e-09
      4200.00   2.0682032e-09
      4210.00   2.0627527e-09
      4220.00   2.0572880e-09
      4230.00   2.0518102e-09
      4240.00   2.0463192e-09
      4250.00   2.0408162e-09
      4260.00   2.0353014e-09
      4270.00   2.0297751e-09
      4280.00   2.0242381e-09
      4290.00   2.0186908e-09
      4300.00   2.0131337e-09
      4310.00   2.0075672e-09
      4320.00   2.0019918e-09
      4330.00   1.9964078e-09
      4340.00   1.9908159e-09
      4350.00   1.9852166e-09
      4360.00   1.9796101e-09
      4370.00   1.9739970e-09
      4380.00   1.9683775e-09
      4390.00   1.9627523e-09
      4400.00   1.9571216e-09
      4410.00   1.9514861e-09
      4420.00   1.9458457e-09
      4430.00   1.9402011e-09
      4440.00   1.9345528e-09
      4450.00   1.9289011e-09
      4460.00   1.9232463e-09
      4470.00   1.9175887e-09
      4480.00   1.9119288e-09
      4490.00   1.9062670e-09
      4500.00   1.9006035e-09
      4510.00   1.8949387e-09
      4520.00   1.8892732e-09
      4530.00   1.8836067e-09
      4540.00   1.8779401e-09
      4550.00   1.8722737e-09
      4560.00   1.8666075e-09
      4570.00   1.8609419e-09
      4580.00   1.8552774e-09
      4590.00   1.8496142e-09
      4600.00   1.8439527e-09
      4610.00   1.8382930e-09
      4620.00   1.8326354e-09
      4630.00   1.8269802e-09
      4640.00   1.8213279e-09
      4650.00   1.8156786e-09
      4660.00   1.8100326e-09
      4670.00   1.8043899e-09
      4680.00   1.7987512e-09
      4690.00   1.7931166e-09
      4700.00   1.7874861e-09
      4710.00   1.7818603e-09
      4720.00   1.7762392e-09
      4730.00   1.7706231e-09
      4740.00   1.7650124e-09
      4750.00   1.7594071e-09
      4760.00   1.7538076e-09
      4770.00   1.7482139e-09
      4780.00   1.7426264e-09
      4790.00   1.7370453e-09
      4800.00   1.7314707e-09
      4810.00   1.7259028e-09
      4820.00   1.7203419e-09
      4830.00   1.7147882e-09
      4840.00   1.7092419e-09
      4850.00   1.7037031e-09
      4860.00   1.6981721e-09
      4870.00   1.6926490e-09
      4880.00   1.6871339e-09
      4890.00   1.6816272e-09
      4900.00   1.6761288e-09
      4910.00   1.6706391e-09
      4920.00   1.6651583e-09
      4930.00   1.6596861e-09
      4940.00   1.6542232e-09
      4950.00   1.6487695e-09
      4960.00   1.6433250e-09
      4970.00   1.6378902e-09
      4980.00   1.6324652e-09
      4990.00   1.6270499e-09
      5000.00   1.6216445e-09
      5010.00   1.6162494e-09
      5020.00   1.6108643e-09
      5030.00   1.6054896e-09
      5040.00   1.6001256e-09
      5050.00   1.5947719e-09
      5060.00   1.5894290e-09
      5070.00   1.5840972e-09
      5080.00   1.5787761e-09
      5090.00   1.5734661e-09
      5100.00   1.5681675e-09
      5110.00   1.5628800e-09
      5120.00   1.5576039e-09
      5130.00   1.5523392e-09
      5140.00   1.5470863e-09
      5150.00   1.5418450e-09
      5160.00   1.5366156e-09
      5170.00   1.5313980e-09
      5180.00   1.5261924e-09
      5190.00   1.5209989e-09
      5200.00   1.5158175e-09
      5210.00   1.5106484e-09
      5220.00   1.5054915e-09
      5230.00   1.5003471e-09
      5240.00   1.4952152e-09
      5250.00   1.4900958e-09
      5260.00   1.4849889e-09
      5270.00   1.4798947e-09
      5280.00   1.4748134e-09
      5290.00   1.4697449e-09
      5300.00   1.4646893e-09
      5310.00   1.4596467e-09
      5320.00   1.4546170e-09
      5330.00   1.4496004e-09
      5340.00   1.4445970e-09
      5350.00   1.4396067e-09
      5360.00   1.4346297e-09
      5370.00   1.4296660e-09
      5380.00   1.4247157e-09
      5390.00   1.4197787e-09
      5400.00   1.4148550e-09
      5410.00   1.4099450e-09
      5420.00   1.4050485e-09
      5430.00   1.4001655e-09
      5440.00   1.3952962e-09
      5450.00   1.3904406e-09
      5460.00   1.3855984e-09
      5470.00   1.3807702e-09
      5480.00   1.3759556e-09
      5490.00   1.3711549e-09
      5500.00   1.3663679e-09
      5510.00   1.3615949e-09
      5520.00   1.3568358e-09
      5530.00   1.3520905e-09
      5540.00   1.3473591e-09
      5550.00   1.3426418e-09
      5560.00   1.3379382e-09
      5570.00   1.3332489e-09
      5580.00   1.3285736e-09
      5590.00   1.3239122e-09
      5600.00   1.3192649e-09
      5610.00   1.3146317e-09
      5620.00   1.3100126e-09
      5630.00   1.3054076e-09
      5640.00   1.3008168e-09
      5650.00   1.2962400e-09
      5660.00   1.2916775e-09
      5670.00   1.2871291e-09
      5680.00   1.2825948e-09
      5690.00   1.2780748e-09
      5700.00   1.2735689e-09
      5710.00   1.2690771e-09
      5720.00   1.2645998e-09
      5730.00   1.2601363e-09
      5740.00   1.2556874e-09
      5750.00   1.2512524e-09
      5760.00   1.2468317e-09
      5770.00   1.2424253e-09
      5780.00   1.2380330e-09
      5790.00   1.2336549e-09
      5800.00   1.2292910e-09
      5810.00   1.2249415e-09
      5820.00   1.2206061e-09
      5830.00   1.2162848e-09
      5840.00   1.2119778e-09
      5850.00   1.2076849e-09
      5860.00   1.2034062e-09
      5870.00   1.1991416e-09
      5880.00   1.1948912e-09
      5890.00   1.1906551e-09
      5900.00   1.1864330e-09
      5910.00   1.1822250e-09
      5920.00   1.1780311e-09
      5930.00   1.1738514e-09
      5940.00   1.1696859e-09
      5950.00   1.1655343e-09
      5960.00   1.1613969e-09
      5970.00   1.1572734e-09
      5980.00   1.1531641e-09
      5990.00   1.1490687e-09
      6000.00   1.1449874e-09
      6010.00   1.1409200e-09
      6020.00   1.1368666e-09
      6030.00   1.1328272e-09
      6040.00   1.1288018e-09
      6050.00   1.1247902e-09
      6060.00   1.1207925e-09
      6070.00   1.1168088e-09
      6080.00   1.1128389e-09
      6090.00   1.1088828e-09
      6100.00   1.1049406e-09
      6110.00   1.1010120e-09
      6120.00   1.0970975e-09
      6130.00   1.0931965e-09
      6140.00   1.0893093e-09
      6150.00   1.0854358e-09
      6160.00   1.0815760e-09
      6170.00   1.0777298e-09
      6180.00   1.0738973e-09
      6190.00   1.0700783e-09
      6200.00   1.0662730e-09
      6210.00   1.0624812e-09
      6220.00   1.0587029e-09
      6230.00   1.0549382e-09
      6240.00   1.0511869e-09
      6250.00   1.0474490e-09
      6260.00   1.0437246e-09
      6270.00   1.0400137e-09
      6280.00   1.0363160e-09
      6290.00   1.0326316e-09
      6300.00   1.0289606e-09
      6310.00   1.0253028e-09
      6320.00   1.0216584e-09
      6330.00   1.0180270e-09
      6340.00   1.0144089e-09
      6350.00   1.0108041e-09
      6360.00   1.0072122e-09
      6370.00   1.0036335e-09
      6380.00   1.0000678e-09
      6390.00   9.9651518e-10
      6400.00   9.9297553e-10
      6410.00   9.8944884e-10
      6420.00   9.8593509e-10
      6430.00   9.8243427e-10
      6440.00   9.7894639e-10
      6450.00   9.7547122e-10
      6460.00   9.7200888e-10
      6470.00   9.6855934e-10
      6480.00   9.6512250e-10
      6490.00   9.6169846e-10
      6500.00   9.5828702e-10
      6510.00   9.5488827e-10
      6520.00   9.5150211e-10
      6530.00   9.4812844e-10
      6540.00   9.4476735e-10
      6550.00   9.4141883e-10
      6560.00   9.3808271e-10
      6570.00   9.3475897e-10
      6580.00   9.3144771e-10
      6590.00   9.2814882e-10
      6600.00   9.2486222e-10
      6610.00   9.2158791e-10
      6620.00   9.1832588e-10
      6630.00   9.1507597e-10
      6640.00   9.1183834e-10
      6650.00   9.0861289e-10
      6660.00   9.0539947e-10
      6670.00   9.0219815e-10
      6680.00   8.9900894e-10
      6690.00   8.9583159e-10
      6700.00   8.9266633e-10
      6710.00   8.8951294e-10
      6720.00   8.8637148e-10
      6730.00   8.8324182e-10
      6740.00   8.8012407e-10
      6750.00   8.7701805e-10
      6760.00   8.7392380e-10
      6770.00   8.7084132e-10
      6780.00   8.6777041e-10
      6790.00   8.6471121e-10
      6800.00   8.6166357e-10
      6810.00   8.5862756e-10
      6820.00   8.5560304e-10
      6830.00   8.5259001e-10
      6840.00   8.4958842e-10
      6850.00   8.4659824e-10
      6860.00   8.4361949e-10
      6870.00   8.4065203e-10
      6880.00   8.3769593e-10
      6890.00   8.3475106e-10
      6900.00   8.3181737e-10
      6910.00   8.2889496e-10
      6920.00   8.2598377e-10
      6930.00   8.2308358e-10
      6940.00   8.2019455e-10
      6950.00   8.1731651e-10
      6960.00   8.1444946e-10
      6970.00   8.1159339e-10
      6980.00   8.0874832e-10
      6990.00   8.0591417e-10
      7000.00   8.0309079e-10
      7010.00   8.0027823e-10
      7020.00   7.9747648e-10
      7030.00   7.9468556e-10
      7040.00   7.9190524e-10
      7050.00   7.8913568e-10
      7060.00   7.8637672e-10
      7070.00   7.8362837e-10
      7080.00   7.8089053e-10
      7090.00   7.7816324e-10
      7100.00   7.7544646e-10
      7110.00   7.7274013e-10
      7120.00   7.7004426e-10
      7130.00   7.6735878e-10
      7140.00   7.6468353e-10
      7150.00   7.6201868e-10
      7160.00   7.5936405e-10
      7170.00   7.5671964e-10
      7180.00   7.5408544e-10
      7190.00   7.5146146e-10
      7200.00   7.4884752e-10
      7210.00   7.4624370e-10
      7220.00   7.4365001e-10
      7230.00   7.4106619e-10
      7240.00   7.3849248e-10
      7250.00   7.3592857e-10
      7260.00   7.3337461e-10
      7270.00   7.3083060e-10
      7280.00   7.2829629e-10
      7290.00   7.2577186e-10
      7300.00   7.2325721e-10
      7310.00   7.2075227e-10
      7320.00   7.1825696e-10
      7330.00   7.1577135e-10
      7340.00   7.1329530e-10
      7350.00   7.1082888e-10
      7360.00   7.0837201e-10
      7370.00   7.0592470e-10
      7380.00   7.0348672e-10
      7390.00   7.0105829e-10
      7400.00   6.9863919e-10
      7410.00   6.9622950e-10
      7420.00   6.9382914e-10
      7430.00   6.9143805e-10
      7440.00   6.8905623e-10
      7450.00   6.8668366e-10
      7460.00   6.8432030e-10
      7470.00   6.8196606e-10
      7480.00   6.7962095e-10
      7490.00   6.7728490e-10
      7500.00   6.7495798e-10
      7510.00   6.7263999e-10
      7520.00   6.7033100e-10
      7530.00   6.6803095e-10
      7540.00   6.6573989e-10
      7550.00   6.6345764e-10
      7560.00   6.6118426e-10
      7570.00   6.5891969e-10
      7580.00   6.5666382e-10
      7590.00   6.5441681e-10
      7600.00   6.5217849e-10
      7610.00   6.4994881e-10
      7620.00   6.4772782e-10
      7630.00   6.4551534e-10
      7640.00   6.4331155e-10
      7650.00   6.4111623e-10
      7660.00   6.3892948e-10
      7670.00   6.3675114e-10
      7680.00   6.3458126e-10
      7690.00   6.3241980e-10
      7700.00   6.3026674e-10
      7710.00   6.2812198e-10
      7720.00   6.2598553e-10
      7730.00   6.2385743e-10
      7740.00   6.2173753e-10
      7750.00   6.1962583e-10
      7760.00   6.1752233e-10
      7770.00   6.1542698e-10
      7780.00   6.1333973e-10
      7790.00   6.1126058e-10
      7800.00   6.0918947e-10
      7810.00   6.0712638e-10
      7820.00   6.0507132e-10
      7830.00   6.0302418e-10
      7840.00   6.0098499e-10
      7850.00   5.9895367e-10
      7860.00   5.9693020e-10
      7870.00   5.9491460e-10
      7880.00   5.9290676e-10
      7890.00   5.9090674e-10
      7900.00   5.8891441e-10
      7910.00   5.8692984e-10
      7920.00   5.8495291e-10
      7930.00   5.8298362e-10
      7940.00   5.8102197e-10
      7950.00   5.7906788e-10
      7960.00   5.7712142e-10
      7970.00   5.7518239e-10
      7980.00   5.7325091e-10
      7990.00   5.7132687e-10
      8000.00   5.6941025e-10
