      1600.00   6.4326440e-10
      1610.00   6.6258312e-10
      1620.00   6.8210202e-10
      1630.00   7.0181323e-10
      1640.00   7.2170830e-10
      1650.00   7.4177906e-10
      1660.00   7.6201709e-10
      1670.00   7.8241413e-10
      1680.00   8.0296155e-10
      1690.00   8.2365099e-10
      1700.00   8.4447400e-10
      1710.00   8.6542206e-10
      1720.00   8.8648664e-10
      1730.00   9.0765928e-10
      1740.00   9.2893138e-10
      1750.00   9.5029472e-10
      1760.00   9.7174071e-10
      1770.00   9.9326111e-10
      1780.00   1.0148476e-09
      1790.00   1.0364918e-09
      1800.00   1.0581856e-09
      1810.00   1.0799210e-09
      1820.00   1.1016897e-09
      1830.00   1.1234840e-09
      1840.00   1.1452958e-09
      1850.00   1.1671175e-09
      1860.00   1.1889414e-09
      1870.00   1.2107600e-09
      1880.00   1.2325656e-09
      1890.00   1.2543511e-09
      1900.00   1.2761091e-09
      1910.00   1.2978326e-09
      1920.00   1.3195145e-09
      1930.00   1.3411481e-09
      1940.00   1.3627267e-09
      1950.00   1.3842435e-09
      1960.00   1.4056922e-09
      1970.00   1.4270663e-09
      1980.00   1.4483599e-09
      1990.00   1.4695669e-09
      2000.00   1.4906810e-09
      2010.00   1.5116969e-09
      2020.00   1.5326088e-09
      2030.00   1.5534111e-09
      2040.00   1.5740988e-09
      2050.00   1.5946665e-09
      2060.00   1.6151091e-09
      2070.00   1.6354217e-09
      2080.00   1.6556000e-09
      2090.00   1.6756387e-09
      2100.00   1.6955337e-09
      2110.00   1.7152808e-09
      2120.00   1.7348756e-09
      2130.00   1.7543144e-09
      2140.00   1.7735928e-09
      2150.00   1.7927075e-09
      2160.00   1.8116546e-09
      2170.00   1.8304307e-09
      2180.00   1.8490327e-09
      2190.00   1.8674571e-09
      2200.00   1.8857010e-09
      2210.00   1.9037616e-09
      2220.00   1.9216357e-09
      2230.00   1.9393211e-09
      2240.00   1.9568148e-09
      2250.00   1.9741148e-09
      2260.00   1.9912187e-09
      2270.00   2.0081239e-09
      2280.00   2.0248291e-09
      2290.00   2.0413317e-09
      2300.00   2.0576303e-09
      2310.00   2.0737231e-09
      2320.00   2.0896084e-09
      2330.00   2.1052850e-09
      2340.00   2.1207512e-09
      2350.00   2.1360058e-09
      2360.00   2.1510479e-09
      2370.00   2.1658764e-09
      2380.00   2.1804900e-09
      2390.00   2.1948881e-09
      2400.00   2.2090700e-09
      2410.00   2.2230347e-09
      2420.00   2.2367820e-09
      2430.00   2.2503114e-09
      2440.00   2.2636222e-09
      2450.00   2.2767144e-09
      2460.00   2.2895878e-09
      2470.00   2.3022418e-09
      2480.00   2.3146764e-09
      2490.00   2.3268921e-09
      2500.00   2.3388886e-09
      2510.00   2.3506662e-09
      2520.00   2.3622251e-09
      2530.00   2.3735652e-09
      2540.00   2.3846875e-09
      2550.00   2.3955922e-09
      2560.00   2.4062794e-09
      2570.00   2.4167501e-09
      2580.00   2.4270047e-09
      2590.00   2.4370438e-09
      2600.00   2.4468684e-09
      2610.00   2.4564790e-09
      2620.00   2.4658766e-09
      2630.00   2.4750616e-09
      2640.00   2.4840355e-09
      2650.00   2.4927990e-09
      2660.00   2.5013532e-09
      2670.00   2.5096991e-09
      2680.00   2.5178378e-09
      2690.00   2.5257703e-09
      2700.00   2.5334977e-09
      2710.00   2.5410216e-09
      2720.00   2.5483432e-09
      2730.00   2.5554632e-09
      2740.00   2.5623835e-09
      2750.00   2.5691051e-09
      2760.00   2.5756298e-09
      2770.00   2.5819584e-09
      2780.00   2.5880926e-09
      2790.00   2.5940342e-09
      2800.00   2.5997839e-09
      2810.00   2.6053437e-09
      2820.00   2.6107153e-09
      2830.00   2.6158997e-09
      2840.00   2.6208988e-09
      2850.00   2.6257140e-09
      2860.00   2.6303472e-09
      2870.00   2.6347996e-09
      2880.00   2.6390729e-09
      2890.00   2.6431689e-09
      2900.00   2.6470891e-09
      2910.00   2.6508356e-09
      2920.00   2.6544095e-09
      2930.00   2.6578125e-09
      2940.00   2.6610466e-09
      2950.00   2.6641134e-09
      2960.00   2.6670144e-09
      2970.00   2.6697518e-09
      2980.00   2.6723269e-09
      2990.00   2.6747414e-09
      3000.00   2.6769973e-09
      3010.00   2.6790959e-09
      3020.00   2.6810395e-09
      3030.00   2.6828293e-09
      3040.00   2.6844675e-09
      3050.00   2.6859556e-09
      3060.00   2.6872954e-09
      3070.00   2.6884884e-09
      3080.00   2.6895366e-09
      3090.00   2.6904416e-09
      3100.00   2.6912054e-09
      3110.00   2.6918292e-09
      3120.00   2.6923155e-09
      3130.00   2.6926652e-09
      3140.00   2.6928807e-09
      3150.00   2.6929631e-09
      3160.00   2.6929148e-09
      3170.00   2.6927365e-09
      3180.00   2.6924312e-09
      3190.00   2.6919996e-09
      3200.00   2.6914438e-09
      3210.00   2.6907652e-09
      3220.00   2.6899660e-09
      3230.00   2.6890471e-09
      3240.00   2.6880107e-09
      3250.00   2.6868585e-09
      3260.00   2.6855920e-09
      3270.00   2.6842125e-09
      3280.00   2.6827222e-09
      3290.00   2.6811222e-09
      3300.00   2.6794145e-09
      3310.00   2.6776005e-09
      3320.00   2.6756816e-09
      3330.00   2.6736598e-09
      3340.00   2.6715365e-09
      3350.00   2.6693129e-09
      3360.00   2.6669910e-09
      3370.00   2.6645721e-09
      3380.00   2.6620577e-09
      3390.00   2.6594496e-09
      3400.00   2.6567489e-09
      3410.00   2.6539575e-09
      3420.00   2.6510765e-09
      3430.00   2.6481075e-09
      3440.00   2.6450519e-09
      3450.00   2.6419110e-09
      3460.00   2.6386869e-09
      3470.00   2.6353802e-09
      3480.00   2.6319925e-09
      3490.00   2.6285254e-09
      3500.00   2.6249803e-09
      3510.00   2.6213583e-09
      3520.00   2.6176610e-09
      3530.00   2.6138897e-09
      3540.00   2.6100454e-09
      3550.00   2.6061298e-09
      3560.00   2.6021442e-09
      3570.00   2.5980896e-09
      3580.00   2.5939675e-09
      3590.00   2.5897789e-09
      3600.00   2.5855254e-09
      3610.00   2.5812084e-09
      3620.00   2.5768285e-09
      3630.00   2.5723868e-09
      3640.00   2.5678852e-09
      3650.00   2.5633249e-09
      3660.00   2.5587064e-09
      3670.00   2.5540313e-09
      3680.00   2.5493008e-09
      3690.00   2.5445157e-09
      3700.00   2.5396775e-09
      3710.00   2.5347871e-09
      3720.00   2.5298454e-09
      3730.00   2.5248541e-09
      3740.00   2.5198137e-09
      3750.00   2.5147256e-09
      3760.00   2.5095903e-09
      3770.00   2.5044096e-09
      3780.00   2.4991840e-09
      3790.00   2.4939144e-09
      3800.00   2.4886025e-09
      3810.00   2.4832487e-09
      3820.00   2.4778541e-09
      3830.00   2.4724197e-09
      3840.00   2.4669462e-09
      3850.00   2.4614350e-09
      3860.00   2.4558866e-09
      3870.00   2.4503025e-09
      3880.00   2.4446829e-09
      3890.00   2.4390291e-09
      3900.00   2.4333419e-09
      3910.00   2.4276222e-09
      3920.00   2.4218708e-09
      3930.00   2.4160884e-09
      3940.00   2.4102761e-09
      3950.00   2.4044346e-09
      3960.00   2.3985649e-09
      3970.00   2.3926675e-09
      3980.00   2.3867436e-09
      3990.00   2.3807934e-09
      4000.00   2.3748180e-09
      4010.00   2.3688183e-09
      4020.00   2.3627948e-09
      4030.00   2.3567485e-09
      4040.00   2.3506798e-09
      4050.00   2.3445897e-09
      4060.00   2.3384786e-09
      4070.00   2.3323477e-09
      4080.00   2.3261972e-09
      4090.00   2.3200280e-09
      4100.00   2.3138408e-09
      4110.00   2.3076363e-09
      4120.00   2.3014148e-09
      4130.00   2.2951774e-09
      4140.00   2.2889243e-09
      4150.00   2.2826568e-09
      4160.00   2.2763748e-09
      4170.00   2.2700791e-09
      4180.00   2.2637704e-09
      4190.00   2.2574492e-09
      4200.00   2.2511162e-09
      4210.00   2.2447723e-09
      4220.00   2.2384170e-09
      4230.00   2.2320520e-09
      4240.00   2.2256770e-09
      4250.00   2.2192932e-09
      4260.00   2.2129008e-09
      4270.00   2.2065001e-09
      4280.00   2.2000921e-09
      4290.00   2.1936771e-09
      4300.00   2.1872555e-09
      4310.00   2.1808278e-09
      4320.00   2.1743946e-09
      4330.00   2.1679561e-09
      4340.00   2.1615131e-09
      4350.00   2.1550660e-09
      4360.00   2.1486151e-09
      4370.00   2.1421610e-09
      4380.00   2.1357039e-09
      4390.00   2.1292446e-09
      4400.00   2.1227831e-09
      4410.00   2.1163203e-09
      4420.00   2.1098559e-09
      4430.00   2.1033909e-09
      4440.00   2.0969256e-09
      4450.00   2.0904604e-09
      4460.00   2.0839954e-09
      4470.00   2.0775312e-09
      4480.00   2.0710681e-09
      4490.00   2.0646066e-09
      4500.00   2.0581469e-09
      4510.00   2.0516893e-09
      4520.00   2.0452345e-09
      4530.00   2.0387823e-09
      4540.00   2.0323334e-09
      4550.00   2.0258881e-09
      4560.00   2.0194466e-09
      4570.00   2.0130092e-09
      4580.00   2.0065763e-09
      4590.00   2.0001482e-09
      4600.00   1.9937252e-09
      4610.00   1.9873077e-09
      4620.00   1.9808956e-09
      4630.00   1.9744895e-09
      4640.00   1.9680897e-09
      4650.00   1.9616964e-09
      4660.00   1.9553098e-09
      4670.00   1.9489301e-09
      4680.00   1.9425578e-09
      4690.00   1.9361930e-09
      4700.00   1.9298358e-09
      4710.00   1.9234869e-09
      4720.00   1.9171459e-09
      4730.00   1.9108135e-09
      4740.00   1.9044900e-09
      4750.00   1.8981751e-09
      4760.00   1.8918696e-09
      4770.00   1.8855733e-09
      4780.00   1.8792865e-09
      4790.00   1.8730096e-09
      4800.00   1.8667426e-09
      4810.00   1.8604857e-09
      4820.00   1.8542391e-09
      4830.00   1.8480032e-09
      4840.00   1.8417780e-09
      4850.00   1.8355637e-09
      4860.00   1.8293605e-09
      4870.00   1.8231686e-09
      4880.00   1.8169880e-09
      4890.00   1.8108191e-09
      4900.00   1.8046619e-09
      4910.00   1.7985166e-09
      4920.00   1.7923836e-09
      4930.00   1.7862624e-09
      4940.00   1.7801539e-09
      4950.00   1.7740578e-09
      4960.00   1.7679742e-09
      4970.00   1.7619035e-09
      4980.00   1.7558458e-09
      4990.00   1.7498011e-09
      5000.00   1.7437696e-09
      5010.00   1.7377515e-09
      5020.00   1.7317466e-09
      5030.00   1.7257554e-09
      5040.00   1.7197780e-09
      5050.00   1.7138141e-09
      5060.00   1.7078641e-09
      5070.00   1.7019284e-09
      5080.00   1.6960065e-09
      5090.00   1.6900989e-09
      5100.00   1.6842057e-09
      5110.00   1.6783268e-09
      5120.00   1.6724623e-09
      5130.00   1.6666124e-09
      5140.00   1.6607773e-09
      5150.00   1.6549569e-09
      5160.00   1.6491513e-09
      5170.00   1.6433607e-09
      5180.00   1.6375850e-09
      5190.00   1.6318245e-09
      5200.00   1.6260791e-09
      5210.00   1.6203489e-09
      5220.00   1.6146340e-09
      5230.00   1.6089344e-09
      5240.00   1.6032503e-09
      5250.00   1.5975817e-09
      5260.00   1.5919285e-09
      5270.00   1.5862909e-09
      5280.00   1.5806691e-09
      5290.00   1.5750630e-09
      5300.00   1.5694726e-09
      5310.00   1.5638981e-09
      5320.00   1.5583394e-09
      5330.00   1.5527966e-09
      5340.00   1.5472698e-09
      5350.00   1.5417590e-09
      5360.00   1.5362642e-09
      5370.00   1.5307855e-09
      5380.00   1.5253230e-09
      5390.00   1.5198765e-09
      5400.00   1.5144462e-09
      5410.00   1.5090322e-09
      5420.00   1.5036344e-09
      5430.00   1.4982529e-09
      5440.00   1.4928879e-09
      5450.00   1.4875391e-09
      5460.00   1.4822064e-09
      5470.00   1.4768904e-09
      5480.00   1.4715906e-09
      5490.00   1.4663074e-09
      5500.00   1.4610405e-09
      5510.00   1.4557903e-09
      5520.00   1.4505564e-09
      5530.00   1.4453390e-09
      5540.00   1.4401380e-09
      5550.00   1.4349538e-09
      5560.00   1.4297858e-09
      5570.00   1.4246345e-09
      5580.00   1.4194999e-09
      5590.00   1.4143817e-09
      5600.00   1.4092799e-09
      5610.00   1.4041949e-09
      5620.00   1.3991263e-09
      5630.00   1.3940744e-09
      5640.00   1.3890391e-09
      5650.00   1.3840202e-09
      5660.00   1.3790180e-09
      5670.00   1.3740324e-09
      5680.00   1.3690633e-09
      5690.00   1.3641108e-09
      5700.00   1.3591748e-09
      5710.00   1.3542553e-09
      5720.00   1.3493526e-09
      5730.00   1.3444661e-09
      5740.00   1.3395965e-09
      5750.00   1.3347431e-09
      5760.00   1.3299063e-09
      5770.00   1.3250860e-09
      5780.00   1.3202822e-09
      5790.00   1.3154948e-09
      5800.00   1.3107239e-09
      5810.00   1.3059697e-09
      5820.00   1.3012316e-09
      5830.00   1.2965101e-09
      5840.00   1.2918049e-09
      5850.00   1.2871160e-09
      5860.00   1.2824435e-09
      5870.00   1.2777874e-09
      5880.00   1.2731476e-09
      5890.00   1.2685241e-09
      5900.00   1.2639169e-09
      5910.00   1.2593259e-09
      5920.00   1.2547511e-09
      5930.00   1.2501926e-09
      5940.00   1.2456503e-09
      5950.00   1.2411241e-09
      5960.00   1.2366140e-09
      5970.00   1.2321200e-09
      5980.00   1.2276422e-09
      5990.00   1.2231804e-09
      6000.00   1.2187347e-09
      6010.00   1.2143048e-09
      6020.00   1.2098910e-09
      6030.00   1.2054932e-09
      6040.00   1.2011113e-09
      6050.00   1.1967452e-09
      6060.00   1.1923950e-09
      6070.00   1.1880606e-09
      6080.00   1.1837421e-09
      6090.00   1.1794393e-09
      6100.00   1.1751522e-09
      6110.00   1.1708808e-09
      6120.00   1.1666252e-09
      6130.00   1.1623850e-09
      6140.00   1.1581606e-09
      6150.00   1.1539516e-09
      6160.00   1.1497582e-09
      6170.00   1.1455803e-09
      6180.00   1.1414178e-09
      6190.00   1.1372708e-09
      6200.00   1.1331392e-09
      6210.00   1.1290229e-09
      6220.00   1.1249219e-09
      6230.00   1.1208363e-09
      6240.00   1.1167658e-09
      6250.00   1.1127105e-09
      6260.00   1.1086705e-09
      6270.00   1.1046456e-09
      6280.00   1.1006357e-09
      6290.00   1.0966409e-09
      6300.00   1.0926611e-09
      6310.00   1.0886962e-09
      6320.00   1.0847465e-09
      6330.00   1.0808114e-09
      6340.00   1.0768912e-09
      6350.00   1.0729860e-09
      6360.00   1.0690954e-09
      6370.00   1.0652195e-09
      6380.00   1.0613584e-09
      6390.00   1.0575120e-09
      6400.00   1.0536801e-09
      6410.00   1.0498628e-09
      6420.00   1.0460600e-09
      6430.00   1.0422718e-09
      6440.00   1.0384980e-09
      6450.00   1.0347385e-09
      6460.00   1.0309935e-09
      6470.00   1.0272627e-09
      6480.00   1.0235462e-09
      6490.00   1.0198441e-09
      6500.00   1.0161560e-09
      6510.00   1.0124822e-09
      6520.00   1.0088224e-09
      6530.00   1.0051767e-09
      6540.00   1.0015450e-09
      6550.00   9.9792735e-10
      6560.00   9.9432356e-10
      6570.00   9.9073363e-10
      6580.00   9.8715762e-10
      6590.00   9.8359544e-10
      6600.00   9.8004698e-10
      6610.00   9.7651223e-10
      6620.00   9.7299119e-10
      6630.00   9.6948367e-10
      6640.00   9.6598983e-10
      6650.00   9.6250957e-10
      6660.00   9.5904273e-10
      6670.00   9.5558937e-10
      6680.00   9.5214948e-10
      6690.00   9.4872282e-10
      6700.00   9.4530961e-10
      6710.00   9.4190961e-10
      6720.00   9.3852288e-10
      6730.00   9.3514927e-10
      6740.00   9.3178891e-10
      6750.00   9.2844158e-10
      6760.00   9.2510733e-10
      6770.00   9.2178617e-10
      6780.00   9.1847786e-10
      6790.00   9.1518253e-10
      6800.00   9.1190005e-10
      6810.00   9.0863047e-10
      6820.00   9.0537365e-10
      6830.00   9.0212957e-10
      6840.00   8.9889816e-10
      6850.00   8.9567943e-10
      6860.00   8.9247334e-10
      6870.00   8.8927978e-10
      6880.00   8.8609879e-10
      6890.00   8.8293025e-10
      6900.00   8.7977408e-10
      6910.00   8.7663040e-10
      6920.00   8.7349913e-10
      6930.00   8.7038004e-10
      6940.00   8.6727329e-10
      6950.00   8.6417869e-10
      6960.00   8.6109625e-10
      6970.00   8.5802596e-10
      6980.00   8.5496780e-10
      6990.00   8.5192171e-10
      7000.00   8.4888752e-10
      7010.00   8.4586528e-10
      7020.00   8.4285499e-10
      7030.00   8.3985662e-10
      7040.00   8.3686997e-10
      7050.00   8.3389519e-10
      7060.00   8.3093211e-10
      7070.00   8.2798072e-10
      7080.00   8.2504092e-10
      7090.00   8.2211276e-10
      7100.00   8.1919617e-10
      7110.00   8.1629110e-10
      7120.00   8.1339754e-10
      7130.00   8.1051545e-10
      7140.00   8.0764461e-10
      7150.00   8.0478521e-10
      7160.00   8.0193707e-10
      7170.00   7.9910018e-10
      7180.00   7.9627452e-10
      7190.00   7.9346010e-10
      7200.00   7.9065672e-10
      7210.00   7.8786448e-10
      7220.00   7.8508336e-10
      7230.00   7.8231310e-10
      7240.00   7.7955395e-10
      7250.00   7.7680556e-10
      7260.00   7.7406810e-10
      7270.00   7.7134156e-10
      7280.00   7.6862570e-10
      7290.00   7.6592066e-10
      7300.00   7.6322636e-10
      7310.00   7.6054271e-10
      7320.00   7.5786964e-10
      7330.00   7.5520721e-10
      7340.00   7.5255526e-10
      7350.00   7.4991387e-10
      7360.00   7.4728295e-10
      7370.00   7.4466250e-10
      7380.00   7.4205229e-10
      7390.00   7.3945253e-10
      7400.00   7.3686301e-10
      7410.00   7.3428379e-10
      7420.00   7.3171479e-10
      7430.00   7.2915593e-10
      7440.00   7.2660722e-10
      7450.00   7.2406865e-10
      7460.00   7.2154014e-10
      7470.00   7.1902161e-10
      7480.00   7.1651308e-10
      7490.00   7.1401446e-10
      7500.00   7.1152581e-10
      7510.00   7.0904694e-10
      7520.00   7.0657791e-10
      7530.00   7.0411864e-10
      7540.00   7.0166920e-10
      7550.00   6.9922939e-10
      7560.00   6.9679927e-10
      7570.00   6.9437877e-10
      7580.00   6.9196778e-10
      7590.00   6.8956645e-10
      7600.00   6.8717462e-10
      7610.00   6.8479221e-10
      7620.00   6.8241929e-10
      7630.00   6.8005567e-10
      7640.00   6.7770152e-10
      7650.00   6.7535660e-10
      7660.00   6.7302104e-10
      7670.00   6.7069465e-10
      7680.00   6.6837748e-10
      7690.00   6.6606949e-10
      7700.00   6.6377066e-10
      7710.00   6.6148088e-10
      7720.00   6.5920015e-10
      7730.00   6.5692852e-10
      7740.00   6.5466582e-10
      7750.00   6.5241206e-10
      7760.00   6.5016722e-10
      7770.00   6.4793126e-10
      7780.00   6.4570411e-10
      7790.00   6.4348579e-10
      7800.00   6.4127622e-10
      7810.00   6.3907536e-10
      7820.00   6.3688326e-10
      7830.00   6.3469977e-10
      7840.00   6.3252492e-10
      7850.00   6.3035863e-10
      7860.00   6.2820088e-10
      7870.00   6.2605169e-10
      7880.00   6.2391094e-10
      7890.00   6.2177868e-10
      7900.00   6.1965478e-10
      7910.00   6.1753931e-10
      7920.00   6.1543215e-10
      7930.00   6.1333329e-10
      7940.00   6.1124272e-10
      7950.00   6.0916037e-10
      7960.00   6.0708629e-10
      7970.00   6.0502030e-10
      7980.00   6.0296250e-10
      7990.00   6.0091276e-10
      8000.00   5.9887110e-10
