      1600.00   7.9205708e-10
      1610.00   8.1479132e-10
      1620.00   8.3772479e-10
      1630.00   8.6084786e-10
      1640.00   8.8415024e-10
      1650.00   9.0762200e-10
      1660.00   9.3125301e-10
      1670.00   9.5503334e-10
      1680.00   9.7895266e-10
      1690.00   1.0030010e-09
      1700.00   1.0271684e-09
      1710.00   1.0514447e-09
      1720.00   1.0758199e-09
      1730.00   1.1002841e-09
      1740.00   1.1248273e-09
      1750.00   1.1494399e-09
      1760.00   1.1741118e-09
      1770.00   1.1988337e-09
      1780.00   1.2235959e-09
      1790.00   1.2483890e-09
      1800.00   1.2732034e-09
      1810.00   1.2980303e-09
      1820.00   1.3228599e-09
      1830.00   1.3476839e-09
      1840.00   1.3724931e-09
      1850.00   1.3972788e-09
      1860.00   1.4220324e-09
      1870.00   1.4467456e-09
      1880.00   1.4714100e-09
      1890.00   1.4960175e-09
      1900.00   1.5205601e-09
      1910.00   1.5450299e-09
      1920.00   1.5694194e-09
      1930.00   1.5937210e-09
      1940.00   1.6179276e-09
      1950.00   1.6420318e-09
      1960.00   1.6660269e-09
      1970.00   1.6899056e-09
      1980.00   1.7136619e-09
      1990.00   1.7372891e-09
      2000.00   1.7607806e-09
      2010.00   1.7841307e-09
      2020.00   1.8073334e-09
      2030.00   1.8303828e-09
      2040.00   1.8532735e-09
      2050.00   1.8760001e-09
      2060.00   1.8985572e-09
      2070.00   1.9209399e-09
      2080.00   1.9431435e-09
      2090.00   1.9651629e-09
      2100.00   1.9869937e-09
      2110.00   2.0086318e-09
      2120.00   2.0300727e-09
      2130.00   2.0513127e-09
      2140.00   2.0723476e-09
      2150.00   2.0931739e-09
      2160.00   2.1137881e-09
      2170.00   2.1341865e-09
      2180.00   2.1543664e-09
      2190.00   2.1743243e-09
      2200.00   2.1940576e-09
      2210.00   2.2135635e-09
      2220.00   2.2328391e-09
      2230.00   2.2518824e-09
      2240.00   2.2706907e-09
      2250.00   2.2892620e-09
      2260.00   2.3075944e-09
      2270.00   2.3256855e-09
      2280.00   2.3435343e-09
      2290.00   2.3611384e-09
      2300.00   2.3784968e-09
      2310.00   2.3956080e-09
      2320.00   2.4124707e-09
      2330.00   2.4290840e-09
      2340.00   2.4454464e-09
      2350.00   2.4615574e-09
      2360.00   2.4774161e-09
      2370.00   2.4930220e-09
      2380.00   2.5083742e-09
      2390.00   2.5234724e-09
      2400.00   2.5383165e-09
      2410.00   2.5529055e-09
      2420.00   2.5672402e-09
      2430.00   2.5813199e-09
      2440.00   2.5951448e-09
      2450.00   2.6087152e-09
      2460.00   2.6220313e-09
      2470.00   2.6350928e-09
      2480.00   2.6479003e-09
      2490.00   2.6604549e-09
      2500.00   2.6727565e-09
      2510.00   2.6848059e-09
      2520.00   2.6966039e-09
      2530.00   2.7081506e-09
      2540.00   2.7194477e-09
      2550.00   2.7304958e-09
      2560.00   2.7412955e-09
      2570.00   2.7518480e-09
      2580.00   2.7621544e-09
      2590.00   2.7722158e-09
      2600.00   2.7820336e-09
      2610.00   2.7916087e-09
      2620.00   2.8009426e-09
      2630.00   2.8100362e-09
      2640.00   2.8188913e-09
      2650.00   2.8275092e-09
      2660.00   2.8358916e-09
      2670.00   2.8440396e-09
      2680.00   2.8519550e-09
      2690.00   2.8596393e-09
      2700.00   2.8670938e-09
      2710.00   2.8743208e-09
      2720.00   2.8813217e-09
      2730.00   2.8880978e-09
      2740.00   2.8946514e-09
      2750.00   2.9009840e-09
      2760.00   2.9070978e-09
      2770.00   2.9129939e-09
      2780.00   2.9186746e-09
      2790.00   2.9241421e-09
      2800.00   2.9293973e-09
      2810.00   2.9344429e-09
      2820.00   2.9392809e-09
      2830.00   2.9439126e-09
      2840.00   2.9483405e-09
      2850.00   2.9525663e-09
      2860.00   2.9565923e-09
      2870.00   2.9604201e-09
      2880.00   2.9640517e-09
      2890.00   2.9674895e-09
      2900.00   2.9707351e-09
      2910.00   2.9737913e-09
      2920.00   2.9766593e-09
      2930.00   2.9793413e-09
      2940.00   2.9818396e-09
      2950.00   2.9841562e-09
      2960.00   2.9862929e-09
      2970.00   2.9882524e-09
      2980.00   2.9900360e-09
      2990.00   2.9916462e-09
      3000.00   2.9930851e-09
      3010.00   2.9943542e-09
      3020.00   2.9954565e-09
      3030.00   2.9963931e-09
      3040.00   2.9971669e-09
      3050.00   2.9977794e-09
      3060.00   2.9982329e-09
      3070.00   2.9985292e-09
      3080.00   2.9986704e-09
      3090.00   2.9986588e-09
      3100.00   2.9984963e-09
      3110.00   2.9981845e-09
      3120.00   2.9977263e-09
      3130.00   2.9971228e-09
      3140.00   2.9963767e-09
      3150.00   2.9954893e-09
      3160.00   2.9944635e-09
      3170.00   2.9932999e-09
      3180.00   2.9920020e-09
      3190.00   2.9905706e-09
      3200.00   2.9890082e-09
      3210.00   2.9873165e-09
      3220.00   2.9854978e-09
      3230.00   2.9835533e-09
      3240.00   2.9814854e-09
      3250.00   2.9792961e-09
      3260.00   2.9769870e-09
      3270.00   2.9745597e-09
      3280.00   2.9720167e-09
      3290.00   2.9693592e-09
      3300.00   2.9665895e-09
      3310.00   2.9637091e-09
      3320.00   2.9607196e-09
      3330.00   2.9576233e-09
      3340.00   2.9544219e-09
      3350.00   2.9511165e-09
      3360.00   2.9477095e-09
      3370.00   2.9442023e-09
      3380.00   2.9405967e-09
      3390.00   2.9368945e-09
      3400.00   2.9330972e-09
      3410.00   2.9292066e-09
      3420.00   2.9252242e-09
      3430.00   2.9211516e-09
      3440.00   2.9169906e-09
      3450.00   2.9127423e-09
      3460.00   2.9084094e-09
      3470.00   2.9039923e-09
      3480.00   2.8994928e-09
      3490.00   2.8949128e-09
      3500.00   2.8902538e-09
      3510.00   2.8855168e-09
      3520.00   2.8807039e-09
      3530.00   2.8758164e-09
      3540.00   2.8708553e-09
      3550.00   2.8658226e-09
      3560.00   2.8607196e-09
      3570.00   2.8555476e-09
      3580.00   2.8503080e-09
      3590.00   2.8450021e-09
      3600.00   2.8396316e-09
      3610.00   2.8341979e-09
      3620.00   2.8287017e-09
      3630.00   2.8231444e-09
      3640.00   2.8175279e-09
      3650.00   2.8118534e-09
      3660.00   2.8061217e-09
      3670.00   2.8003343e-09
      3680.00   2.7944926e-09
      3690.00   2.7885975e-09
      3700.00   2.7826506e-09
      3710.00   2.7766529e-09
      3720.00   2.7706053e-09
      3730.00   2.7645097e-09
      3740.00   2.7583666e-09
      3750.00   2.7521775e-09
      3760.00   2.7459431e-09
      3770.00   2.7396650e-09
      3780.00   2.7333440e-09
      3790.00   2.7269810e-09
      3800.00   2.7205779e-09
      3810.00   2.7141350e-09
      3820.00   2.7076535e-09
      3830.00   2.7011345e-09
      3840.00   2.6945788e-09
      3850.00   2.6879879e-09
      3860.00   2.6813621e-09
      3870.00   2.6747032e-09
      3880.00   2.6680115e-09
      3890.00   2.6612882e-09
      3900.00   2.6545342e-09
      3910.00   2.6477506e-09
      3920.00   2.6409380e-09
      3930.00   2.6340972e-09
      3940.00   2.6272295e-09
      3950.00   2.6203357e-09
      3960.00   2.6134166e-09
      3970.00   2.6064728e-09
      3980.00   2.5995056e-09
      3990.00   2.5925154e-09
      4000.00   2.5855031e-09
      4010.00   2.5784697e-09
      4020.00   2.5714157e-09
      4030.00   2.5643423e-09
      4040.00   2.5572498e-09
      4050.00   2.5501393e-09
      4060.00   2.5430111e-09
      4070.00   2.5358665e-09
      4080.00   2.5287059e-09
      4090.00   2.5215300e-09
      4100.00   2.5143398e-09
      4110.00   2.5071356e-09
      4120.00   2.4999181e-09
      4130.00   2.4926883e-09
      4140.00   2.4854464e-09
      4150.00   2.4781937e-09
      4160.00   2.4709302e-09
      4170.00   2.4636567e-09
      4180.00   2.4563739e-09
      4190.00   2.4490824e-09
      4200.00   2.4417828e-09
      4210.00   2.4344760e-09
      4220.00   2.4271617e-09
      4230.00   2.4198414e-09
      4240.00   2.4125150e-09
      4250.00   2.4051835e-09
      4260.00   2.3978473e-09
      4270.00   2.3905067e-09
      4280.00   2.3831627e-09
      4290.00   2.3758155e-09
      4300.00   2.3684656e-09
      4310.00   2.3611135e-09
      4320.00   2.3537598e-09
      4330.00   2.3464048e-09
      4340.00   2.3390491e-09
      4350.00   2.3316933e-09
      4360.00   2.3243376e-09
      4370.00   2.3169827e-09
      4380.00   2.3096287e-09
      4390.00   2.3022764e-09
      4400.00   2.2949259e-09
      4410.00   2.2875781e-09
      4420.00   2.2802327e-09
      4430.00   2.2728906e-09
      4440.00   2.2655521e-09
      4450.00   2.2582177e-09
      4460.00   2.2508876e-09
      4470.00   2.2435622e-09
      4480.00   2.2362419e-09
      4490.00   2.2289271e-09
      4500.00   2.2216181e-09
      4510.00   2.2143151e-09
      4520.00   2.2070190e-09
      4530.00   2.1997294e-09
      4540.00   2.1924470e-09
      4550.00   2.1851723e-09
      4560.00   2.1779053e-09
      4570.00   2.1706462e-09
      4580.00   2.1633958e-09
      4590.00   2.1561540e-09
      4600.00   2.1489213e-09
      4610.00   2.1416979e-09
      4620.00   2.1344840e-09
      4630.00   2.1272799e-09
      4640.00   2.1200860e-09
      4650.00   2.1129026e-09
      4660.00   2.1057298e-09
      4670.00   2.0985677e-09
      4680.00   2.0914169e-09
      4690.00   2.0842776e-09
      4700.00   2.0771497e-09
      4710.00   2.0700338e-09
      4720.00   2.0629299e-09
      4730.00   2.0558383e-09
      4740.00   2.0487594e-09
      4750.00   2.0416931e-09
      4760.00   2.0346399e-09
      4770.00   2.0275997e-09
      4780.00   2.0205729e-09
      4790.00   2.0135597e-09
      4800.00   2.0065602e-09
      4810.00   1.9995745e-09
      4820.00   1.9926029e-09
      4830.00   1.9856458e-09
      4840.00   1.9787031e-09
      4850.00   1.9717750e-09
      4860.00   1.9648617e-09
      4870.00   1.9579634e-09
      4880.00   1.9510801e-09
      4890.00   1.9442121e-09
      4900.00   1.9373596e-09
      4910.00   1.9305226e-09
      4920.00   1.9237015e-09
      4930.00   1.9168959e-09
      4940.00   1.9101065e-09
      4950.00   1.9033332e-09
      4960.00   1.8965759e-09
      4970.00   1.8898352e-09
      4980.00   1.8831110e-09
      4990.00   1.8764033e-09
      5000.00   1.8697124e-09
      5010.00   1.8630384e-09
      5020.00   1.8563811e-09
      5030.00   1.8497410e-09
      5040.00   1.8431181e-09
      5050.00   1.8365123e-09
      5060.00   1.8299238e-09
      5070.00   1.8233530e-09
      5080.00   1.8167995e-09
      5090.00   1.8102637e-09
      5100.00   1.8037457e-09
      5110.00   1.7972453e-09
      5120.00   1.7907628e-09
      5130.00   1.7842981e-09
      5140.00   1.7778517e-09
      5150.00   1.7714232e-09
      5160.00   1.7650129e-09
      5170.00   1.7586208e-09
      5180.00   1.7522470e-09
      5190.00   1.7458916e-09
      5200.00   1.7395545e-09
      5210.00   1.7332359e-09
      5220.00   1.7269359e-09
      5230.00   1.7206543e-09
      5240.00   1.7143915e-09
      5250.00   1.7081472e-09
      5260.00   1.7019217e-09
      5270.00   1.6957148e-09
      5280.00   1.6895269e-09
      5290.00   1.6833578e-09
      5300.00   1.6772075e-09
      5310.00   1.6710762e-09
      5320.00   1.6649638e-09
      5330.00   1.6588703e-09
      5340.00   1.6527959e-09
      5350.00   1.6467405e-09
      5360.00   1.6407042e-09
      5370.00   1.6346870e-09
      5380.00   1.6286889e-09
      5390.00   1.6227098e-09
      5400.00   1.6167499e-09
      5410.00   1.6108093e-09
      5420.00   1.6048877e-09
      5430.00   1.5989854e-09
      5440.00   1.5931024e-09
      5450.00   1.5872386e-09
      5460.00   1.5813938e-09
      5470.00   1.5755685e-09
      5480.00   1.5697623e-09
      5490.00   1.5639754e-09
      5500.00   1.5582077e-09
      5510.00   1.5524594e-09
      5520.00   1.5467304e-09
      5530.00   1.5410205e-09
      5540.00   1.5353299e-09
      5550.00   1.5296587e-09
      5560.00   1.5240064e-09
      5570.00   1.5183737e-09
      5580.00   1.5127602e-09
      5590.00   1.5071659e-09
      5600.00   1.5015907e-09
      5610.00   1.4960349e-09
      5620.00   1.4904981e-09
      5630.00   1.4849807e-09
      5640.00   1.4794825e-09
      5650.00   1.4740033e-09
      5660.00   1.4685434e-09
      5670.00   1.4631026e-09
      5680.00   1.4576810e-09
      5690.00   1.4522784e-09
      5700.00   1.4468949e-09
      5710.00   1.4415305e-09
      5720.00   1.4361853e-09
      5730.00   1.4308588e-09
      5740.00   1.4255516e-09
      5750.00   1.4202632e-09
      5760.00   1.4149938e-09
      5770.00   1.4097434e-09
      5780.00   1.4045118e-09
      5790.00   1.3992991e-09
      5800.00   1.3941053e-09
      5810.00   1.3889304e-09
      5820.00   1.3837742e-09
      5830.00   1.3786368e-09
      5840.00   1.3735182e-09
      5850.00   1.3684181e-09
      5860.00   1.3633368e-09
      5870.00   1.3582742e-09
      5880.00   1.3532301e-09
      5890.00   1.3482047e-09
      5900.00   1.3431978e-09
      5910.00   1.3382093e-09
      5920.00   1.3332393e-09
      5930.00   1.3282878e-09
      5940.00   1.3233548e-09
      5950.00   1.3184400e-09
      5960.00   1.3135436e-09
      5970.00   1.3086654e-09
      5980.00   1.3038056e-09
      5990.00   1.2989639e-09
      6000.00   1.2941404e-09
      6010.00   1.2893350e-09
      6020.00   1.2845477e-09
      6030.00   1.2797785e-09
      6040.00   1.2750273e-09
      6050.00   1.2702940e-09
      6060.00   1.2655786e-09
      6070.00   1.2608811e-09
      6080.00   1.2562015e-09
      6090.00   1.2515397e-09
      6100.00   1.2468957e-09
      6110.00   1.2422692e-09
      6120.00   1.2376606e-09
      6130.00   1.2330694e-09
      6140.00   1.2284960e-09
      6150.00   1.2239399e-09
      6160.00   1.2194014e-09
      6170.00   1.2148803e-09
      6180.00   1.2103766e-09
      6190.00   1.2058902e-09
      6200.00   1.2014212e-09
      6210.00   1.1969693e-09
      6220.00   1.1925347e-09
      6230.00   1.1881173e-09
      6240.00   1.1837169e-09
      6250.00   1.1793335e-09
      6260.00   1.1749672e-09
      6270.00   1.1706180e-09
      6280.00   1.1662855e-09
      6290.00   1.1619699e-09
      6300.00   1.1576711e-09
      6310.00   1.1533891e-09
      6320.00   1.1491239e-09
      6330.00   1.1448751e-09
      6340.00   1.1406430e-09
      6350.00   1.1364277e-09
      6360.00   1.1322287e-09
      6370.00   1.1280461e-09
      6380.00   1.1238800e-09
      6390.00   1.1197303e-09
      6400.00   1.1155968e-09
      6410.00   1.1114796e-09
      6420.00   1.1073786e-09
      6430.00   1.1032938e-09
      6440.00   1.0992251e-09
      6450.00   1.0951724e-09
      6460.00   1.0911357e-09
      6470.00   1.0871149e-09
      6480.00   1.0831100e-09
      6490.00   1.0791211e-09
      6500.00   1.0751479e-09
      6510.00   1.0711904e-09
      6520.00   1.0672486e-09
      6530.00   1.0633224e-09
      6540.00   1.0594118e-09
      6550.00   1.0555168e-09
      6560.00   1.0516372e-09
      6570.00   1.0477730e-09
      6580.00   1.0439242e-09
      6590.00   1.0400908e-09
      6600.00   1.0362726e-09
      6610.00   1.0324696e-09
      6620.00   1.0286817e-09
      6630.00   1.0249089e-09
      6640.00   1.0211513e-09
      6650.00   1.0174086e-09
      6660.00   1.0136809e-09
      6670.00   1.0099680e-09
      6680.00   1.0062701e-09
      6690.00   1.0025868e-09
      6700.00   9.9891841e-10
      6710.00   9.9526460e-10
      6720.00   9.9162548e-10
      6730.00   9.8800085e-10
      6740.00   9.8439087e-10
      6750.00   9.8079529e-10
      6760.00   9.7721415e-10
      6770.00   9.7364746e-10
      6780.00   9.7009497e-10
      6790.00   9.6655681e-10
      6800.00   9.6303282e-10
      6810.00   9.5952307e-10
      6820.00   9.5602738e-10
      6830.00   9.5254575e-10
      6840.00   9.4907809e-10
      6850.00   9.4562440e-10
      6860.00   9.4218465e-10
      6870.00   9.3875869e-10
      6880.00   9.3534659e-10
      6890.00   9.3194818e-10
      6900.00   9.2856341e-10
      6910.00   9.2519237e-10
      6920.00   9.2183500e-10
      6930.00   9.1849102e-10
      6940.00   9.1516062e-10
      6950.00   9.1184359e-10
      6960.00   9.0853992e-10
      6970.00   9.0524960e-10
      6980.00   9.0197262e-10
      6990.00   8.9870891e-10
      7000.00   8.9545827e-10
      7010.00   8.9222075e-10
      7020.00   8.8899634e-10
      7030.00   8.8578504e-10
      7040.00   8.8258660e-10
      7050.00   8.7940117e-10
      7060.00   8.7622859e-10
      7070.00   8.7306883e-10
      7080.00   8.6992179e-10
      7090.00   8.6678750e-10
      7100.00   8.6366591e-10
      7110.00   8.6055694e-10
      7120.00   8.5746058e-10
      7130.00   8.5437678e-10
      7140.00   8.5130532e-10
      7150.00   8.4824639e-10
      7160.00   8.4519979e-10
      7170.00   8.4216549e-10
      7180.00   8.3914350e-10
      7190.00   8.3613381e-10
      7200.00   8.3313620e-10
      7210.00   8.3015077e-10
      7220.00   8.2717750e-10
      7230.00   8.2421612e-10
      7240.00   8.2126688e-10
      7250.00   8.1832941e-10
      7260.00   8.1540389e-10
      7270.00   8.1249029e-10
      7280.00   8.0958836e-10
      7290.00   8.0669826e-10
      7300.00   8.0381989e-10
      7310.00   8.0095315e-10
      7320.00   7.9809796e-10
      7330.00   7.9525438e-10
      7340.00   7.9242225e-10
      7350.00   7.8960163e-10
      7360.00   7.8679245e-10
      7370.00   7.8399468e-10
      7380.00   7.8120808e-10
      7390.00   7.7843289e-10
      7400.00   7.7566885e-10
      7410.00   7.7291604e-10
      7420.00   7.7017437e-10
      7430.00   7.6744377e-10
      7440.00   7.6472421e-10
      7450.00   7.6201570e-10
      7460.00   7.5931815e-10
      7470.00   7.5663148e-10
      7480.00   7.5395569e-10
      7490.00   7.5129069e-10
      7500.00   7.4863655e-10
      7510.00   7.4599305e-10
      7520.00   7.4336025e-10
      7530.00   7.4073808e-10
      7540.00   7.3812660e-10
      7550.00   7.3552560e-10
      7560.00   7.3293514e-10
      7570.00   7.3035514e-10
      7580.00   7.2778547e-10
      7590.00   7.2522632e-10
      7600.00   7.2267748e-10
      7610.00   7.2013889e-10
      7620.00   7.1761060e-10
      7630.00   7.1509242e-10
      7640.00   7.1258452e-10
      7650.00   7.1008666e-10
      7660.00   7.0759895e-10
      7670.00   7.0512121e-10
      7680.00   7.0265348e-10
      7690.00   7.0019571e-10
      7700.00   6.9774787e-10
      7710.00   6.9530987e-10
      7720.00   6.9288168e-10
      7730.00   6.9046336e-10
      7740.00   6.8805474e-10
      7750.00   6.8565580e-10
      7760.00   6.8326654e-10
      7770.00   6.8088691e-10
      7780.00   6.7851684e-10
      7790.00   6.7615632e-10
      7800.00   6.7380530e-10
      7810.00   6.7146372e-10
      7820.00   6.6913163e-10
      7830.00   6.6680886e-10
      7840.00   6.6449546e-10
      7850.00   6.6219132e-10
      7860.00   6.5989644e-10
      7870.00   6.5761082e-10
      7880.00   6.5533434e-10
      7890.00   6.5306706e-10
      7900.00   6.5080882e-10
      7910.00   6.4855971e-10
      7920.00   6.4631959e-10
      7930.00   6.4408845e-10
      7940.00   6.4186628e-10
      7950.00   6.3965299e-10
      7960.00   6.3744866e-10
      7970.00   6.3525307e-10
      7980.00   6.3306634e-10
      7990.00   6.3088833e-10
      8000.00   6.2871904e-10
