      1600.00   9.6685062e-10
      1610.00   9.9337171e-10
      1620.00   1.0200840e-09
      1630.00   1.0469758e-09
      1640.00   1.0740349e-09
      1650.00   1.1012495e-09
      1660.00   1.1286077e-09
      1670.00   1.1560976e-09
      1680.00   1.1837071e-09
      1690.00   1.2114247e-09
      1700.00   1.2392386e-09
      1710.00   1.2671372e-09
      1720.00   1.2951088e-09
      1730.00   1.3231419e-09
      1740.00   1.3512252e-09
      1750.00   1.3793475e-09
      1760.00   1.4074976e-09
      1770.00   1.4356647e-09
      1780.00   1.4638379e-09
      1790.00   1.4920064e-09
      1800.00   1.5201597e-09
      1810.00   1.5482878e-09
      1820.00   1.5763798e-09
      1830.00   1.6044264e-09
      1840.00   1.6324174e-09
      1850.00   1.6603432e-09
      1860.00   1.6881944e-09
      1870.00   1.7159619e-09
      1880.00   1.7436363e-09
      1890.00   1.7712091e-09
      1900.00   1.7986713e-09
      1910.00   1.8260147e-09
      1920.00   1.8532308e-09
      1930.00   1.8803118e-09
      1940.00   1.9072500e-09
      1950.00   1.9340375e-09
      1960.00   1.9606670e-09
      1970.00   1.9871312e-09
      1980.00   2.0134235e-09
      1990.00   2.0395369e-09
      2000.00   2.0654646e-09
      2010.00   2.0912006e-09
      2020.00   2.1167387e-09
      2030.00   2.1420729e-09
      2040.00   2.1671977e-09
      2050.00   2.1921075e-09
      2060.00   2.2167969e-09
      2070.00   2.2412609e-09
      2080.00   2.2654949e-09
      2090.00   2.2894936e-09
      2100.00   2.3132529e-09
      2110.00   2.3367687e-09
      2120.00   2.3600365e-09
      2130.00   2.3830528e-09
      2140.00   2.4058135e-09
      2150.00   2.4283154e-09
      2160.00   2.4505551e-09
      2170.00   2.4725291e-09
      2180.00   2.4942350e-09
      2190.00   2.5156696e-09
      2200.00   2.5368304e-09
      2210.00   2.5577150e-09
      2220.00   2.5783209e-09
      2230.00   2.5986463e-09
      2240.00   2.6186888e-09
      2250.00   2.6384470e-09
      2260.00   2.6579191e-09
      2270.00   2.6771032e-09
      2280.00   2.6959986e-09
      2290.00   2.7146035e-09
      2300.00   2.7329173e-09
      2310.00   2.7509388e-09
      2320.00   2.7686672e-09
      2330.00   2.7861020e-09
      2340.00   2.8032422e-09
      2350.00   2.8200878e-09
      2360.00   2.8366385e-09
      2370.00   2.8528941e-09
      2380.00   2.8688542e-09
      2390.00   2.8845190e-09
      2400.00   2.8998889e-09
      2410.00   2.9149636e-09
      2420.00   2.9297441e-09
      2430.00   2.9442306e-09
      2440.00   2.9584234e-09
      2450.00   2.9723236e-09
      2460.00   2.9859319e-09
      2470.00   2.9992484e-09
      2480.00   3.0122743e-09
      2490.00   3.0250113e-09
      2500.00   3.0374598e-09
      2510.00   3.0496210e-09
      2520.00   3.0614965e-09
      2530.00   3.0730867e-09
      2540.00   3.0843939e-09
      2550.00   3.0954193e-09
      2560.00   3.1061639e-09
      2570.00   3.1166296e-09
      2580.00   3.1268180e-09
      2590.00   3.1367306e-09
      2600.00   3.1463695e-09
      2610.00   3.1557360e-09
      2620.00   3.1648322e-09
      2630.00   3.1736595e-09
      2640.00   3.1822202e-09
      2650.00   3.1905162e-09
      2660.00   3.1985495e-09
      2670.00   3.2063220e-09
      2680.00   3.2138359e-09
      2690.00   3.2210931e-09
      2700.00   3.2280954e-09
      2710.00   3.2348458e-09
      2720.00   3.2413461e-09
      2730.00   3.2475980e-09
      2740.00   3.2536043e-09
      2750.00   3.2593671e-09
      2760.00   3.2648891e-09
      2770.00   3.2701716e-09
      2780.00   3.2752176e-09
      2790.00   3.2800298e-09
      2800.00   3.2846094e-09
      2810.00   3.2889597e-09
      2820.00   3.2930831e-09
      2830.00   3.2969813e-09
      2840.00   3.3006573e-09
      2850.00   3.3041131e-09
      2860.00   3.3073517e-09
      2870.00   3.3103749e-09
      2880.00   3.3131851e-09
      2890.00   3.3157853e-09
      2900.00   3.3181774e-09
      2910.00   3.3203646e-09
      2920.00   3.3223486e-09
      2930.00   3.3241318e-09
      2940.00   3.3257170e-09
      2950.00   3.3271067e-09
      2960.00   3.3283028e-09
      2970.00   3.3293086e-09
      2980.00   3.3301259e-09
      2990.00   3.3307571e-09
      3000.00   3.3312051e-09
      3010.00   3.3314716e-09
      3020.00   3.3315598e-09
      3030.00   3.3314715e-09
      3040.00   3.3312095e-09
      3050.00   3.3307760e-09
      3060.00   3.3301734e-09
      3070.00   3.3294040e-09
      3080.00   3.3284701e-09
      3090.00   3.3273742e-09
      3100.00   3.3261188e-09
      3110.00   3.3247056e-09
      3120.00   3.3231378e-09
      3130.00   3.3214169e-09
      3140.00   3.3195458e-09
      3150.00   3.3175262e-09
      3160.00   3.3153610e-09
      3170.00   3.3130514e-09
      3180.00   3.3106010e-09
      3190.00   3.3080109e-09
      3200.00   3.3052839e-09
      3210.00   3.3024219e-09
      3220.00   3.2994275e-09
      3230.00   3.2963019e-09
      3240.00   3.2930481e-09
      3250.00   3.2896683e-09
      3260.00   3.2861642e-09
      3270.00   3.2825376e-09
      3280.00   3.2787912e-09
      3290.00   3.2749266e-09
      3300.00   3.2709462e-09
      3310.00   3.2668517e-09
      3320.00   3.2626450e-09
      3330.00   3.2583285e-09
      3340.00   3.2539041e-09
      3350.00   3.2493732e-09
      3360.00   3.2447383e-09
      3370.00   3.2400010e-09
      3380.00   3.2351633e-09
      3390.00   3.2302273e-09
      3400.00   3.2251944e-09
      3410.00   3.2200670e-09
      3420.00   3.2148462e-09
      3430.00   3.2095343e-09
      3440.00   3.2041329e-09
      3450.00   3.1986434e-09
      3460.00   3.1930687e-09
      3470.00   3.1874093e-09
      3480.00   3.1816672e-09
      3490.00   3.1758444e-09
      3500.00   3.1699424e-09
      3510.00   3.1639626e-09
      3520.00   3.1579071e-09
      3530.00   3.1517774e-09
      3540.00   3.1455746e-09
      3550.00   3.1393007e-09
      3560.00   3.1329574e-09
      3570.00   3.1265458e-09
      3580.00   3.1200677e-09
      3590.00   3.1135244e-09
      3600.00   3.1069176e-09
      3610.00   3.1002490e-09
      3620.00   3.0935194e-09
      3630.00   3.0867301e-09
      3640.00   3.0798832e-09
      3650.00   3.0729802e-09
      3660.00   3.0660217e-09
      3670.00   3.0590095e-09
      3680.00   3.0519451e-09
      3690.00   3.0448294e-09
      3700.00   3.0376639e-09
      3710.00   3.0304501e-09
      3720.00   3.0231888e-09
      3730.00   3.0158818e-09
      3740.00   3.0085299e-09
      3750.00   3.0011346e-09
      3760.00   2.9936967e-09
      3770.00   2.9862179e-09
      3780.00   2.9786990e-09
      3790.00   2.9711410e-09
      3800.00   2.9635459e-09
      3810.00   2.9559140e-09
      3820.00   2.9482466e-09
      3830.00   2.9405449e-09
      3840.00   2.9328097e-09
      3850.00   2.9250425e-09
      3860.00   2.9172438e-09
      3870.00   2.9094155e-09
      3880.00   2.9015577e-09
      3890.00   2.8936718e-09
      3900.00   2.8857587e-09
      3910.00   2.8778196e-09
      3920.00   2.8698552e-09
      3930.00   2.8618663e-09
      3940.00   2.8538542e-09
      3950.00   2.8458197e-09
      3960.00   2.8377638e-09
      3970.00   2.8296870e-09
      3980.00   2.8215907e-09
      3990.00   2.8134753e-09
      4000.00   2.8053417e-09
      4010.00   2.7971910e-09
      4020.00   2.7890239e-09
      4030.00   2.7808412e-09
      4040.00   2.7726436e-09
      4050.00   2.7644321e-09
      4060.00   2.7562070e-09
      4070.00   2.7479698e-09
      4080.00   2.7397206e-09
      4090.00   2.7314604e-09
      4100.00   2.7231900e-09
      4110.00   2.7149101e-09
      4120.00   2.7066210e-09
      4130.00   2.6983239e-09
      4140.00   2.6900191e-09
      4150.00   2.6817078e-09
      4160.00   2.6733900e-09
      4170.00   2.6650666e-09
      4180.00   2.6567383e-09
      4190.00   2.6484056e-09
      4200.00   2.6400693e-09
      4210.00   2.6317302e-09
      4220.00   2.6233880e-09
      4230.00   2.6150443e-09
      4240.00   2.6066988e-09
      4250.00   2.5983528e-09
      4260.00   2.5900066e-09
      4270.00   2.5816604e-09
      4280.00   2.5733152e-09
      4290.00   2.5649714e-09
      4300.00   2.5566294e-09
      4310.00   2.5482897e-09
      4320.00   2.5399528e-09
      4330.00   2.5316191e-09
      4340.00   2.5232893e-09
      4350.00   2.5149639e-09
      4360.00   2.5066432e-09
      4370.00   2.4983276e-09
      4380.00   2.4900176e-09
      4390.00   2.4817137e-09
      4400.00   2.4734162e-09
      4410.00   2.4651258e-09
      4420.00   2.4568424e-09
      4430.00   2.4485668e-09
      4440.00   2.4402992e-09
      4450.00   2.4320403e-09
      4460.00   2.4237902e-09
      4470.00   2.4155492e-09
      4480.00   2.4073178e-09
      4490.00   2.3990964e-09
      4500.00   2.3908854e-09
      4510.00   2.3826848e-09
      4520.00   2.3744955e-09
      4530.00   2.3663171e-09
      4540.00   2.3581505e-09
      4550.00   2.3499960e-09
      4560.00   2.3418536e-09
      4570.00   2.3337236e-09
      4580.00   2.3256065e-09
      4590.00   2.3175026e-09
      4600.00   2.3094122e-09
      4610.00   2.3013355e-09
      4620.00   2.2932725e-09
      4630.00   2.2852238e-09
      4640.00   2.2771898e-09
      4650.00   2.2691704e-09
      4660.00   2.2611661e-09
      4670.00   2.2531767e-09
      4680.00   2.2452030e-09
      4690.00   2.2372451e-09
      4700.00   2.2293028e-09
      4710.00   2.2213769e-09
      4720.00   2.2134672e-09
      4730.00   2.2055740e-09
      4740.00   2.1976979e-09
      4750.00   2.1898385e-09
      4760.00   2.1819964e-09
      4770.00   2.1741716e-09
      4780.00   2.1663642e-09
      4790.00   2.1585748e-09
      4800.00   2.1508031e-09
      4810.00   2.1430494e-09
      4820.00   2.1353139e-09
      4830.00   2.1275970e-09
      4840.00   2.1198986e-09
      4850.00   2.1122190e-09
      4860.00   2.1045582e-09
      4870.00   2.0969164e-09
      4880.00   2.0892937e-09
      4890.00   2.0816904e-09
      4900.00   2.0741064e-09
      4910.00   2.0665420e-09
      4920.00   2.0589976e-09
      4930.00   2.0514725e-09
      4940.00   2.0439676e-09
      4950.00   2.0364827e-09
      4960.00   2.0290178e-09
      4970.00   2.0215733e-09
      4980.00   2.0141492e-09
      4990.00   2.0067455e-09
      5000.00   1.9993624e-09
      5010.00   1.9920000e-09
      5020.00   1.9846582e-09
      5030.00   1.9773374e-09
      5040.00   1.9700376e-09
      5050.00   1.9627586e-09
      5060.00   1.9555007e-09
      5070.00   1.9482642e-09
      5080.00   1.9410487e-09
      5090.00   1.9338546e-09
      5100.00   1.9266820e-09
      5110.00   1.9195307e-09
      5120.00   1.9124009e-09
      5130.00   1.9052926e-09
      5140.00   1.8982061e-09
      5150.00   1.8911411e-09
      5160.00   1.8840980e-09
      5170.00   1.8770767e-09
      5180.00   1.8700770e-09
      5190.00   1.8630995e-09
      5200.00   1.8561437e-09
      5210.00   1.8492099e-09
      5220.00   1.8422981e-09
      5230.00   1.8354082e-09
      5240.00   1.8285406e-09
      5250.00   1.8216949e-09
      5260.00   1.8148713e-09
      5270.00   1.8080699e-09
      5280.00   1.8012907e-09
      5290.00   1.7945338e-09
      5300.00   1.7877989e-09
      5310.00   1.7810864e-09
      5320.00   1.7743961e-09
      5330.00   1.7677280e-09
      5340.00   1.7610823e-09
      5350.00   1.7544589e-09
      5360.00   1.7478578e-09
      5370.00   1.7412789e-09
      5380.00   1.7347224e-09
      5390.00   1.7281881e-09
      5400.00   1.7216761e-09
      5410.00   1.7151866e-09
      5420.00   1.7087193e-09
      5430.00   1.7022744e-09
      5440.00   1.6958519e-09
      5450.00   1.6894516e-09
      5460.00   1.6830735e-09
      5470.00   1.6767178e-09
      5480.00   1.6703843e-09
      5490.00   1.6640733e-09
      5500.00   1.6577843e-09
      5510.00   1.6515178e-09
      5520.00   1.6452735e-09
      5530.00   1.6390513e-09
      5540.00   1.6328513e-09
      5550.00   1.6266736e-09
      5560.00   1.6205179e-09
      5570.00   1.6143844e-09
      5580.00   1.6082732e-09
      5590.00   1.6021840e-09
      5600.00   1.5961167e-09
      5610.00   1.5900717e-09
      5620.00   1.5840485e-09
      5630.00   1.5780475e-09
      5640.00   1.5720684e-09
      5650.00   1.5661112e-09
      5660.00   1.5601759e-09
      5670.00   1.5542626e-09
      5680.00   1.5483710e-09
      5690.00   1.5425013e-09
      5700.00   1.5366533e-09
      5710.00   1.5308271e-09
      5720.00   1.5250227e-09
      5730.00   1.5192398e-09
      5740.00   1.5134787e-09
      5750.00   1.5077390e-09
      5760.00   1.5020210e-09
      5770.00   1.4963245e-09
      5780.00   1.4906494e-09
      5790.00   1.4849957e-09
      5800.00   1.4793635e-09
      5810.00   1.4737528e-09
      5820.00   1.4681632e-09
      5830.00   1.4625949e-09
      5840.00   1.4570478e-09
      5850.00   1.4515218e-09
      5860.00   1.4460170e-09
      5870.00   1.4405333e-09
      5880.00   1.4350706e-09
      5890.00   1.4296290e-09
      5900.00   1.4242082e-09
      5910.00   1.4188083e-09
      5920.00   1.4134292e-09
      5930.00   1.4080710e-09
      5940.00   1.4027336e-09
      5950.00   1.3974167e-09
      5960.00   1.3921206e-09
      5970.00   1.3868449e-09
      5980.00   1.3815899e-09
      5990.00   1.3763553e-09
      6000.00   1.3711412e-09
      6010.00   1.3659473e-09
      6020.00   1.3607739e-09
      6030.00   1.3556207e-09
      6040.00   1.3504877e-09
      6050.00   1.3453749e-09
      6060.00   1.3402821e-09
      6070.00   1.3352094e-09
      6080.00   1.3301568e-09
      6090.00   1.3251241e-09
      6100.00   1.3201112e-09
      6110.00   1.3151180e-09
      6120.00   1.3101448e-09
      6130.00   1.3051912e-09
      6140.00   1.3002573e-09
      6150.00   1.2953429e-09
      6160.00   1.2904480e-09
      6170.00   1.2855727e-09
      6180.00   1.2807167e-09
      6190.00   1.2758800e-09
      6200.00   1.2710628e-09
      6210.00   1.2662647e-09
      6220.00   1.2614858e-09
      6230.00   1.2567261e-09
      6240.00   1.2519854e-09
      6250.00   1.2472636e-09
      6260.00   1.2425609e-09
      6270.00   1.2378770e-09
      6280.00   1.2332119e-09
      6290.00   1.2285655e-09
      6300.00   1.2239379e-09
      6310.00   1.2193289e-09
      6320.00   1.2147386e-09
      6330.00   1.2101665e-09
      6340.00   1.2056130e-09
      6350.00   1.2010780e-09
      6360.00   1.1965612e-09
      6370.00   1.1920627e-09
      6380.00   1.1875823e-09
      6390.00   1.1831202e-09
      6400.00   1.1786761e-09
      6410.00   1.1742500e-09
      6420.00   1.1698419e-09
      6430.00   1.1654517e-09
      6440.00   1.1610794e-09
      6450.00   1.1567247e-09
      6460.00   1.1523877e-09
      6470.00   1.1480684e-09
      6480.00   1.1437667e-09
      6490.00   1.1394826e-09
      6500.00   1.1352159e-09
      6510.00   1.1309666e-09
      6520.00   1.1267346e-09
      6530.00   1.1225198e-09
      6540.00   1.1183223e-09
      6550.00   1.1141420e-09
      6560.00   1.1099787e-09
      6570.00   1.1058324e-09
      6580.00   1.1017031e-09
      6590.00   1.0975907e-09
      6600.00   1.0934951e-09
      6610.00   1.0894163e-09
      6620.00   1.0853543e-09
      6630.00   1.0813087e-09
      6640.00   1.0772799e-09
      6650.00   1.0732676e-09
      6660.00   1.0692717e-09
      6670.00   1.0652922e-09
      6680.00   1.0613291e-09
      6690.00   1.0573821e-09
      6700.00   1.0534515e-09
      6710.00   1.0495370e-09
      6720.00   1.0456386e-09
      6730.00   1.0417561e-09
      6740.00   1.0378898e-09
      6750.00   1.0340392e-09
      6760.00   1.0302046e-09
      6770.00   1.0263858e-09
      6780.00   1.0225825e-09
      6790.00   1.0187951e-09
      6800.00   1.0150232e-09
      6810.00   1.0112669e-09
      6820.00   1.0075260e-09
      6830.00   1.0038005e-09
      6840.00   1.0000904e-09
      6850.00   9.9639561e-10
      6860.00   9.9271608e-10
      6870.00   9.8905168e-10
      6880.00   9.8540245e-10
      6890.00   9.8176823e-10
      6900.00   9.7814894e-10
      6910.00   9.7454470e-10
      6920.00   9.7095541e-10
      6930.00   9.6738079e-10
      6940.00   9.6382102e-10
      6950.00   9.6027589e-10
      6960.00   9.5674538e-10
      6970.00   9.5322947e-10
      6980.00   9.4972814e-10
      6990.00   9.4624132e-10
      7000.00   9.4276879e-10
      7010.00   9.3931061e-10
      7020.00   9.3586675e-10
      7030.00   9.3243720e-10
      7040.00   9.2902171e-10
      7050.00   9.2562043e-10
      7060.00   9.2223317e-10
      7070.00   9.1885992e-10
      7080.00   9.1550055e-10
      7090.00   9.1215509e-10
      7100.00   9.0882349e-10
      7110.00   9.0550565e-10
      7120.00   9.0220158e-10
      7130.00   8.9891120e-10
      7140.00   8.9563427e-10
      7150.00   8.9237101e-10
      7160.00   8.8912117e-10
      7170.00   8.8588476e-10
      7180.00   8.8266175e-10
      7190.00   8.7945213e-10
      7200.00   8.7625568e-10
      7210.00   8.7307249e-10
      7220.00   8.6990255e-10
      7230.00   8.6674554e-10
      7240.00   8.6360175e-10
      7250.00   8.6047077e-10
      7260.00   8.5735279e-10
      7270.00   8.5424779e-10
      7280.00   8.5115548e-10
      7290.00   8.4807602e-10
      7300.00   8.4500933e-10
      7310.00   8.4195528e-10
      7320.00   8.3891378e-10
      7330.00   8.3588491e-10
      7340.00   8.3286848e-10
      7350.00   8.2986456e-10
      7360.00   8.2687306e-10
      7370.00   8.2389395e-10
      7380.00   8.2092699e-10
      7390.00   8.1797240e-10
      7400.00   8.1502993e-10
      7410.00   8.1209964e-10
      7420.00   8.0918145e-10
      7430.00   8.0627526e-10
      7440.00   8.0338106e-10
      7450.00   8.0049884e-10
      7460.00   7.9762852e-10
      7470.00   7.9476999e-10
      7480.00   7.9192326e-10
      7490.00   7.8908823e-10
      7500.00   7.8626497e-10
      7510.00   7.8345325e-10
      7520.00   7.8065313e-10
      7530.00   7.7786452e-10
      7540.00   7.7508750e-10
      7550.00   7.7232182e-10
      7560.00   7.6956756e-10
      7570.00   7.6682464e-10
      7580.00   7.6409290e-10
      7590.00   7.6137254e-10
      7600.00   7.5866335e-10
      7610.00   7.5596525e-10
      7620.00   7.5327830e-10
      7630.00   7.5060229e-10
      7640.00   7.4793741e-10
      7650.00   7.4528339e-10
      7660.00   7.4264034e-10
      7670.00   7.4000807e-10
      7680.00   7.3738664e-10
      7690.00   7.3477596e-10
      7700.00   7.3217604e-10
      7710.00   7.2958674e-10
      7720.00   7.2700805e-10
      7730.00   7.2444002e-10
      7740.00   7.2188246e-10
      7750.00   7.1933538e-10
      7760.00   7.1679875e-10
      7770.00   7.1427251e-10
      7780.00   7.1175660e-10
      7790.00   7.0925101e-10
      7800.00   7.0675568e-10
      7810.00   7.0427054e-10
      7820.00   7.0179563e-10
      7830.00   6.9933078e-10
      7840.00   6.9687605e-10
      7850.00   6.9443132e-10
      7860.00   6.9199658e-10
      7870.00   6.8957181e-10
      7880.00   6.8715692e-10
      7890.00   6.8475194e-10
      7900.00   6.8235671e-10
      7910.00   6.7997132e-10
      7920.00   6.7759563e-10
      7930.00   6.7522962e-10
      7940.00   6.7287328e-10
      7950.00   6.7052651e-10
      7960.00   6.6818939e-10
      7970.00   6.6586169e-10
      7980.00   6.6354353e-10
      7990.00   6.6123477e-10
      8000.00   6.5893540e-10
