      1000.00  2.37042e-13
      1010.00  2.87250e-13
      1020.00  3.49237e-13
      1030.00  4.25399e-13
      1040.00  5.18712e-13
      1050.00  6.32585e-13
      1060.00  7.70832e-13
      1070.00  9.37612e-13
      1080.00  1.13732e-12
      1090.00  1.37443e-12
      1100.00  1.65335e-12
      1110.00  1.97813e-12
      1120.00  2.35234e-12
      1130.00  2.77879e-12
      1140.00  3.25940e-12
      1150.00  3.79501e-12
      1160.00  4.38535e-12
      1170.00  5.02890e-12
      1180.00  5.72297e-12
      1190.00  6.46365e-12
      1200.00  7.24591e-12
      1210.00  8.06369e-12
      1220.00  8.91001e-12
      1230.00  9.77718e-12
      1240.00  1.06569e-11
      1250.00  1.15406e-11
      1260.00  1.24196e-11
      1270.00  1.32851e-11
      1280.00  1.41290e-11
      1290.00  1.49435e-11
      1300.00  1.57215e-11
      1310.00  1.64570e-11
      1320.00  1.71447e-11
      1330.00  1.77806e-11
      1340.00  1.83618e-11
      1350.00  1.88866e-11
      1360.00  1.93541e-11
      1370.00  1.97650e-11
      1380.00  2.01206e-11
      1390.00  2.04235e-11
      1400.00  2.06768e-11
      1410.00  2.08847e-11
      1420.00  2.10516e-11
      1430.00  2.11826e-11
      1440.00  2.12833e-11
      1450.00  2.13591e-11
      1460.00  2.14157e-11
      1470.00  2.14587e-11
      1480.00  2.14935e-11
      1490.00  2.15253e-11
      1500.00  2.15587e-11
      1510.00  2.15980e-11
      1520.00  2.16470e-11
      1530.00  2.17091e-11
      1540.00  2.17871e-11
      1550.00  2.18833e-11
      1560.00  2.19997e-11
      1570.00  2.21377e-11
      1580.00  2.22986e-11
      1590.00  2.24832e-11
      1600.00  2.26922e-11
      1610.00  2.29262e-11
      1620.00  2.31855e-11
      1630.00  2.34702e-11
      1640.00  2.37806e-11
      1650.00  2.41167e-11
      1660.00  2.44786e-11
      1670.00  2.48663e-11
      1680.00  2.52796e-11
      1690.00  2.57184e-11
      1700.00  2.61825e-11
      1710.00  2.66712e-11
      1720.00  2.71842e-11
      1730.00  2.77203e-11
      1740.00  2.82784e-11
      1750.00  2.88568e-11
      1760.00  2.94534e-11
      1770.00  3.00656e-11
      1780.00  3.06905e-11
      1790.00  3.13248e-11
      1800.00  3.19651e-11
      1810.00  3.26081e-11
      1820.00  3.32512e-11
      1830.00  3.38923e-11
      1840.00  3.45303e-11
      1850.00  3.51650e-11
      1860.00  3.57971e-11
      1870.00  3.64279e-11
      1880.00  3.70584e-11
      1890.00  3.76888e-11
      1900.00  3.83175e-11
      1910.00  3.89408e-11
      1920.00  3.95521e-11
      1930.00  4.01422e-11
      1940.00  4.06997e-11
      1950.00  4.12119e-11
      1960.00  4.16662e-11
      1970.00  4.20514e-11
      1980.00  4.23590e-11
      1990.00  4.25843e-11
      2000.00  4.27267e-11
      2010.00  4.27891e-11
      2020.00  4.27769e-11
      2030.00  4.26964e-11
      2040.00  4.25528e-11
      2050.00  4.23485e-11
      2060.00  4.20825e-11
      2070.00  4.17507e-11
      2080.00  4.13477e-11
      2090.00  4.08697e-11
      2100.00  4.03183e-11
      2110.00  3.97048e-11
      2120.00  3.90529e-11
      2130.00  3.84008e-11
      2140.00  3.78002e-11
      2150.00  3.73135e-11
      2160.00  3.70083e-11
      2170.00  3.69505e-11
      2180.00  3.71964e-11
      2190.00  3.77863e-11
      2200.00  3.87381e-11
      2210.00  4.00457e-11
      2220.00  4.16779e-11
      2230.00  4.35824e-11
      2240.00  4.56907e-11
      2250.00  4.79255e-11
      2260.00  5.02080e-11
      2270.00  5.24645e-11
      2280.00  5.46327e-11
      2290.00  5.66644e-11
      2300.00  5.85277e-11
      2310.00  6.02060e-11
      2320.00  6.16967e-11
      2330.00  6.30084e-11
      2340.00  6.41577e-11
      2350.00  6.51672e-11
      2360.00  6.60629e-11
      2370.00  6.68729e-11
      2380.00  6.76260e-11
      2390.00  6.83505e-11
      2400.00  6.90734e-11
      2410.00  6.98186e-11
      2420.00  7.06049e-11
      2430.00  7.14440e-11
      2440.00  7.23386e-11
      2450.00  7.32800e-11
      2460.00  7.42479e-11
      2470.00  7.52099e-11
      2480.00  7.61241e-11
      2490.00  7.69417e-11
      2500.00  7.76123e-11
      2510.00  7.80894e-11
      2520.00  7.83365e-11
      2530.00  7.83323e-11
      2540.00  7.80742e-11
      2550.00  7.75794e-11
      2560.00  7.68838e-11
      2570.00  7.60379e-11
      2580.00  7.51011e-11
      2590.00  7.41356e-11
      2600.00  7.32000e-11
      2610.00  7.23449e-11
      2620.00  7.16091e-11
      2630.00  7.10189e-11
      2640.00  7.05882e-11
      2650.00  7.03411e-11
      2660.00  7.13825e-11
      2670.00  8.39827e-11
      2680.00  1.15353e-10
      2690.00  1.39612e-10
      2700.00  1.50584e-10
      2710.00  1.57823e-10
      2720.00  1.66347e-10
      2730.00  1.77131e-10
      2740.00  1.87407e-10
      2750.00  1.94102e-10
      2760.00  2.01548e-10
      2770.00  2.10504e-10
      2780.00  2.12920e-10
      2790.00  2.08782e-10
      2800.00  2.07133e-10
      2810.00  2.10842e-10
      2820.00  2.08949e-10
      2830.00  2.02693e-10
      2840.00  2.09758e-10
      2850.00  2.38486e-10
      2860.00  2.83577e-10
      2870.00  3.33205e-10
      2880.00  3.75101e-10
      2890.00  4.04411e-10
      2900.00  4.23386e-10
      2910.00  4.35397e-10
      2920.00  4.39555e-10
      2930.00  4.38506e-10
      2940.00  4.31617e-10
      2950.00  4.11188e-10
      2960.00  3.85421e-10
      2970.00  3.67250e-10
      2980.00  3.56696e-10
      2990.00  3.51850e-10
      3000.00  3.51925e-10
      3010.00  3.50560e-10
      3020.00  3.34770e-10
      3030.00  3.09314e-10
      3040.00  2.95028e-10
      3050.00  3.02417e-10
      3060.00  3.18515e-10
      3070.00  3.22636e-10
      3080.00  3.10517e-10
      3090.00  2.97157e-10
      3100.00  3.02604e-10
      3110.00  3.38300e-10
      3120.00  3.93996e-10
      3130.00  4.46639e-10
      3140.00  4.84790e-10
      3150.00  5.12433e-10
      3160.00  5.38349e-10
      3170.00  5.59247e-10
      3180.00  5.57578e-10
      3190.00  5.30475e-10
      3200.00  4.99947e-10
      3210.00  4.77191e-10
      3220.00  4.53010e-10
      3230.00  4.36115e-10
      3240.00  4.30879e-10
      3250.00  4.27890e-10
      3260.00  4.22847e-10
      3270.00  4.21603e-10
      3280.00  4.31391e-10
      3290.00  4.47189e-10
      3300.00  4.59688e-10
      3310.00  4.67065e-10
      3320.00  4.75736e-10
      3330.00  4.87871e-10
      3340.00  5.01285e-10
      3350.00  5.16129e-10
      3360.00  5.34603e-10
      3370.00  5.58534e-10
      3380.00  5.88439e-10
      3390.00  6.20477e-10
      3400.00  6.48705e-10
      3410.00  6.70270e-10
      3420.00  6.86878e-10
      3430.00  7.02377e-10
      3440.00  7.19369e-10
      3450.00  7.38466e-10
      3460.00  7.61004e-10
      3470.00  7.90972e-10
      3480.00  8.33514e-10
      3490.00  8.92176e-10
      3500.00  9.57724e-10
      3510.00  1.01426e-09
      3520.00  1.06270e-09
      3530.00  1.11098e-09
      3540.00  1.15690e-09
      3550.00  1.19508e-09
      3560.00  1.22312e-09
      3570.00  1.24141e-09
      3580.00  1.24768e-09
      3590.00  1.23690e-09
      3600.00  1.21791e-09
      3610.00  1.21371e-09
      3620.00  1.23307e-09
      3630.00  1.27210e-09
      3640.00  1.33013e-09
      3650.00  1.40966e-09
      3660.00  1.49659e-09
      3670.00  1.55842e-09
      3680.00  1.56991e-09
      3690.00  1.52673e-09
      3700.00  1.44454e-09
      3710.00  1.34897e-09
      3720.00  1.26088e-09
      3730.00  1.18819e-09
      3740.00  1.12866e-09
      3750.00  1.07845e-09
      3760.00  1.03665e-09
      3770.00  1.00525e-09
      3780.00  9.89565e-10
      3790.00  9.97092e-10
      3800.00  1.03467e-09
      3810.00  1.10650e-09
      3820.00  1.21375e-09
      3830.00  1.35535e-09
      3840.00  1.52802e-09
      3850.00  1.72444e-09
      3860.00  1.93083e-09
      3870.00  2.12897e-09
      3880.00  2.30378e-09
      3890.00  2.44855e-09
      3900.00  2.56320e-09
      3910.00  2.65127e-09
      3920.00  2.71923e-09
      3930.00  2.77347e-09
      3940.00  2.81153e-09
      3950.00  2.81743e-09
      3960.00  2.77238e-09
      3970.00  2.67212e-09
      3980.00  2.53090e-09
      3990.00  2.37142e-09
      4000.00  2.21604e-09
      4010.00  2.08342e-09
      4020.00  1.98539e-09
      4030.00  1.92463e-09
      4040.00  1.89518e-09
      4050.00  1.88482e-09
      4060.00  1.87902e-09
      4070.00  1.86678e-09
      4080.00  1.84516e-09
      4090.00  1.81892e-09
      4100.00  1.79562e-09
      4110.00  1.78107e-09
      4120.00  1.77828e-09
      4130.00  1.78884e-09
      4140.00  1.81401e-09
      4150.00  1.85357e-09
      4160.00  1.90312e-09
      4170.00  1.95318e-09
      4180.00  1.99254e-09
      4190.00  2.01379e-09
      4200.00  2.01643e-09
      4210.00  2.00523e-09
      4220.00  1.98654e-09
      4230.00  1.96576e-09
      4240.00  1.94677e-09
      4250.00  1.93227e-09
      4260.00  1.92389e-09
      4270.00  1.92174e-09
      4280.00  1.92314e-09
      4290.00  1.92224e-09
      4300.00  1.91100e-09
      4310.00  1.88126e-09
      4320.00  1.82725e-09
      4330.00  1.74829e-09
      4340.00  1.64998e-09
      4350.00  1.54264e-09
      4360.00  1.43738e-09
      4370.00  1.34286e-09
      4380.00  1.26435e-09
      4390.00  1.20474e-09
      4400.00  1.16592e-09
      4410.00  1.14928e-09
      4420.00  1.15533e-09
      4430.00  1.18303e-09
      4440.00  1.22948e-09
      4450.00  1.29074e-09
      4460.00  1.36406e-09
      4470.00  1.44964e-09
      4480.00  1.55077e-09
      4490.00  1.67279e-09
      4500.00  1.82164e-09
      4510.00  2.00180e-09
      4520.00  2.21329e-09
      4530.00  2.44909e-09
      4540.00  2.69527e-09
      4550.00  2.93437e-09
      4560.00  3.15046e-09
      4570.00  3.33307e-09
      4580.00  3.47763e-09
      4590.00  3.58201e-09
      4600.00  3.64217e-09
      4610.00  3.65027e-09
      4620.00  3.59658e-09
      4630.00  3.47561e-09
      4640.00  3.29132e-09
      4650.00  3.05800e-09
      4660.00  2.79741e-09
      4670.00  2.53428e-09
      4680.00  2.29057e-09
      4690.00  2.08067e-09
      4700.00  1.90966e-09
      4710.00  1.77524e-09
      4720.00  1.67174e-09
      4730.00  1.59385e-09
      4740.00  1.53890e-09
      4750.00  1.50703e-09
      4760.00  1.49907e-09
      4770.00  1.51352e-09
      4780.00  1.54457e-09
      4790.00  1.58301e-09
      4800.00  1.61916e-09
      4810.00  1.64584e-09
      4820.00  1.66073e-09
      4830.00  1.66736e-09
      4840.00  1.67408e-09
      4850.00  1.69075e-09
      4860.00  1.72470e-09
      4870.00  1.77840e-09
      4880.00  1.84935e-09
      4890.00  1.93101e-09
      4900.00  2.01363e-09
      4910.00  2.08533e-09
      4920.00  2.13435e-09
      4930.00  2.15198e-09
      4940.00  2.13460e-09
      4950.00  2.08418e-09
      4960.00  2.00734e-09
      4970.00  1.91403e-09
      4980.00  1.81563e-09
      4990.00  1.72243e-09
      5000.00  1.64142e-09
      5010.00  1.57537e-09
      5020.00  1.52371e-09
      5030.00  1.48428e-09
      5040.00  1.45465e-09
      5050.00  1.43266e-09
      5060.00  1.41642e-09
      5070.00  1.40442e-09
      5080.00  1.39604e-09
      5090.00  1.39201e-09
      5100.00  1.39442e-09
      5110.00  1.40598e-09
      5120.00  1.42941e-09
      5130.00  1.46705e-09
      5140.00  1.52076e-09
      5150.00  1.59145e-09
      5160.00  1.67867e-09
      5170.00  1.78040e-09
      5180.00  1.89316e-09
      5190.00  2.01236e-09
      5200.00  2.13256e-09
      5210.00  2.24821e-09
      5220.00  2.35445e-09
      5230.00  2.44770e-09
      5240.00  2.52594e-09
      5250.00  2.58851e-09
      5260.00  2.63573e-09
      5270.00  2.66841e-09
      5280.00  2.68744e-09
      5290.00  2.69370e-09
      5300.00  2.68833e-09
      5310.00  2.67328e-09
      5320.00  2.65179e-09
      5330.00  2.62820e-09
      5340.00  2.60698e-09
      5350.00  2.59140e-09
      5360.00  2.58256e-09
      5370.00  2.57932e-09
      5380.00  2.57908e-09
      5390.00  2.57881e-09
      5400.00  2.57565e-09
      5410.00  2.56703e-09
      5420.00  2.55084e-09
      5430.00  2.52580e-09
      5440.00  2.49180e-09
      5450.00  2.45014e-09
      5460.00  2.40312e-09
      5470.00  2.35345e-09
      5480.00  2.30372e-09
      5490.00  2.25607e-09
      5500.00  2.21093e-09
      5510.00  2.16594e-09
      5520.00  2.11738e-09
      5530.00  2.06323e-09
      5540.00  2.00405e-09
      5550.00  1.94123e-09
      5560.00  1.87572e-09
      5570.00  1.80818e-09
      5580.00  1.73946e-09
      5590.00  1.67076e-09
      5600.00  1.60337e-09
      5610.00  1.53839e-09
      5620.00  1.47653e-09
      5630.00  1.41828e-09
      5640.00  1.36409e-09
      5650.00  1.31455e-09
      5660.00  1.27045e-09
      5670.00  1.23281e-09
      5680.00  1.20301e-09
      5690.00  1.18267e-09
      5700.00  1.17343e-09
      5710.00  1.17646e-09
      5720.00  1.19215e-09
      5730.00  1.21998e-09
      5740.00  1.25879e-09
      5750.00  1.30727e-09
      5760.00  1.36443e-09
      5770.00  1.42977e-09
      5780.00  1.50304e-09
      5790.00  1.58350e-09
      5800.00  1.66923e-09
      5810.00  1.75675e-09
      5820.00  1.84131e-09
      5830.00  1.91761e-09
      5840.00  1.98064e-09
      5850.00  2.02644e-09
      5860.00  2.05267e-09
      5870.00  2.05900e-09
      5880.00  2.04717e-09
      5890.00  2.02022e-09
      5900.00  1.98140e-09
      5910.00  1.93331e-09
      5920.00  1.87801e-09
      5930.00  1.81772e-09
      5940.00  1.75531e-09
      5950.00  1.69389e-09
      5960.00  1.63590e-09
      5970.00  1.58239e-09
      5980.00  1.53301e-09
      5990.00  1.48667e-09
      6000.00  1.44241e-09
      6010.00  1.39997e-09
      6020.00  1.35976e-09
      6030.00  1.32223e-09
      6040.00  1.28705e-09
      6050.00  1.25263e-09
      6060.00  1.21634e-09
      6070.00  1.17555e-09
      6080.00  1.12874e-09
      6090.00  1.07635e-09
      6100.00  1.02080e-09
      6110.00  9.65943e-10
      6120.00  9.16272e-10
      6130.00  8.76087e-10
      6140.00  8.48834e-10
      6150.00  8.36583e-10
      6160.00  8.39695e-10
      6170.00  8.56789e-10
      6180.00  8.85080e-10
      6190.00  9.21040e-10
      6200.00  9.61200e-10
      6210.00  1.00283e-09
      6220.00  1.04433e-09
      6230.00  1.08517e-09
      6240.00  1.12565e-09
      6250.00  1.16632e-09
      6260.00  1.20770e-09
      6270.00  1.25007e-09
      6280.00  1.29341e-09
      6290.00  1.33727e-09
      6300.00  1.38022e-09
      6310.00  1.41990e-09
      6320.00  1.45397e-09
      6330.00  1.48142e-09
      6340.00  1.50286e-09
      6350.00  1.51966e-09
      6360.00  1.53307e-09
      6370.00  1.54392e-09
      6380.00  1.55274e-09
      6390.00  1.55990e-09
      6400.00  1.56561e-09
      6410.00  1.56995e-09
      6420.00  1.57290e-09
      6430.00  1.57443e-09
      6440.00  1.57450e-09
      6450.00  1.57306e-09
      6460.00  1.56997e-09
      6470.00  1.56503e-09
      6480.00  1.55799e-09
      6490.00  1.54854e-09
      6500.00  1.53636e-09
      6510.00  1.52116e-09
      6520.00  1.50265e-09
      6530.00  1.48062e-09
      6540.00  1.45495e-09
      6550.00  1.42558e-09
      6560.00  1.39246e-09
      6570.00  1.35562e-09
      6580.00  1.31536e-09
      6590.00  1.27231e-09
      6600.00  1.22749e-09
      6610.00  1.18211e-09
      6620.00  1.13729e-09
      6630.00  1.09391e-09
      6640.00  1.05248e-09
      6650.00  1.01324e-09
      6660.00  9.76177e-10
      6670.00  9.41190e-10
      6680.00  9.08163e-10
      6690.00  8.77043e-10
      6700.00  8.47871e-10
      6710.00  8.20754e-10
      6720.00  7.95797e-10
      6730.00  7.73040e-10
      6740.00  7.52429e-10
      6750.00  7.33850e-10
      6760.00  7.17181e-10
      6770.00  7.02323e-10
      6780.00  6.89203e-10
      6790.00  6.77755e-10
      6800.00  6.67935e-10
      6810.00  6.59719e-10
      6820.00  6.53072e-10
      6830.00  6.47874e-10
      6840.00  6.43894e-10
      6850.00  6.40840e-10
      6860.00  6.38429e-10
      6870.00  6.36446e-10
      6880.00  6.34751e-10
      6890.00  6.33247e-10
      6900.00  6.31843e-10
      6910.00  6.30420e-10
      6920.00  6.28848e-10
      6930.00  6.27027e-10
      6940.00  6.24946e-10
      6950.00  6.22691e-10
      6960.00  6.20411e-10
      6970.00  6.18225e-10
      6980.00  6.16148e-10
      6990.00  6.14085e-10
      7000.00  6.11906e-10
      7010.00  6.09556e-10
      7020.00  6.07131e-10
      7030.00  6.04880e-10
      7040.00  6.03120e-10
      7050.00  6.02138e-10
      7060.00  6.02097e-10
      7070.00  6.03005e-10
      7080.00  6.04719e-10
      7090.00  6.06981e-10
      7100.00  6.09469e-10
      7110.00  6.11841e-10
      7120.00  6.13798e-10
      7130.00  6.15123e-10
      7140.00  6.15710e-10
      7150.00  6.15573e-10
      7160.00  6.14835e-10
      7170.00  6.13720e-10
      7180.00  6.12527e-10
      7190.00  6.11586e-10
      7200.00  6.11186e-10
      7210.00  6.11509e-10
      7220.00  6.12600e-10
      7230.00  6.14391e-10
      7240.00  6.16726e-10
      7250.00  6.19376e-10
      7260.00  6.22054e-10
      7270.00  6.24450e-10
      7280.00  6.26272e-10
      7290.00  6.27281e-10
      7300.00  6.27312e-10
      7310.00  6.26275e-10
      7320.00  6.24154e-10
      7330.00  6.21003e-10
      7340.00  6.16941e-10
      7350.00  6.12137e-10
      7360.00  6.06781e-10
      7370.00  6.01046e-10
      7380.00  5.95040e-10
      7390.00  5.88762e-10
      7400.00  5.82032e-10
      7410.00  5.74409e-10
      7420.00  5.65206e-10
      7430.00  5.53743e-10
      7440.00  5.39862e-10
      7450.00  5.24360e-10
      7460.00  5.08861e-10
      7470.00  4.95095e-10
      7480.00  4.84111e-10
      7490.00  4.76045e-10
      7500.00  4.70460e-10
      7510.00  4.66825e-10
      7520.00  4.64779e-10
      7530.00  4.64135e-10
      7540.00  4.64755e-10
      7550.00  4.66448e-10
      7560.00  4.68924e-10
      7570.00  4.71816e-10
      7580.00  4.74743e-10
      7590.00  4.77375e-10
      7600.00  4.79483e-10
      7610.00  4.80966e-10
      7620.00  4.81801e-10
      7630.00  4.82047e-10
      7640.00  4.81859e-10
      7650.00  4.81448e-10
      7660.00  4.81056e-10
      7670.00  4.80909e-10
      7680.00  4.81188e-10
      7690.00  4.81995e-10
      7700.00  4.83333e-10
      7710.00  4.85103e-10
      7720.00  4.87111e-10
      7730.00  4.89107e-10
      7740.00  4.90836e-10
      7750.00  4.92100e-10
      7760.00  4.92818e-10
      7770.00  4.93047e-10
      7780.00  4.92964e-10
      7790.00  4.92813e-10
      7800.00  4.92832e-10
      7810.00  4.93181e-10
      7820.00  4.93899e-10
      7830.00  4.94881e-10
      7840.00  4.95894e-10
      7850.00  4.96627e-10
      7860.00  4.96743e-10
      7870.00  4.95946e-10
      7880.00  4.94025e-10
      7890.00  4.90864e-10
      7900.00  4.86439e-10
      7910.00  4.80786e-10
      7920.00  4.73976e-10
      7930.00  4.66092e-10
      7940.00  4.57206e-10
      7950.00  4.47361e-10
      7960.00  4.36574e-10
      7970.00  4.24873e-10
      7980.00  4.12357e-10
      7990.00  3.99267e-10
      8000.00  3.85992e-10
      8010.00  3.72990e-10
      8020.00  3.60659e-10
      8030.00  3.49233e-10
      8040.00  3.38732e-10
      8050.00  3.28996e-10
      8060.00  3.19744e-10
      8070.00  3.10663e-10
      8080.00  3.01485e-10
      8090.00  2.92036e-10
      8100.00  2.82262e-10
      8110.00  2.72217e-10
      8120.00  2.62023e-10
      8130.00  2.51837e-10
      8140.00  2.41826e-10
      8150.00  2.32168e-10
      8160.00  2.23059e-10
      8170.00  2.14741e-10
      8180.00  2.07506e-10
      8190.00  2.01708e-10
      8200.00  1.97739e-10
      8210.00  1.95983e-10
      8220.00  1.96738e-10
      8230.00  2.00139e-10
      8240.00  2.06048e-10
      8250.00  2.14132e-10
      8260.00  2.23947e-10
      8270.00  2.34920e-10
      8280.00  2.46509e-10
      8290.00  2.58292e-10
      8300.00  2.70015e-10
      8310.00  2.81605e-10
      8320.00  2.93141e-10
      8330.00  3.04829e-10
      8340.00  3.16959e-10
      8350.00  3.29875e-10
      8360.00  3.43933e-10
      8370.00  3.59459e-10
      8380.00  3.76701e-10
      8390.00  3.95792e-10
      8400.00  4.16730e-10
      8410.00  4.39375e-10
      8420.00  4.63467e-10
      8430.00  4.88646e-10
      8440.00  5.14482e-10
      8450.00  5.40510e-10
      8460.00  5.66280e-10
      8470.00  5.91406e-10
      8480.00  6.15608e-10
      8490.00  6.38730e-10
      8500.00  6.60730e-10
      8510.00  6.81644e-10
      8520.00  7.01540e-10
      8530.00  7.20475e-10
      8540.00  7.38461e-10
      8550.00  7.55460e-10
      8560.00  7.71385e-10
      8570.00  7.86143e-10
      8580.00  7.99667e-10
      8590.00  8.11947e-10
      8600.00  8.23028e-10
      8610.00  8.32985e-10
      8620.00  8.41889e-10
      8630.00  8.49799e-10
      8640.00  8.56790e-10
      8650.00  8.62982e-10
      8660.00  8.68533e-10
      8670.00  8.73576e-10
      8680.00  8.78142e-10
      8690.00  8.82135e-10
      8700.00  8.85377e-10
      8710.00  8.87690e-10
      8720.00  8.88958e-10
      8730.00  8.89137e-10
      8740.00  8.88216e-10
      8750.00  8.86174e-10
      8760.00  8.82953e-10
      8770.00  8.78465e-10
      8780.00  8.72626e-10
      8790.00  8.65403e-10
      8800.00  8.56849e-10
      8810.00  8.47112e-10
      8820.00  8.36409e-10
      8830.00  8.24980e-10
      8840.00  8.13034e-10
      8850.00  8.00707e-10
      8860.00  7.88048e-10
      8870.00  7.75035e-10
      8880.00  7.61612e-10
      8890.00  7.47735e-10
      8900.00  7.33420e-10
      8910.00  7.18770e-10
      8920.00  7.03992e-10
      8930.00  6.89384e-10
      8940.00  6.75303e-10
      8950.00  6.62108e-10
      8960.00  6.50085e-10
      8970.00  6.39379e-10
      8980.00  6.29946e-10
      8990.00  6.21555e-10
      9000.00  6.13850e-10
      9010.00  6.06459e-10
      9020.00  5.99109e-10
      9030.00  5.91711e-10
      9040.00  5.84380e-10
      9050.00  5.77368e-10
      9060.00  5.70961e-10
      9070.00  5.65353e-10
      9080.00  5.60573e-10
      9090.00  5.56472e-10
      9100.00  5.52767e-10
      9110.00  5.49118e-10
      9120.00  5.45195e-10
      9130.00  5.40718e-10
      9140.00  5.35477e-10
      9150.00  5.29335e-10
      9160.00  5.22224e-10
      9170.00  5.14164e-10
      9180.00  5.05268e-10
      9190.00  4.95756e-10
      9200.00  4.85947e-10
      9210.00  4.76223e-10
      9220.00  4.66966e-10
      9230.00  4.58477e-10
      9240.00  4.50887e-10
      9250.00  4.44108e-10
      9260.00  4.37857e-10
      9270.00  4.31771e-10
      9280.00  4.25577e-10
      9290.00  4.19240e-10
      9300.00  4.12984e-10
      9310.00  4.07173e-10
      9320.00  4.02123e-10
      9330.00  3.97956e-10
      9340.00  3.94585e-10
      9350.00  3.91786e-10
      9360.00  3.89310e-10
      9370.00  3.86958e-10
      9380.00  3.84604e-10
      9390.00  3.82183e-10
      9400.00  3.79673e-10
      9410.00  3.77070e-10
      9420.00  3.74383e-10
      9430.00  3.71625e-10
      9440.00  3.68812e-10
      9450.00  3.65963e-10
      9460.00  3.63096e-10
      9470.00  3.60231e-10
      9480.00  3.57388e-10
      9490.00  3.54585e-10
      9500.00  3.51839e-10
      9510.00  3.49164e-10
      9520.00  3.46570e-10
      9530.00  3.44066e-10
      9540.00  3.41655e-10
      9550.00  3.39338e-10
      9560.00  3.37111e-10
      9570.00  3.34968e-10
      9580.00  3.32901e-10
      9590.00  3.30897e-10
      9600.00  3.28945e-10
      9610.00  3.27031e-10
      9620.00  3.25143e-10
      9630.00  3.23268e-10
      9640.00  3.21397e-10
      9650.00  3.19520e-10
      9660.00  3.17631e-10
      9670.00  3.15725e-10
      9680.00  3.13801e-10
      9690.00  3.11861e-10
      9700.00  3.09906e-10
      9710.00  3.07941e-10
      9720.00  3.05974e-10
      9730.00  3.04011e-10
      9740.00  3.02060e-10
      9750.00  3.00130e-10
      9760.00  2.98229e-10
      9770.00  2.96364e-10
      9780.00  2.94542e-10
      9790.00  2.92769e-10
      9800.00  2.91051e-10
      9810.00  2.89392e-10
      9820.00  2.87796e-10
      9830.00  2.86266e-10
      9840.00  2.84804e-10
      9850.00  2.83415e-10
      9860.00  2.82100e-10
      9870.00  2.80862e-10
      9880.00  2.79704e-10
      9890.00  2.78628e-10
      9900.00  2.77635e-10
      9910.00  2.76727e-10
      9920.00  2.75900e-10
      9930.00  2.75154e-10
      9940.00  2.74483e-10
      9950.00  2.73878e-10
      9960.00  2.73330e-10
      9970.00  2.72825e-10
      9980.00  2.72349e-10
      9990.00  2.71883e-10
      10000.0  2.71409e-10
      10010.0  2.70907e-10
      10020.0  2.70359e-10
      10030.0  2.69744e-10
      10040.0  2.69046e-10
      10050.0  2.68250e-10
      10060.0  2.67345e-10
      10070.0  2.66320e-10
      10080.0  2.65171e-10
      10090.0  2.63896e-10
      10100.0  2.62496e-10
      10110.0  2.60977e-10
      10120.0  2.59347e-10
      10130.0  2.57616e-10
      10140.0  2.55798e-10
      10150.0  2.53906e-10
      10160.0  2.51957e-10
      10170.0  2.49967e-10
      10180.0  2.47954e-10
      10190.0  2.45934e-10
      10200.0  2.43925e-10
      10210.0  2.41942e-10
      10220.0  2.40000e-10
      10230.0  2.38114e-10
      10240.0  2.36295e-10
      10250.0  2.34555e-10
      10260.0  2.32903e-10
      10270.0  2.31345e-10
      10280.0  2.29887e-10
      10290.0  2.28532e-10
      10300.0  2.27279e-10
      10310.0  2.26129e-10
      10320.0  2.25077e-10
      10330.0  2.24118e-10
      10340.0  2.23246e-10
      10350.0  2.22453e-10
      10360.0  2.21727e-10
      10370.0  2.21059e-10
      10380.0  2.20437e-10
      10390.0  2.19849e-10
      10400.0  2.19283e-10
      10410.0  2.18726e-10
      10420.0  2.18167e-10
      10430.0  2.17593e-10
      10440.0  2.16993e-10
      10450.0  2.16357e-10
      10460.0  2.15676e-10
      10470.0  2.14941e-10
      10480.0  2.14145e-10
      10490.0  2.13281e-10
      10500.0  2.12344e-10
      10510.0  2.11330e-10
      10520.0  2.10235e-10
      10530.0  2.09058e-10
      10540.0  2.07798e-10
      10550.0  2.06454e-10
      10560.0  2.05027e-10
      10570.0  2.03519e-10
      10580.0  2.01933e-10
      10590.0  2.00271e-10
      10600.0  1.98538e-10
      10610.0  1.96738e-10
      10620.0  1.94875e-10
      10630.0  1.92956e-10
      10640.0  1.90986e-10
      10650.0  1.88970e-10
      10660.0  1.86915e-10
      10670.0  1.84826e-10
      10680.0  1.82709e-10
      10690.0  1.80571e-10
      10700.0  1.78416e-10
      10710.0  1.76249e-10
      10720.0  1.74076e-10
      10730.0  1.71901e-10
      10740.0  1.69728e-10
      10750.0  1.67560e-10
      10760.0  1.65401e-10
      10770.0  1.63254e-10
      10780.0  1.61123e-10
      10790.0  1.59008e-10
      10800.0  1.56914e-10
      10810.0  1.54842e-10
      10820.0  1.52794e-10
      10830.0  1.50773e-10
      10840.0  1.48780e-10
      10850.0  1.46817e-10
      10860.0  1.44887e-10
      10870.0  1.42990e-10
      10880.0  1.41130e-10
      10890.0  1.39306e-10
      10900.0  1.37520e-10
      10910.0  1.35774e-10
      10920.0  1.34069e-10
      10930.0  1.32406e-10
      10940.0  1.30785e-10
      10950.0  1.29207e-10
      10960.0  1.27672e-10
      10970.0  1.26181e-10
      10980.0  1.24735e-10
      10990.0  1.23333e-10
      11000.0  1.21975e-10
      11010.0  1.20662e-10
      11020.0  1.19395e-10
      11030.0  1.18172e-10
      11040.0  1.16994e-10
      11050.0  1.15861e-10
      11060.0  1.14772e-10
      11070.0  1.13729e-10
      11080.0  1.12729e-10
      11090.0  1.11773e-10
      11100.0  1.10860e-10
      11110.0  1.09988e-10
      11120.0  1.09157e-10
      11130.0  1.08366e-10
      11140.0  1.07612e-10
      11150.0  1.06893e-10
      11160.0  1.06209e-10
      11170.0  1.05556e-10
      11180.0  1.04932e-10
      11190.0  1.04334e-10
      11200.0  1.03761e-10
      11210.0  1.03210e-10
      11220.0  1.02678e-10
      11230.0  1.02164e-10
      11240.0  1.01664e-10
      11250.0  1.01176e-10
      11260.0  1.00700e-10
      11270.0  1.00232e-10
      11280.0  9.97715e-11
      11290.0  9.93170e-11
      11300.0  9.88671e-11
      11310.0  9.84204e-11
      11320.0  9.79760e-11
      11330.0  9.75325e-11
      11340.0  9.70888e-11
      11350.0  9.66436e-11
      11360.0  9.61954e-11
      11370.0  9.57426e-11
      11380.0  9.52834e-11
      11390.0  9.48160e-11
      11400.0  9.43379e-11
      11410.0  9.38470e-11
      11420.0  9.33406e-11
      11430.0  9.28163e-11
      11440.0  9.22714e-11
      11450.0  9.17034e-11
      11460.0  9.11099e-11
      11470.0  9.04888e-11
      11480.0  8.98382e-11
      11490.0  8.91568e-11
      11500.0  8.84435e-11
      11510.0  8.76980e-11
      11520.0  8.69204e-11
      11530.0  8.61114e-11
      11540.0  8.52723e-11
      11550.0  8.44051e-11
      11560.0  8.35119e-11
      11570.0  8.25958e-11
      11580.0  8.16598e-11
      11590.0  8.07075e-11
      11600.0  7.97427e-11
      11610.0  7.87689e-11
      11620.0  7.77902e-11
      11630.0  7.68101e-11
      11640.0  7.58321e-11
      11650.0  7.48595e-11
      11660.0  7.38953e-11
      11670.0  7.29419e-11
      11680.0  7.20015e-11
      11690.0  7.10759e-11
      11700.0  7.01664e-11
      11710.0  6.92741e-11
      11720.0  6.83994e-11
      11730.0  6.75427e-11
      11740.0  6.67040e-11
      11750.0  6.58829e-11
      11760.0  6.50791e-11
      11770.0  6.42919e-11
      11780.0  6.35207e-11
      11790.0  6.27646e-11
      11800.0  6.20230e-11
      11810.0  6.12950e-11
      11820.0  6.05800e-11
      11830.0  5.98771e-11
      11840.0  5.91858e-11
      11850.0  5.85056e-11
      11860.0  5.78358e-11
      11870.0  5.71761e-11
      11880.0  5.65262e-11
      11890.0  5.58858e-11
      11900.0  5.52547e-11
      11910.0  5.46328e-11
      11920.0  5.40199e-11
      11930.0  5.34161e-11
      11940.0  5.28214e-11
      11950.0  5.22357e-11
      11960.0  5.16591e-11
      11970.0  5.10919e-11
      11980.0  5.05339e-11
      11990.0  4.99855e-11
      12000.0  4.94466e-11
      12010.0  4.89174e-11
      12020.0  4.83982e-11
      12030.0  4.78890e-11
      12040.0  4.73901e-11
      12050.0  4.69016e-11
      12060.0  4.64238e-11
      12070.0  4.59571e-11
      12080.0  4.55017e-11
      12090.0  4.50581e-11
      12100.0  4.46267e-11
      12110.0  4.42082e-11
      12120.0  4.38032e-11
      12130.0  4.34124e-11
      12140.0  4.30367e-11
      12150.0  4.26770e-11
      12160.0  4.23343e-11
      12170.0  4.20097e-11
      12180.0  4.17042e-11
      12190.0  4.14191e-11
      12200.0  4.11555e-11
      12210.0  4.09146e-11
      12220.0  4.06974e-11
      12230.0  4.05052e-11
      12240.0  4.03388e-11
      12250.0  4.01992e-11
      12260.0  4.00871e-11
      12270.0  4.00033e-11
      12280.0  3.99483e-11
      12290.0  3.99223e-11
      12300.0  3.99258e-11
      12310.0  3.99588e-11
      12320.0  4.00212e-11
      12330.0  4.01131e-11
      12340.0  4.02341e-11
      12350.0  4.03839e-11
      12360.0  4.05623e-11
      12370.0  4.07688e-11
      12380.0  4.10029e-11
      12390.0  4.12643e-11
      12400.0  4.15523e-11
      12410.0  4.18666e-11
      12420.0  4.22064e-11
      12430.0  4.25713e-11
      12440.0  4.29606e-11
      12450.0  4.33734e-11
      12460.0  4.38089e-11
      12470.0  4.42661e-11
      12480.0  4.47435e-11
      12490.0  4.52399e-11
      12500.0  4.57534e-11
      12510.0  4.62821e-11
      12520.0  4.68237e-11
      12530.0  4.73757e-11
      12540.0  4.79352e-11
      12550.0  4.84991e-11
      12560.0  4.90641e-11
      12570.0  4.96265e-11
      12580.0  5.01825e-11
      12590.0  5.07283e-11
      12600.0  5.12598e-11
      12610.0  5.17728e-11
      12620.0  5.22633e-11
      12630.0  5.27273e-11
      12640.0  5.31608e-11
      12650.0  5.35601e-11
      12660.0  5.39218e-11
      12670.0  5.42425e-11
      12680.0  5.45195e-11
      12690.0  5.47502e-11
      12700.0  5.49326e-11
      12710.0  5.50651e-11
      12720.0  5.51465e-11
      12730.0  5.51763e-11
      12740.0  5.51544e-11
      12750.0  5.50812e-11
      12760.0  5.49578e-11
      12770.0  5.47856e-11
      12780.0  5.45668e-11
      12790.0  5.43037e-11
      12800.0  5.39993e-11
      12810.0  5.36570e-11
      12820.0  5.32803e-11
      12830.0  5.28731e-11
      12840.0  5.24396e-11
      12850.0  5.19839e-11
      12860.0  5.15103e-11
      12870.0  5.10231e-11
      12880.0  5.05263e-11
      12890.0  5.00240e-11
      12900.0  4.95198e-11
      12910.0  4.90172e-11
      12920.0  4.85194e-11
      12930.0  4.80291e-11
      12940.0  4.75487e-11
      12950.0  4.70802e-11
      12960.0  4.66252e-11
      12970.0  4.61849e-11
      12980.0  4.57602e-11
      12990.0  4.53515e-11
      13000.0  4.49591e-11
      13010.0  4.45829e-11
      13020.0  4.42227e-11
      13030.0  4.38780e-11
      13040.0  4.35483e-11
      13050.0  4.32328e-11
      13060.0  4.29309e-11
      13070.0  4.26418e-11
      13080.0  4.23647e-11
      13090.0  4.20990e-11
      13100.0  4.18439e-11
      13110.0  4.15986e-11
      13120.0  4.13626e-11
      13130.0  4.11351e-11
      13140.0  4.09156e-11
      13150.0  4.07035e-11
      13160.0  4.04980e-11
      13170.0  4.02987e-11
      13180.0  4.01048e-11
      13190.0  3.99158e-11
      13200.0  3.97312e-11
      13210.0  3.95504e-11
      13220.0  3.93729e-11
      13230.0  3.91985e-11
      13240.0  3.90268e-11
      13250.0  3.88577e-11
      13260.0  3.86913e-11
      13270.0  3.85279e-11
      13280.0  3.83678e-11
      13290.0  3.82116e-11
      13300.0  3.80602e-11
      13310.0  3.79145e-11
      13320.0  3.77756e-11
      13330.0  3.76447e-11
      13340.0  3.75231e-11
      13350.0  3.74119e-11
      13360.0  3.73124e-11
      13370.0  3.72257e-11
      13380.0  3.71526e-11
      13390.0  3.70938e-11
      13400.0  3.70497e-11
      13410.0  3.70204e-11
      13420.0  3.70055e-11
      13430.0  3.70045e-11
      13440.0  3.70164e-11
      13450.0  3.70399e-11
      13460.0  3.70733e-11
      13470.0  3.71146e-11
      13480.0  3.71617e-11
      13490.0  3.72121e-11
      13500.0  3.72635e-11
      13510.0  3.73131e-11
      13520.0  3.73584e-11
      13530.0  3.73969e-11
      13540.0  3.74262e-11
      13550.0  3.74439e-11
      13560.0  3.74482e-11
      13570.0  3.74372e-11
      13580.0  3.74095e-11
      13590.0  3.73639e-11
      13600.0  3.72996e-11
      13610.0  3.72163e-11
      13620.0  3.71139e-11
      13630.0  3.69925e-11
      13640.0  3.68528e-11
      13650.0  3.66957e-11
      13660.0  3.65224e-11
      13670.0  3.63343e-11
      13680.0  3.61331e-11
      13690.0  3.59206e-11
      13700.0  3.56989e-11
      13710.0  3.54699e-11
      13720.0  3.52359e-11
      13730.0  3.49989e-11
      13740.0  3.47610e-11
      13750.0  3.45243e-11
      13760.0  3.42907e-11
      13770.0  3.40620e-11
      13780.0  3.38397e-11
      13790.0  3.36254e-11
      13800.0  3.34203e-11
      13810.0  3.32255e-11
      13820.0  3.30416e-11
      13830.0  3.28696e-11
      13840.0  3.27097e-11
      13850.0  3.25623e-11
      13860.0  3.24275e-11
      13870.0  3.23054e-11
      13880.0  3.21958e-11
      13890.0  3.20985e-11
      13900.0  3.20132e-11
      13910.0  3.19394e-11
      13920.0  3.18769e-11
      13930.0  3.18251e-11
      13940.0  3.17834e-11
      13950.0  3.17512e-11
      13960.0  3.17279e-11
      13970.0  3.17128e-11
      13980.0  3.17050e-11
      13990.0  3.17036e-11
      14000.0  3.17077e-11
      14010.0  3.17163e-11
      14020.0  3.17280e-11
      14030.0  3.17418e-11
      14040.0  3.17561e-11
      14050.0  3.17697e-11
      14060.0  3.17809e-11
      14070.0  3.17884e-11
      14080.0  3.17904e-11
      14090.0  3.17856e-11
      14100.0  3.17724e-11
      14110.0  3.17495e-11
      14120.0  3.17155e-11
      14130.0  3.16694e-11
      14140.0  3.16101e-11
      14150.0  3.15371e-11
      14160.0  3.14496e-11
      14170.0  3.13476e-11
      14180.0  3.12309e-11
      14190.0  3.10999e-11
      14200.0  3.09550e-11
      14210.0  3.07969e-11
      14220.0  3.06267e-11
      14230.0  3.04456e-11
      14240.0  3.02549e-11
      14250.0  3.00563e-11
      14260.0  2.98513e-11
      14270.0  2.96418e-11
      14280.0  2.94296e-11
      14290.0  2.92166e-11
      14300.0  2.90047e-11
      14310.0  2.87957e-11
      14320.0  2.85915e-11
      14330.0  2.83936e-11
      14340.0  2.82037e-11
      14350.0  2.80232e-11
      14360.0  2.78533e-11
      14370.0  2.76951e-11
      14380.0  2.75495e-11
      14390.0  2.74171e-11
      14400.0  2.72985e-11
      14410.0  2.71938e-11
      14420.0  2.71030e-11
      14430.0  2.70261e-11
      14440.0  2.69626e-11
      14450.0  2.69120e-11
      14460.0  2.68736e-11
      14470.0  2.68465e-11
      14480.0  2.68300e-11
      14490.0  2.68229e-11
      14500.0  2.68242e-11
      14510.0  2.68328e-11
      14520.0  2.68478e-11
      14530.0  2.68680e-11
      14540.0  2.68927e-11
      14550.0  2.69209e-11
      14560.0  2.69520e-11
      14570.0  2.69854e-11
      14580.0  2.70207e-11
      14590.0  2.70575e-11
      14600.0  2.70958e-11
      14610.0  2.71355e-11
      14620.0  2.71767e-11
      14630.0  2.72196e-11
      14640.0  2.72646e-11
      14650.0  2.73121e-11
      14660.0  2.73624e-11
      14670.0  2.74161e-11
      14680.0  2.74735e-11
      14690.0  2.75352e-11
      14700.0  2.76016e-11
      14710.0  2.76730e-11
      14720.0  2.77500e-11
      14730.0  2.78327e-11
      14740.0  2.79215e-11
      14750.0  2.80169e-11
      14760.0  2.81190e-11
      14770.0  2.82282e-11
      14780.0  2.83451e-11
      14790.0  2.84700e-11
      14800.0  2.86035e-11
      14810.0  2.87465e-11
      14820.0  2.88996e-11
      14830.0  2.90640e-11
      14840.0  2.92408e-11
      14850.0  2.94311e-11
      14860.0  2.96366e-11
      14870.0  2.98586e-11
      14880.0  3.00988e-11
      14890.0  3.03590e-11
      14900.0  3.06407e-11
      14910.0  3.09457e-11
      14920.0  3.12756e-11
      14930.0  3.16319e-11
      14940.0  3.20159e-11
      14950.0  3.24287e-11
      14960.0  3.28712e-11
      14970.0  3.33441e-11
      14980.0  3.38477e-11
      14990.0  3.43820e-11
      15000.0  3.49468e-11
      15010.0  3.55414e-11
      15020.0  3.61651e-11
      15030.0  3.68166e-11
      15040.0  3.74946e-11
      15050.0  3.81975e-11
      15060.0  3.89237e-11
      15070.0  3.96713e-11
      15080.0  4.04384e-11
      15090.0  4.12231e-11
      15100.0  4.20235e-11
      15110.0  4.28378e-11
      15120.0  4.36641e-11
      15130.0  4.45008e-11
      15140.0  4.53464e-11
      15150.0  4.61995e-11
      15160.0  4.70587e-11
      15170.0  4.79228e-11
      15180.0  4.87910e-11
      15190.0  4.96620e-11
      15200.0  5.05351e-11
      15210.0  5.14093e-11
      15220.0  5.22837e-11
      15230.0  5.31575e-11
      15240.0  5.40296e-11
      15250.0  5.48990e-11
      15260.0  5.57645e-11
      15270.0  5.66248e-11
      15280.0  5.74784e-11
      15290.0  5.83238e-11
      15300.0  5.91592e-11
      15310.0  5.99826e-11
      15320.0  6.07921e-11
      15330.0  6.15854e-11
      15340.0  6.23603e-11
      15350.0  6.31144e-11
      15360.0  6.38454e-11
      15370.0  6.45508e-11
      15380.0  6.52284e-11
      15390.0  6.58757e-11
      15400.0  6.64908e-11
      15410.0  6.70714e-11
      15420.0  6.76157e-11
      15430.0  6.81222e-11
      15440.0  6.85893e-11
      15450.0  6.90159e-11
      15460.0  6.94012e-11
      15470.0  6.97444e-11
      15480.0  7.00453e-11
      15490.0  7.03039e-11
      15500.0  7.05203e-11
      15510.0  7.06952e-11
      15520.0  7.08291e-11
      15530.0  7.09232e-11
      15540.0  7.09786e-11
      15550.0  7.09966e-11
      15560.0  7.09788e-11
      15570.0  7.09268e-11
      15580.0  7.08424e-11
      15590.0  7.07273e-11
      15600.0  7.05836e-11
      15610.0  7.04130e-11
      15620.0  7.02175e-11
      15630.0  6.99991e-11
      15640.0  6.97597e-11
      15650.0  6.95013e-11
      15660.0  6.92258e-11
      15670.0  6.89350e-11
      15680.0  6.86309e-11
      15690.0  6.83152e-11
      15700.0  6.79898e-11
      15710.0  6.76566e-11
      15720.0  6.73171e-11
      15730.0  6.69731e-11
      15740.0  6.66262e-11
      15750.0  6.62781e-11
      15760.0  6.59301e-11
      15770.0  6.55837e-11
      15780.0  6.52401e-11
      15790.0  6.49006e-11
      15800.0  6.45662e-11
      15810.0  6.42376e-11
      15820.0  6.39158e-11
      15830.0  6.36011e-11
      15840.0  6.32941e-11
      15850.0  6.29948e-11
      15860.0  6.27034e-11
      15870.0  6.24196e-11
      15880.0  6.21431e-11
      15890.0  6.18734e-11
      15900.0  6.16100e-11
      15910.0  6.13521e-11
      15920.0  6.10988e-11
      15930.0  6.08494e-11
      15940.0  6.06028e-11
      15950.0  6.03582e-11
      15960.0  6.01146e-11
      15970.0  5.98712e-11
      15980.0  5.96272e-11
      15990.0  5.93820e-11
      16000.0  5.91350e-11
      16010.0  5.88858e-11
      16020.0  5.86343e-11
      16030.0  5.83802e-11
      16040.0  5.81238e-11
      16050.0  5.78653e-11
      16060.0  5.76053e-11
      16070.0  5.73442e-11
      16080.0  5.70829e-11
      16090.0  5.68222e-11
      16100.0  5.65631e-11
      16110.0  5.63067e-11
      16120.0  5.60539e-11
      16130.0  5.58059e-11
      16140.0  5.55636e-11
      16150.0  5.53280e-11
      16160.0  5.50999e-11
      16170.0  5.48800e-11
      16180.0  5.46688e-11
      16190.0  5.44667e-11
      16200.0  5.42740e-11
      16210.0  5.40905e-11
      16220.0  5.39159e-11
      16230.0  5.37500e-11
      16240.0  5.35921e-11
      16250.0  5.34414e-11
      16260.0  5.32970e-11
      16270.0  5.31578e-11
      16280.0  5.30227e-11
      16290.0  5.28905e-11
      16300.0  5.27599e-11
      16310.0  5.26298e-11
      16320.0  5.24988e-11
      16330.0  5.23659e-11
      16340.0  5.22298e-11
      16350.0  5.20897e-11
      16360.0  5.19446e-11
      16370.0  5.17937e-11
      16380.0  5.16365e-11
      16390.0  5.14724e-11
      16400.0  5.13011e-11
      16410.0  5.11225e-11
      16420.0  5.09366e-11
      16430.0  5.07435e-11
      16440.0  5.05435e-11
      16450.0  5.03371e-11
      16460.0  5.01248e-11
      16470.0  4.99074e-11
      16480.0  4.96855e-11
      16490.0  4.94602e-11
      16500.0  4.92325e-11
      16510.0  4.90033e-11
      16520.0  4.87738e-11
      16530.0  4.85453e-11
      16540.0  4.83187e-11
      16550.0  4.80955e-11
      16560.0  4.78767e-11
      16570.0  4.76636e-11
      16580.0  4.74574e-11
      16590.0  4.72592e-11
      16600.0  4.70701e-11
      16610.0  4.68912e-11
      16620.0  4.67235e-11
      16630.0  4.65680e-11
      16640.0  4.64256e-11
      16650.0  4.62972e-11
      16660.0  4.61836e-11
      16670.0  4.60854e-11
      16680.0  4.60034e-11
      16690.0  4.59383e-11
      16700.0  4.58905e-11
      16710.0  4.58605e-11
      16720.0  4.58490e-11
      16730.0  4.58561e-11
      16740.0  4.58824e-11
      16750.0  4.59281e-11
      16760.0  4.59934e-11
      16770.0  4.60786e-11
      16780.0  4.61836e-11
      16790.0  4.63086e-11
      16800.0  4.64535e-11
      16810.0  4.66183e-11
      16820.0  4.68027e-11
      16830.0  4.70065e-11
      16840.0  4.72292e-11
      16850.0  4.74705e-11
      16860.0  4.77298e-11
      16870.0  4.80064e-11
      16880.0  4.82996e-11
      16890.0  4.86087e-11
      16900.0  4.89327e-11
      16910.0  4.92707e-11
      16920.0  4.96216e-11
      16930.0  4.99843e-11
      16940.0  5.03578e-11
      16950.0  5.07410e-11
      16960.0  5.11326e-11
      16970.0  5.15316e-11
      16980.0  5.19368e-11
      16990.0  5.23473e-11
      17000.0  5.27618e-11
      17010.0  5.31797e-11
      17020.0  5.35999e-11
      17030.0  5.40217e-11
      17040.0  5.44445e-11
      17050.0  5.48677e-11
      17060.0  5.52909e-11
      17070.0  5.57138e-11
      17080.0  5.61361e-11
      17090.0  5.65579e-11
      17100.0  5.69792e-11
      17110.0  5.74000e-11
      17120.0  5.78206e-11
      17130.0  5.82413e-11
      17140.0  5.86624e-11
      17150.0  5.90843e-11
      17160.0  5.95075e-11
      17170.0  5.99322e-11
      17180.0  6.03590e-11
      17190.0  6.07881e-11
      17200.0  6.12200e-11
      17210.0  6.16547e-11
      17220.0  6.20926e-11
      17230.0  6.25335e-11
      17240.0  6.29776e-11
      17250.0  6.34245e-11
      17260.0  6.38741e-11
      17270.0  6.43259e-11
      17280.0  6.47793e-11
      17290.0  6.52338e-11
      17300.0  6.56885e-11
      17310.0  6.61426e-11
      17320.0  6.65950e-11
      17330.0  6.70449e-11
      17340.0  6.74910e-11
      17350.0  6.79322e-11
      17360.0  6.83674e-11
      17370.0  6.87953e-11
      17380.0  6.92148e-11
      17390.0  6.96247e-11
      17400.0  7.00240e-11
      17410.0  7.04116e-11
      17420.0  7.07864e-11
      17430.0  7.11477e-11
      17440.0  7.14946e-11
      17450.0  7.18265e-11
      17460.0  7.21427e-11
      17470.0  7.24429e-11
      17480.0  7.27265e-11
      17490.0  7.29935e-11
      17500.0  7.32438e-11
      17510.0  7.34773e-11
      17520.0  7.36941e-11
      17530.0  7.38946e-11
      17540.0  7.40790e-11
      17550.0  7.42478e-11
      17560.0  7.44016e-11
      17570.0  7.45409e-11
      17580.0  7.46666e-11
      17590.0  7.47793e-11
      17600.0  7.48799e-11
      17610.0  7.49693e-11
      17620.0  7.50484e-11
      17630.0  7.51182e-11
      17640.0  7.51796e-11
      17650.0  7.52336e-11
      17660.0  7.52811e-11
      17670.0  7.53232e-11
      17680.0  7.53605e-11
      17690.0  7.53941e-11
      17700.0  7.54247e-11
      17710.0  7.54530e-11
      17720.0  7.54795e-11
      17730.0  7.55047e-11
      17740.0  7.55290e-11
      17750.0  7.55527e-11
      17760.0  7.55758e-11
      17770.0  7.55982e-11
      17780.0  7.56198e-11
      17790.0  7.56400e-11
      17800.0  7.56585e-11
      17810.0  7.56745e-11
      17820.0  7.56872e-11
      17830.0  7.56954e-11
      17840.0  7.56981e-11
      17850.0  7.56940e-11
      17860.0  7.56816e-11
      17870.0  7.56596e-11
      17880.0  7.56262e-11
      17890.0  7.55798e-11
      17900.0  7.55188e-11
      17910.0  7.54413e-11
      17920.0  7.53459e-11
      17930.0  7.52307e-11
      17940.0  7.50942e-11
      17950.0  7.49348e-11
      17960.0  7.47513e-11
      17970.0  7.45422e-11
      17980.0  7.43065e-11
      17990.0  7.40433e-11
      18000.0  7.37519e-11
      18010.0  7.34317e-11
      18020.0  7.30826e-11
      18030.0  7.27044e-11
      18040.0  7.22975e-11
      18050.0  7.18622e-11
      18060.0  7.13994e-11
      18070.0  7.09100e-11
      18080.0  7.03952e-11
      18090.0  6.98565e-11
      18100.0  6.92955e-11
      18110.0  6.87141e-11
      18120.0  6.81143e-11
      18130.0  6.74981e-11
      18140.0  6.68678e-11
      18150.0  6.62257e-11
      18160.0  6.55741e-11
      18170.0  6.49152e-11
      18180.0  6.42514e-11
      18190.0  6.35847e-11
      18200.0  6.29172e-11
      18210.0  6.22508e-11
      18220.0  6.15872e-11
      18230.0  6.09279e-11
      18240.0  6.02742e-11
      18250.0  5.96270e-11
      18260.0  5.89873e-11
      18270.0  5.83555e-11
      18280.0  5.77319e-11
      18290.0  5.71166e-11
      18300.0  5.65092e-11
      18310.0  5.59094e-11
      18320.0  5.53166e-11
      18330.0  5.47299e-11
      18340.0  5.41485e-11
      18350.0  5.35713e-11
      18360.0  5.29972e-11
      18370.0  5.24252e-11
      18380.0  5.18540e-11
      18390.0  5.12826e-11
      18400.0  5.07100e-11
      18410.0  5.01353e-11
      18420.0  4.95577e-11
      18430.0  4.89766e-11
      18440.0  4.83916e-11
      18450.0  4.78024e-11
      18460.0  4.72090e-11
      18470.0  4.66117e-11
      18480.0  4.60107e-11
      18490.0  4.54067e-11
      18500.0  4.48006e-11
      18510.0  4.41933e-11
      18520.0  4.35861e-11
      18530.0  4.29803e-11
      18540.0  4.23774e-11
      18550.0  4.17790e-11
      18560.0  4.11868e-11
      18570.0  4.06026e-11
      18580.0  4.00282e-11
      18590.0  3.94653e-11
      18600.0  3.89158e-11
      18610.0  3.83814e-11
      18620.0  3.78638e-11
      18630.0  3.73644e-11
      18640.0  3.68849e-11
      18650.0  3.64265e-11
      18660.0  3.59904e-11
      18670.0  3.55776e-11
      18680.0  3.51888e-11
      18690.0  3.48248e-11
      18700.0  3.44860e-11
      18710.0  3.41725e-11
      18720.0  3.38846e-11
      18730.0  3.36219e-11
      18740.0  3.33843e-11
      18750.0  3.31711e-11
      18760.0  3.29818e-11
      18770.0  3.28154e-11
      18780.0  3.26710e-11
      18790.0  3.25475e-11
      18800.0  3.24436e-11
      18810.0  3.23581e-11
      18820.0  3.22897e-11
      18830.0  3.22368e-11
      18840.0  3.21980e-11
      18850.0  3.21719e-11
      18860.0  3.21571e-11
      18870.0  3.21520e-11
      18880.0  3.21553e-11
      18890.0  3.21658e-11
      18900.0  3.21821e-11
      18910.0  3.22031e-11
      18920.0  3.22276e-11
      18930.0  3.22549e-11
      18940.0  3.22839e-11
      18950.0  3.23140e-11
      18960.0  3.23445e-11
      18970.0  3.23748e-11
      18980.0  3.24045e-11
      18990.0  3.24334e-11
      19000.0  3.24611e-11
      19010.0  3.24876e-11
      19020.0  3.25127e-11
      19030.0  3.25365e-11
      19040.0  3.25590e-11
      19050.0  3.25805e-11
      19060.0  3.26010e-11
      19070.0  3.26209e-11
      19080.0  3.26403e-11
      19090.0  3.26597e-11
      19100.0  3.26793e-11
      19110.0  3.26995e-11
      19120.0  3.27207e-11
      19130.0  3.27432e-11
      19140.0  3.27675e-11
      19150.0  3.27940e-11
      19160.0  3.28230e-11
      19170.0  3.28551e-11
      19180.0  3.28906e-11
      19190.0  3.29298e-11
      19200.0  3.29734e-11
      19210.0  3.30215e-11
      19220.0  3.30745e-11
      19230.0  3.31329e-11
      19240.0  3.31968e-11
      19250.0  3.32666e-11
      19260.0  3.33425e-11
      19270.0  3.34247e-11
      19280.0  3.35132e-11
      19290.0  3.36082e-11
      19300.0  3.37096e-11
      19310.0  3.38175e-11
      19320.0  3.39316e-11
      19330.0  3.40518e-11
      19340.0  3.41779e-11
      19350.0  3.43094e-11
      19360.0  3.44461e-11
      19370.0  3.45874e-11
      19380.0  3.47328e-11
      19390.0  3.48818e-11
      19400.0  3.50338e-11
      19410.0  3.51882e-11
      19420.0  3.53442e-11
      19430.0  3.55012e-11
      19440.0  3.56585e-11
      19450.0  3.58153e-11
      19460.0  3.59711e-11
      19470.0  3.61251e-11
      19480.0  3.62767e-11
      19490.0  3.64252e-11
      19500.0  3.65701e-11
      19510.0  3.67108e-11
      19520.0  3.68469e-11
      19530.0  3.69779e-11
      19540.0  3.71034e-11
      19550.0  3.72230e-11
      19560.0  3.73366e-11
      19570.0  3.74438e-11
      19580.0  3.75445e-11
      19590.0  3.76386e-11
      19600.0  3.77259e-11
      19610.0  3.78064e-11
      19620.0  3.78800e-11
      19630.0  3.79467e-11
      19640.0  3.80066e-11
      19650.0  3.80596e-11
      19660.0  3.81058e-11
      19670.0  3.81451e-11
      19680.0  3.81776e-11
      19690.0  3.82032e-11
      19700.0  3.82220e-11
      19710.0  3.82339e-11
      19720.0  3.82388e-11
      19730.0  3.82367e-11
      19740.0  3.82274e-11
      19750.0  3.82109e-11
      19760.0  3.81869e-11
      19770.0  3.81553e-11
      19780.0  3.81160e-11
      19790.0  3.80687e-11
      19800.0  3.80132e-11
      19810.0  3.79493e-11
      19820.0  3.78769e-11
      19830.0  3.77956e-11
      19840.0  3.77055e-11
      19850.0  3.76061e-11
      19860.0  3.74976e-11
      19870.0  3.73796e-11
      19880.0  3.72522e-11
      19890.0  3.71153e-11
      19900.0  3.69689e-11
      19910.0  3.68131e-11
      19920.0  3.66479e-11
      19930.0  3.64734e-11
      19940.0  3.62899e-11
      19950.0  3.60976e-11
      19960.0  3.58967e-11
      19970.0  3.56877e-11
      19980.0  3.54710e-11
      19990.0  3.52469e-11
      20000.0  3.50159e-11
      20010.0  3.47786e-11
      20020.0  3.45356e-11
      20030.0  3.42874e-11
      20040.0  3.40347e-11
      20050.0  3.37780e-11
      20060.0  3.35182e-11
      20070.0  3.32558e-11
      20080.0  3.29916e-11
      20090.0  3.27262e-11
      20100.0  3.24603e-11
      20110.0  3.21945e-11
      20120.0  3.19294e-11
      20130.0  3.16658e-11
      20140.0  3.14040e-11
      20150.0  3.11448e-11
      20160.0  3.08884e-11
      20170.0  3.06355e-11
      20180.0  3.03862e-11
      20190.0  3.01411e-11
      20200.0  2.99004e-11
      20210.0  2.96642e-11
      20220.0  2.94327e-11
      20230.0  2.92061e-11
      20240.0  2.89844e-11
      20250.0  2.87675e-11
      20260.0  2.85555e-11
      20270.0  2.83482e-11
      20280.0  2.81455e-11
      20290.0  2.79473e-11
      20300.0  2.77534e-11
      20310.0  2.75635e-11
      20320.0  2.73774e-11
      20330.0  2.71950e-11
      20340.0  2.70160e-11
      20350.0  2.68401e-11
      20360.0  2.66671e-11
      20370.0  2.64970e-11
      20380.0  2.63294e-11
      20390.0  2.61642e-11
      20400.0  2.60014e-11
      20410.0  2.58409e-11
      20420.0  2.56825e-11
      20430.0  2.55263e-11
      20440.0  2.53723e-11
      20450.0  2.52205e-11
      20460.0  2.50710e-11
      20470.0  2.49240e-11
      20480.0  2.47795e-11
      20490.0  2.46378e-11
      20500.0  2.44989e-11
      20510.0  2.43632e-11
      20520.0  2.42307e-11
      20530.0  2.41018e-11
      20540.0  2.39767e-11
      20550.0  2.38555e-11
      20560.0  2.37385e-11
      20570.0  2.36259e-11
      20580.0  2.35178e-11
      20590.0  2.34146e-11
      20600.0  2.33163e-11
      20610.0  2.32231e-11
      20620.0  2.31352e-11
      20630.0  2.30527e-11
      20640.0  2.29756e-11
      20650.0  2.29041e-11
      20660.0  2.28381e-11
      20670.0  2.27778e-11
      20680.0  2.27231e-11
      20690.0  2.26741e-11
      20700.0  2.26306e-11
      20710.0  2.25927e-11
      20720.0  2.25601e-11
      20730.0  2.25330e-11
      20740.0  2.25110e-11
      20750.0  2.24940e-11
      20760.0  2.24820e-11
      20770.0  2.24746e-11
      20780.0  2.24716e-11
      20790.0  2.24729e-11
      20800.0  2.24780e-11
      20810.0  2.24869e-11
      20820.0  2.24991e-11
      20830.0  2.25143e-11
      20840.0  2.25322e-11
      20850.0  2.25524e-11
      20860.0  2.25746e-11
      20870.0  2.25984e-11
      20880.0  2.26233e-11
      20890.0  2.26491e-11
      20900.0  2.26753e-11
      20910.0  2.27015e-11
      20920.0  2.27273e-11
      20930.0  2.27523e-11
      20940.0  2.27762e-11
      20950.0  2.27986e-11
      20960.0  2.28191e-11
      20970.0  2.28375e-11
      20980.0  2.28533e-11
      20990.0  2.28665e-11
      21000.0  2.28766e-11
      21010.0  2.28834e-11
      21020.0  2.28868e-11
      21030.0  2.28866e-11
      21040.0  2.28827e-11
      21050.0  2.28748e-11
      21060.0  2.28630e-11
      21070.0  2.28472e-11
      21080.0  2.28274e-11
      21090.0  2.28036e-11
      21100.0  2.27758e-11
      21110.0  2.27440e-11
      21120.0  2.27084e-11
      21130.0  2.26689e-11
      21140.0  2.26258e-11
      21150.0  2.25791e-11
      21160.0  2.25290e-11
      21170.0  2.24756e-11
      21180.0  2.24191e-11
      21190.0  2.23595e-11
      21200.0  2.22971e-11
      21210.0  2.22320e-11
      21220.0  2.21643e-11
      21230.0  2.20943e-11
      21240.0  2.20220e-11
      21250.0  2.19476e-11
      21260.0  2.18713e-11
      21270.0  2.17932e-11
      21280.0  2.17134e-11
      21290.0  2.16321e-11
      21300.0  2.15495e-11
      21310.0  2.14657e-11
      21320.0  2.13809e-11
      21330.0  2.12951e-11
      21340.0  2.12086e-11
      21350.0  2.11215e-11
      21360.0  2.10340e-11
      21370.0  2.09463e-11
      21380.0  2.08586e-11
      21390.0  2.07709e-11
      21400.0  2.06837e-11
      21410.0  2.05970e-11
      21420.0  2.05110e-11
      21430.0  2.04261e-11
      21440.0  2.03423e-11
      21450.0  2.02600e-11
      21460.0  2.01794e-11
      21470.0  2.01007e-11
      21480.0  2.00242e-11
      21490.0  1.99501e-11
      21500.0  1.98786e-11
      21510.0  1.98099e-11
      21520.0  1.97444e-11
      21530.0  1.96821e-11
      21540.0  1.96233e-11
      21550.0  1.95682e-11
      21560.0  1.95170e-11
      21570.0  1.94698e-11
      21580.0  1.94267e-11
      21590.0  1.93879e-11
      21600.0  1.93536e-11
      21610.0  1.93237e-11
      21620.0  1.92983e-11
      21630.0  1.92775e-11
      21640.0  1.92612e-11
      21650.0  1.92495e-11
      21660.0  1.92424e-11
      21670.0  1.92397e-11
      21680.0  1.92415e-11
      21690.0  1.92475e-11
      21700.0  1.92577e-11
      21710.0  1.92719e-11
      21720.0  1.92900e-11
      21730.0  1.93117e-11
      21740.0  1.93368e-11
      21750.0  1.93652e-11
      21760.0  1.93966e-11
      21770.0  1.94308e-11
      21780.0  1.94674e-11
      21790.0  1.95063e-11
      21800.0  1.95470e-11
      21810.0  1.95894e-11
      21820.0  1.96332e-11
      21830.0  1.96780e-11
      21840.0  1.97237e-11
      21850.0  1.97698e-11
      21860.0  1.98161e-11
      21870.0  1.98623e-11
      21880.0  1.99082e-11
      21890.0  1.99536e-11
      21900.0  1.99981e-11
      21910.0  2.00415e-11
      21920.0  2.00837e-11
      21930.0  2.01244e-11
      21940.0  2.01634e-11
      21950.0  2.02007e-11
      21960.0  2.02359e-11
      21970.0  2.02691e-11
      21980.0  2.03001e-11
      21990.0  2.03289e-11
      22000.0  2.03552e-11
      22010.0  2.03792e-11
      22020.0  2.04008e-11
      22030.0  2.04199e-11
      22040.0  2.04366e-11
      22050.0  2.04508e-11
      22060.0  2.04626e-11
      22070.0  2.04721e-11
      22080.0  2.04792e-11
      22090.0  2.04841e-11
      22100.0  2.04868e-11
      22110.0  2.04873e-11
      22120.0  2.04859e-11
      22130.0  2.04825e-11
      22140.0  2.04772e-11
      22150.0  2.04701e-11
      22160.0  2.04614e-11
      22170.0  2.04510e-11
      22180.0  2.04390e-11
      22190.0  2.04256e-11
      22200.0  2.04108e-11
      22210.0  2.03947e-11
      22220.0  2.03772e-11
      22230.0  2.03585e-11
      22240.0  2.03385e-11
      22250.0  2.03174e-11
      22260.0  2.02950e-11
      22270.0  2.02714e-11
      22280.0  2.02465e-11
      22290.0  2.02203e-11
      22300.0  2.01928e-11
      22310.0  2.01639e-11
      22320.0  2.01335e-11
      22330.0  2.01015e-11
      22340.0  2.00677e-11
      22350.0  2.00322e-11
      22360.0  1.99947e-11
      22370.0  1.99552e-11
      22380.0  1.99134e-11
      22390.0  1.98692e-11
      22400.0  1.98225e-11
      22410.0  1.97732e-11
      22420.0  1.97210e-11
      22430.0  1.96659e-11
      22440.0  1.96076e-11
      22450.0  1.95462e-11
      22460.0  1.94815e-11
      22470.0  1.94133e-11
      22480.0  1.93417e-11
      22490.0  1.92666e-11
      22500.0  1.91879e-11
      22510.0  1.91058e-11
      22520.0  1.90201e-11
      22530.0  1.89310e-11
      22540.0  1.88386e-11
      22550.0  1.87429e-11
      22560.0  1.86442e-11
      22570.0  1.85427e-11
      22580.0  1.84385e-11
      22590.0  1.83319e-11
      22600.0  1.82231e-11
      22610.0  1.81125e-11
      22620.0  1.80004e-11
      22630.0  1.78870e-11
      22640.0  1.77728e-11
      22650.0  1.76581e-11
      22660.0  1.75432e-11
      22670.0  1.74286e-11
      22680.0  1.73145e-11
      22690.0  1.72013e-11
      22700.0  1.70894e-11
      22710.0  1.69791e-11
      22720.0  1.68707e-11
      22730.0  1.67645e-11
      22740.0  1.66607e-11
      22750.0  1.65596e-11
      22760.0  1.64615e-11
      22770.0  1.63664e-11
      22780.0  1.62746e-11
      22790.0  1.61861e-11
      22800.0  1.61010e-11
      22810.0  1.60194e-11
      22820.0  1.59413e-11
      22830.0  1.58666e-11
      22840.0  1.57954e-11
      22850.0  1.57274e-11
      22860.0  1.56626e-11
      22870.0  1.56009e-11
      22880.0  1.55420e-11
      22890.0  1.54859e-11
      22900.0  1.54322e-11
      22910.0  1.53809e-11
      22920.0  1.53315e-11
      22930.0  1.52839e-11
      22940.0  1.52379e-11
      22950.0  1.51932e-11
      22960.0  1.51495e-11
      22970.0  1.51065e-11
      22980.0  1.50640e-11
      22990.0  1.50218e-11
      23000.0  1.49796e-11
      23010.0  1.49371e-11
      23020.0  1.48942e-11
      23030.0  1.48505e-11
      23040.0  1.48060e-11
      23050.0  1.47604e-11
      23060.0  1.47135e-11
      23070.0  1.46652e-11
      23080.0  1.46154e-11
      23090.0  1.45639e-11
      23100.0  1.45107e-11
      23110.0  1.44556e-11
      23120.0  1.43987e-11
      23130.0  1.43400e-11
      23140.0  1.42795e-11
      23150.0  1.42172e-11
      23160.0  1.41532e-11
      23170.0  1.40876e-11
      23180.0  1.40206e-11
      23190.0  1.39524e-11
      23200.0  1.38831e-11
      23210.0  1.38130e-11
      23220.0  1.37424e-11
      23230.0  1.36713e-11
      23240.0  1.36003e-11
      23250.0  1.35295e-11
      23260.0  1.34592e-11
      23270.0  1.33897e-11
      23280.0  1.33214e-11
      23290.0  1.32545e-11
      23300.0  1.31893e-11
      23310.0  1.31260e-11
      23320.0  1.30650e-11
      23330.0  1.30065e-11
      23340.0  1.29507e-11
      23350.0  1.28977e-11
      23360.0  1.28478e-11
      23370.0  1.28011e-11
      23380.0  1.27577e-11
      23390.0  1.27176e-11
      23400.0  1.26809e-11
      23410.0  1.26476e-11
      23420.0  1.26176e-11
      23430.0  1.25910e-11
      23440.0  1.25677e-11
      23450.0  1.25474e-11
      23460.0  1.25301e-11
      23470.0  1.25157e-11
      23480.0  1.25039e-11
      23490.0  1.24946e-11
      23500.0  1.24876e-11
      23510.0  1.24826e-11
      23520.0  1.24796e-11
      23530.0  1.24782e-11
      23540.0  1.24783e-11
      23550.0  1.24798e-11
      23560.0  1.24824e-11
      23570.0  1.24860e-11
      23580.0  1.24905e-11
      23590.0  1.24957e-11
      23600.0  1.25017e-11
      23610.0  1.25083e-11
      23620.0  1.25156e-11
      23630.0  1.25235e-11
      23640.0  1.25321e-11
      23650.0  1.25414e-11
      23660.0  1.25516e-11
      23670.0  1.25626e-11
      23680.0  1.25747e-11
      23690.0  1.25879e-11
      23700.0  1.26024e-11
      23710.0  1.26183e-11
      23720.0  1.26358e-11
      23730.0  1.26550e-11
      23740.0  1.26761e-11
      23750.0  1.26991e-11
      23760.0  1.27243e-11
      23770.0  1.27517e-11
      23780.0  1.27814e-11
      23790.0  1.28136e-11
      23800.0  1.28483e-11
      23810.0  1.28857e-11
      23820.0  1.29257e-11
      23830.0  1.29686e-11
      23840.0  1.30145e-11
      23850.0  1.30634e-11
      23860.0  1.31155e-11
      23870.0  1.31708e-11
      23880.0  1.32294e-11
      23890.0  1.32916e-11
      23900.0  1.33575e-11
      23910.0  1.34271e-11
      23920.0  1.35007e-11
      23930.0  1.35782e-11
      23940.0  1.36597e-11
      23950.0  1.37454e-11
      23960.0  1.38352e-11
      23970.0  1.39289e-11
      23980.0  1.40267e-11
      23990.0  1.41281e-11
      24000.0  1.42332e-11
      24010.0  1.43415e-11
      24020.0  1.44529e-11
      24030.0  1.45668e-11
      24040.0  1.46830e-11
      24050.0  1.48011e-11
      24060.0  1.49205e-11
      24070.0  1.50409e-11
      24080.0  1.51619e-11
      24090.0  1.52830e-11
      24100.0  1.54039e-11
      24110.0  1.55242e-11
      24120.0  1.56436e-11
      24130.0  1.57619e-11
      24140.0  1.58787e-11
      24150.0  1.59941e-11
      24160.0  1.61077e-11
      24170.0  1.62197e-11
      24180.0  1.63298e-11
      24190.0  1.64382e-11
      24200.0  1.65448e-11
      24210.0  1.66497e-11
      24220.0  1.67530e-11
      24230.0  1.68547e-11
      24240.0  1.69550e-11
      24250.0  1.70539e-11
      24260.0  1.71516e-11
      24270.0  1.72481e-11
      24280.0  1.73436e-11
      24290.0  1.74382e-11
      24300.0  1.75319e-11
      24310.0  1.76249e-11
      24320.0  1.77173e-11
      24330.0  1.78091e-11
      24340.0  1.79004e-11
      24350.0  1.79914e-11
      24360.0  1.80822e-11
      24370.0  1.81728e-11
      24380.0  1.82634e-11
      24390.0  1.83540e-11
      24400.0  1.84448e-11
      24410.0  1.85358e-11
      24420.0  1.86271e-11
      24430.0  1.87188e-11
      24440.0  1.88108e-11
      24450.0  1.89031e-11
      24460.0  1.89958e-11
      24470.0  1.90886e-11
      24480.0  1.91814e-11
      24490.0  1.92741e-11
      24500.0  1.93664e-11
      24510.0  1.94579e-11
      24520.0  1.95483e-11
      24530.0  1.96372e-11
      24540.0  1.97241e-11
      24550.0  1.98086e-11
      24560.0  1.98901e-11
      24570.0  1.99683e-11
      24580.0  2.00424e-11
      24590.0  2.01122e-11
      24600.0  2.01771e-11
      24610.0  2.02368e-11
      24620.0  2.02909e-11
      24630.0  2.03393e-11
      24640.0  2.03817e-11
      24650.0  2.04181e-11
      24660.0  2.04486e-11
      24670.0  2.04732e-11
      24680.0  2.04922e-11
      24690.0  2.05059e-11
      24700.0  2.05146e-11
      24710.0  2.05189e-11
      24720.0  2.05190e-11
      24730.0  2.05157e-11
      24740.0  2.05094e-11
      24750.0  2.05006e-11
      24760.0  2.04900e-11
      24770.0  2.04779e-11
      24780.0  2.04650e-11
      24790.0  2.04515e-11
      24800.0  2.04380e-11
      24810.0  2.04247e-11
      24820.0  2.04120e-11
      24830.0  2.03999e-11
      24840.0  2.03888e-11
      24850.0  2.03786e-11
      24860.0  2.03695e-11
      24870.0  2.03614e-11
      24880.0  2.03544e-11
      24890.0  2.03484e-11
      24900.0  2.03433e-11
      24910.0  2.03390e-11
      24920.0  2.03355e-11
      24930.0  2.03326e-11
      24940.0  2.03303e-11
      24950.0  2.03285e-11
      24960.0  2.03271e-11
      24970.0  2.03261e-11
      24980.0  2.03253e-11
      24990.0  2.03247e-11
      25000.0  2.03243e-11
