      1000.00  5.34679e-13
      1010.00  6.48470e-13
      1020.00  7.89252e-13
      1030.00  9.62639e-13
      1040.00  1.17566e-12
      1050.00  1.43644e-12
      1060.00  1.75419e-12
      1070.00  2.13909e-12
      1080.00  2.60213e-12
      1090.00  3.15479e-12
      1100.00  3.80872e-12
      1110.00  4.57527e-12
      1120.00  5.46506e-12
      1130.00  6.48753e-12
      1140.00  7.65055e-12
      1150.00  8.96011e-12
      1160.00  1.04200e-11
      1170.00  1.20318e-11
      1180.00  1.37945e-11
      1190.00  1.57046e-11
      1200.00  1.77564e-11
      1210.00  1.99416e-11
      1220.00  2.22495e-11
      1230.00  2.46675e-11
      1240.00  2.71811e-11
      1250.00  2.97743e-11
      1260.00  3.24299e-11
      1270.00  3.51298e-11
      1280.00  3.78557e-11
      1290.00  4.05891e-11
      1300.00  4.33122e-11
      1310.00  4.60076e-11
      1320.00  4.86592e-11
      1330.00  5.12523e-11
      1340.00  5.37738e-11
      1350.00  5.62125e-11
      1360.00  5.85591e-11
      1370.00  6.08064e-11
      1380.00  6.29494e-11
      1390.00  6.49851e-11
      1400.00  6.69128e-11
      1410.00  6.87335e-11
      1420.00  7.04502e-11
      1430.00  7.20672e-11
      1440.00  7.35904e-11
      1450.00  7.50266e-11
      1460.00  7.63828e-11
      1470.00  7.76666e-11
      1480.00  7.88849e-11
      1490.00  8.00438e-11
      1500.00  8.11477e-11
      1510.00  8.21993e-11
      1520.00  8.31987e-11
      1530.00  8.41431e-11
      1540.00  8.50263e-11
      1550.00  8.58391e-11
      1560.00  8.65688e-11
      1570.00  8.72004e-11
      1580.00  8.77168e-11
      1590.00  8.81006e-11
      1600.00  8.83359e-11
      1610.00  8.84104e-11
      1620.00  8.83182e-11
      1630.00  8.80621e-11
      1640.00  8.76558e-11
      1650.00  8.71257e-11
      1660.00  8.65102e-11
      1670.00  8.58590e-11
      1680.00  8.52292e-11
      1690.00  8.46810e-11
      1700.00  8.42720e-11
      1710.00  8.40510e-11
      1720.00  8.40535e-11
      1730.00  8.42985e-11
      1740.00  8.47881e-11
      1750.00  8.55103e-11
      1760.00  8.64434e-11
      1770.00  8.75633e-11
      1780.00  8.88496e-11
      1790.00  9.02919e-11
      1800.00  9.18924e-11
      1810.00  9.36658e-11
      1820.00  9.56364e-11
      1830.00  9.78322e-11
      1840.00  1.00279e-10
      1850.00  1.02993e-10
      1860.00  1.05978e-10
      1870.00  1.09224e-10
      1880.00  1.12707e-10
      1890.00  1.16395e-10
      1900.00  1.20246e-10
      1910.00  1.24220e-10
      1920.00  1.28269e-10
      1930.00  1.32348e-10
      1940.00  1.36399e-10
      1950.00  1.40360e-10
      1960.00  1.44153e-10
      1970.00  1.47691e-10
      1980.00  1.50877e-10
      1990.00  1.53615e-10
      2000.00  1.55814e-10
      2010.00  1.57402e-10
      2020.00  1.58330e-10
      2030.00  1.58576e-10
      2040.00  1.58150e-10
      2050.00  1.57086e-10
      2060.00  1.55439e-10
      2070.00  1.53282e-10
      2080.00  1.50700e-10
      2090.00  1.47790e-10
      2100.00  1.44659e-10
      2110.00  1.41428e-10
      2120.00  1.38231e-10
      2130.00  1.35217e-10
      2140.00  1.32545e-10
      2150.00  1.30376e-10
      2160.00  1.28870e-10
      2170.00  1.28166e-10
      2180.00  1.28378e-10
      2190.00  1.29581e-10
      2200.00  1.31807e-10
      2210.00  1.35042e-10
      2220.00  1.39229e-10
      2230.00  1.44271e-10
      2240.00  1.50044e-10
      2250.00  1.56403e-10
      2260.00  1.63196e-10
      2270.00  1.70267e-10
      2280.00  1.77464e-10
      2290.00  1.84643e-10
      2300.00  1.91664e-10
      2310.00  1.98394e-10
      2320.00  2.04710e-10
      2330.00  2.10494e-10
      2340.00  2.15644e-10
      2350.00  2.20083e-10
      2360.00  2.23764e-10
      2370.00  2.26686e-10
      2380.00  2.28899e-10
      2390.00  2.30510e-10
      2400.00  2.31680e-10
      2410.00  2.32613e-10
      2420.00  2.33536e-10
      2430.00  2.34681e-10
      2440.00  2.36251e-10
      2450.00  2.38401e-10
      2460.00  2.41211e-10
      2470.00  2.44679e-10
      2480.00  2.48721e-10
      2490.00  2.53176e-10
      2500.00  2.57835e-10
      2510.00  2.62464e-10
      2520.00  2.66842e-10
      2530.00  2.70782e-10
      2540.00  2.74162e-10
      2550.00  2.76933e-10
      2560.00  2.79118e-10
      2570.00  2.80805e-10
      2580.00  2.82127e-10
      2590.00  2.83243e-10
      2600.00  2.84309e-10
      2610.00  2.85468e-10
      2620.00  2.86832e-10
      2630.00  2.88479e-10
      2640.00  2.90451e-10
      2650.00  2.92839e-10
      2660.00  2.99791e-10
      2670.00  3.49709e-10
      2680.00  4.67429e-10
      2690.00  5.47014e-10
      2700.00  5.74520e-10
      2710.00  6.15088e-10
      2720.00  6.52125e-10
      2730.00  6.83476e-10
      2740.00  7.39498e-10
      2750.00  7.92744e-10
      2760.00  8.05742e-10
      2770.00  7.94826e-10
      2780.00  8.05767e-10
      2790.00  8.39477e-10
      2800.00  8.68025e-10
      2810.00  8.99522e-10
      2820.00  9.35841e-10
      2830.00  9.57963e-10
      2840.00  9.81737e-10
      2850.00  1.04136e-09
      2860.00  1.11490e-09
      2870.00  1.19841e-09
      2880.00  1.33537e-09
      2890.00  1.48234e-09
      2900.00  1.58250e-09
      2910.00  1.68641e-09
      2920.00  1.80692e-09
      2930.00  1.89276e-09
      2940.00  1.92541e-09
      2950.00  1.92703e-09
      2960.00  1.91039e-09
      2970.00  1.86122e-09
      2980.00  1.78986e-09
      2990.00  1.72039e-09
      3000.00  1.66849e-09
      3010.00  1.61886e-09
      3020.00  1.54989e-09
      3030.00  1.49381e-09
      3040.00  1.43523e-09
      3050.00  1.38576e-09
      3060.00  1.37253e-09
      3070.00  1.38972e-09
      3080.00  1.43835e-09
      3090.00  1.50804e-09
      3100.00  1.55996e-09
      3110.00  1.59344e-09
      3120.00  1.65873e-09
      3130.00  1.79392e-09
      3140.00  1.97371e-09
      3150.00  2.13204e-09
      3160.00  2.23019e-09
      3170.00  2.28966e-09
      3180.00  2.33192e-09
      3190.00  2.32143e-09
      3200.00  2.21675e-09
      3210.00  2.02814e-09
      3220.00  1.81036e-09
      3230.00  1.63540e-09
      3240.00  1.53896e-09
      3250.00  1.49095e-09
      3260.00  1.47026e-09
      3270.00  1.48741e-09
      3280.00  1.53649e-09
      3290.00  1.58421e-09
      3300.00  1.61235e-09
      3310.00  1.64271e-09
      3320.00  1.69213e-09
      3330.00  1.74631e-09
      3340.00  1.78776e-09
      3350.00  1.80862e-09
      3360.00  1.82082e-09
      3370.00  1.85179e-09
      3380.00  1.91172e-09
      3390.00  1.98029e-09
      3400.00  2.04416e-09
      3410.00  2.10087e-09
      3420.00  2.14766e-09
      3430.00  2.18617e-09
      3440.00  2.22018e-09
      3450.00  2.26234e-09
      3460.00  2.33573e-09
      3470.00  2.45051e-09
      3480.00  2.60099e-09
      3490.00  2.78761e-09
      3500.00  3.01557e-09
      3510.00  3.27215e-09
      3520.00  3.52712e-09
      3530.00  3.75440e-09
      3540.00  3.94954e-09
      3550.00  4.12375e-09
      3560.00  4.27147e-09
      3570.00  4.36418e-09
      3580.00  4.38916e-09
      3590.00  4.36657e-09
      3600.00  4.32635e-09
      3610.00  4.31667e-09
      3620.00  4.40232e-09
      3630.00  4.59217e-09
      3640.00  4.82449e-09
      3650.00  5.01070e-09
      3660.00  5.07877e-09
      3670.00  4.99911e-09
      3680.00  4.78337e-09
      3690.00  4.48012e-09
      3700.00  4.15555e-09
      3710.00  3.85763e-09
      3720.00  3.59616e-09
      3730.00  3.35773e-09
      3740.00  3.13775e-09
      3750.00  2.95166e-09
      3760.00  2.81966e-09
      3770.00  2.75316e-09
      3780.00  2.75506e-09
      3790.00  2.82597e-09
      3800.00  2.97005e-09
      3810.00  3.19352e-09
      3820.00  3.49795e-09
      3830.00  3.87921e-09
      3840.00  4.32931e-09
      3850.00  4.83141e-09
      3860.00  5.35507e-09
      3870.00  5.86780e-09
      3880.00  6.34293e-09
      3890.00  6.75228e-09
      3900.00  7.07530e-09
      3910.00  7.30271e-09
      3920.00  7.42522e-09
      3930.00  7.43030e-09
      3940.00  7.30841e-09
      3950.00  7.06171e-09
      3960.00  6.71794e-09
      3970.00  6.33341e-09
      3980.00  5.97282e-09
      3990.00  5.68589e-09
      4000.00  5.50000e-09
      4010.00  5.42255e-09
      4020.00  5.44307e-09
      4030.00  5.53446e-09
      4040.00  5.65652e-09
      4050.00  5.76645e-09
      4060.00  5.83492e-09
      4070.00  5.85612e-09
      4080.00  5.84363e-09
      4090.00  5.81664e-09
      4100.00  5.78930e-09
      4110.00  5.76927e-09
      4120.00  5.76123e-09
      4130.00  5.76662e-09
      4140.00  5.77970e-09
      4150.00  5.78857e-09
      4160.00  5.78285e-09
      4170.00  5.75943e-09
      4180.00  5.72030e-09
      4190.00  5.66594e-09
      4200.00  5.59261e-09
      4210.00  5.49555e-09
      4220.00  5.37378e-09
      4230.00  5.23313e-09
      4240.00  5.08435e-09
      4250.00  4.93593e-09
      4260.00  4.78587e-09
      4270.00  4.62324e-09
      4280.00  4.44092e-09
      4290.00  4.24533e-09
      4300.00  4.05212e-09
      4310.00  3.87471e-09
      4320.00  3.71946e-09
      4330.00  3.58883e-09
      4340.00  3.48345e-09
      4350.00  3.40128e-09
      4360.00  3.33937e-09
      4370.00  3.29988e-09
      4380.00  3.29230e-09
      4390.00  3.32686e-09
      4400.00  3.40587e-09
      4410.00  3.52241e-09
      4420.00  3.66570e-09
      4430.00  3.82495e-09
      4440.00  3.99025e-09
      4450.00  4.15557e-09
      4460.00  4.32253e-09
      4470.00  4.49825e-09
      4480.00  4.68714e-09
      4490.00  4.88571e-09
      4500.00  5.08580e-09
      4510.00  5.28008e-09
      4520.00  5.46307e-09
      4530.00  5.62930e-09
      4540.00  5.77349e-09
      4550.00  5.89164e-09
      4560.00  5.97906e-09
      4570.00  6.02705e-09
      4580.00  6.02415e-09
      4590.00  5.96187e-09
      4600.00  5.84082e-09
      4610.00  5.67403e-09
      4620.00  5.48035e-09
      4630.00  5.27380e-09
      4640.00  5.06271e-09
      4650.00  4.85359e-09
      4660.00  4.64974e-09
      4670.00  4.44928e-09
      4680.00  4.24747e-09
      4690.00  4.04203e-09
      4700.00  3.83689e-09
      4710.00  3.64220e-09
      4720.00  3.47138e-09
      4730.00  3.33667e-09
      4740.00  3.24420e-09
      4750.00  3.19065e-09
      4760.00  3.16352e-09
      4770.00  3.14546e-09
      4780.00  3.12087e-09
      4790.00  3.08134e-09
      4800.00  3.02786e-09
      4810.00  2.96945e-09
      4820.00  2.91910e-09
      4830.00  2.88928e-09
      4840.00  2.88895e-09
      4850.00  2.92215e-09
      4860.00  2.98735e-09
      4870.00  3.07693e-09
      4880.00  3.17650e-09
      4890.00  3.26403e-09
      4900.00  3.31171e-09
      4910.00  3.29903e-09
      4920.00  3.23097e-09
      4930.00  3.13313e-09
      4940.00  3.02644e-09
      4950.00  2.91973e-09
      4960.00  2.82057e-09
      4970.00  2.73932e-09
      4980.00  2.68477e-09
      4990.00  2.66076e-09
      5000.00  2.66606e-09
      5010.00  2.69592e-09
      5020.00  2.74450e-09
      5030.00  2.80688e-09
      5040.00  2.87962e-09
      5050.00  2.96006e-09
      5060.00  3.04595e-09
      5070.00  3.13587e-09
      5080.00  3.22993e-09
      5090.00  3.32968e-09
      5100.00  3.43676e-09
      5110.00  3.55120e-09
      5120.00  3.67036e-09
      5130.00  3.78951e-09
      5140.00  3.90310e-09
      5150.00  4.00576e-09
      5160.00  4.09319e-09
      5170.00  4.16336e-09
      5180.00  4.21625e-09
      5190.00  4.25170e-09
      5200.00  4.26768e-09
      5210.00  4.26065e-09
      5220.00  4.22704e-09
      5230.00  4.16487e-09
      5240.00  4.07543e-09
      5250.00  3.96442e-09
      5260.00  3.84153e-09
      5270.00  3.71818e-09
      5280.00  3.60492e-09
      5290.00  3.50938e-09
      5300.00  3.43522e-09
      5310.00  3.38191e-09
      5320.00  3.34535e-09
      5330.00  3.31967e-09
      5340.00  3.29927e-09
      5350.00  3.28047e-09
      5360.00  3.26182e-09
      5370.00  3.24325e-09
      5380.00  3.22442e-09
      5390.00  3.20349e-09
      5400.00  3.17736e-09
      5410.00  3.14279e-09
      5420.00  3.09765e-09
      5430.00  3.04211e-09
      5440.00  2.98053e-09
      5450.00  2.92254e-09
      5460.00  2.87959e-09
      5470.00  2.85900e-09
      5480.00  2.86156e-09
      5490.00  2.88378e-09
      5500.00  2.92112e-09
      5510.00  2.96987e-09
      5520.00  3.02626e-09
      5530.00  3.08454e-09
      5540.00  3.13697e-09
      5550.00  3.17664e-09
      5560.00  3.20007e-09
      5570.00  3.20766e-09
      5580.00  3.20229e-09
      5590.00  3.18730e-09
      5600.00  3.16506e-09
      5610.00  3.13669e-09
      5620.00  3.10226e-09
      5630.00  3.06148e-09
      5640.00  3.01432e-09
      5650.00  2.96121e-09
      5660.00  2.90307e-09
      5670.00  2.84133e-09
      5680.00  2.77805e-09
      5690.00  2.71605e-09
      5700.00  2.65890e-09
      5710.00  2.61056e-09
      5720.00  2.57471e-09
      5730.00  2.55394e-09
      5740.00  2.54933e-09
      5750.00  2.56042e-09
      5760.00  2.58572e-09
      5770.00  2.62317e-09
      5780.00  2.67040e-09
      5790.00  2.72481e-09
      5800.00  2.78354e-09
      5810.00  2.84368e-09
      5820.00  2.90253e-09
      5830.00  2.95781e-09
      5840.00  3.00759e-09
      5850.00  3.04990e-09
      5860.00  3.08287e-09
      5870.00  3.10479e-09
      5880.00  3.11455e-09
      5890.00  3.11201e-09
      5900.00  3.09837e-09
      5910.00  3.07598e-09
      5920.00  3.04785e-09
      5930.00  3.01675e-09
      5940.00  2.98445e-09
      5950.00  2.95144e-09
      5960.00  2.91700e-09
      5970.00  2.87938e-09
      5980.00  2.83583e-09
      5990.00  2.78259e-09
      6000.00  2.71518e-09
      6010.00  2.62905e-09
      6020.00  2.52067e-09
      6030.00  2.38857e-09
      6040.00  2.23423e-09
      6050.00  2.06259e-09
      6060.00  1.88172e-09
      6070.00  1.70178e-09
      6080.00  1.53355e-09
      6090.00  1.38679e-09
      6100.00  1.26893e-09
      6110.00  1.18439e-09
      6120.00  1.13466e-09
      6130.00  1.11886e-09
      6140.00  1.13443e-09
      6150.00  1.17767e-09
      6160.00  1.24418e-09
      6170.00  1.32898e-09
      6180.00  1.42651e-09
      6190.00  1.53087e-09
      6200.00  1.63635e-09
      6210.00  1.73813e-09
      6220.00  1.83289e-09
      6230.00  1.91875e-09
      6240.00  1.99484e-09
      6250.00  2.06062e-09
      6260.00  2.11568e-09
      6270.00  2.15991e-09
      6280.00  2.19373e-09
      6290.00  2.21814e-09
      6300.00  2.23427e-09
      6310.00  2.24279e-09
      6320.00  2.24354e-09
      6330.00  2.23611e-09
      6340.00  2.22126e-09
      6350.00  2.20200e-09
      6360.00  2.18241e-09
      6370.00  2.16518e-09
      6380.00  2.15040e-09
      6390.00  2.13653e-09
      6400.00  2.12212e-09
      6410.00  2.10681e-09
      6420.00  2.09115e-09
      6430.00  2.07576e-09
      6440.00  2.06081e-09
      6450.00  2.04608e-09
      6460.00  2.03117e-09
      6470.00  2.01574e-09
      6480.00  1.99950e-09
      6490.00  1.98224e-09
      6500.00  1.96383e-09
      6510.00  1.94427e-09
      6520.00  1.92363e-09
      6530.00  1.90199e-09
      6540.00  1.87923e-09
      6550.00  1.85499e-09
      6560.00  1.82884e-09
      6570.00  1.80069e-09
      6580.00  1.77096e-09
      6590.00  1.74040e-09
      6600.00  1.70965e-09
      6610.00  1.67894e-09
      6620.00  1.64814e-09
      6630.00  1.61709e-09
      6640.00  1.58590e-09
      6650.00  1.55497e-09
      6660.00  1.52469e-09
      6670.00  1.49527e-09
      6680.00  1.46663e-09
      6690.00  1.43866e-09
      6700.00  1.41149e-09
      6710.00  1.38551e-09
      6720.00  1.36122e-09
      6730.00  1.33888e-09
      6740.00  1.31834e-09
      6750.00  1.29919e-09
      6760.00  1.28116e-09
      6770.00  1.26437e-09
      6780.00  1.24929e-09
      6790.00  1.23629e-09
      6800.00  1.22520e-09
      6810.00  1.21524e-09
      6820.00  1.20524e-09
      6830.00  1.19420e-09
      6840.00  1.18169e-09
      6850.00  1.16801e-09
      6860.00  1.15389e-09
      6870.00  1.14005e-09
      6880.00  1.12678e-09
      6890.00  1.11381e-09
      6900.00  1.10054e-09
      6910.00  1.08643e-09
      6920.00  1.07135e-09
      6930.00  1.05571e-09
      6940.00  1.04029e-09
      6950.00  1.02597e-09
      6960.00  1.01343e-09
      6970.00  1.00302e-09
      6980.00  9.94741e-10
      6990.00  9.88328e-10
      7000.00  9.83341e-10
      7010.00  9.79240e-10
      7020.00  9.75450e-10
      7030.00  9.71393e-10
      7040.00  9.66554e-10
      7050.00  9.60596e-10
      7060.00  9.53500e-10
      7070.00  9.45613e-10
      7080.00  9.37506e-10
      7090.00  9.29720e-10
      7100.00  9.22574e-10
      7110.00  9.16146e-10
      7120.00  9.10410e-10
      7130.00  9.05364e-10
      7140.00  9.01096e-10
      7150.00  8.97720e-10
      7160.00  8.95266e-10
      7170.00  8.93622e-10
      7180.00  8.92566e-10
      7190.00  8.91838e-10
      7200.00  8.91205e-10
      7210.00  8.90467e-10
      7220.00  8.89396e-10
      7230.00  8.87624e-10
      7240.00  8.84543e-10
      7250.00  8.79362e-10
      7260.00  8.71456e-10
      7270.00  8.60869e-10
      7280.00  8.48510e-10
      7290.00  8.35697e-10
      7300.00  8.23366e-10
      7310.00  8.11632e-10
      7320.00  7.99966e-10
      7330.00  7.87689e-10
      7340.00  7.74309e-10
      7350.00  7.59613e-10
      7360.00  7.43592e-10
      7370.00  7.26350e-10
      7380.00  7.08036e-10
      7390.00  6.88833e-10
      7400.00  6.69017e-10
      7410.00  6.49046e-10
      7420.00  6.29554e-10
      7430.00  6.11206e-10
      7440.00  5.94506e-10
      7450.00  5.79692e-10
      7460.00  5.66792e-10
      7470.00  5.55763e-10
      7480.00  5.46591e-10
      7490.00  5.39302e-10
      7500.00  5.33906e-10
      7510.00  5.30341e-10
      7520.00  5.28451e-10
      7530.00  5.28013e-10
      7540.00  5.28796e-10
      7550.00  5.30619e-10
      7560.00  5.33364e-10
      7570.00  5.36956e-10
      7580.00  5.41317e-10
      7590.00  5.46321e-10
      7600.00  5.51773e-10
      7610.00  5.57452e-10
      7620.00  5.63118e-10
      7630.00  5.68580e-10
      7640.00  5.73776e-10
      7650.00  5.78747e-10
      7660.00  5.83590e-10
      7670.00  5.88408e-10
      7680.00  5.93282e-10
      7690.00  5.98271e-10
      7700.00  6.03435e-10
      7710.00  6.08844e-10
      7720.00  6.14579e-10
      7730.00  6.20704e-10
      7740.00  6.27231e-10
      7750.00  6.34092e-10
      7760.00  6.41134e-10
      7770.00  6.48147e-10
      7780.00  6.54897e-10
      7790.00  6.61167e-10
      7800.00  6.66763e-10
      7810.00  6.71510e-10
      7820.00  6.75236e-10
      7830.00  6.77780e-10
      7840.00  6.79017e-10
      7850.00  6.78891e-10
      7860.00  6.77446e-10
      7870.00  6.74818e-10
      7880.00  6.71197e-10
      7890.00  6.66782e-10
      7900.00  6.61749e-10
      7910.00  6.56249e-10
      7920.00  6.50410e-10
      7930.00  6.44318e-10
      7940.00  6.37972e-10
      7950.00  6.31268e-10
      7960.00  6.24050e-10
      7970.00  6.16200e-10
      7980.00  6.07694e-10
      7990.00  5.98610e-10
      8000.00  5.89058e-10
      8010.00  5.79112e-10
      8020.00  5.68770e-10
      8030.00  5.57954e-10
      8040.00  5.46565e-10
      8050.00  5.34534e-10
      8060.00  5.21859e-10
      8070.00  5.08579e-10
      8080.00  4.94720e-10
      8090.00  4.80268e-10
      8100.00  4.65209e-10
      8110.00  4.49603e-10
      8120.00  4.33638e-10
      8130.00  4.17630e-10
      8140.00  4.01989e-10
      8150.00  3.87168e-10
      8160.00  3.73623e-10
      8170.00  3.61777e-10
      8180.00  3.51988e-10
      8190.00  3.44524e-10
      8200.00  3.39538e-10
      8210.00  3.37056e-10
      8220.00  3.36980e-10
      8230.00  3.39089e-10
      8240.00  3.43067e-10
      8250.00  3.48533e-10
      8260.00  3.55090e-10
      8270.00  3.62387e-10
      8280.00  3.70181e-10
      8290.00  3.78373e-10
      8300.00  3.87029e-10
      8310.00  3.96349e-10
      8320.00  4.06623e-10
      8330.00  4.18157e-10
      8340.00  4.31221e-10
      8350.00  4.45996e-10
      8360.00  4.62552e-10
      8370.00  4.80835e-10
      8380.00  5.00680e-10
      8390.00  5.21829e-10
      8400.00  5.43958e-10
      8410.00  5.66711e-10
      8420.00  5.89732e-10
      8430.00  6.12693e-10
      8440.00  6.35304e-10
      8450.00  6.57324e-10
      8460.00  6.78550e-10
      8470.00  6.98814e-10
      8480.00  7.17975e-10
      8490.00  7.35919e-10
      8500.00  7.52562e-10
      8510.00  7.67849e-10
      8520.00  7.81752e-10
      8530.00  7.94271e-10
      8540.00  8.05422e-10
      8550.00  8.15237e-10
      8560.00  8.23753e-10
      8570.00  8.31012e-10
      8580.00  8.37059e-10
      8590.00  8.41937e-10
      8600.00  8.45697e-10
      8610.00  8.48393e-10
      8620.00  8.50087e-10
      8630.00  8.50839e-10
      8640.00  8.50703e-10
      8650.00  8.49714e-10
      8660.00  8.47894e-10
      8670.00  8.45256e-10
      8680.00  8.41816e-10
      8690.00  8.37606e-10
      8700.00  8.32671e-10
      8710.00  8.27059e-10
      8720.00  8.20792e-10
      8730.00  8.13851e-10
      8740.00  8.06168e-10
      8750.00  7.97631e-10
      8760.00  7.88112e-10
      8770.00  7.77503e-10
      8780.00  7.65747e-10
      8790.00  7.52864e-10
      8800.00  7.38958e-10
      8810.00  7.24210e-10
      8820.00  7.08858e-10
      8830.00  6.93175e-10
      8840.00  6.77447e-10
      8850.00  6.61946e-10
      8860.00  6.46910e-10
      8870.00  6.32527e-10
      8880.00  6.18919e-10
      8890.00  6.06144e-10
      8900.00  5.94206e-10
      8910.00  5.83076e-10
      8920.00  5.72706e-10
      8930.00  5.63049e-10
      8940.00  5.54060e-10
      8950.00  5.45689e-10
      8960.00  5.37881e-10
      8970.00  5.30575e-10
      8980.00  5.23712e-10
      8990.00  5.17251e-10
      9000.00  5.11173e-10
      9010.00  5.05486e-10
      9020.00  5.00214e-10
      9030.00  4.95380e-10
      9040.00  4.90993e-10
      9050.00  4.87032e-10
      9060.00  4.83447e-10
      9070.00  4.80162e-10
      9080.00  4.77079e-10
      9090.00  4.74095e-10
      9100.00  4.71111e-10
      9110.00  4.68048e-10
      9120.00  4.64869e-10
      9130.00  4.61595e-10
      9140.00  4.58314e-10
      9150.00  4.55178e-10
      9160.00  4.52380e-10
      9170.00  4.50106e-10
      9180.00  4.48472e-10
      9190.00  4.47476e-10
      9200.00  4.46989e-10
      9210.00  4.46795e-10
      9220.00  4.46653e-10
      9230.00  4.46340e-10
      9240.00  4.45654e-10
      9250.00  4.44402e-10
      9260.00  4.42408e-10
      9270.00  4.39568e-10
      9280.00  4.35616e-10
      9290.00  4.30920e-10
      9300.00  4.26101e-10
      9310.00  4.21632e-10
      9320.00  4.17861e-10
      9330.00  4.14911e-10
      9340.00  4.12695e-10
      9350.00  4.11003e-10
      9360.00  4.09604e-10
      9370.00  4.08314e-10
      9380.00  4.07012e-10
      9390.00  4.05629e-10
      9400.00  4.04132e-10
      9410.00  4.02501e-10
      9420.00  4.00727e-10
      9430.00  3.98802e-10
      9440.00  3.96723e-10
      9450.00  3.94489e-10
      9460.00  3.92100e-10
      9470.00  3.89561e-10
      9480.00  3.86877e-10
      9490.00  3.84060e-10
      9500.00  3.81120e-10
      9510.00  3.78074e-10
      9520.00  3.74937e-10
      9530.00  3.71726e-10
      9540.00  3.68461e-10
      9550.00  3.65157e-10
      9560.00  3.61834e-10
      9570.00  3.58505e-10
      9580.00  3.55186e-10
      9590.00  3.51887e-10
      9600.00  3.48618e-10
      9610.00  3.45387e-10
      9620.00  3.42199e-10
      9630.00  3.39058e-10
      9640.00  3.35967e-10
      9650.00  3.32927e-10
      9660.00  3.29941e-10
      9670.00  3.27009e-10
      9680.00  3.24133e-10
      9690.00  3.21316e-10
      9700.00  3.18561e-10
      9710.00  3.15872e-10
      9720.00  3.13252e-10
      9730.00  3.10707e-10
      9740.00  3.08241e-10
      9750.00  3.05861e-10
      9760.00  3.03571e-10
      9770.00  3.01376e-10
      9780.00  2.99282e-10
      9790.00  2.97292e-10
      9800.00  2.95410e-10
      9810.00  2.93638e-10
      9820.00  2.91977e-10
      9830.00  2.90429e-10
      9840.00  2.88994e-10
      9850.00  2.87670e-10
      9860.00  2.86455e-10
      9870.00  2.85346e-10
      9880.00  2.84339e-10
      9890.00  2.83429e-10
      9900.00  2.82609e-10
      9910.00  2.81873e-10
      9920.00  2.81212e-10
      9930.00  2.80617e-10
      9940.00  2.80077e-10
      9950.00  2.79582e-10
      9960.00  2.79121e-10
      9970.00  2.78680e-10
      9980.00  2.78249e-10
      9990.00  2.77815e-10
      10000.0  2.77366e-10
      10010.0  2.76890e-10
      10020.0  2.76376e-10
      10030.0  2.75813e-10
      10040.0  2.75194e-10
      10050.0  2.74510e-10
      10060.0  2.73754e-10
      10070.0  2.72921e-10
      10080.0  2.72007e-10
      10090.0  2.71010e-10
      10100.0  2.69928e-10
      10110.0  2.68761e-10
      10120.0  2.67511e-10
      10130.0  2.66178e-10
      10140.0  2.64767e-10
      10150.0  2.63281e-10
      10160.0  2.61723e-10
      10170.0  2.60097e-10
      10180.0  2.58409e-10
      10190.0  2.56663e-10
      10200.0  2.54864e-10
      10210.0  2.53017e-10
      10220.0  2.51127e-10
      10230.0  2.49199e-10
      10240.0  2.47237e-10
      10250.0  2.45246e-10
      10260.0  2.43231e-10
      10270.0  2.41197e-10
      10280.0  2.39148e-10
      10290.0  2.37089e-10
      10300.0  2.35024e-10
      10310.0  2.32959e-10
      10320.0  2.30897e-10
      10330.0  2.28844e-10
      10340.0  2.26802e-10
      10350.0  2.24778e-10
      10360.0  2.22774e-10
      10370.0  2.20795e-10
      10380.0  2.18845e-10
      10390.0  2.16927e-10
      10400.0  2.15045e-10
      10410.0  2.13201e-10
      10420.0  2.11400e-10
      10430.0  2.09644e-10
      10440.0  2.07936e-10
      10450.0  2.06278e-10
      10460.0  2.04674e-10
      10470.0  2.03125e-10
      10480.0  2.01633e-10
      10490.0  2.00200e-10
      10500.0  1.98827e-10
      10510.0  1.97515e-10
      10520.0  1.96265e-10
      10530.0  1.95077e-10
      10540.0  1.93949e-10
      10550.0  1.92881e-10
      10560.0  1.91872e-10
      10570.0  1.90920e-10
      10580.0  1.90022e-10
      10590.0  1.89175e-10
      10600.0  1.88376e-10
      10610.0  1.87622e-10
      10620.0  1.86909e-10
      10630.0  1.86233e-10
      10640.0  1.85590e-10
      10650.0  1.84977e-10
      10660.0  1.84388e-10
      10670.0  1.83822e-10
      10680.0  1.83273e-10
      10690.0  1.82739e-10
      10700.0  1.82216e-10
      10710.0  1.81701e-10
      10720.0  1.81192e-10
      10730.0  1.80686e-10
      10740.0  1.80181e-10
      10750.0  1.79674e-10
      10760.0  1.79163e-10
      10770.0  1.78648e-10
      10780.0  1.78128e-10
      10790.0  1.77600e-10
      10800.0  1.77064e-10
      10810.0  1.76520e-10
      10820.0  1.75968e-10
      10830.0  1.75407e-10
      10840.0  1.74839e-10
      10850.0  1.74262e-10
      10860.0  1.73679e-10
      10870.0  1.73089e-10
      10880.0  1.72493e-10
      10890.0  1.71891e-10
      10900.0  1.71285e-10
      10910.0  1.70673e-10
      10920.0  1.70057e-10
      10930.0  1.69436e-10
      10940.0  1.68809e-10
      10950.0  1.68176e-10
      10960.0  1.67537e-10
      10970.0  1.66891e-10
      10980.0  1.66236e-10
      10990.0  1.65573e-10
      11000.0  1.64899e-10
      11010.0  1.64216e-10
      11020.0  1.63521e-10
      11030.0  1.62817e-10
      11040.0  1.62102e-10
      11050.0  1.61379e-10
      11060.0  1.60647e-10
      11070.0  1.59908e-10
      11080.0  1.59165e-10
      11090.0  1.58419e-10
      11100.0  1.57673e-10
      11110.0  1.56929e-10
      11120.0  1.56191e-10
      11130.0  1.55460e-10
      11140.0  1.54741e-10
      11150.0  1.54034e-10
      11160.0  1.53344e-10
      11170.0  1.52672e-10
      11180.0  1.52021e-10
      11190.0  1.51392e-10
      11200.0  1.50787e-10
      11210.0  1.50207e-10
      11220.0  1.49654e-10
      11230.0  1.49128e-10
      11240.0  1.48629e-10
      11250.0  1.48159e-10
      11260.0  1.47716e-10
      11270.0  1.47301e-10
      11280.0  1.46912e-10
      11290.0  1.46550e-10
      11300.0  1.46212e-10
      11310.0  1.45899e-10
      11320.0  1.45608e-10
      11330.0  1.45338e-10
      11340.0  1.45087e-10
      11350.0  1.44853e-10
      11360.0  1.44634e-10
      11370.0  1.44427e-10
      11380.0  1.44232e-10
      11390.0  1.44044e-10
      11400.0  1.43862e-10
      11410.0  1.43683e-10
      11420.0  1.43505e-10
      11430.0  1.43327e-10
      11440.0  1.43144e-10
      11450.0  1.42957e-10
      11460.0  1.42762e-10
      11470.0  1.42558e-10
      11480.0  1.42344e-10
      11490.0  1.42118e-10
      11500.0  1.41878e-10
      11510.0  1.41625e-10
      11520.0  1.41356e-10
      11530.0  1.41071e-10
      11540.0  1.40770e-10
      11550.0  1.40451e-10
      11560.0  1.40114e-10
      11570.0  1.39759e-10
      11580.0  1.39386e-10
      11590.0  1.38993e-10
      11600.0  1.38580e-10
      11610.0  1.38148e-10
      11620.0  1.37695e-10
      11630.0  1.37221e-10
      11640.0  1.36727e-10
      11650.0  1.36210e-10
      11660.0  1.35672e-10
      11670.0  1.35112e-10
      11680.0  1.34529e-10
      11690.0  1.33923e-10
      11700.0  1.33294e-10
      11710.0  1.32640e-10
      11720.0  1.31963e-10
      11730.0  1.31261e-10
      11740.0  1.30534e-10
      11750.0  1.29783e-10
      11760.0  1.29007e-10
      11770.0  1.28206e-10
      11780.0  1.27381e-10
      11790.0  1.26533e-10
      11800.0  1.25662e-10
      11810.0  1.24769e-10
      11820.0  1.23856e-10
      11830.0  1.22924e-10
      11840.0  1.21974e-10
      11850.0  1.21009e-10
      11860.0  1.20031e-10
      11870.0  1.19042e-10
      11880.0  1.18044e-10
      11890.0  1.17041e-10
      11900.0  1.16035e-10
      11910.0  1.15030e-10
      11920.0  1.14027e-10
      11930.0  1.13029e-10
      11940.0  1.12040e-10
      11950.0  1.11063e-10
      11960.0  1.10099e-10
      11970.0  1.09151e-10
      11980.0  1.08221e-10
      11990.0  1.07311e-10
      12000.0  1.06422e-10
      12010.0  1.05556e-10
      12020.0  1.04713e-10
      12030.0  1.03894e-10
      12040.0  1.03098e-10
      12050.0  1.02327e-10
      12060.0  1.01579e-10
      12070.0  1.00855e-10
      12080.0  1.00152e-10
      12090.0  9.94722e-11
      12100.0  9.88131e-11
      12110.0  9.81745e-11
      12120.0  9.75561e-11
      12130.0  9.69575e-11
      12140.0  9.63787e-11
      12150.0  9.58200e-11
      12160.0  9.52819e-11
      12170.0  9.47652e-11
      12180.0  9.42709e-11
      12190.0  9.38005e-11
      12200.0  9.33554e-11
      12210.0  9.29372e-11
      12220.0  9.25476e-11
      12230.0  9.21882e-11
      12240.0  9.18607e-11
      12250.0  9.15662e-11
      12260.0  9.13061e-11
      12270.0  9.10809e-11
      12280.0  9.08914e-11
      12290.0  9.07373e-11
      12300.0  9.06186e-11
      12310.0  9.05343e-11
      12320.0  9.04834e-11
      12330.0  9.04644e-11
      12340.0  9.04755e-11
      12350.0  9.05147e-11
      12360.0  9.05797e-11
      12370.0  9.06681e-11
      12380.0  9.07775e-11
      12390.0  9.09054e-11
      12400.0  9.10493e-11
      12410.0  9.12069e-11
      12420.0  9.13759e-11
      12430.0  9.15542e-11
      12440.0  9.17399e-11
      12450.0  9.19313e-11
      12460.0  9.21267e-11
      12470.0  9.23249e-11
      12480.0  9.25245e-11
      12490.0  9.27244e-11
      12500.0  9.29236e-11
      12510.0  9.31211e-11
      12520.0  9.33162e-11
      12530.0  9.35077e-11
      12540.0  9.36949e-11
      12550.0  9.38767e-11
      12560.0  9.40522e-11
      12570.0  9.42202e-11
      12580.0  9.43795e-11
      12590.0  9.45289e-11
      12600.0  9.46670e-11
      12610.0  9.47921e-11
      12620.0  9.49029e-11
      12630.0  9.49977e-11
      12640.0  9.50747e-11
      12650.0  9.51324e-11
      12660.0  9.51691e-11
      12670.0  9.51832e-11
      12680.0  9.51732e-11
      12690.0  9.51378e-11
      12700.0  9.50757e-11
      12710.0  9.49859e-11
      12720.0  9.48678e-11
      12730.0  9.47207e-11
      12740.0  9.45444e-11
      12750.0  9.43389e-11
      12760.0  9.41048e-11
      12770.0  9.38425e-11
      12780.0  9.35531e-11
      12790.0  9.32379e-11
      12800.0  9.28984e-11
      12810.0  9.25363e-11
      12820.0  9.21538e-11
      12830.0  9.17530e-11
      12840.0  9.13362e-11
      12850.0  9.09059e-11
      12860.0  9.04647e-11
      12870.0  9.00149e-11
      12880.0  8.95592e-11
      12890.0  8.90999e-11
      12900.0  8.86394e-11
      12910.0  8.81797e-11
      12920.0  8.77229e-11
      12930.0  8.72707e-11
      12940.0  8.68247e-11
      12950.0  8.63862e-11
      12960.0  8.59562e-11
      12970.0  8.55356e-11
      12980.0  8.51249e-11
      12990.0  8.47246e-11
      13000.0  8.43348e-11
      13010.0  8.39554e-11
      13020.0  8.35862e-11
      13030.0  8.32270e-11
      13040.0  8.28772e-11
      13050.0  8.25363e-11
      13060.0  8.22038e-11
      13070.0  8.18790e-11
      13080.0  8.15613e-11
      13090.0  8.12502e-11
      13100.0  8.09450e-11
      13110.0  8.06452e-11
      13120.0  8.03504e-11
      13130.0  8.00603e-11
      13140.0  7.97745e-11
      13150.0  7.94929e-11
      13160.0  7.92152e-11
      13170.0  7.89415e-11
      13180.0  7.86717e-11
      13190.0  7.84058e-11
      13200.0  7.81439e-11
      13210.0  7.78860e-11
      13220.0  7.76323e-11
      13230.0  7.73827e-11
      13240.0  7.71374e-11
      13250.0  7.68964e-11
      13260.0  7.66595e-11
      13270.0  7.64267e-11
      13280.0  7.61979e-11
      13290.0  7.59728e-11
      13300.0  7.57512e-11
      13310.0  7.55326e-11
      13320.0  7.53168e-11
      13330.0  7.51033e-11
      13340.0  7.48915e-11
      13350.0  7.46809e-11
      13360.0  7.44710e-11
      13370.0  7.42611e-11
      13380.0  7.40506e-11
      13390.0  7.38388e-11
      13400.0  7.36250e-11
      13410.0  7.34086e-11
      13420.0  7.31889e-11
      13430.0  7.29650e-11
      13440.0  7.27365e-11
      13450.0  7.25025e-11
      13460.0  7.22624e-11
      13470.0  7.20156e-11
      13480.0  7.17616e-11
      13490.0  7.14997e-11
      13500.0  7.12297e-11
      13510.0  7.09511e-11
      13520.0  7.06637e-11
      13530.0  7.03672e-11
      13540.0  7.00618e-11
      13550.0  6.97474e-11
      13560.0  6.94244e-11
      13570.0  6.90929e-11
      13580.0  6.87535e-11
      13590.0  6.84068e-11
      13600.0  6.80533e-11
      13610.0  6.76940e-11
      13620.0  6.73295e-11
      13630.0  6.69608e-11
      13640.0  6.65888e-11
      13650.0  6.62143e-11
      13660.0  6.58383e-11
      13670.0  6.54615e-11
      13680.0  6.50848e-11
      13690.0  6.47088e-11
      13700.0  6.43341e-11
      13710.0  6.39612e-11
      13720.0  6.35907e-11
      13730.0  6.32227e-11
      13740.0  6.28575e-11
      13750.0  6.24952e-11
      13760.0  6.21359e-11
      13770.0  6.17797e-11
      13780.0  6.14264e-11
      13790.0  6.10762e-11
      13800.0  6.07288e-11
      13810.0  6.03845e-11
      13820.0  6.00431e-11
      13830.0  5.97047e-11
      13840.0  5.93694e-11
      13850.0  5.90375e-11
      13860.0  5.87091e-11
      13870.0  5.83845e-11
      13880.0  5.80640e-11
      13890.0  5.77481e-11
      13900.0  5.74371e-11
      13910.0  5.71314e-11
      13920.0  5.68314e-11
      13930.0  5.65374e-11
      13940.0  5.62499e-11
      13950.0  5.59692e-11
      13960.0  5.56954e-11
      13970.0  5.54288e-11
      13980.0  5.51695e-11
      13990.0  5.49176e-11
      14000.0  5.46730e-11
      14010.0  5.44357e-11
      14020.0  5.42055e-11
      14030.0  5.39822e-11
      14040.0  5.37654e-11
      14050.0  5.35550e-11
      14060.0  5.33506e-11
      14070.0  5.31517e-11
      14080.0  5.29580e-11
      14090.0  5.27690e-11
      14100.0  5.25845e-11
      14110.0  5.24040e-11
      14120.0  5.22270e-11
      14130.0  5.20534e-11
      14140.0  5.18826e-11
      14150.0  5.17146e-11
      14160.0  5.15489e-11
      14170.0  5.13854e-11
      14180.0  5.12239e-11
      14190.0  5.10643e-11
      14200.0  5.09065e-11
      14210.0  5.07503e-11
      14220.0  5.05958e-11
      14230.0  5.04429e-11
      14240.0  5.02916e-11
      14250.0  5.01418e-11
      14260.0  4.99935e-11
      14270.0  4.98467e-11
      14280.0  4.97013e-11
      14290.0  4.95573e-11
      14300.0  4.94146e-11
      14310.0  4.92731e-11
      14320.0  4.91326e-11
      14330.0  4.89930e-11
      14340.0  4.88541e-11
      14350.0  4.87160e-11
      14360.0  4.85784e-11
      14370.0  4.84413e-11
      14380.0  4.83047e-11
      14390.0  4.81686e-11
      14400.0  4.80330e-11
      14410.0  4.78980e-11
      14420.0  4.77639e-11
      14430.0  4.76309e-11
      14440.0  4.74992e-11
      14450.0  4.73691e-11
      14460.0  4.72409e-11
      14470.0  4.71149e-11
      14480.0  4.69914e-11
      14490.0  4.68706e-11
      14500.0  4.67525e-11
      14510.0  4.66372e-11
      14520.0  4.65247e-11
      14530.0  4.64147e-11
      14540.0  4.63069e-11
      14550.0  4.62008e-11
      14560.0  4.60958e-11
      14570.0  4.59912e-11
      14580.0  4.58863e-11
      14590.0  4.57801e-11
      14600.0  4.56719e-11
      14610.0  4.55607e-11
      14620.0  4.54459e-11
      14630.0  4.53266e-11
      14640.0  4.52025e-11
      14650.0  4.50730e-11
      14660.0  4.49383e-11
      14670.0  4.47983e-11
      14680.0  4.46536e-11
      14690.0  4.45048e-11
      14700.0  4.43531e-11
      14710.0  4.41998e-11
      14720.0  4.40466e-11
      14730.0  4.38954e-11
      14740.0  4.37484e-11
      14750.0  4.36078e-11
      14760.0  4.34764e-11
      14770.0  4.33566e-11
      14780.0  4.32513e-11
      14790.0  4.31631e-11
      14800.0  4.30946e-11
      14810.0  4.30486e-11
      14820.0  4.30273e-11
      14830.0  4.30331e-11
      14840.0  4.30681e-11
      14850.0  4.31342e-11
      14860.0  4.32329e-11
      14870.0  4.33656e-11
      14880.0  4.35335e-11
      14890.0  4.37374e-11
      14900.0  4.39779e-11
      14910.0  4.42556e-11
      14920.0  4.45705e-11
      14930.0  4.49226e-11
      14940.0  4.53118e-11
      14950.0  4.57377e-11
      14960.0  4.61999e-11
      14970.0  4.66976e-11
      14980.0  4.72302e-11
      14990.0  4.77968e-11
      15000.0  4.83963e-11
      15010.0  4.90279e-11
      15020.0  4.96902e-11
      15030.0  5.03820e-11
      15040.0  5.11021e-11
      15050.0  5.18490e-11
      15060.0  5.26210e-11
      15070.0  5.34167e-11
      15080.0  5.42343e-11
      15090.0  5.50719e-11
      15100.0  5.59275e-11
      15110.0  5.67992e-11
      15120.0  5.76848e-11
      15130.0  5.85820e-11
      15140.0  5.94884e-11
      15150.0  6.04017e-11
      15160.0  6.13191e-11
      15170.0  6.22382e-11
      15180.0  6.31561e-11
      15190.0  6.40701e-11
      15200.0  6.49774e-11
      15210.0  6.58751e-11
      15220.0  6.67604e-11
      15230.0  6.76304e-11
      15240.0  6.84823e-11
      15250.0  6.93131e-11
      15260.0  7.01203e-11
      15270.0  7.09012e-11
      15280.0  7.16533e-11
      15290.0  7.23742e-11
      15300.0  7.30616e-11
      15310.0  7.37137e-11
      15320.0  7.43285e-11
      15330.0  7.49045e-11
      15340.0  7.54404e-11
      15350.0  7.59350e-11
      15360.0  7.63876e-11
      15370.0  7.67976e-11
      15380.0  7.71646e-11
      15390.0  7.74887e-11
      15400.0  7.77700e-11
      15410.0  7.80090e-11
      15420.0  7.82063e-11
      15430.0  7.83628e-11
      15440.0  7.84794e-11
      15450.0  7.85573e-11
      15460.0  7.85979e-11
      15470.0  7.86023e-11
      15480.0  7.85722e-11
      15490.0  7.85089e-11
      15500.0  7.84139e-11
      15510.0  7.82887e-11
      15520.0  7.81348e-11
      15530.0  7.79537e-11
      15540.0  7.77467e-11
      15550.0  7.75151e-11
      15560.0  7.72603e-11
      15570.0  7.69834e-11
      15580.0  7.66857e-11
      15590.0  7.63683e-11
      15600.0  7.60323e-11
      15610.0  7.56786e-11
      15620.0  7.53085e-11
      15630.0  7.49227e-11
      15640.0  7.45225e-11
      15650.0  7.41088e-11
      15660.0  7.36825e-11
      15670.0  7.32449e-11
      15680.0  7.27968e-11
      15690.0  7.23394e-11
      15700.0  7.18738e-11
      15710.0  7.14010e-11
      15720.0  7.09224e-11
      15730.0  7.04389e-11
      15740.0  6.99518e-11
      15750.0  6.94623e-11
      15760.0  6.89714e-11
      15770.0  6.84804e-11
      15780.0  6.79903e-11
      15790.0  6.75024e-11
      15800.0  6.70175e-11
      15810.0  6.65369e-11
      15820.0  6.60614e-11
      15830.0  6.55921e-11
      15840.0  6.51297e-11
      15850.0  6.46752e-11
      15860.0  6.42293e-11
      15870.0  6.37927e-11
      15880.0  6.33661e-11
      15890.0  6.29501e-11
      15900.0  6.25452e-11
      15910.0  6.21520e-11
      15920.0  6.17708e-11
      15930.0  6.14019e-11
      15940.0  6.10458e-11
      15950.0  6.07025e-11
      15960.0  6.03723e-11
      15970.0  6.00553e-11
      15980.0  5.97514e-11
      15990.0  5.94607e-11
      16000.0  5.91831e-11
      16010.0  5.89184e-11
      16020.0  5.86666e-11
      16030.0  5.84273e-11
      16040.0  5.82003e-11
      16050.0  5.79853e-11
      16060.0  5.77822e-11
      16070.0  5.75905e-11
      16080.0  5.74101e-11
      16090.0  5.72406e-11
      16100.0  5.70820e-11
      16110.0  5.69339e-11
      16120.0  5.67964e-11
      16130.0  5.66692e-11
      16140.0  5.65526e-11
      16150.0  5.64464e-11
      16160.0  5.63508e-11
      16170.0  5.62661e-11
      16180.0  5.61924e-11
      16190.0  5.61301e-11
      16200.0  5.60795e-11
      16210.0  5.60408e-11
      16220.0  5.60146e-11
      16230.0  5.60010e-11
      16240.0  5.60003e-11
      16250.0  5.60130e-11
      16260.0  5.60390e-11
      16270.0  5.60786e-11
      16280.0  5.61318e-11
      16290.0  5.61985e-11
      16300.0  5.62786e-11
      16310.0  5.63716e-11
      16320.0  5.64772e-11
      16330.0  5.65949e-11
      16340.0  5.67240e-11
      16350.0  5.68636e-11
      16360.0  5.70130e-11
      16370.0  5.71712e-11
      16380.0  5.73370e-11
      16390.0  5.75095e-11
      16400.0  5.76875e-11
      16410.0  5.78698e-11
      16420.0  5.80553e-11
      16430.0  5.82427e-11
      16440.0  5.84311e-11
      16450.0  5.86193e-11
      16460.0  5.88063e-11
      16470.0  5.89912e-11
      16480.0  5.91733e-11
      16490.0  5.93516e-11
      16500.0  5.95257e-11
      16510.0  5.96951e-11
      16520.0  5.98592e-11
      16530.0  6.00179e-11
      16540.0  6.01710e-11
      16550.0  6.03184e-11
      16560.0  6.04601e-11
      16570.0  6.05963e-11
      16580.0  6.07272e-11
      16590.0  6.08530e-11
      16600.0  6.09741e-11
      16610.0  6.10909e-11
      16620.0  6.12038e-11
      16630.0  6.13134e-11
      16640.0  6.14201e-11
      16650.0  6.15246e-11
      16660.0  6.16274e-11
      16670.0  6.17290e-11
      16680.0  6.18302e-11
      16690.0  6.19315e-11
      16700.0  6.20336e-11
      16710.0  6.21371e-11
      16720.0  6.22426e-11
      16730.0  6.23508e-11
      16740.0  6.24623e-11
      16750.0  6.25778e-11
      16760.0  6.26979e-11
      16770.0  6.28232e-11
      16780.0  6.29544e-11
      16790.0  6.30919e-11
      16800.0  6.32365e-11
      16810.0  6.33886e-11
      16820.0  6.35487e-11
      16830.0  6.37173e-11
      16840.0  6.38947e-11
      16850.0  6.40813e-11
      16860.0  6.42774e-11
      16870.0  6.44831e-11
      16880.0  6.46987e-11
      16890.0  6.49243e-11
      16900.0  6.51598e-11
      16910.0  6.54051e-11
      16920.0  6.56602e-11
      16930.0  6.59249e-11
      16940.0  6.61990e-11
      16950.0  6.64821e-11
      16960.0  6.67740e-11
      16970.0  6.70742e-11
      16980.0  6.73825e-11
      16990.0  6.76982e-11
      17000.0  6.80211e-11
      17010.0  6.83506e-11
      17020.0  6.86863e-11
      17030.0  6.90278e-11
      17040.0  6.93745e-11
      17050.0  6.97261e-11
      17060.0  7.00820e-11
      17070.0  7.04418e-11
      17080.0  7.08050e-11
      17090.0  7.11713e-11
      17100.0  7.15400e-11
      17110.0  7.19107e-11
      17120.0  7.22829e-11
      17130.0  7.26560e-11
      17140.0  7.30295e-11
      17150.0  7.34027e-11
      17160.0  7.37750e-11
      17170.0  7.41457e-11
      17180.0  7.45139e-11
      17190.0  7.48790e-11
      17200.0  7.52399e-11
      17210.0  7.55958e-11
      17220.0  7.59457e-11
      17230.0  7.62886e-11
      17240.0  7.66234e-11
      17250.0  7.69491e-11
      17260.0  7.72646e-11
      17270.0  7.75689e-11
      17280.0  7.78608e-11
      17290.0  7.81395e-11
      17300.0  7.84039e-11
      17310.0  7.86531e-11
      17320.0  7.88864e-11
      17330.0  7.91031e-11
      17340.0  7.93025e-11
      17350.0  7.94841e-11
      17360.0  7.96477e-11
      17370.0  7.97929e-11
      17380.0  7.99197e-11
      17390.0  8.00282e-11
      17400.0  8.01183e-11
      17410.0  8.01905e-11
      17420.0  8.02450e-11
      17430.0  8.02823e-11
      17440.0  8.03030e-11
      17450.0  8.03077e-11
      17460.0  8.02970e-11
      17470.0  8.02715e-11
      17480.0  8.02319e-11
      17490.0  8.01790e-11
      17500.0  8.01134e-11
      17510.0  8.00358e-11
      17520.0  7.99467e-11
      17530.0  7.98467e-11
      17540.0  7.97363e-11
      17550.0  7.96161e-11
      17560.0  7.94864e-11
      17570.0  7.93477e-11
      17580.0  7.92002e-11
      17590.0  7.90443e-11
      17600.0  7.88804e-11
      17610.0  7.87085e-11
      17620.0  7.85291e-11
      17630.0  7.83423e-11
      17640.0  7.81485e-11
      17650.0  7.79479e-11
      17660.0  7.77407e-11
      17670.0  7.75274e-11
      17680.0  7.73082e-11
      17690.0  7.70835e-11
      17700.0  7.68537e-11
      17710.0  7.66192e-11
      17720.0  7.63803e-11
      17730.0  7.61375e-11
      17740.0  7.58912e-11
      17750.0  7.56419e-11
      17760.0  7.53899e-11
      17770.0  7.51356e-11
      17780.0  7.48794e-11
      17790.0  7.46217e-11
      17800.0  7.43627e-11
      17810.0  7.41028e-11
      17820.0  7.38420e-11
      17830.0  7.35808e-11
      17840.0  7.33191e-11
      17850.0  7.30571e-11
      17860.0  7.27950e-11
      17870.0  7.25326e-11
      17880.0  7.22702e-11
      17890.0  7.20076e-11
      17900.0  7.17448e-11
      17910.0  7.14818e-11
      17920.0  7.12186e-11
      17930.0  7.09550e-11
      17940.0  7.06909e-11
      17950.0  7.04263e-11
      17960.0  7.01612e-11
      17970.0  6.98954e-11
      17980.0  6.96288e-11
      17990.0  6.93614e-11
      18000.0  6.90930e-11
      18010.0  6.88237e-11
      18020.0  6.85533e-11
      18030.0  6.82818e-11
      18040.0  6.80090e-11
      18050.0  6.77350e-11
      18060.0  6.74596e-11
      18070.0  6.71829e-11
      18080.0  6.69047e-11
      18090.0  6.66250e-11
      18100.0  6.63439e-11
      18110.0  6.60612e-11
      18120.0  6.57770e-11
      18130.0  6.54913e-11
      18140.0  6.52042e-11
      18150.0  6.49158e-11
      18160.0  6.46260e-11
      18170.0  6.43352e-11
      18180.0  6.40433e-11
      18190.0  6.37507e-11
      18200.0  6.34574e-11
      18210.0  6.31638e-11
      18220.0  6.28702e-11
      18230.0  6.25766e-11
      18240.0  6.22835e-11
      18250.0  6.19911e-11
      18260.0  6.16997e-11
      18270.0  6.14096e-11
      18280.0  6.11210e-11
      18290.0  6.08341e-11
      18300.0  6.05493e-11
      18310.0  6.02665e-11
      18320.0  5.99861e-11
      18330.0  5.97080e-11
      18340.0  5.94324e-11
      18350.0  5.91592e-11
      18360.0  5.88885e-11
      18370.0  5.86200e-11
      18380.0  5.83538e-11
      18390.0  5.80895e-11
      18400.0  5.78271e-11
      18410.0  5.75662e-11
      18420.0  5.73066e-11
      18430.0  5.70480e-11
      18440.0  5.67900e-11
      18450.0  5.65325e-11
      18460.0  5.62749e-11
      18470.0  5.60172e-11
      18480.0  5.57589e-11
      18490.0  5.54999e-11
      18500.0  5.52398e-11
      18510.0  5.49786e-11
      18520.0  5.47161e-11
      18530.0  5.44521e-11
      18540.0  5.41867e-11
      18550.0  5.39198e-11
      18560.0  5.36514e-11
      18570.0  5.33818e-11
      18580.0  5.31109e-11
      18590.0  5.28391e-11
      18600.0  5.25665e-11
      18610.0  5.22933e-11
      18620.0  5.20199e-11
      18630.0  5.17466e-11
      18640.0  5.14736e-11
      18650.0  5.12013e-11
      18660.0  5.09301e-11
      18670.0  5.06602e-11
      18680.0  5.03921e-11
      18690.0  5.01260e-11
      18700.0  4.98622e-11
      18710.0  4.96011e-11
      18720.0  4.93430e-11
      18730.0  4.90881e-11
      18740.0  4.88367e-11
      18750.0  4.85891e-11
      18760.0  4.83454e-11
      18770.0  4.81059e-11
      18780.0  4.78709e-11
      18790.0  4.76405e-11
      18800.0  4.74149e-11
      18810.0  4.71943e-11
      18820.0  4.69790e-11
      18830.0  4.67690e-11
      18840.0  4.65646e-11
      18850.0  4.63659e-11
      18860.0  4.61731e-11
      18870.0  4.59863e-11
      18880.0  4.58058e-11
      18890.0  4.56315e-11
      18900.0  4.54638e-11
      18910.0  4.53026e-11
      18920.0  4.51481e-11
      18930.0  4.50004e-11
      18940.0  4.48594e-11
      18950.0  4.47254e-11
      18960.0  4.45983e-11
      18970.0  4.44781e-11
      18980.0  4.43648e-11
      18990.0  4.42583e-11
      19000.0  4.41586e-11
      19010.0  4.40657e-11
      19020.0  4.39793e-11
      19030.0  4.38994e-11
      19040.0  4.38259e-11
      19050.0  4.37586e-11
      19060.0  4.36972e-11
      19070.0  4.36417e-11
      19080.0  4.35919e-11
      19090.0  4.35475e-11
      19100.0  4.35082e-11
      19110.0  4.34741e-11
      19120.0  4.34447e-11
      19130.0  4.34198e-11
      19140.0  4.33994e-11
      19150.0  4.33831e-11
      19160.0  4.33707e-11
      19170.0  4.33621e-11
      19180.0  4.33570e-11
      19190.0  4.33552e-11
      19200.0  4.33566e-11
      19210.0  4.33610e-11
      19220.0  4.33682e-11
      19230.0  4.33781e-11
      19240.0  4.33906e-11
      19250.0  4.34054e-11
      19260.0  4.34226e-11
      19270.0  4.34419e-11
      19280.0  4.34633e-11
      19290.0  4.34867e-11
      19300.0  4.35120e-11
      19310.0  4.35392e-11
      19320.0  4.35683e-11
      19330.0  4.35992e-11
      19340.0  4.36318e-11
      19350.0  4.36662e-11
      19360.0  4.37024e-11
      19370.0  4.37403e-11
      19380.0  4.37800e-11
      19390.0  4.38215e-11
      19400.0  4.38647e-11
      19410.0  4.39096e-11
      19420.0  4.39563e-11
      19430.0  4.40048e-11
      19440.0  4.40550e-11
      19450.0  4.41070e-11
      19460.0  4.41606e-11
      19470.0  4.42158e-11
      19480.0  4.42726e-11
      19490.0  4.43309e-11
      19500.0  4.43905e-11
      19510.0  4.44514e-11
      19520.0  4.45134e-11
      19530.0  4.45763e-11
      19540.0  4.46399e-11
      19550.0  4.47040e-11
      19560.0  4.47684e-11
      19570.0  4.48327e-11
      19580.0  4.48966e-11
      19590.0  4.49597e-11
      19600.0  4.50218e-11
      19610.0  4.50824e-11
      19620.0  4.51411e-11
      19630.0  4.51973e-11
      19640.0  4.52507e-11
      19650.0  4.53007e-11
      19660.0  4.53467e-11
      19670.0  4.53884e-11
      19680.0  4.54250e-11
      19690.0  4.54561e-11
      19700.0  4.54812e-11
      19710.0  4.54996e-11
      19720.0  4.55108e-11
      19730.0  4.55144e-11
      19740.0  4.55098e-11
      19750.0  4.54965e-11
      19760.0  4.54743e-11
      19770.0  4.54426e-11
      19780.0  4.54011e-11
      19790.0  4.53496e-11
      19800.0  4.52878e-11
      19810.0  4.52155e-11
      19820.0  4.51327e-11
      19830.0  4.50392e-11
      19840.0  4.49351e-11
      19850.0  4.48204e-11
      19860.0  4.46952e-11
      19870.0  4.45597e-11
      19880.0  4.44141e-11
      19890.0  4.42586e-11
      19900.0  4.40936e-11
      19910.0  4.39194e-11
      19920.0  4.37363e-11
      19930.0  4.35448e-11
      19940.0  4.33452e-11
      19950.0  4.31381e-11
      19960.0  4.29237e-11
      19970.0  4.27026e-11
      19980.0  4.24752e-11
      19990.0  4.22420e-11
      20000.0  4.20034e-11
      20010.0  4.17599e-11
      20020.0  4.15118e-11
      20030.0  4.12596e-11
      20040.0  4.10038e-11
      20050.0  4.07447e-11
      20060.0  4.04828e-11
      20070.0  4.02183e-11
      20080.0  3.99518e-11
      20090.0  3.96835e-11
      20100.0  3.94139e-11
      20110.0  3.91433e-11
      20120.0  3.88721e-11
      20130.0  3.86006e-11
      20140.0  3.83292e-11
      20150.0  3.80582e-11
      20160.0  3.77881e-11
      20170.0  3.75190e-11
      20180.0  3.72515e-11
      20190.0  3.69857e-11
      20200.0  3.67221e-11
      20210.0  3.64610e-11
      20220.0  3.62028e-11
      20230.0  3.59477e-11
      20240.0  3.56961e-11
      20250.0  3.54483e-11
      20260.0  3.52046e-11
      20270.0  3.49653e-11
      20280.0  3.47307e-11
      20290.0  3.45011e-11
      20300.0  3.42768e-11
      20310.0  3.40580e-11
      20320.0  3.38450e-11
      20330.0  3.36379e-11
      20340.0  3.34371e-11
      20350.0  3.32428e-11
      20360.0  3.30551e-11
      20370.0  3.28741e-11
      20380.0  3.27002e-11
      20390.0  3.25333e-11
      20400.0  3.23736e-11
      20410.0  3.22212e-11
      20420.0  3.20762e-11
      20430.0  3.19387e-11
      20440.0  3.18086e-11
      20450.0  3.16860e-11
      20460.0  3.15708e-11
      20470.0  3.14631e-11
      20480.0  3.13628e-11
      20490.0  3.12697e-11
      20500.0  3.11838e-11
      20510.0  3.11050e-11
      20520.0  3.10332e-11
      20530.0  3.09680e-11
      20540.0  3.09095e-11
      20550.0  3.08573e-11
      20560.0  3.08112e-11
      20570.0  3.07711e-11
      20580.0  3.07366e-11
      20590.0  3.07075e-11
      20600.0  3.06835e-11
      20610.0  3.06643e-11
      20620.0  3.06496e-11
      20630.0  3.06392e-11
      20640.0  3.06326e-11
      20650.0  3.06295e-11
      20660.0  3.06297e-11
      20670.0  3.06328e-11
      20680.0  3.06384e-11
      20690.0  3.06462e-11
      20700.0  3.06558e-11
      20710.0  3.06670e-11
      20720.0  3.06793e-11
      20730.0  3.06923e-11
      20740.0  3.07059e-11
      20750.0  3.07195e-11
      20760.0  3.07329e-11
      20770.0  3.07457e-11
      20780.0  3.07575e-11
      20790.0  3.07682e-11
      20800.0  3.07772e-11
      20810.0  3.07845e-11
      20820.0  3.07895e-11
      20830.0  3.07921e-11
      20840.0  3.07920e-11
      20850.0  3.07889e-11
      20860.0  3.07827e-11
      20870.0  3.07730e-11
      20880.0  3.07596e-11
      20890.0  3.07425e-11
      20900.0  3.07215e-11
      20910.0  3.06963e-11
      20920.0  3.06670e-11
      20930.0  3.06333e-11
      20940.0  3.05953e-11
      20950.0  3.05529e-11
      20960.0  3.05060e-11
      20970.0  3.04548e-11
      20980.0  3.03991e-11
      20990.0  3.03391e-11
      21000.0  3.02748e-11
      21010.0  3.02064e-11
      21020.0  3.01338e-11
      21030.0  3.00573e-11
      21040.0  2.99770e-11
      21050.0  2.98930e-11
      21060.0  2.98055e-11
      21070.0  2.97147e-11
      21080.0  2.96207e-11
      21090.0  2.95239e-11
      21100.0  2.94243e-11
      21110.0  2.93222e-11
      21120.0  2.92178e-11
      21130.0  2.91113e-11
      21140.0  2.90030e-11
      21150.0  2.88930e-11
      21160.0  2.87816e-11
      21170.0  2.86689e-11
      21180.0  2.85552e-11
      21190.0  2.84408e-11
      21200.0  2.83257e-11
      21210.0  2.82102e-11
      21220.0  2.80944e-11
      21230.0  2.79786e-11
      21240.0  2.78629e-11
      21250.0  2.77474e-11
      21260.0  2.76324e-11
      21270.0  2.75179e-11
      21280.0  2.74041e-11
      21290.0  2.72912e-11
      21300.0  2.71792e-11
      21310.0  2.70683e-11
      21320.0  2.69587e-11
      21330.0  2.68503e-11
      21340.0  2.67433e-11
      21350.0  2.66378e-11
      21360.0  2.65340e-11
      21370.0  2.64318e-11
      21380.0  2.63314e-11
      21390.0  2.62328e-11
      21400.0  2.61361e-11
      21410.0  2.60414e-11
      21420.0  2.59488e-11
      21430.0  2.58583e-11
      21440.0  2.57699e-11
      21450.0  2.56838e-11
      21460.0  2.55999e-11
      21470.0  2.55182e-11
      21480.0  2.54389e-11
      21490.0  2.53619e-11
      21500.0  2.52873e-11
      21510.0  2.52150e-11
      21520.0  2.51451e-11
      21530.0  2.50775e-11
      21540.0  2.50122e-11
      21550.0  2.49493e-11
      21560.0  2.48886e-11
      21570.0  2.48302e-11
      21580.0  2.47740e-11
      21590.0  2.47199e-11
      21600.0  2.46679e-11
      21610.0  2.46179e-11
      21620.0  2.45699e-11
      21630.0  2.45238e-11
      21640.0  2.44795e-11
      21650.0  2.44369e-11
      21660.0  2.43959e-11
      21670.0  2.43564e-11
      21680.0  2.43184e-11
      21690.0  2.42817e-11
      21700.0  2.42462e-11
      21710.0  2.42119e-11
      21720.0  2.41785e-11
      21730.0  2.41461e-11
      21740.0  2.41145e-11
      21750.0  2.40836e-11
      21760.0  2.40533e-11
      21770.0  2.40235e-11
      21780.0  2.39941e-11
      21790.0  2.39650e-11
      21800.0  2.39361e-11
      21810.0  2.39074e-11
      21820.0  2.38786e-11
      21830.0  2.38498e-11
      21840.0  2.38209e-11
      21850.0  2.37917e-11
      21860.0  2.37622e-11
      21870.0  2.37324e-11
      21880.0  2.37022e-11
      21890.0  2.36715e-11
      21900.0  2.36402e-11
      21910.0  2.36084e-11
      21920.0  2.35759e-11
      21930.0  2.35427e-11
      21940.0  2.35087e-11
      21950.0  2.34740e-11
      21960.0  2.34385e-11
      21970.0  2.34020e-11
      21980.0  2.33647e-11
      21990.0  2.33264e-11
      22000.0  2.32872e-11
      22010.0  2.32469e-11
      22020.0  2.32056e-11
      22030.0  2.31632e-11
      22040.0  2.31197e-11
      22050.0  2.30751e-11
      22060.0  2.30293e-11
      22070.0  2.29823e-11
      22080.0  2.29341e-11
      22090.0  2.28846e-11
      22100.0  2.28338e-11
      22110.0  2.27818e-11
      22120.0  2.27284e-11
      22130.0  2.26736e-11
      22140.0  2.26175e-11
      22150.0  2.25599e-11
      22160.0  2.25010e-11
      22170.0  2.24406e-11
      22180.0  2.23788e-11
      22190.0  2.23155e-11
      22200.0  2.22508e-11
      22210.0  2.21846e-11
      22220.0  2.21169e-11
      22230.0  2.20478e-11
      22240.0  2.19772e-11
      22250.0  2.19052e-11
      22260.0  2.18317e-11
      22270.0  2.17568e-11
      22280.0  2.16805e-11
      22290.0  2.16029e-11
      22300.0  2.15239e-11
      22310.0  2.14436e-11
      22320.0  2.13620e-11
      22330.0  2.12791e-11
      22340.0  2.11950e-11
      22350.0  2.11098e-11
      22360.0  2.10234e-11
      22370.0  2.09359e-11
      22380.0  2.08473e-11
      22390.0  2.07577e-11
      22400.0  2.06672e-11
      22410.0  2.05756e-11
      22420.0  2.04833e-11
      22430.0  2.03900e-11
      22440.0  2.02960e-11
      22450.0  2.02012e-11
      22460.0  2.01057e-11
      22470.0  2.00095e-11
      22480.0  1.99128e-11
      22490.0  1.98156e-11
      22500.0  1.97179e-11
      22510.0  1.96198e-11
      22520.0  1.95214e-11
      22530.0  1.94228e-11
      22540.0  1.93240e-11
      22550.0  1.92252e-11
      22560.0  1.91265e-11
      22570.0  1.90279e-11
      22580.0  1.89296e-11
      22590.0  1.88316e-11
      22600.0  1.87342e-11
      22610.0  1.86374e-11
      22620.0  1.85413e-11
      22630.0  1.84461e-11
      22640.0  1.83520e-11
      22650.0  1.82589e-11
      22660.0  1.81671e-11
      22670.0  1.80767e-11
      22680.0  1.79878e-11
      22690.0  1.79005e-11
      22700.0  1.78149e-11
      22710.0  1.77311e-11
      22720.0  1.76493e-11
      22730.0  1.75694e-11
      22740.0  1.74917e-11
      22750.0  1.74160e-11
      22760.0  1.73426e-11
      22770.0  1.72713e-11
      22780.0  1.72024e-11
      22790.0  1.71358e-11
      22800.0  1.70715e-11
      22810.0  1.70095e-11
      22820.0  1.69499e-11
      22830.0  1.68926e-11
      22840.0  1.68377e-11
      22850.0  1.67851e-11
      22860.0  1.67348e-11
      22870.0  1.66868e-11
      22880.0  1.66412e-11
      22890.0  1.65978e-11
      22900.0  1.65566e-11
      22910.0  1.65178e-11
      22920.0  1.64811e-11
      22930.0  1.64467e-11
      22940.0  1.64144e-11
      22950.0  1.63844e-11
      22960.0  1.63565e-11
      22970.0  1.63307e-11
      22980.0  1.63070e-11
      22990.0  1.62854e-11
      23000.0  1.62658e-11
      23010.0  1.62482e-11
      23020.0  1.62324e-11
      23030.0  1.62185e-11
      23040.0  1.62063e-11
      23050.0  1.61957e-11
      23060.0  1.61867e-11
      23070.0  1.61790e-11
      23080.0  1.61725e-11
      23090.0  1.61672e-11
      23100.0  1.61628e-11
      23110.0  1.61592e-11
      23120.0  1.61563e-11
      23130.0  1.61538e-11
      23140.0  1.61516e-11
      23150.0  1.61495e-11
      23160.0  1.61474e-11
      23170.0  1.61451e-11
      23180.0  1.61424e-11
      23190.0  1.61392e-11
      23200.0  1.61353e-11
      23210.0  1.61305e-11
      23220.0  1.61247e-11
      23230.0  1.61176e-11
      23240.0  1.61092e-11
      23250.0  1.60992e-11
      23260.0  1.60874e-11
      23270.0  1.60736e-11
      23280.0  1.60578e-11
      23290.0  1.60397e-11
      23300.0  1.60190e-11
      23310.0  1.59957e-11
      23320.0  1.59697e-11
      23330.0  1.59406e-11
      23340.0  1.59085e-11
      23350.0  1.58733e-11
      23360.0  1.58348e-11
      23370.0  1.57931e-11
      23380.0  1.57481e-11
      23390.0  1.56999e-11
      23400.0  1.56485e-11
      23410.0  1.55941e-11
      23420.0  1.55368e-11
      23430.0  1.54767e-11
      23440.0  1.54141e-11
      23450.0  1.53493e-11
      23460.0  1.52825e-11
      23470.0  1.52140e-11
      23480.0  1.51442e-11
      23490.0  1.50734e-11
      23500.0  1.50019e-11
      23510.0  1.49301e-11
      23520.0  1.48584e-11
      23530.0  1.47871e-11
      23540.0  1.47166e-11
      23550.0  1.46474e-11
      23560.0  1.45797e-11
      23570.0  1.45139e-11
      23580.0  1.44504e-11
      23590.0  1.43895e-11
      23600.0  1.43315e-11
      23610.0  1.42769e-11
      23620.0  1.42259e-11
      23630.0  1.41790e-11
      23640.0  1.41364e-11
      23650.0  1.40984e-11
      23660.0  1.40655e-11
      23670.0  1.40380e-11
      23680.0  1.40162e-11
      23690.0  1.40005e-11
      23700.0  1.39911e-11
      23710.0  1.39885e-11
      23720.0  1.39928e-11
      23730.0  1.40043e-11
      23740.0  1.40233e-11
      23750.0  1.40498e-11
      23760.0  1.40842e-11
      23770.0  1.41264e-11
      23780.0  1.41764e-11
      23790.0  1.42343e-11
      23800.0  1.42999e-11
      23810.0  1.43732e-11
      23820.0  1.44540e-11
      23830.0  1.45423e-11
      23840.0  1.46377e-11
      23850.0  1.47398e-11
      23860.0  1.48484e-11
      23870.0  1.49632e-11
      23880.0  1.50838e-11
      23890.0  1.52099e-11
      23900.0  1.53410e-11
      23910.0  1.54770e-11
      23920.0  1.56172e-11
      23930.0  1.57614e-11
      23940.0  1.59091e-11
      23950.0  1.60599e-11
      23960.0  1.62132e-11
      23970.0  1.63685e-11
      23980.0  1.65252e-11
      23990.0  1.66828e-11
      24000.0  1.68406e-11
      24010.0  1.69979e-11
      24020.0  1.71542e-11
      24030.0  1.73087e-11
      24040.0  1.74607e-11
      24050.0  1.76097e-11
      24060.0  1.77551e-11
      24070.0  1.78962e-11
      24080.0  1.80326e-11
      24090.0  1.81639e-11
      24100.0  1.82897e-11
      24110.0  1.84098e-11
      24120.0  1.85240e-11
      24130.0  1.86322e-11
      24140.0  1.87344e-11
      24150.0  1.88308e-11
      24160.0  1.89214e-11
      24170.0  1.90064e-11
      24180.0  1.90863e-11
      24190.0  1.91612e-11
      24200.0  1.92316e-11
      24210.0  1.92977e-11
      24220.0  1.93601e-11
      24230.0  1.94191e-11
      24240.0  1.94750e-11
      24250.0  1.95284e-11
      24260.0  1.95795e-11
      24270.0  1.96287e-11
      24280.0  1.96764e-11
      24290.0  1.97229e-11
      24300.0  1.97685e-11
      24310.0  1.98134e-11
      24320.0  1.98580e-11
      24330.0  1.99026e-11
      24340.0  1.99472e-11
      24350.0  1.99923e-11
      24360.0  2.00378e-11
      24370.0  2.00841e-11
      24380.0  2.01314e-11
      24390.0  2.01796e-11
      24400.0  2.02290e-11
      24410.0  2.02796e-11
      24420.0  2.03316e-11
      24430.0  2.03849e-11
      24440.0  2.04395e-11
      24450.0  2.04955e-11
      24460.0  2.05528e-11
      24470.0  2.06113e-11
      24480.0  2.06709e-11
      24490.0  2.07314e-11
      24500.0  2.07927e-11
      24510.0  2.08546e-11
      24520.0  2.09169e-11
      24530.0  2.09794e-11
      24540.0  2.10418e-11
      24550.0  2.11041e-11
      24560.0  2.11660e-11
      24570.0  2.12274e-11
      24580.0  2.12881e-11
      24590.0  2.13480e-11
      24600.0  2.14071e-11
      24610.0  2.14654e-11
      24620.0  2.15228e-11
      24630.0  2.15796e-11
      24640.0  2.16358e-11
      24650.0  2.16917e-11
      24660.0  2.17475e-11
      24670.0  2.18035e-11
      24680.0  2.18601e-11
      24690.0  2.19175e-11
      24700.0  2.19763e-11
      24710.0  2.20369e-11
      24720.0  2.20996e-11
      24730.0  2.21648e-11
      24740.0  2.22330e-11
      24750.0  2.23046e-11
      24760.0  2.23796e-11
      24770.0  2.24584e-11
      24780.0  2.25411e-11
      24790.0  2.26276e-11
      24800.0  2.27178e-11
      24810.0  2.28113e-11
      24820.0  2.29079e-11
      24830.0  2.30069e-11
      24840.0  2.31078e-11
      24850.0  2.32097e-11
      24860.0  2.33118e-11
      24870.0  2.34134e-11
      24880.0  2.35136e-11
      24890.0  2.36116e-11
      24900.0  2.37066e-11
      24910.0  2.37981e-11
      24920.0  2.38856e-11
      24930.0  2.39686e-11
      24940.0  2.40469e-11
      24950.0  2.41204e-11
      24960.0  2.41889e-11
      24970.0  2.42526e-11
      24980.0  2.43116e-11
      24990.0  2.43661e-11
      25000.0  2.44162e-11
