      1000.00  1.30003e-38
      1010.00  1.30003e-38
      1020.00  1.30003e-38
      1030.00  1.30003e-38
      1040.00  1.30003e-38
      1050.00  1.30003e-38
      1060.00  1.30003e-38
      1070.00  1.30003e-38
      1080.00  1.30003e-38
      1090.00  1.30003e-38
      1100.00  1.30003e-38
      1110.00  1.30003e-38
      1120.00  1.30003e-38
      1130.00  1.30003e-38
      1140.00  1.30003e-38
      1150.00  1.30003e-38
      1160.00  1.30003e-38
      1170.00  1.30003e-38
      1180.00  1.30003e-38
      1190.00  1.30003e-38
      1200.00  1.30003e-38
      1210.00  1.30003e-38
      1220.00  1.30003e-38
      1230.00  1.30003e-38
      1240.00  1.30003e-38
      1250.00  1.30003e-38
      1260.00  1.30003e-38
      1270.00  1.30003e-38
      1280.00  1.30003e-38
      1290.00  1.30003e-38
      1300.00  1.30003e-38
      1310.00  1.30003e-38
      1320.00  1.30003e-38
      1330.00  1.30003e-38
      1340.00  1.30003e-38
      1350.00  1.30003e-38
      1360.00  1.30003e-38
      1370.00  1.30003e-38
      1380.00  1.30003e-38
      1390.00  1.30003e-38
      1400.00  1.30003e-38
      1410.00  1.30003e-38
      1420.00  1.30003e-38
      1430.00  1.30003e-38
      1440.00  1.30003e-38
      1450.00  1.30003e-38
      1460.00  1.30003e-38
      1470.00  1.30003e-38
      1480.00  1.30003e-38
      1490.00  1.30003e-38
      1500.00  1.30003e-38
      1510.00  1.30003e-38
      1520.00  1.30003e-38
      1530.00  1.30003e-38
      1540.00  1.30003e-38
      1550.00  1.30003e-38
      1560.00  1.30003e-38
      1570.00  1.30003e-38
      1580.00  1.30003e-38
      1590.00  1.30003e-38
      1600.00  1.30003e-38
      1610.00  1.30003e-38
      1620.00  1.30003e-38
      1630.00  1.30003e-38
      1640.00  1.30003e-38
      1650.00  1.30003e-38
      1660.00  1.30003e-38
      1670.00  1.30003e-38
      1680.00  1.30003e-38
      1690.00  1.30003e-38
      1700.00  1.30003e-38
      1710.00  1.30003e-38
      1720.00  1.30003e-38
      1730.00  1.30003e-38
      1740.00  1.30003e-38
      1750.00  1.30003e-38
      1760.00  1.30003e-38
      1770.00  1.30003e-38
      1780.00  1.30003e-38
      1790.00  1.30003e-38
      1800.00  1.30003e-38
      1810.00  1.30003e-38
      1820.00  1.30003e-38
      1830.00  1.30003e-38
      1840.00  1.30003e-38
      1850.00  1.30003e-38
      1860.00  1.30003e-38
      1870.00  1.30003e-38
      1880.00  1.30003e-38
      1890.00  1.30003e-38
      1900.00  1.30003e-38
      1910.00  1.30003e-38
      1920.00  1.30003e-38
      1930.00  1.30003e-38
      1940.00  1.30003e-38
      1950.00  1.30003e-38
      1960.00  1.30003e-38
      1970.00  1.30003e-38
      1980.00  1.30003e-38
      1990.00  1.30003e-38
      2000.00  1.30003e-38
      2010.00  1.30003e-38
      2020.00  1.30003e-38
      2030.00  1.30003e-38
      2040.00  1.30003e-38
      2050.00  1.30003e-38
      2060.00  1.30003e-38
      2070.00  1.30003e-38
      2080.00  1.30003e-38
      2090.00  1.30003e-38
      2100.00  1.30003e-38
      2110.00  1.30003e-38
      2120.00  1.30003e-38
      2130.00  1.30003e-38
      2140.00  1.30003e-38
      2150.00  1.30003e-38
      2160.00  1.30003e-38
      2170.00  1.30003e-38
      2180.00  1.30003e-38
      2190.00  1.30003e-38
      2200.00  1.30003e-38
      2210.00  1.30003e-38
      2220.00  1.30003e-38
      2230.00  1.30003e-38
      2240.00  1.30003e-38
      2250.00  1.30003e-38
      2260.00  1.30003e-38
      2270.00  1.30003e-38
      2280.00  1.30003e-38
      2290.00  1.30003e-38
      2300.00  1.30003e-38
      2310.00  1.30003e-38
      2320.00  1.30003e-38
      2330.00  1.30003e-38
      2340.00  1.30003e-38
      2350.00  1.30003e-38
      2360.00  1.30003e-38
      2370.00  1.30003e-38
      2380.00  1.30003e-38
      2390.00  1.30003e-38
      2400.00  1.30003e-38
      2410.00  1.30003e-38
      2420.00  1.30003e-38
      2430.00  1.30003e-38
      2440.00  1.30003e-38
      2450.00  1.30003e-38
      2460.00  1.30003e-38
      2470.00  1.30003e-38
      2480.00  1.30003e-38
      2490.00  1.30003e-38
      2500.00  1.30003e-38
      2510.00  1.30003e-38
      2520.00  1.30003e-38
      2530.00  1.30003e-38
      2540.00  1.30003e-38
      2550.00  1.30003e-38
      2560.00  1.30003e-38
      2570.00  1.30003e-38
      2580.00  1.30003e-38
      2590.00  1.30003e-38
      2600.00  1.30003e-38
      2610.00  1.30003e-38
      2620.00  1.30003e-38
      2630.00  1.30003e-38
      2640.00  1.30003e-38
      2650.00  1.30003e-38
      2660.00  1.30003e-38
      2670.00  1.30003e-38
      2680.00  1.30003e-38
      2690.00  1.30003e-38
      2700.00  1.30003e-38
      2710.00  1.30003e-38
      2720.00  1.30003e-38
      2730.00  1.30003e-38
      2740.00  1.30003e-38
      2750.00  1.30003e-38
      2760.00  1.30003e-38
      2770.00  1.30003e-38
      2780.00  1.30003e-38
      2790.00  1.30003e-38
      2800.00  1.30003e-38
      2810.00  1.30003e-38
      2820.00  1.30003e-38
      2830.00  1.30003e-38
      2840.00  1.30003e-38
      2850.00  1.30003e-38
      2860.00  1.30003e-38
      2870.00  1.30003e-38
      2880.00  1.30003e-38
      2890.00  1.30003e-38
      2900.00  1.30003e-38
      2910.00  1.30003e-38
      2920.00  1.30003e-38
      2930.00  1.30003e-38
      2940.00  1.30003e-38
      2950.00  1.30003e-38
      2960.00  1.30003e-38
      2970.00  1.30003e-38
      2980.00  1.30003e-38
      2990.00  1.30003e-38
      3000.00  1.30003e-38
      3010.00  1.30003e-38
      3020.00  1.30003e-38
      3030.00  1.30003e-38
      3040.00  1.30003e-38
      3050.00  1.30003e-38
      3060.00  1.30003e-38
      3070.00  1.30003e-38
      3080.00  1.30003e-38
      3090.00  1.30003e-38
      3100.00  1.30003e-38
      3110.00  1.30003e-38
      3120.00  1.30003e-38
      3130.00  1.30003e-38
      3140.00  1.30003e-38
      3150.00  1.30003e-38
      3160.00  1.30003e-38
      3170.00  1.30003e-38
      3180.00  1.30003e-38
      3190.00  1.30003e-38
      3200.00  1.30003e-38
      3210.00  1.30003e-38
      3220.00  1.30003e-38
      3230.00  1.30003e-38
      3240.00  1.30003e-38
      3250.00  1.30003e-38
      3260.00  1.30003e-38
      3270.00  1.30003e-38
      3280.00  1.30003e-38
      3290.00  1.30003e-38
      3300.00  1.30003e-38
      3310.00  1.30003e-38
      3320.00  1.30003e-38
      3330.00  1.30003e-38
      3340.00  1.30003e-38
      3350.00  1.30003e-38
      3360.00  1.30003e-38
      3370.00  1.30003e-38
      3380.00  1.30003e-38
      3390.00  1.30003e-38
      3400.00  1.30003e-38
      3410.00  1.30003e-38
      3420.00  1.30003e-38
      3430.00  1.30003e-38
      3440.00  1.30003e-38
      3450.00  1.30003e-38
      3460.00  1.30003e-38
      3470.00  1.30003e-38
      3480.00  1.30003e-38
      3490.00  1.30003e-38
      3500.00  1.30003e-38
      3510.00  1.30003e-38
      3520.00  1.30003e-38
      3530.00  1.30003e-38
      3540.00  1.30003e-38
      3550.00  1.30003e-38
      3560.00  1.30003e-38
      3570.00  1.30003e-38
      3580.00  1.30003e-38
      3590.00  1.30003e-38
      3600.00  1.30003e-38
      3610.00  1.30003e-38
      3620.00  1.30003e-38
      3630.00  1.30003e-38
      3640.00  1.30003e-38
      3650.00  1.30003e-38
      3660.00  1.30003e-38
      3670.00  1.30003e-38
      3680.00  1.30003e-38
      3690.00  1.30003e-38
      3700.00  1.30003e-38
      3710.00  1.30003e-38
      3720.00  1.30003e-38
      3730.00  1.30003e-38
      3740.00  1.30003e-38
      3750.00  1.30003e-38
      3760.00  1.30003e-38
      3770.00  1.30003e-38
      3780.00  1.30003e-38
      3790.00  1.30003e-38
      3800.00  1.30003e-38
      3810.00  1.30003e-38
      3820.00  1.30003e-38
      3830.00  1.30003e-38
      3840.00  1.30003e-38
      3850.00  1.30003e-38
      3860.00  1.30003e-38
      3870.00  1.30003e-38
      3880.00  1.30003e-38
      3890.00  1.30003e-38
      3900.00  1.30003e-38
      3910.00  1.30003e-38
      3920.00  1.30003e-38
      3930.00  1.30003e-38
      3940.00  1.30003e-38
      3950.00  1.30003e-38
      3960.00  1.30003e-38
      3970.00  1.30003e-38
      3980.00  1.30003e-38
      3990.00  1.30003e-38
      4000.00  1.30003e-38
      4010.00  1.30003e-38
      4020.00  1.30003e-38
      4030.00  1.30003e-38
      4040.00  1.30003e-38
      4050.00  1.30003e-38
      4060.00  1.30003e-38
      4070.00  1.30004e-38
      4080.00  1.30004e-38
      4090.00  1.30004e-38
      4100.00  1.30004e-38
      4110.00  1.30004e-38
      4120.00  1.30004e-38
      4130.00  1.30004e-38
      4140.00  1.30004e-38
      4150.00  1.30004e-38
      4160.00  1.30004e-38
      4170.00  1.30004e-38
      4180.00  1.30004e-38
      4190.00  1.30004e-38
      4200.00  1.30004e-38
      4210.00  1.30004e-38
      4220.00  1.30004e-38
      4230.00  1.30004e-38
      4240.00  1.30004e-38
      4250.00  1.30004e-38
      4260.00  1.30004e-38
      4270.00  1.30004e-38
      4280.00  1.30004e-38
      4290.00  1.30004e-38
      4300.00  1.30004e-38
      4310.00  1.30004e-38
      4320.00  1.30004e-38
      4330.00  1.30004e-38
      4340.00  1.30004e-38
      4350.00  1.30004e-38
      4360.00  1.30004e-38
      4370.00  1.30004e-38
      4380.00  1.30004e-38
      4390.00  1.30004e-38
      4400.00  1.30004e-38
      4410.00  1.30004e-38
      4420.00  1.30004e-38
      4430.00  1.30004e-38
      4440.00  1.30004e-38
      4450.00  1.30004e-38
      4460.00  1.30004e-38
      4470.00  1.30004e-38
      4480.00  1.30004e-38
      4490.00  1.30004e-38
      4500.00  1.30004e-38
      4510.00  1.30004e-38
      4520.00  1.30004e-38
      4530.00  1.30004e-38
      4540.00  1.30004e-38
      4550.00  1.30004e-38
      4560.00  1.30004e-38
      4570.00  1.30004e-38
      4580.00  1.30003e-38
      4590.00  1.30003e-38
      4600.00  1.30003e-38
      4610.00  1.30003e-38
      4620.00  1.30003e-38
      4630.00  1.30003e-38
      4640.00  1.30003e-38
      4650.00  1.30003e-38
      4660.00  1.30003e-38
      4670.00  1.30003e-38
      4680.00  1.30003e-38
      4690.00  1.30003e-38
      4700.00  1.30003e-38
      4710.00  1.30003e-38
      4720.00  1.30003e-38
      4730.00  1.30003e-38
      4740.00  1.30003e-38
      4750.00  1.30003e-38
      4760.00  1.30003e-38
      4770.00  1.30003e-38
      4780.00  1.30003e-38
      4790.00  1.30003e-38
      4800.00  1.30003e-38
      4810.00  1.30003e-38
      4820.00  1.30003e-38
      4830.00  1.30003e-38
      4840.00  1.30003e-38
      4850.00  1.30003e-38
      4860.00  1.30003e-38
      4870.00  1.30003e-38
      4880.00  1.30003e-38
      4890.00  1.30003e-38
      4900.00  1.30003e-38
      4910.00  1.30003e-38
      4920.00  1.30003e-38
      4930.00  1.30003e-38
      4940.00  1.30003e-38
      4950.00  1.30003e-38
      4960.00  1.30002e-38
      4970.00  1.30002e-38
      4980.00  1.30002e-38
      4990.00  1.30002e-38
      5000.00  1.30002e-38
      5010.00  1.30002e-38
      5020.00  1.30002e-38
      5030.00  1.30002e-38
      5040.00  1.30002e-38
      5050.00  1.30002e-38
      5060.00  1.30002e-38
      5070.00  1.30002e-38
      5080.00  1.30002e-38
      5090.00  1.30002e-38
      5100.00  1.30002e-38
      5110.00  1.30002e-38
      5120.00  1.30002e-38
      5130.00  1.30002e-38
      5140.00  1.30002e-38
      5150.00  1.30002e-38
      5160.00  1.30002e-38
      5170.00  1.30002e-38
      5180.00  1.30002e-38
      5190.00  1.30002e-38
      5200.00  1.30002e-38
      5210.00  1.30002e-38
      5220.00  1.30002e-38
      5230.00  1.30001e-38
      5240.00  1.30001e-38
      5250.00  1.30001e-38
      5260.00  1.30001e-38
      5270.00  1.30001e-38
      5280.00  1.30001e-38
      5290.00  1.30001e-38
      5300.00  1.30001e-38
      5310.00  1.30001e-38
      5320.00  1.30001e-38
      5330.00  1.30001e-38
      5340.00  1.30001e-38
      5350.00  1.30001e-38
      5360.00  1.30001e-38
      5370.00  1.30001e-38
      5380.00  1.30001e-38
      5390.00  1.30001e-38
      5400.00  1.30001e-38
      5410.00  1.30001e-38
      5420.00  1.30001e-38
      5430.00  1.30001e-38
      5440.00  1.30001e-38
      5450.00  1.30001e-38
      5460.00  1.30001e-38
      5470.00  1.30000e-38
      5480.00  1.30000e-38
      5490.00  1.30000e-38
      5500.00  1.30000e-38
      5510.00  1.30000e-38
      5520.00  1.30000e-38
      5530.00  1.30000e-38
      5540.00  1.30000e-38
      5550.00  1.30000e-38
      5560.00  1.30000e-38
      5570.00  1.30000e-38
      5580.00  1.30000e-38
      5590.00  1.30000e-38
      5600.00  1.30000e-38
      5610.00  1.30000e-38
      5620.00  1.30000e-38
      5630.00  1.30000e-38
      5640.00  1.30000e-38
      5650.00  1.30000e-38
      5660.00  1.30000e-38
      5670.00  1.30000e-38
      5680.00  1.30000e-38
      5690.00  1.30000e-38
      5700.00  1.30000e-38
      5710.00  1.30000e-38
      5720.00  1.29999e-38
      5730.00  1.29999e-38
      5740.00  1.29999e-38
      5750.00  1.29999e-38
      5760.00  1.29999e-38
      5770.00  1.29999e-38
      5780.00  1.29999e-38
      5790.00  1.29999e-38
      5800.00  1.29999e-38
      5810.00  1.29999e-38
      5820.00  1.29999e-38
      5830.00  1.29999e-38
      5840.00  1.29999e-38
      5850.00  1.29999e-38
      5860.00  1.29999e-38
      5870.00  1.29999e-38
      5880.00  1.29999e-38
      5890.00  1.29999e-38
      5900.00  1.29999e-38
      5910.00  1.29999e-38
      5920.00  1.29999e-38
      5930.00  1.29999e-38
      5940.00  1.29999e-38
      5950.00  1.29999e-38
      5960.00  1.29999e-38
      5970.00  1.29999e-38
      5980.00  1.29999e-38
      5990.00  1.29999e-38
      6000.00  1.29998e-38
      6010.00  1.29998e-38
      6020.00  1.29998e-38
      6030.00  1.29998e-38
      6040.00  1.29998e-38
      6050.00  1.29998e-38
      6060.00  1.29998e-38
      6070.00  1.29998e-38
      6080.00  1.29998e-38
      6090.00  1.29998e-38
      6100.00  1.29998e-38
      6110.00  1.29998e-38
      6120.00  1.29998e-38
      6130.00  1.29998e-38
      6140.00  1.29998e-38
      6150.00  1.29998e-38
      6160.00  1.29998e-38
      6170.00  1.29998e-38
      6180.00  1.29998e-38
      6190.00  1.29998e-38
      6200.00  1.29998e-38
      6210.00  1.29998e-38
      6220.00  1.29998e-38
      6230.00  1.29998e-38
      6240.00  1.29998e-38
      6250.00  1.29998e-38
      6260.00  1.29998e-38
      6270.00  1.29998e-38
      6280.00  1.29998e-38
      6290.00  1.29998e-38
      6300.00  1.29998e-38
      6310.00  1.29998e-38
      6320.00  1.29998e-38
      6330.00  1.29998e-38
      6340.00  1.29998e-38
      6350.00  1.29998e-38
      6360.00  1.29997e-38
      6370.00  1.29997e-38
      6380.00  1.29997e-38
      6390.00  1.29997e-38
      6400.00  1.29997e-38
      6410.00  1.29997e-38
      6420.00  1.29997e-38
      6430.00  1.29997e-38
      6440.00  1.29997e-38
      6450.00  1.29997e-38
      6460.00  1.29997e-38
      6470.00  1.29997e-38
      6480.00  1.29997e-38
      6490.00  1.29997e-38
      6500.00  1.29997e-38
      6510.00  1.29997e-38
      6520.00  1.29997e-38
      6530.00  1.29997e-38
      6540.00  1.29997e-38
      6550.00  1.29997e-38
      6560.00  1.29997e-38
      6570.00  1.29997e-38
      6580.00  1.29997e-38
      6590.00  1.29997e-38
      6600.00  1.29997e-38
      6610.00  1.29997e-38
      6620.00  1.29997e-38
      6630.00  1.29997e-38
      6640.00  1.29997e-38
      6650.00  1.29997e-38
      6660.00  1.29997e-38
      6670.00  1.29997e-38
      6680.00  1.29997e-38
      6690.00  1.29997e-38
      6700.00  1.29997e-38
      6710.00  1.29997e-38
      6720.00  1.29997e-38
      6730.00  1.29997e-38
      6740.00  1.29997e-38
      6750.00  1.29997e-38
      6760.00  1.29997e-38
      6770.00  1.29997e-38
      6780.00  1.29997e-38
      6790.00  1.29997e-38
      6800.00  1.29997e-38
      6810.00  1.29997e-38
      6820.00  1.29997e-38
      6830.00  1.29997e-38
      6840.00  1.29997e-38
      6850.00  1.29997e-38
      6860.00  1.29997e-38
      6870.00  1.29997e-38
      6880.00  1.29997e-38
      6890.00  1.29997e-38
      6900.00  1.29997e-38
      6910.00  1.29997e-38
      6920.00  1.29997e-38
      6930.00  1.29997e-38
      6940.00  1.29997e-38
      6950.00  1.29997e-38
      6960.00  1.29997e-38
      6970.00  1.29997e-38
      6980.00  1.29997e-38
      6990.00  1.29997e-38
      7000.00  1.29997e-38
      7010.00  1.29997e-38
      7020.00  1.29997e-38
      7030.00  1.29997e-38
      7040.00  1.29997e-38
      7050.00  1.29997e-38
      7060.00  1.29997e-38
      7070.00  1.29997e-38
      7080.00  1.29997e-38
      7090.00  1.29997e-38
      7100.00  1.29997e-38
      7110.00  1.29997e-38
      7120.00  1.29997e-38
      7130.00  1.29997e-38
      7140.00  1.29997e-38
      7150.00  1.29997e-38
      7160.00  1.29997e-38
      7170.00  1.29997e-38
      7180.00  1.29997e-38
      7190.00  1.29997e-38
      7200.00  1.29997e-38
      7210.00  1.29997e-38
      7220.00  1.29997e-38
      7230.00  1.29997e-38
      7240.00  1.29997e-38
      7250.00  1.29997e-38
      7260.00  1.29997e-38
      7270.00  1.29997e-38
      7280.00  1.29998e-38
      7290.00  1.29998e-38
      7300.00  1.29998e-38
      7310.00  1.29998e-38
      7320.00  1.29998e-38
      7330.00  1.29998e-38
      7340.00  1.29998e-38
      7350.00  1.29998e-38
      7360.00  1.29998e-38
      7370.00  1.29998e-38
      7380.00  1.29998e-38
      7390.00  1.29998e-38
      7400.00  1.29998e-38
      7410.00  1.29998e-38
      7420.00  1.29998e-38
      7430.00  1.29998e-38
      7440.00  1.29998e-38
      7450.00  1.29998e-38
      7460.00  1.29998e-38
      7470.00  1.29998e-38
      7480.00  1.29998e-38
      7490.00  1.29998e-38
      7500.00  1.29998e-38
      7510.00  1.29998e-38
      7520.00  1.29998e-38
      7530.00  1.29998e-38
      7540.00  1.29998e-38
      7550.00  1.29998e-38
      7560.00  1.29998e-38
      7570.00  1.29998e-38
      7580.00  1.29998e-38
      7590.00  1.29998e-38
      7600.00  1.29998e-38
      7610.00  1.29998e-38
      7620.00  1.29998e-38
      7630.00  1.29998e-38
      7640.00  1.29998e-38
      7650.00  1.29998e-38
      7660.00  1.29998e-38
      7670.00  1.29998e-38
      7680.00  1.29998e-38
      7690.00  1.29998e-38
      7700.00  1.29998e-38
      7710.00  1.29998e-38
      7720.00  1.29998e-38
      7730.00  1.29998e-38
      7740.00  1.29998e-38
      7750.00  1.29998e-38
      7760.00  1.29998e-38
      7770.00  1.29998e-38
      7780.00  1.29998e-38
      7790.00  1.29998e-38
      7800.00  1.29998e-38
      7810.00  1.29998e-38
      7820.00  1.29998e-38
      7830.00  1.29998e-38
      7840.00  1.29998e-38
      7850.00  1.29999e-38
      7860.00  1.29999e-38
      7870.00  1.29999e-38
      7880.00  1.29999e-38
      7890.00  1.29999e-38
      7900.00  1.29999e-38
      7910.00  1.29999e-38
      7920.00  1.29999e-38
      7930.00  1.29999e-38
      7940.00  1.29999e-38
      7950.00  1.29999e-38
      7960.00  1.29999e-38
      7970.00  1.29999e-38
      7980.00  1.29999e-38
      7990.00  1.29999e-38
      8000.00  1.29999e-38
      8010.00  1.29999e-38
      8020.00  1.29999e-38
      8030.00  1.29999e-38
      8040.00  1.29999e-38
      8050.00  1.29999e-38
      8060.00  1.29999e-38
      8070.00  1.29999e-38
      8080.00  1.29999e-38
      8090.00  1.29999e-38
      8100.00  1.29999e-38
      8110.00  1.29999e-38
      8120.00  1.29999e-38
      8130.00  1.29999e-38
      8140.00  1.29999e-38
      8150.00  1.29999e-38
      8160.00  1.29999e-38
      8170.00  1.29999e-38
      8180.00  1.29999e-38
      8190.00  1.29999e-38
      8200.00  1.29999e-38
      8210.00  1.29999e-38
      8220.00  1.29999e-38
      8230.00  1.29999e-38
      8240.00  1.29999e-38
      8250.00  1.29999e-38
      8260.00  1.29999e-38
      8270.00  1.29999e-38
      8280.00  1.29999e-38
      8290.00  1.29999e-38
      8300.00  1.29999e-38
      8310.00  1.29999e-38
      8320.00  1.29999e-38
      8330.00  1.29999e-38
      8340.00  1.29999e-38
      8350.00  1.29999e-38
      8360.00  1.29999e-38
      8370.00  1.29999e-38
      8380.00  1.29999e-38
      8390.00  1.29999e-38
      8400.00  1.29999e-38
      8410.00  1.29999e-38
      8420.00  1.29999e-38
      8430.00  1.29999e-38
      8440.00  1.29999e-38
      8450.00  1.29999e-38
      8460.00  1.29999e-38
      8470.00  1.29999e-38
      8480.00  1.29999e-38
      8490.00  1.29999e-38
      8500.00  1.29999e-38
      8510.00  1.29999e-38
      8520.00  1.29999e-38
      8530.00  1.29999e-38
      8540.00  1.29999e-38
      8550.00  1.29999e-38
      8560.00  1.29999e-38
      8570.00  1.29999e-38
      8580.00  1.29999e-38
      8590.00  1.29999e-38
      8600.00  1.29999e-38
      8610.00  1.29999e-38
      8620.00  1.29999e-38
      8630.00  1.29999e-38
      8640.00  1.29999e-38
      8650.00  1.29999e-38
      8660.00  1.29999e-38
      8670.00  1.29999e-38
      8680.00  1.29999e-38
      8690.00  1.29999e-38
      8700.00  1.29999e-38
      8710.00  1.29999e-38
      8720.00  1.29999e-38
      8730.00  1.29999e-38
      8740.00  1.29999e-38
      8750.00  1.29999e-38
      8760.00  1.29999e-38
      8770.00  1.29999e-38
      8780.00  1.29999e-38
      8790.00  1.29999e-38
      8800.00  1.29999e-38
      8810.00  1.29999e-38
      8820.00  1.29999e-38
      8830.00  1.29999e-38
      8840.00  1.29999e-38
      8850.00  1.29999e-38
      8860.00  1.29999e-38
      8870.00  1.29999e-38
      8880.00  1.29999e-38
      8890.00  1.29999e-38
      8900.00  1.29999e-38
      8910.00  1.29999e-38
      8920.00  1.29999e-38
      8930.00  1.29999e-38
      8940.00  1.29999e-38
      8950.00  1.29999e-38
      8960.00  1.29999e-38
      8970.00  1.29999e-38
      8980.00  1.29999e-38
      8990.00  1.29999e-38
      9000.00  1.29999e-38
      9010.00  1.29999e-38
      9020.00  1.29999e-38
      9030.00  1.29999e-38
      9040.00  1.29999e-38
      9050.00  1.29999e-38
      9060.00  1.29999e-38
      9070.00  1.29999e-38
      9080.00  1.29999e-38
      9090.00  1.29999e-38
      9100.00  1.29999e-38
      9110.00  1.29999e-38
      9120.00  1.29999e-38
      9130.00  1.29999e-38
      9140.00  1.29999e-38
      9150.00  1.29999e-38
      9160.00  1.29999e-38
      9170.00  1.29999e-38
      9180.00  1.29999e-38
      9190.00  1.29999e-38
      9200.00  1.29999e-38
      9210.00  1.29999e-38
      9220.00  1.29999e-38
      9230.00  1.29999e-38
      9240.00  1.29999e-38
      9250.00  1.29999e-38
      9260.00  1.29999e-38
      9270.00  1.29999e-38
      9280.00  1.29999e-38
      9290.00  1.29999e-38
      9300.00  1.29999e-38
      9310.00  1.29999e-38
      9320.00  1.29999e-38
      9330.00  1.29999e-38
      9340.00  1.29999e-38
      9350.00  1.29999e-38
      9360.00  1.29999e-38
      9370.00  1.29999e-38
      9380.00  1.29999e-38
      9390.00  1.29999e-38
      9400.00  1.29999e-38
      9410.00  1.29999e-38
      9420.00  1.29999e-38
      9430.00  1.29999e-38
      9440.00  1.29999e-38
      9450.00  1.29999e-38
      9460.00  1.29999e-38
      9470.00  1.29999e-38
      9480.00  1.29999e-38
      9490.00  1.29999e-38
      9500.00  1.29999e-38
      9510.00  1.29999e-38
      9520.00  1.29999e-38
      9530.00  1.29999e-38
      9540.00  1.29999e-38
      9550.00  1.29999e-38
      9560.00  1.29999e-38
      9570.00  1.29999e-38
      9580.00  1.29999e-38
      9590.00  1.29999e-38
      9600.00  1.29999e-38
      9610.00  1.29999e-38
      9620.00  1.29999e-38
      9630.00  1.29999e-38
      9640.00  1.29999e-38
      9650.00  1.29999e-38
      9660.00  1.29999e-38
      9670.00  1.29999e-38
      9680.00  1.29999e-38
      9690.00  1.29999e-38
      9700.00  1.29999e-38
      9710.00  1.29999e-38
      9720.00  1.29999e-38
      9730.00  1.29999e-38
      9740.00  1.29999e-38
      9750.00  1.29999e-38
      9760.00  1.29999e-38
      9770.00  1.29999e-38
      9780.00  1.29999e-38
      9790.00  1.29999e-38
      9800.00  1.29999e-38
      9810.00  1.29999e-38
      9820.00  1.29999e-38
      9830.00  1.29999e-38
      9840.00  1.29999e-38
      9850.00  1.29999e-38
      9860.00  1.29999e-38
      9870.00  1.29999e-38
      9880.00  1.29999e-38
      9890.00  1.29999e-38
      9900.00  1.29999e-38
      9910.00  1.29999e-38
      9920.00  1.29999e-38
      9930.00  1.29999e-38
      9940.00  1.29999e-38
      9950.00  1.29999e-38
      9960.00  1.29999e-38
      9970.00  1.29999e-38
      9980.00  1.29999e-38
      9990.00  1.29999e-38
      10000.0  1.29999e-38
      10010.0  1.29999e-38
      10020.0  1.29999e-38
      10030.0  1.29999e-38
      10040.0  1.29999e-38
      10050.0  1.29999e-38
      10060.0  1.29999e-38
      10070.0  1.29999e-38
      10080.0  1.29999e-38
      10090.0  1.29999e-38
      10100.0  1.29999e-38
      10110.0  1.29999e-38
      10120.0  1.29999e-38
      10130.0  1.29999e-38
      10140.0  1.29999e-38
      10150.0  1.29999e-38
      10160.0  1.29999e-38
      10170.0  1.29999e-38
      10180.0  1.29999e-38
      10190.0  1.29999e-38
      10200.0  1.29999e-38
      10210.0  1.29999e-38
      10220.0  1.29999e-38
      10230.0  1.29999e-38
      10240.0  1.29999e-38
      10250.0  1.29999e-38
      10260.0  1.29999e-38
      10270.0  1.29999e-38
      10280.0  1.29999e-38
      10290.0  1.29999e-38
      10300.0  1.29999e-38
      10310.0  1.29999e-38
      10320.0  1.29999e-38
      10330.0  1.29999e-38
      10340.0  1.29999e-38
      10350.0  1.29999e-38
      10360.0  1.29999e-38
      10370.0  1.29999e-38
      10380.0  1.29999e-38
      10390.0  1.29999e-38
      10400.0  1.29998e-38
      10410.0  1.29998e-38
      10420.0  1.29998e-38
      10430.0  1.29998e-38
      10440.0  1.29998e-38
      10450.0  1.29998e-38
      10460.0  1.29998e-38
      10470.0  1.29998e-38
      10480.0  1.29998e-38
      10490.0  1.29998e-38
      10500.0  1.29998e-38
      10510.0  1.29998e-38
      10520.0  1.29998e-38
      10530.0  1.29998e-38
      10540.0  1.29998e-38
      10550.0  1.29998e-38
      10560.0  1.29998e-38
      10570.0  1.29998e-38
      10580.0  1.29998e-38
      10590.0  1.29998e-38
      10600.0  1.29998e-38
      10610.0  1.29998e-38
      10620.0  1.29998e-38
      10630.0  1.29998e-38
      10640.0  1.29998e-38
      10650.0  1.29998e-38
      10660.0  1.29998e-38
      10670.0  1.29998e-38
      10680.0  1.29998e-38
      10690.0  1.29998e-38
      10700.0  1.29998e-38
      10710.0  1.29998e-38
      10720.0  1.29998e-38
      10730.0  1.29998e-38
      10740.0  1.29998e-38
      10750.0  1.29998e-38
      10760.0  1.29998e-38
      10770.0  1.29998e-38
      10780.0  1.29998e-38
      10790.0  1.29998e-38
      10800.0  1.29998e-38
      10810.0  1.29998e-38
      10820.0  1.29998e-38
      10830.0  1.29998e-38
      10840.0  1.29998e-38
      10850.0  1.29998e-38
      10860.0  1.29998e-38
      10870.0  1.29998e-38
      10880.0  1.29998e-38
      10890.0  1.29998e-38
      10900.0  1.29998e-38
      10910.0  1.29998e-38
      10920.0  1.29998e-38
      10930.0  1.29998e-38
      10940.0  1.29998e-38
      10950.0  1.29998e-38
      10960.0  1.29998e-38
      10970.0  1.29998e-38
      10980.0  1.29998e-38
      10990.0  1.29998e-38
      11000.0  1.29998e-38
      11010.0  1.29998e-38
      11020.0  1.29998e-38
      11030.0  1.29998e-38
      11040.0  1.29998e-38
      11050.0  1.29998e-38
      11060.0  1.29998e-38
      11070.0  1.29998e-38
      11080.0  1.29998e-38
      11090.0  1.29998e-38
      11100.0  1.29998e-38
      11110.0  1.29998e-38
      11120.0  1.29998e-38
      11130.0  1.29998e-38
      11140.0  1.29998e-38
      11150.0  1.29998e-38
      11160.0  1.29998e-38
      11170.0  1.29998e-38
      11180.0  1.29998e-38
      11190.0  1.29998e-38
      11200.0  1.29998e-38
      11210.0  1.29998e-38
      11220.0  1.29998e-38
      11230.0  1.29998e-38
      11240.0  1.29998e-38
      11250.0  1.29998e-38
      11260.0  1.29998e-38
      11270.0  1.29998e-38
      11280.0  1.29998e-38
      11290.0  1.29998e-38
      11300.0  1.29998e-38
      11310.0  1.29998e-38
      11320.0  1.29998e-38
      11330.0  1.29998e-38
      11340.0  1.29998e-38
      11350.0  1.29998e-38
      11360.0  1.29998e-38
      11370.0  1.29998e-38
      11380.0  1.29998e-38
      11390.0  1.29998e-38
      11400.0  1.29998e-38
      11410.0  1.29998e-38
      11420.0  1.29998e-38
      11430.0  1.29998e-38
      11440.0  1.29998e-38
      11450.0  1.29998e-38
      11460.0  1.29998e-38
      11470.0  1.29998e-38
      11480.0  1.29998e-38
      11490.0  1.29998e-38
      11500.0  1.29997e-38
      11510.0  1.29997e-38
      11520.0  1.29997e-38
      11530.0  1.29997e-38
      11540.0  1.29997e-38
      11550.0  1.29997e-38
      11560.0  1.29997e-38
      11570.0  1.29997e-38
      11580.0  1.29997e-38
      11590.0  1.29997e-38
      11600.0  1.29997e-38
      11610.0  1.29997e-38
      11620.0  1.29997e-38
      11630.0  1.29997e-38
      11640.0  1.29997e-38
      11650.0  1.29997e-38
      11660.0  1.29997e-38
      11670.0  1.29997e-38
      11680.0  1.29997e-38
      11690.0  1.29997e-38
      11700.0  1.29997e-38
      11710.0  1.29997e-38
      11720.0  1.29997e-38
      11730.0  1.29997e-38
      11740.0  1.29997e-38
      11750.0  1.29997e-38
      11760.0  1.29997e-38
      11770.0  1.29997e-38
      11780.0  1.29997e-38
      11790.0  1.29997e-38
      11800.0  1.29997e-38
      11810.0  1.29997e-38
      11820.0  1.29997e-38
      11830.0  1.29997e-38
      11840.0  1.29997e-38
      11850.0  1.29997e-38
      11860.0  1.29997e-38
      11870.0  1.29997e-38
      11880.0  1.29997e-38
      11890.0  1.29997e-38
      11900.0  1.29997e-38
      11910.0  1.29997e-38
      11920.0  1.29997e-38
      11930.0  1.29997e-38
      11940.0  1.29997e-38
      11950.0  1.29997e-38
      11960.0  1.29997e-38
      11970.0  1.29997e-38
      11980.0  1.29997e-38
      11990.0  1.29997e-38
      12000.0  1.29997e-38
      12010.0  1.29997e-38
      12020.0  1.29997e-38
      12030.0  1.29997e-38
      12040.0  1.29997e-38
      12050.0  1.29997e-38
      12060.0  1.29997e-38
      12070.0  1.29997e-38
      12080.0  1.29997e-38
      12090.0  1.29997e-38
      12100.0  1.29997e-38
      12110.0  1.29997e-38
      12120.0  1.29997e-38
      12130.0  1.29997e-38
      12140.0  1.29997e-38
      12150.0  1.29997e-38
      12160.0  1.29997e-38
      12170.0  1.29997e-38
      12180.0  1.29997e-38
      12190.0  1.29997e-38
      12200.0  1.29997e-38
      12210.0  1.29997e-38
      12220.0  1.29997e-38
      12230.0  1.29997e-38
      12240.0  1.29997e-38
      12250.0  1.29997e-38
      12260.0  1.29997e-38
      12270.0  1.29997e-38
      12280.0  1.29997e-38
      12290.0  1.29997e-38
      12300.0  1.29997e-38
      12310.0  1.29997e-38
      12320.0  1.29997e-38
      12330.0  1.29997e-38
      12340.0  1.29997e-38
      12350.0  1.29997e-38
      12360.0  1.29997e-38
      12370.0  1.29997e-38
      12380.0  1.29997e-38
      12390.0  1.29997e-38
      12400.0  1.29997e-38
      12410.0  1.29997e-38
      12420.0  1.29997e-38
      12430.0  1.29997e-38
      12440.0  1.29997e-38
      12450.0  1.29997e-38
      12460.0  1.29997e-38
      12470.0  1.29997e-38
      12480.0  1.29997e-38
      12490.0  1.29997e-38
      12500.0  1.29997e-38
      12510.0  1.29997e-38
      12520.0  1.29997e-38
      12530.0  1.29997e-38
      12540.0  1.29997e-38
      12550.0  1.29997e-38
      12560.0  1.29997e-38
      12570.0  1.29997e-38
      12580.0  1.29997e-38
      12590.0  1.29997e-38
      12600.0  1.29997e-38
      12610.0  1.29997e-38
      12620.0  1.29997e-38
      12630.0  1.29997e-38
      12640.0  1.29997e-38
      12650.0  1.29997e-38
      12660.0  1.29997e-38
      12670.0  1.29997e-38
      12680.0  1.29997e-38
      12690.0  1.29997e-38
      12700.0  1.29997e-38
      12710.0  1.29997e-38
      12720.0  1.29997e-38
      12730.0  1.29997e-38
      12740.0  1.29997e-38
      12750.0  1.29997e-38
      12760.0  1.29997e-38
      12770.0  1.29997e-38
      12780.0  1.29997e-38
      12790.0  1.29997e-38
      12800.0  1.29997e-38
      12810.0  1.29997e-38
      12820.0  1.29997e-38
      12830.0  1.29997e-38
      12840.0  1.29997e-38
      12850.0  1.29997e-38
      12860.0  1.29997e-38
      12870.0  1.29997e-38
      12880.0  1.29997e-38
      12890.0  1.29997e-38
      12900.0  1.29997e-38
      12910.0  1.29997e-38
      12920.0  1.29997e-38
      12930.0  1.29997e-38
      12940.0  1.29997e-38
      12950.0  1.29997e-38
      12960.0  1.29997e-38
      12970.0  1.29997e-38
      12980.0  1.29997e-38
      12990.0  1.29997e-38
      13000.0  1.29997e-38
      13010.0  1.29997e-38
      13020.0  1.29997e-38
      13030.0  1.29996e-38
      13040.0  1.29996e-38
      13050.0  1.29996e-38
      13060.0  1.29996e-38
      13070.0  1.29996e-38
      13080.0  1.29996e-38
      13090.0  1.29996e-38
      13100.0  1.29996e-38
      13110.0  1.29996e-38
      13120.0  1.29996e-38
      13130.0  1.29996e-38
      13140.0  1.29996e-38
      13150.0  1.29996e-38
      13160.0  1.29996e-38
      13170.0  1.29996e-38
      13180.0  1.29996e-38
      13190.0  1.29996e-38
      13200.0  1.29996e-38
      13210.0  1.29996e-38
      13220.0  1.29996e-38
      13230.0  1.29996e-38
      13240.0  1.29996e-38
      13250.0  1.29996e-38
      13260.0  1.29996e-38
      13270.0  1.29996e-38
      13280.0  1.29996e-38
      13290.0  1.29996e-38
      13300.0  1.29996e-38
      13310.0  1.29996e-38
      13320.0  1.29996e-38
      13330.0  1.29996e-38
      13340.0  1.29996e-38
      13350.0  1.29996e-38
      13360.0  1.29996e-38
      13370.0  1.29996e-38
      13380.0  1.29996e-38
      13390.0  1.29996e-38
      13400.0  1.29996e-38
      13410.0  1.29996e-38
      13420.0  1.29996e-38
      13430.0  1.29996e-38
      13440.0  1.29996e-38
      13450.0  1.29996e-38
      13460.0  1.29996e-38
      13470.0  1.29996e-38
      13480.0  1.29996e-38
      13490.0  1.29996e-38
      13500.0  1.29996e-38
      13510.0  1.29996e-38
      13520.0  1.29996e-38
      13530.0  1.29996e-38
      13540.0  1.29996e-38
      13550.0  1.29996e-38
      13560.0  1.29996e-38
      13570.0  1.29996e-38
      13580.0  1.29996e-38
      13590.0  1.29996e-38
      13600.0  1.29996e-38
      13610.0  1.29996e-38
      13620.0  1.29996e-38
      13630.0  1.29996e-38
      13640.0  1.29996e-38
      13650.0  1.29996e-38
      13660.0  1.29996e-38
      13670.0  1.29996e-38
      13680.0  1.29996e-38
      13690.0  1.29996e-38
      13700.0  1.29996e-38
      13710.0  1.29996e-38
      13720.0  1.29996e-38
      13730.0  1.29996e-38
      13740.0  1.29996e-38
      13750.0  1.29996e-38
      13760.0  1.29996e-38
      13770.0  1.29996e-38
      13780.0  1.29996e-38
      13790.0  1.29996e-38
      13800.0  1.29996e-38
      13810.0  1.29996e-38
      13820.0  1.29996e-38
      13830.0  1.29996e-38
      13840.0  1.29996e-38
      13850.0  1.29996e-38
      13860.0  1.29996e-38
      13870.0  1.29996e-38
      13880.0  1.29996e-38
      13890.0  1.29996e-38
      13900.0  1.29996e-38
      13910.0  1.29996e-38
      13920.0  1.29996e-38
      13930.0  1.29996e-38
      13940.0  1.29996e-38
      13950.0  1.29996e-38
      13960.0  1.29996e-38
      13970.0  1.29996e-38
      13980.0  1.29996e-38
      13990.0  1.29996e-38
      14000.0  1.29996e-38
      14010.0  1.29996e-38
      14020.0  1.29996e-38
      14030.0  1.29996e-38
      14040.0  1.29996e-38
      14050.0  1.29996e-38
      14060.0  1.29996e-38
      14070.0  1.29996e-38
      14080.0  1.29996e-38
      14090.0  1.29996e-38
      14100.0  1.29996e-38
      14110.0  1.29996e-38
      14120.0  1.29996e-38
      14130.0  1.29996e-38
      14140.0  1.29996e-38
      14150.0  1.29996e-38
      14160.0  1.29996e-38
      14170.0  1.29996e-38
      14180.0  1.29996e-38
      14190.0  1.29996e-38
      14200.0  1.29996e-38
      14210.0  1.29996e-38
      14220.0  1.29996e-38
      14230.0  1.29996e-38
      14240.0  1.29996e-38
      14250.0  1.29996e-38
      14260.0  1.29996e-38
      14270.0  1.29996e-38
      14280.0  1.29996e-38
      14290.0  1.29996e-38
      14300.0  1.29996e-38
      14310.0  1.29996e-38
      14320.0  1.29996e-38
      14330.0  1.29996e-38
      14340.0  1.29996e-38
      14350.0  1.29996e-38
      14360.0  1.29996e-38
      14370.0  1.29996e-38
      14380.0  1.29996e-38
      14390.0  1.29996e-38
      14400.0  1.29996e-38
      14410.0  1.29996e-38
      14420.0  1.29996e-38
      14430.0  1.29996e-38
      14440.0  1.29996e-38
      14450.0  1.29996e-38
      14460.0  1.29996e-38
      14470.0  1.29996e-38
      14480.0  1.29996e-38
      14490.0  1.29996e-38
      14500.0  1.29996e-38
      14510.0  1.29996e-38
      14520.0  1.29996e-38
      14530.0  1.29996e-38
      14540.0  1.29996e-38
      14550.0  1.29996e-38
      14560.0  1.29996e-38
      14570.0  1.29996e-38
      14580.0  1.29996e-38
      14590.0  1.29996e-38
      14600.0  1.29996e-38
      14610.0  1.29996e-38
      14620.0  1.29996e-38
      14630.0  1.29996e-38
      14640.0  1.29996e-38
      14650.0  1.29996e-38
      14660.0  1.29996e-38
      14670.0  1.29996e-38
      14680.0  1.29996e-38
      14690.0  1.29996e-38
      14700.0  1.29996e-38
      14710.0  1.29996e-38
      14720.0  1.29996e-38
      14730.0  1.29996e-38
      14740.0  1.29996e-38
      14750.0  1.29996e-38
      14760.0  1.29996e-38
      14770.0  1.29996e-38
      14780.0  1.29996e-38
      14790.0  1.29996e-38
      14800.0  1.29996e-38
      14810.0  1.29996e-38
      14820.0  1.29996e-38
      14830.0  1.29996e-38
      14840.0  1.29996e-38
      14850.0  1.29996e-38
      14860.0  1.29996e-38
      14870.0  1.29996e-38
      14880.0  1.29996e-38
      14890.0  1.29996e-38
      14900.0  1.29996e-38
      14910.0  1.29996e-38
      14920.0  1.29996e-38
      14930.0  1.29996e-38
      14940.0  1.29996e-38
      14950.0  1.29996e-38
      14960.0  1.29996e-38
      14970.0  1.29996e-38
      14980.0  1.29996e-38
      14990.0  1.29996e-38
      15000.0  1.29996e-38
      15010.0  1.29996e-38
      15020.0  1.29996e-38
      15030.0  1.29996e-38
      15040.0  1.29996e-38
      15050.0  1.29996e-38
      15060.0  1.29996e-38
      15070.0  1.29996e-38
      15080.0  1.29996e-38
      15090.0  1.29996e-38
      15100.0  1.29996e-38
      15110.0  1.29996e-38
      15120.0  1.29996e-38
      15130.0  1.29996e-38
      15140.0  1.29996e-38
      15150.0  1.29996e-38
      15160.0  1.29996e-38
      15170.0  1.29996e-38
      15180.0  1.29996e-38
      15190.0  1.29996e-38
      15200.0  1.29996e-38
      15210.0  1.29996e-38
      15220.0  1.29996e-38
      15230.0  1.29996e-38
      15240.0  1.29996e-38
      15250.0  1.29996e-38
      15260.0  1.29996e-38
      15270.0  1.29996e-38
      15280.0  1.29996e-38
      15290.0  1.29996e-38
      15300.0  1.29996e-38
      15310.0  1.29996e-38
      15320.0  1.29996e-38
      15330.0  1.29996e-38
      15340.0  1.29996e-38
      15350.0  1.29996e-38
      15360.0  1.29996e-38
      15370.0  1.29996e-38
      15380.0  1.29996e-38
      15390.0  1.29996e-38
      15400.0  1.29996e-38
      15410.0  1.29996e-38
      15420.0  1.29996e-38
      15430.0  1.29996e-38
      15440.0  1.29996e-38
      15450.0  1.29996e-38
      15460.0  1.29996e-38
      15470.0  1.29996e-38
      15480.0  1.29996e-38
      15490.0  1.29996e-38
      15500.0  1.29996e-38
      15510.0  1.29996e-38
      15520.0  1.29996e-38
      15530.0  1.29996e-38
      15540.0  1.29996e-38
      15550.0  1.29996e-38
      15560.0  1.29996e-38
      15570.0  1.29996e-38
      15580.0  1.29996e-38
      15590.0  1.29996e-38
      15600.0  1.29996e-38
      15610.0  1.29996e-38
      15620.0  1.29996e-38
      15630.0  1.29996e-38
      15640.0  1.29996e-38
      15650.0  1.29996e-38
      15660.0  1.29996e-38
      15670.0  1.29996e-38
      15680.0  1.29996e-38
      15690.0  1.29996e-38
      15700.0  1.29996e-38
      15710.0  1.29996e-38
      15720.0  1.29996e-38
      15730.0  1.29996e-38
      15740.0  1.29996e-38
      15750.0  1.29996e-38
      15760.0  1.29996e-38
      15770.0  1.29996e-38
      15780.0  1.29996e-38
      15790.0  1.29996e-38
      15800.0  1.29996e-38
      15810.0  1.29996e-38
      15820.0  1.29996e-38
      15830.0  1.29996e-38
      15840.0  1.29996e-38
      15850.0  1.29996e-38
      15860.0  1.29996e-38
      15870.0  1.29996e-38
      15880.0  1.29996e-38
      15890.0  1.29996e-38
      15900.0  1.29996e-38
      15910.0  1.29996e-38
      15920.0  1.29996e-38
      15930.0  1.29996e-38
      15940.0  1.29996e-38
      15950.0  1.29996e-38
      15960.0  1.29996e-38
      15970.0  1.29996e-38
      15980.0  1.29996e-38
      15990.0  1.29996e-38
      16000.0  1.29996e-38
      16010.0  1.29996e-38
      16020.0  1.29996e-38
      16030.0  1.29996e-38
      16040.0  1.29996e-38
      16050.0  1.29996e-38
      16060.0  1.29996e-38
      16070.0  1.29996e-38
      16080.0  1.29996e-38
      16090.0  1.29996e-38
      16100.0  1.29996e-38
      16110.0  1.29996e-38
      16120.0  1.29996e-38
      16130.0  1.29996e-38
      16140.0  1.29996e-38
      16150.0  1.29996e-38
      16160.0  1.29996e-38
      16170.0  1.29996e-38
      16180.0  1.29996e-38
      16190.0  1.29996e-38
      16200.0  1.29996e-38
      16210.0  1.29996e-38
      16220.0  1.29996e-38
      16230.0  1.29996e-38
      16240.0  1.29996e-38
      16250.0  1.29996e-38
      16260.0  1.29996e-38
      16270.0  1.29996e-38
      16280.0  1.29996e-38
      16290.0  1.29996e-38
      16300.0  1.29996e-38
      16310.0  1.29996e-38
      16320.0  1.29996e-38
      16330.0  1.29996e-38
      16340.0  1.29996e-38
      16350.0  1.29996e-38
      16360.0  1.29996e-38
      16370.0  1.29996e-38
      16380.0  1.29996e-38
      16390.0  1.29996e-38
      16400.0  1.29996e-38
      16410.0  1.29996e-38
      16420.0  1.29996e-38
      16430.0  1.29996e-38
      16440.0  1.29996e-38
      16450.0  1.29996e-38
      16460.0  1.29996e-38
      16470.0  1.29996e-38
      16480.0  1.29996e-38
      16490.0  1.29996e-38
      16500.0  1.29996e-38
      16510.0  1.29996e-38
      16520.0  1.29996e-38
      16530.0  1.29996e-38
      16540.0  1.29996e-38
      16550.0  1.29996e-38
      16560.0  1.29996e-38
      16570.0  1.29996e-38
      16580.0  1.29996e-38
      16590.0  1.29996e-38
      16600.0  1.29996e-38
      16610.0  1.29996e-38
      16620.0  1.29996e-38
      16630.0  1.29996e-38
      16640.0  1.29996e-38
      16650.0  1.29996e-38
      16660.0  1.29996e-38
      16670.0  1.29997e-38
      16680.0  1.29997e-38
      16690.0  1.29997e-38
      16700.0  1.29997e-38
      16710.0  1.29997e-38
      16720.0  1.29997e-38
      16730.0  1.29997e-38
      16740.0  1.29997e-38
      16750.0  1.29997e-38
      16760.0  1.29997e-38
      16770.0  1.29997e-38
      16780.0  1.29997e-38
      16790.0  1.29997e-38
      16800.0  1.29997e-38
      16810.0  1.29997e-38
      16820.0  1.29997e-38
      16830.0  1.29997e-38
      16840.0  1.29997e-38
      16850.0  1.29997e-38
      16860.0  1.29997e-38
      16870.0  1.29997e-38
      16880.0  1.29997e-38
      16890.0  1.29997e-38
      16900.0  1.29997e-38
      16910.0  1.29997e-38
      16920.0  1.29997e-38
      16930.0  1.29997e-38
      16940.0  1.29997e-38
      16950.0  1.29997e-38
      16960.0  1.29997e-38
      16970.0  1.29997e-38
      16980.0  1.29997e-38
      16990.0  1.29997e-38
      17000.0  1.29997e-38
      17010.0  1.29997e-38
      17020.0  1.29997e-38
      17030.0  1.29997e-38
      17040.0  1.29997e-38
      17050.0  1.29997e-38
      17060.0  1.29997e-38
      17070.0  1.29997e-38
      17080.0  1.29997e-38
      17090.0  1.29997e-38
      17100.0  1.29997e-38
      17110.0  1.29997e-38
      17120.0  1.29997e-38
      17130.0  1.29997e-38
      17140.0  1.29997e-38
      17150.0  1.29997e-38
      17160.0  1.29997e-38
      17170.0  1.29997e-38
      17180.0  1.29997e-38
      17190.0  1.29997e-38
      17200.0  1.29997e-38
      17210.0  1.29997e-38
      17220.0  1.29997e-38
      17230.0  1.29997e-38
      17240.0  1.29997e-38
      17250.0  1.29997e-38
      17260.0  1.29997e-38
      17270.0  1.29997e-38
      17280.0  1.29997e-38
      17290.0  1.29997e-38
      17300.0  1.29997e-38
      17310.0  1.29997e-38
      17320.0  1.29997e-38
      17330.0  1.29997e-38
      17340.0  1.29997e-38
      17350.0  1.29997e-38
      17360.0  1.29997e-38
      17370.0  1.29997e-38
      17380.0  1.29997e-38
      17390.0  1.29997e-38
      17400.0  1.29997e-38
      17410.0  1.29997e-38
      17420.0  1.29997e-38
      17430.0  1.29997e-38
      17440.0  1.29997e-38
      17450.0  1.29997e-38
      17460.0  1.29997e-38
      17470.0  1.29997e-38
      17480.0  1.29997e-38
      17490.0  1.29997e-38
      17500.0  1.29997e-38
      17510.0  1.29997e-38
      17520.0  1.29997e-38
      17530.0  1.29997e-38
      17540.0  1.29997e-38
      17550.0  1.29997e-38
      17560.0  1.29997e-38
      17570.0  1.29997e-38
      17580.0  1.29997e-38
      17590.0  1.29997e-38
      17600.0  1.29997e-38
      17610.0  1.29997e-38
      17620.0  1.29997e-38
      17630.0  1.29997e-38
      17640.0  1.29997e-38
      17650.0  1.29997e-38
      17660.0  1.29997e-38
      17670.0  1.29997e-38
      17680.0  1.29997e-38
      17690.0  1.29997e-38
      17700.0  1.29997e-38
      17710.0  1.29997e-38
      17720.0  1.29997e-38
      17730.0  1.29997e-38
      17740.0  1.29997e-38
      17750.0  1.29997e-38
      17760.0  1.29997e-38
      17770.0  1.29997e-38
      17780.0  1.29997e-38
      17790.0  1.29997e-38
      17800.0  1.29997e-38
      17810.0  1.29997e-38
      17820.0  1.29997e-38
      17830.0  1.29997e-38
      17840.0  1.29997e-38
      17850.0  1.29997e-38
      17860.0  1.29997e-38
      17870.0  1.29997e-38
      17880.0  1.29997e-38
      17890.0  1.29997e-38
      17900.0  1.29997e-38
      17910.0  1.29997e-38
      17920.0  1.29997e-38
      17930.0  1.29997e-38
      17940.0  1.29997e-38
      17950.0  1.29997e-38
      17960.0  1.29997e-38
      17970.0  1.29997e-38
      17980.0  1.29997e-38
      17990.0  1.29997e-38
      18000.0  1.29997e-38
      18010.0  1.29997e-38
      18020.0  1.29997e-38
      18030.0  1.29997e-38
      18040.0  1.29997e-38
      18050.0  1.29997e-38
      18060.0  1.29997e-38
      18070.0  1.29997e-38
      18080.0  1.29997e-38
      18090.0  1.29997e-38
      18100.0  1.29997e-38
      18110.0  1.29997e-38
      18120.0  1.29997e-38
      18130.0  1.29997e-38
      18140.0  1.29997e-38
      18150.0  1.29997e-38
      18160.0  1.29997e-38
      18170.0  1.29997e-38
      18180.0  1.29997e-38
      18190.0  1.29997e-38
      18200.0  1.29997e-38
      18210.0  1.29997e-38
      18220.0  1.29997e-38
      18230.0  1.29997e-38
      18240.0  1.29997e-38
      18250.0  1.29997e-38
      18260.0  1.29997e-38
      18270.0  1.29997e-38
      18280.0  1.29997e-38
      18290.0  1.29997e-38
      18300.0  1.29997e-38
      18310.0  1.29997e-38
      18320.0  1.29997e-38
      18330.0  1.29997e-38
      18340.0  1.29997e-38
      18350.0  1.29997e-38
      18360.0  1.29997e-38
      18370.0  1.29997e-38
      18380.0  1.29997e-38
      18390.0  1.29997e-38
      18400.0  1.29997e-38
      18410.0  1.29997e-38
      18420.0  1.29997e-38
      18430.0  1.29997e-38
      18440.0  1.29997e-38
      18450.0  1.29997e-38
      18460.0  1.29997e-38
      18470.0  1.29997e-38
      18480.0  1.29997e-38
      18490.0  1.29997e-38
      18500.0  1.29997e-38
      18510.0  1.29997e-38
      18520.0  1.29997e-38
      18530.0  1.29997e-38
      18540.0  1.29997e-38
      18550.0  1.29997e-38
      18560.0  1.29997e-38
      18570.0  1.29997e-38
      18580.0  1.29997e-38
      18590.0  1.29997e-38
      18600.0  1.29997e-38
      18610.0  1.29997e-38
      18620.0  1.29997e-38
      18630.0  1.29997e-38
      18640.0  1.29997e-38
      18650.0  1.29997e-38
      18660.0  1.29997e-38
      18670.0  1.29997e-38
      18680.0  1.29997e-38
      18690.0  1.29997e-38
      18700.0  1.29997e-38
      18710.0  1.29997e-38
      18720.0  1.29997e-38
      18730.0  1.29997e-38
      18740.0  1.29997e-38
      18750.0  1.29997e-38
      18760.0  1.29997e-38
      18770.0  1.29997e-38
      18780.0  1.29997e-38
      18790.0  1.29997e-38
      18800.0  1.29997e-38
      18810.0  1.29997e-38
      18820.0  1.29997e-38
      18830.0  1.29997e-38
      18840.0  1.29997e-38
      18850.0  1.29997e-38
      18860.0  1.29997e-38
      18870.0  1.29997e-38
      18880.0  1.29997e-38
      18890.0  1.29997e-38
      18900.0  1.29997e-38
      18910.0  1.29997e-38
      18920.0  1.29997e-38
      18930.0  1.29997e-38
      18940.0  1.29997e-38
      18950.0  1.29997e-38
      18960.0  1.29997e-38
      18970.0  1.29997e-38
      18980.0  1.29997e-38
      18990.0  1.29997e-38
      19000.0  1.29997e-38
      19010.0  1.29997e-38
      19020.0  1.29997e-38
      19030.0  1.29997e-38
      19040.0  1.29997e-38
      19050.0  1.29997e-38
      19060.0  1.29997e-38
      19070.0  1.29997e-38
      19080.0  1.29997e-38
      19090.0  1.29997e-38
      19100.0  1.29997e-38
      19110.0  1.29997e-38
      19120.0  1.29997e-38
      19130.0  1.29997e-38
      19140.0  1.29997e-38
      19150.0  1.29997e-38
      19160.0  1.29997e-38
      19170.0  1.29997e-38
      19180.0  1.29997e-38
      19190.0  1.29997e-38
      19200.0  1.29997e-38
      19210.0  1.29997e-38
      19220.0  1.29997e-38
      19230.0  1.29997e-38
      19240.0  1.29997e-38
      19250.0  1.29997e-38
      19260.0  1.29997e-38
      19270.0  1.29997e-38
      19280.0  1.29997e-38
      19290.0  1.29997e-38
      19300.0  1.29997e-38
      19310.0  1.29997e-38
      19320.0  1.29997e-38
      19330.0  1.29997e-38
      19340.0  1.29997e-38
      19350.0  1.29997e-38
      19360.0  1.29997e-38
      19370.0  1.29997e-38
      19380.0  1.29997e-38
      19390.0  1.29997e-38
      19400.0  1.29997e-38
      19410.0  1.29997e-38
      19420.0  1.29997e-38
      19430.0  1.29997e-38
      19440.0  1.29997e-38
      19450.0  1.29997e-38
      19460.0  1.29997e-38
      19470.0  1.29997e-38
      19480.0  1.29997e-38
      19490.0  1.29997e-38
      19500.0  1.29997e-38
      19510.0  1.29997e-38
      19520.0  1.29997e-38
      19530.0  1.29997e-38
      19540.0  1.29997e-38
      19550.0  1.29997e-38
      19560.0  1.29997e-38
      19570.0  1.29997e-38
      19580.0  1.29997e-38
      19590.0  1.29997e-38
      19600.0  1.29997e-38
      19610.0  1.29997e-38
      19620.0  1.29997e-38
      19630.0  1.29997e-38
      19640.0  1.29997e-38
      19650.0  1.29997e-38
      19660.0  1.29997e-38
      19670.0  1.29997e-38
      19680.0  1.29997e-38
      19690.0  1.29997e-38
      19700.0  1.29997e-38
      19710.0  1.29997e-38
      19720.0  1.29997e-38
      19730.0  1.29997e-38
      19740.0  1.29997e-38
      19750.0  1.29997e-38
      19760.0  1.29997e-38
      19770.0  1.29997e-38
      19780.0  1.29997e-38
      19790.0  1.29997e-38
      19800.0  1.29997e-38
      19810.0  1.29997e-38
      19820.0  1.29997e-38
      19830.0  1.29997e-38
      19840.0  1.29997e-38
      19850.0  1.29997e-38
      19860.0  1.29997e-38
      19870.0  1.29997e-38
      19880.0  1.29997e-38
      19890.0  1.29997e-38
      19900.0  1.29997e-38
      19910.0  1.29997e-38
      19920.0  1.29997e-38
      19930.0  1.29997e-38
      19940.0  1.29997e-38
      19950.0  1.29997e-38
      19960.0  1.29997e-38
      19970.0  1.29997e-38
      19980.0  1.29997e-38
      19990.0  1.29997e-38
      20000.0  1.29997e-38
      20010.0  1.29997e-38
      20020.0  1.29997e-38
      20030.0  1.29997e-38
      20040.0  1.29997e-38
      20050.0  1.29997e-38
      20060.0  1.29997e-38
      20070.0  1.29997e-38
      20080.0  1.29997e-38
      20090.0  1.29997e-38
      20100.0  1.29997e-38
      20110.0  1.29997e-38
      20120.0  1.29997e-38
      20130.0  1.29997e-38
      20140.0  1.29997e-38
      20150.0  1.29997e-38
      20160.0  1.29997e-38
      20170.0  1.29997e-38
      20180.0  1.29997e-38
      20190.0  1.29997e-38
      20200.0  1.29997e-38
      20210.0  1.29997e-38
      20220.0  1.29997e-38
      20230.0  1.29997e-38
      20240.0  1.29997e-38
      20250.0  1.29997e-38
      20260.0  1.29997e-38
      20270.0  1.29997e-38
      20280.0  1.29997e-38
      20290.0  1.29997e-38
      20300.0  1.29997e-38
      20310.0  1.29997e-38
      20320.0  1.29997e-38
      20330.0  1.29997e-38
      20340.0  1.29997e-38
      20350.0  1.29997e-38
      20360.0  1.29997e-38
      20370.0  1.29997e-38
      20380.0  1.29997e-38
      20390.0  1.29997e-38
      20400.0  1.29997e-38
      20410.0  1.29997e-38
      20420.0  1.29997e-38
      20430.0  1.29997e-38
      20440.0  1.29997e-38
      20450.0  1.29997e-38
      20460.0  1.29997e-38
      20470.0  1.29997e-38
      20480.0  1.29997e-38
      20490.0  1.29997e-38
      20500.0  1.29997e-38
      20510.0  1.29997e-38
      20520.0  1.29997e-38
      20530.0  1.29997e-38
      20540.0  1.29997e-38
      20550.0  1.29997e-38
      20560.0  1.29997e-38
      20570.0  1.29997e-38
      20580.0  1.29997e-38
      20590.0  1.29997e-38
      20600.0  1.29997e-38
      20610.0  1.29997e-38
      20620.0  1.29997e-38
      20630.0  1.29997e-38
      20640.0  1.29997e-38
      20650.0  1.29998e-38
      20660.0  1.29998e-38
      20670.0  1.29998e-38
      20680.0  1.29998e-38
      20690.0  1.29998e-38
      20700.0  1.29998e-38
      20710.0  1.29998e-38
      20720.0  1.29998e-38
      20730.0  1.29998e-38
      20740.0  1.29998e-38
      20750.0  1.29998e-38
      20760.0  1.29998e-38
      20770.0  1.29998e-38
      20780.0  1.29998e-38
      20790.0  1.29998e-38
      20800.0  1.29998e-38
      20810.0  1.29998e-38
      20820.0  1.29998e-38
      20830.0  1.29998e-38
      20840.0  1.29998e-38
      20850.0  1.29998e-38
      20860.0  1.29998e-38
      20870.0  1.29998e-38
      20880.0  1.29998e-38
      20890.0  1.29998e-38
      20900.0  1.29998e-38
      20910.0  1.29998e-38
      20920.0  1.29998e-38
      20930.0  1.29998e-38
      20940.0  1.29998e-38
      20950.0  1.29998e-38
      20960.0  1.29998e-38
      20970.0  1.29998e-38
      20980.0  1.29998e-38
      20990.0  1.29998e-38
      21000.0  1.29998e-38
      21010.0  1.29998e-38
      21020.0  1.29998e-38
      21030.0  1.29998e-38
      21040.0  1.29998e-38
      21050.0  1.29998e-38
      21060.0  1.29998e-38
      21070.0  1.29998e-38
      21080.0  1.29998e-38
      21090.0  1.29998e-38
      21100.0  1.29998e-38
      21110.0  1.29998e-38
      21120.0  1.29998e-38
      21130.0  1.29998e-38
      21140.0  1.29998e-38
      21150.0  1.29998e-38
      21160.0  1.29998e-38
      21170.0  1.29998e-38
      21180.0  1.29998e-38
      21190.0  1.29998e-38
      21200.0  1.29998e-38
      21210.0  1.29998e-38
      21220.0  1.29998e-38
      21230.0  1.29998e-38
      21240.0  1.29998e-38
      21250.0  1.29998e-38
      21260.0  1.29998e-38
      21270.0  1.29998e-38
      21280.0  1.29998e-38
      21290.0  1.29998e-38
      21300.0  1.29998e-38
      21310.0  1.29998e-38
      21320.0  1.29998e-38
      21330.0  1.29998e-38
      21340.0  1.29998e-38
      21350.0  1.29998e-38
      21360.0  1.29998e-38
      21370.0  1.29998e-38
      21380.0  1.29998e-38
      21390.0  1.29998e-38
      21400.0  1.29998e-38
      21410.0  1.29998e-38
      21420.0  1.29998e-38
      21430.0  1.29998e-38
      21440.0  1.29998e-38
      21450.0  1.29998e-38
      21460.0  1.29998e-38
      21470.0  1.29998e-38
      21480.0  1.29998e-38
      21490.0  1.29998e-38
      21500.0  1.29998e-38
      21510.0  1.29998e-38
      21520.0  1.29998e-38
      21530.0  1.29998e-38
      21540.0  1.29998e-38
      21550.0  1.29998e-38
      21560.0  1.29998e-38
      21570.0  1.29998e-38
      21580.0  1.29998e-38
      21590.0  1.29998e-38
      21600.0  1.29998e-38
      21610.0  1.29998e-38
      21620.0  1.29998e-38
      21630.0  1.29998e-38
      21640.0  1.29998e-38
      21650.0  1.29998e-38
      21660.0  1.29998e-38
      21670.0  1.29998e-38
      21680.0  1.29998e-38
      21690.0  1.29998e-38
      21700.0  1.29998e-38
      21710.0  1.29998e-38
      21720.0  1.29998e-38
      21730.0  1.29998e-38
      21740.0  1.29998e-38
      21750.0  1.29998e-38
      21760.0  1.29998e-38
      21770.0  1.29998e-38
      21780.0  1.29998e-38
      21790.0  1.29998e-38
      21800.0  1.29998e-38
      21810.0  1.29998e-38
      21820.0  1.29998e-38
      21830.0  1.29998e-38
      21840.0  1.29998e-38
      21850.0  1.29998e-38
      21860.0  1.29998e-38
      21870.0  1.29998e-38
      21880.0  1.29998e-38
      21890.0  1.29998e-38
      21900.0  1.29998e-38
      21910.0  1.29998e-38
      21920.0  1.29998e-38
      21930.0  1.29998e-38
      21940.0  1.29998e-38
      21950.0  1.29998e-38
      21960.0  1.29998e-38
      21970.0  1.29998e-38
      21980.0  1.29998e-38
      21990.0  1.29998e-38
      22000.0  1.29998e-38
      22010.0  1.29998e-38
      22020.0  1.29998e-38
      22030.0  1.29998e-38
      22040.0  1.29998e-38
      22050.0  1.29998e-38
      22060.0  1.29998e-38
      22070.0  1.29998e-38
      22080.0  1.29998e-38
      22090.0  1.29998e-38
      22100.0  1.29998e-38
      22110.0  1.29998e-38
      22120.0  1.29998e-38
      22130.0  1.29998e-38
      22140.0  1.29998e-38
      22150.0  1.29998e-38
      22160.0  1.29998e-38
      22170.0  1.29998e-38
      22180.0  1.29998e-38
      22190.0  1.29998e-38
      22200.0  1.29998e-38
      22210.0  1.29998e-38
      22220.0  1.29998e-38
      22230.0  1.29998e-38
      22240.0  1.29998e-38
      22250.0  1.29998e-38
      22260.0  1.29998e-38
      22270.0  1.29998e-38
      22280.0  1.29998e-38
      22290.0  1.29998e-38
      22300.0  1.29998e-38
      22310.0  1.29998e-38
      22320.0  1.29998e-38
      22330.0  1.29998e-38
      22340.0  1.29998e-38
      22350.0  1.29998e-38
      22360.0  1.29998e-38
      22370.0  1.29998e-38
      22380.0  1.29998e-38
      22390.0  1.29998e-38
      22400.0  1.29998e-38
      22410.0  1.29998e-38
      22420.0  1.29998e-38
      22430.0  1.29998e-38
      22440.0  1.29998e-38
      22450.0  1.29998e-38
      22460.0  1.29998e-38
      22470.0  1.29998e-38
      22480.0  1.29998e-38
      22490.0  1.29998e-38
      22500.0  1.29998e-38
      22510.0  1.29998e-38
      22520.0  1.29998e-38
      22530.0  1.29998e-38
      22540.0  1.29998e-38
      22550.0  1.29998e-38
      22560.0  1.29998e-38
      22570.0  1.29998e-38
      22580.0  1.29998e-38
      22590.0  1.29998e-38
      22600.0  1.29998e-38
      22610.0  1.29998e-38
      22620.0  1.29998e-38
      22630.0  1.29998e-38
      22640.0  1.29998e-38
      22650.0  1.29998e-38
      22660.0  1.29998e-38
      22670.0  1.29998e-38
      22680.0  1.29998e-38
      22690.0  1.29998e-38
      22700.0  1.29998e-38
      22710.0  1.29998e-38
      22720.0  1.29998e-38
      22730.0  1.29998e-38
      22740.0  1.29998e-38
      22750.0  1.29998e-38
      22760.0  1.29998e-38
      22770.0  1.29998e-38
      22780.0  1.29998e-38
      22790.0  1.29998e-38
      22800.0  1.29998e-38
      22810.0  1.29998e-38
      22820.0  1.29998e-38
      22830.0  1.29998e-38
      22840.0  1.29998e-38
      22850.0  1.29998e-38
      22860.0  1.29998e-38
      22870.0  1.29998e-38
      22880.0  1.29998e-38
      22890.0  1.29998e-38
      22900.0  1.29998e-38
      22910.0  1.29998e-38
      22920.0  1.29998e-38
      22930.0  1.29998e-38
      22940.0  1.29998e-38
      22950.0  1.29998e-38
      22960.0  1.29998e-38
      22970.0  1.29998e-38
      22980.0  1.29998e-38
      22990.0  1.29998e-38
      23000.0  1.29998e-38
      23010.0  1.29998e-38
      23020.0  1.29998e-38
      23030.0  1.29998e-38
      23040.0  1.29998e-38
      23050.0  1.29998e-38
      23060.0  1.29998e-38
      23070.0  1.29998e-38
      23080.0  1.29998e-38
      23090.0  1.29998e-38
      23100.0  1.29998e-38
      23110.0  1.29998e-38
      23120.0  1.29998e-38
      23130.0  1.29998e-38
      23140.0  1.29998e-38
      23150.0  1.29998e-38
      23160.0  1.29998e-38
      23170.0  1.29998e-38
      23180.0  1.29998e-38
      23190.0  1.29998e-38
      23200.0  1.29998e-38
      23210.0  1.29998e-38
      23220.0  1.29998e-38
      23230.0  1.29998e-38
      23240.0  1.29998e-38
      23250.0  1.29998e-38
      23260.0  1.29998e-38
      23270.0  1.29998e-38
      23280.0  1.29998e-38
      23290.0  1.29998e-38
      23300.0  1.29998e-38
      23310.0  1.29998e-38
      23320.0  1.29998e-38
      23330.0  1.29998e-38
      23340.0  1.29998e-38
      23350.0  1.29998e-38
      23360.0  1.29998e-38
      23370.0  1.29998e-38
      23380.0  1.29998e-38
      23390.0  1.29998e-38
      23400.0  1.29998e-38
      23410.0  1.29998e-38
      23420.0  1.29998e-38
      23430.0  1.29998e-38
      23440.0  1.29998e-38
      23450.0  1.29998e-38
      23460.0  1.29998e-38
      23470.0  1.29998e-38
      23480.0  1.29998e-38
      23490.0  1.29998e-38
      23500.0  1.29998e-38
      23510.0  1.29998e-38
      23520.0  1.29998e-38
      23530.0  1.29998e-38
      23540.0  1.29998e-38
      23550.0  1.29998e-38
      23560.0  1.29998e-38
      23570.0  1.29998e-38
      23580.0  1.29998e-38
      23590.0  1.29998e-38
      23600.0  1.29998e-38
      23610.0  1.29998e-38
      23620.0  1.29998e-38
      23630.0  1.29998e-38
      23640.0  1.29998e-38
      23650.0  1.29998e-38
      23660.0  1.29998e-38
      23670.0  1.29998e-38
      23680.0  1.29998e-38
      23690.0  1.29998e-38
      23700.0  1.29998e-38
      23710.0  1.29998e-38
      23720.0  1.29998e-38
      23730.0  1.29998e-38
      23740.0  1.29998e-38
      23750.0  1.29998e-38
      23760.0  1.29998e-38
      23770.0  1.29998e-38
      23780.0  1.29998e-38
      23790.0  1.29998e-38
      23800.0  1.29998e-38
      23810.0  1.29998e-38
      23820.0  1.29998e-38
      23830.0  1.29998e-38
      23840.0  1.29998e-38
      23850.0  1.29998e-38
      23860.0  1.29998e-38
      23870.0  1.29998e-38
      23880.0  1.29998e-38
      23890.0  1.29998e-38
      23900.0  1.29998e-38
      23910.0  1.29998e-38
      23920.0  1.29998e-38
      23930.0  1.29998e-38
      23940.0  1.29998e-38
      23950.0  1.29998e-38
      23960.0  1.29998e-38
      23970.0  1.29998e-38
      23980.0  1.29998e-38
      23990.0  1.29998e-38
      24000.0  1.29998e-38
      24010.0  1.29998e-38
      24020.0  1.29998e-38
      24030.0  1.29998e-38
      24040.0  1.29998e-38
      24050.0  1.29998e-38
      24060.0  1.29998e-38
      24070.0  1.29998e-38
      24080.0  1.29998e-38
      24090.0  1.29998e-38
      24100.0  1.29998e-38
      24110.0  1.29998e-38
      24120.0  1.29998e-38
      24130.0  1.29998e-38
      24140.0  1.29998e-38
      24150.0  1.29998e-38
      24160.0  1.29998e-38
      24170.0  1.29998e-38
      24180.0  1.29998e-38
      24190.0  1.29998e-38
      24200.0  1.29998e-38
      24210.0  1.29998e-38
      24220.0  1.29998e-38
      24230.0  1.29998e-38
      24240.0  1.29998e-38
      24250.0  1.29998e-38
      24260.0  1.29998e-38
      24270.0  1.29998e-38
      24280.0  1.29998e-38
      24290.0  1.29998e-38
      24300.0  1.29998e-38
      24310.0  1.29998e-38
      24320.0  1.29998e-38
      24330.0  1.29998e-38
      24340.0  1.29998e-38
      24350.0  1.29998e-38
      24360.0  1.29998e-38
      24370.0  1.29998e-38
      24380.0  1.29998e-38
      24390.0  1.29998e-38
      24400.0  1.29998e-38
      24410.0  1.29998e-38
      24420.0  1.29998e-38
      24430.0  1.29998e-38
      24440.0  1.29998e-38
      24450.0  1.29998e-38
      24460.0  1.29998e-38
      24470.0  1.29998e-38
      24480.0  1.29998e-38
      24490.0  1.29998e-38
      24500.0  1.29998e-38
      24510.0  1.29998e-38
      24520.0  1.29998e-38
      24530.0  1.29998e-38
      24540.0  1.29998e-38
      24550.0  1.29998e-38
      24560.0  1.29998e-38
      24570.0  1.29998e-38
      24580.0  1.29998e-38
      24590.0  1.29998e-38
      24600.0  1.29998e-38
      24610.0  1.29998e-38
      24620.0  1.29998e-38
      24630.0  1.29998e-38
      24640.0  1.29998e-38
      24650.0  1.29998e-38
      24660.0  1.29998e-38
      24670.0  1.29998e-38
      24680.0  1.29998e-38
      24690.0  1.29998e-38
      24700.0  1.29998e-38
      24710.0  1.29998e-38
      24720.0  1.29998e-38
      24730.0  1.29998e-38
      24740.0  1.29998e-38
      24750.0  1.29998e-38
      24760.0  1.29998e-38
      24770.0  1.29998e-38
      24780.0  1.29998e-38
      24790.0  1.29998e-38
      24800.0  1.29998e-38
      24810.0  1.29998e-38
      24820.0  1.29998e-38
      24830.0  1.29998e-38
      24840.0  1.29998e-38
      24850.0  1.29998e-38
      24860.0  1.29998e-38
      24870.0  1.29998e-38
      24880.0  1.29998e-38
      24890.0  1.29998e-38
      24900.0  1.29998e-38
      24910.0  1.29998e-38
      24920.0  1.29998e-38
      24930.0  1.29998e-38
      24940.0  1.29998e-38
      24950.0  1.29998e-38
      24960.0  1.29998e-38
      24970.0  1.29998e-38
      24980.0  1.29998e-38
      24990.0  1.29998e-38
      25000.0  1.29998e-38
