      1000.00  1.30230e-12
      1010.00  1.58308e-12
      1020.00  1.93095e-12
      1030.00  2.35995e-12
      1040.00  2.88764e-12
      1050.00  3.53429e-12
      1060.00  4.32287e-12
      1070.00  5.27874e-12
      1080.00  6.42917e-12
      1090.00  7.80259e-12
      1100.00  9.42759e-12
      1110.00  1.13318e-11
      1120.00  1.35408e-11
      1130.00  1.60766e-11
      1140.00  1.89570e-11
      1150.00  2.21945e-11
      1160.00  2.57958e-11
      1170.00  2.97608e-11
      1180.00  3.40831e-11
      1190.00  3.87496e-11
      1200.00  4.37401e-11
      1210.00  4.90286e-11
      1220.00  5.45828e-11
      1230.00  6.03652e-11
      1240.00  6.63339e-11
      1250.00  7.24432e-11
      1260.00  7.86452e-11
      1270.00  8.48906e-11
      1280.00  9.11297e-11
      1290.00  9.73142e-11
      1300.00  1.03397e-10
      1310.00  1.09336e-10
      1320.00  1.15091e-10
      1330.00  1.20626e-10
      1340.00  1.25914e-10
      1350.00  1.30928e-10
      1360.00  1.35652e-10
      1370.00  1.40072e-10
      1380.00  1.44184e-10
      1390.00  1.47985e-10
      1400.00  1.51481e-10
      1410.00  1.54683e-10
      1420.00  1.57605e-10
      1430.00  1.60264e-10
      1440.00  1.62685e-10
      1450.00  1.64889e-10
      1460.00  1.66905e-10
      1470.00  1.68759e-10
      1480.00  1.70478e-10
      1490.00  1.72090e-10
      1500.00  1.73620e-10
      1510.00  1.75093e-10
      1520.00  1.76531e-10
      1530.00  1.77954e-10
      1540.00  1.79380e-10
      1550.00  1.80824e-10
      1560.00  1.82299e-10
      1570.00  1.83816e-10
      1580.00  1.85384e-10
      1590.00  1.87010e-10
      1600.00  1.88699e-10
      1610.00  1.90457e-10
      1620.00  1.92286e-10
      1630.00  1.94190e-10
      1640.00  1.96170e-10
      1650.00  1.98229e-10
      1660.00  2.00367e-10
      1670.00  2.02586e-10
      1680.00  2.04886e-10
      1690.00  2.07267e-10
      1700.00  2.09731e-10
      1710.00  2.12276e-10
      1720.00  2.14904e-10
      1730.00  2.17614e-10
      1740.00  2.20405e-10
      1750.00  2.23277e-10
      1760.00  2.26231e-10
      1770.00  2.29264e-10
      1780.00  2.32377e-10
      1790.00  2.35568e-10
      1800.00  2.38836e-10
      1810.00  2.42180e-10
      1820.00  2.45600e-10
      1830.00  2.49093e-10
      1840.00  2.52658e-10
      1850.00  2.56294e-10
      1860.00  2.59999e-10
      1870.00  2.63772e-10
      1880.00  2.67609e-10
      1890.00  2.71510e-10
      1900.00  2.75473e-10
      1910.00  2.79495e-10
      1920.00  2.83575e-10
      1930.00  2.87709e-10
      1940.00  2.91896e-10
      1950.00  2.96132e-10
      1960.00  3.00415e-10
      1970.00  3.04741e-10
      1980.00  3.09107e-10
      1990.00  3.13508e-10
      2000.00  3.17938e-10
      2010.00  3.22391e-10
      2020.00  3.26856e-10
      2030.00  3.31321e-10
      2040.00  3.35770e-10
      2050.00  3.40180e-10
      2060.00  3.44522e-10
      2070.00  3.48761e-10
      2080.00  3.52855e-10
      2090.00  3.56752e-10
      2100.00  3.60397e-10
      2110.00  3.63735e-10
      2120.00  3.66709e-10
      2130.00  3.69270e-10
      2140.00  3.71384e-10
      2150.00  3.73031e-10
      2160.00  3.74216e-10
      2170.00  3.74968e-10
      2180.00  3.75340e-10
      2190.00  3.75408e-10
      2200.00  3.75265e-10
      2210.00  3.75011e-10
      2220.00  3.74749e-10
      2230.00  3.74573e-10
      2240.00  3.74559e-10
      2250.00  3.74762e-10
      2260.00  3.75209e-10
      2270.00  3.75905e-10
      2280.00  3.76829e-10
      2290.00  3.77940e-10
      2300.00  3.79187e-10
      2310.00  3.80512e-10
      2320.00  3.81855e-10
      2330.00  3.83161e-10
      2340.00  3.84378e-10
      2350.00  3.85464e-10
      2360.00  3.86380e-10
      2370.00  3.87089e-10
      2380.00  3.87554e-10
      2390.00  3.87736e-10
      2400.00  3.87590e-10
      2410.00  3.87072e-10
      2420.00  3.86139e-10
      2430.00  3.84759e-10
      2440.00  3.82921e-10
      2450.00  3.80646e-10
      2460.00  3.78003e-10
      2470.00  3.75112e-10
      2480.00  3.72156e-10
      2490.00  3.69368e-10
      2500.00  3.67031e-10
      2510.00  3.65447e-10
      2520.00  3.64917e-10
      2530.00  3.65709e-10
      2540.00  3.68025e-10
      2550.00  3.71982e-10
      2560.00  3.77597e-10
      2570.00  3.84785e-10
      2580.00  3.93371e-10
      2590.00  4.03110e-10
      2600.00  4.13718e-10
      2610.00  4.24894e-10
      2620.00  4.36350e-10
      2630.00  4.47828e-10
      2640.00  4.59112e-10
      2650.00  4.70105e-10
      2660.00  4.84353e-10
      2670.00  5.34229e-10
      2680.00  6.28871e-10
      2690.00  6.89333e-10
      2700.00  7.48357e-10
      2710.00  8.01525e-10
      2720.00  8.43882e-10
      2730.00  8.79856e-10
      2740.00  9.24632e-10
      2750.00  9.65811e-10
      2760.00  9.83838e-10
      2770.00  1.01481e-09
      2780.00  1.10758e-09
      2790.00  1.24217e-09
      2800.00  1.40838e-09
      2810.00  1.61257e-09
      2820.00  1.82564e-09
      2830.00  2.01319e-09
      2840.00  2.14366e-09
      2850.00  2.21966e-09
      2860.00  2.26228e-09
      2870.00  2.27088e-09
      2880.00  2.26566e-09
      2890.00  2.24898e-09
      2900.00  2.26658e-09
      2910.00  2.29793e-09
      2920.00  2.31475e-09
      2930.00  2.32989e-09
      2940.00  2.34940e-09
      2950.00  2.36812e-09
      2960.00  2.40618e-09
      2970.00  2.51333e-09
      2980.00  2.65022e-09
      2990.00  2.75054e-09
      3000.00  2.84600e-09
      3010.00  2.98979e-09
      3020.00  3.19302e-09
      3030.00  3.40087e-09
      3040.00  3.56353e-09
      3050.00  3.66381e-09
      3060.00  3.70034e-09
      3070.00  3.68296e-09
      3080.00  3.58855e-09
      3090.00  3.41053e-09
      3100.00  3.22739e-09
      3110.00  3.06346e-09
      3120.00  2.93264e-09
      3130.00  2.83022e-09
      3140.00  2.65505e-09
      3150.00  2.45051e-09
      3160.00  2.34641e-09
      3170.00  2.25863e-09
      3180.00  2.12099e-09
      3190.00  1.98832e-09
      3200.00  1.86599e-09
      3210.00  1.75137e-09
      3220.00  1.66809e-09
      3230.00  1.60532e-09
      3240.00  1.58161e-09
      3250.00  1.58282e-09
      3260.00  1.59625e-09
      3270.00  1.64258e-09
      3280.00  1.73122e-09
      3290.00  1.85368e-09
      3300.00  1.99641e-09
      3310.00  2.14645e-09
      3320.00  2.28949e-09
      3330.00  2.40950e-09
      3340.00  2.50342e-09
      3350.00  2.56350e-09
      3360.00  2.61296e-09
      3370.00  2.67123e-09
      3380.00  2.75972e-09
      3390.00  2.88479e-09
      3400.00  3.04298e-09
      3410.00  3.23261e-09
      3420.00  3.43543e-09
      3430.00  3.62385e-09
      3440.00  3.79541e-09
      3450.00  3.94757e-09
      3460.00  4.08180e-09
      3470.00  4.19725e-09
      3480.00  4.26547e-09
      3490.00  4.28021e-09
      3500.00  4.25916e-09
      3510.00  4.18712e-09
      3520.00  4.02894e-09
      3530.00  3.81088e-09
      3540.00  3.62713e-09
      3550.00  3.48569e-09
      3560.00  3.34006e-09
      3570.00  3.17749e-09
      3580.00  3.00306e-09
      3590.00  2.80778e-09
      3600.00  2.58361e-09
      3610.00  2.35225e-09
      3620.00  2.14449e-09
      3630.00  1.96419e-09
      3640.00  1.80781e-09
      3650.00  1.67957e-09
      3660.00  1.58623e-09
      3670.00  1.53384e-09
      3680.00  1.52310e-09
      3690.00  1.55520e-09
      3700.00  1.63723e-09
      3710.00  1.77129e-09
      3720.00  1.93925e-09
      3730.00  2.11162e-09
      3740.00  2.27100e-09
      3750.00  2.41440e-09
      3760.00  2.54306e-09
      3770.00  2.65860e-09
      3780.00  2.76769e-09
      3790.00  2.88050e-09
      3800.00  3.00416e-09
      3810.00  3.14071e-09
      3820.00  3.28457e-09
      3830.00  3.42547e-09
      3840.00  3.55590e-09
      3850.00  3.66872e-09
      3860.00  3.75890e-09
      3870.00  3.82776e-09
      3880.00  3.87921e-09
      3890.00  3.91583e-09
      3900.00  3.93721e-09
      3910.00  3.93844e-09
      3920.00  3.91162e-09
      3930.00  3.85175e-09
      3940.00  3.76256e-09
      3950.00  3.65571e-09
      3960.00  3.54845e-09
      3970.00  3.45957e-09
      3980.00  3.40248e-09
      3990.00  3.38126e-09
      4000.00  3.39185e-09
      4010.00  3.42810e-09
      4020.00  3.48358e-09
      4030.00  3.54683e-09
      4040.00  3.60323e-09
      4050.00  3.64137e-09
      4060.00  3.65364e-09
      4070.00  3.63390e-09
      4080.00  3.58030e-09
      4090.00  3.49837e-09
      4100.00  3.39924e-09
      4110.00  3.29505e-09
      4120.00  3.19519e-09
      4130.00  3.10224e-09
      4140.00  3.01144e-09
      4150.00  2.91526e-09
      4160.00  2.80949e-09
      4170.00  2.69579e-09
      4180.00  2.57957e-09
      4190.00  2.46641e-09
      4200.00  2.36020e-09
      4210.00  2.26322e-09
      4220.00  2.17694e-09
      4230.00  2.10159e-09
      4240.00  2.03597e-09
      4250.00  1.97959e-09
      4260.00  1.93250e-09
      4270.00  1.89468e-09
      4280.00  1.86825e-09
      4290.00  1.85842e-09
      4300.00  1.86974e-09
      4310.00  1.90132e-09
      4320.00  1.94609e-09
      4330.00  1.99408e-09
      4340.00  2.03589e-09
      4350.00  2.06461e-09
      4360.00  2.07748e-09
      4370.00  2.07742e-09
      4380.00  2.07251e-09
      4390.00  2.07285e-09
      4400.00  2.08614e-09
      4410.00  2.11437e-09
      4420.00  2.15426e-09
      4430.00  2.19960e-09
      4440.00  2.24301e-09
      4450.00  2.27808e-09
      4460.00  2.30200e-09
      4470.00  2.31569e-09
      4480.00  2.32079e-09
      4490.00  2.31744e-09
      4500.00  2.30476e-09
      4510.00  2.28259e-09
      4520.00  2.25329e-09
      4530.00  2.22080e-09
      4540.00  2.18832e-09
      4550.00  2.15727e-09
      4560.00  2.12729e-09
      4570.00  2.09668e-09
      4580.00  2.06322e-09
      4590.00  2.02471e-09
      4600.00  1.98000e-09
      4610.00  1.93045e-09
      4620.00  1.88020e-09
      4630.00  1.83440e-09
      4640.00  1.79663e-09
      4650.00  1.76767e-09
      4660.00  1.74601e-09
      4670.00  1.72911e-09
      4680.00  1.71439e-09
      4690.00  1.70005e-09
      4700.00  1.68577e-09
      4710.00  1.67310e-09
      4720.00  1.66479e-09
      4730.00  1.66304e-09
      4740.00  1.66745e-09
      4750.00  1.67384e-09
      4760.00  1.67506e-09
      4770.00  1.66354e-09
      4780.00  1.63460e-09
      4790.00  1.58855e-09
      4800.00  1.53039e-09
      4810.00  1.46758e-09
      4820.00  1.40775e-09
      4830.00  1.35710e-09
      4840.00  1.31959e-09
      4850.00  1.29656e-09
      4860.00  1.28679e-09
      4870.00  1.28748e-09
      4880.00  1.29535e-09
      4890.00  1.30751e-09
      4900.00  1.32157e-09
      4910.00  1.33582e-09
      4920.00  1.34940e-09
      4930.00  1.36258e-09
      4940.00  1.37635e-09
      4950.00  1.39160e-09
      4960.00  1.40849e-09
      4970.00  1.42617e-09
      4980.00  1.44220e-09
      4990.00  1.45203e-09
      5000.00  1.45281e-09
      5010.00  1.45018e-09
      5020.00  1.45568e-09
      5030.00  1.47500e-09
      5040.00  1.50473e-09
      5050.00  1.53854e-09
      5060.00  1.57108e-09
      5070.00  1.59831e-09
      5080.00  1.61776e-09
      5090.00  1.62921e-09
      5100.00  1.63452e-09
      5110.00  1.63677e-09
      5120.00  1.63903e-09
      5130.00  1.64326e-09
      5140.00  1.64953e-09
      5150.00  1.65581e-09
      5160.00  1.65834e-09
      5170.00  1.65280e-09
      5180.00  1.63586e-09
      5190.00  1.60640e-09
      5200.00  1.56616e-09
      5210.00  1.51932e-09
      5220.00  1.47139e-09
      5230.00  1.42757e-09
      5240.00  1.39149e-09
      5250.00  1.36460e-09
      5260.00  1.34657e-09
      5270.00  1.33608e-09
      5280.00  1.33156e-09
      5290.00  1.33136e-09
      5300.00  1.33362e-09
      5310.00  1.33621e-09
      5320.00  1.33693e-09
      5330.00  1.33401e-09
      5340.00  1.32643e-09
      5350.00  1.31383e-09
      5360.00  1.29644e-09
      5370.00  1.27485e-09
      5380.00  1.25021e-09
      5390.00  1.22441e-09
      5400.00  1.20006e-09
      5410.00  1.18017e-09
      5420.00  1.16742e-09
      5430.00  1.16347e-09
      5440.00  1.16844e-09
      5450.00  1.18085e-09
      5460.00  1.19799e-09
      5470.00  1.21659e-09
      5480.00  1.23363e-09
      5490.00  1.24705e-09
      5500.00  1.25622e-09
      5510.00  1.26194e-09
      5520.00  1.26587e-09
      5530.00  1.26946e-09
      5540.00  1.27336e-09
      5550.00  1.27724e-09
      5560.00  1.28035e-09
      5570.00  1.28212e-09
      5580.00  1.28242e-09
      5590.00  1.28153e-09
      5600.00  1.27982e-09
      5610.00  1.27741e-09
      5620.00  1.27406e-09
      5630.00  1.26924e-09
      5640.00  1.26224e-09
      5650.00  1.25239e-09
      5660.00  1.23930e-09
      5670.00  1.22297e-09
      5680.00  1.20385e-09
      5690.00  1.18292e-09
      5700.00  1.16161e-09
      5710.00  1.14160e-09
      5720.00  1.12454e-09
      5730.00  1.11164e-09
      5740.00  1.10345e-09
      5750.00  1.09986e-09
      5760.00  1.10032e-09
      5770.00  1.10410e-09
      5780.00  1.11048e-09
      5790.00  1.11886e-09
      5800.00  1.12870e-09
      5810.00  1.13941e-09
      5820.00  1.15028e-09
      5830.00  1.16046e-09
      5840.00  1.16898e-09
      5850.00  1.17481e-09
      5860.00  1.17699e-09
      5870.00  1.17491e-09
      5880.00  1.16850e-09
      5890.00  1.15820e-09
      5900.00  1.14462e-09
      5910.00  1.12814e-09
      5920.00  1.10884e-09
      5930.00  1.08676e-09
      5940.00  1.06219e-09
      5950.00  1.03574e-09
      5960.00  1.00832e-09
      5970.00  9.81107e-10
      5980.00  9.55727e-10
      5990.00  9.33813e-10
      6000.00  9.15357e-10
      6010.00  8.97495e-10
      6020.00  8.76226e-10
      6030.00  8.49733e-10
      6040.00  8.19445e-10
      6050.00  7.88259e-10
      6060.00  7.58736e-10
      6070.00  7.32765e-10
      6080.00  7.11887e-10
      6090.00  6.97454e-10
      6100.00  6.90513e-10
      6110.00  6.91569e-10
      6120.00  7.00463e-10
      6130.00  7.16401e-10
      6140.00  7.38097e-10
      6150.00  7.63987e-10
      6160.00  7.92459e-10
      6170.00  8.22050e-10
      6180.00  8.51562e-10
      6190.00  8.80068e-10
      6200.00  9.06831e-10
      6210.00  9.31224e-10
      6220.00  9.52673e-10
      6230.00  9.70646e-10
      6240.00  9.84680e-10
      6250.00  9.94481e-10
      6260.00  1.00010e-09
      6270.00  1.00206e-09
      6280.00  1.00125e-09
      6290.00  9.98720e-10
      6300.00  9.95470e-10
      6310.00  9.92360e-10
      6320.00  9.90018e-10
      6330.00  9.88628e-10
      6340.00  9.87845e-10
      6350.00  9.86887e-10
      6360.00  9.84875e-10
      6370.00  9.81243e-10
      6380.00  9.75936e-10
      6390.00  9.69314e-10
      6400.00  9.61923e-10
      6410.00  9.54290e-10
      6420.00  9.46806e-10
      6430.00  9.39686e-10
      6440.00  9.32993e-10
      6450.00  9.26704e-10
      6460.00  9.20780e-10
      6470.00  9.15218e-10
      6480.00  9.10044e-10
      6490.00  9.05271e-10
      6500.00  9.00869e-10
      6510.00  8.96752e-10
      6520.00  8.92792e-10
      6530.00  8.88830e-10
      6540.00  8.84658e-10
      6550.00  8.80034e-10
      6560.00  8.74707e-10
      6570.00  8.68501e-10
      6580.00  8.61392e-10
      6590.00  8.53539e-10
      6600.00  8.45267e-10
      6610.00  8.36981e-10
      6620.00  8.29063e-10
      6630.00  8.21773e-10
      6640.00  8.15188e-10
      6650.00  8.09202e-10
      6660.00  8.03579e-10
      6670.00  7.98054e-10
      6680.00  7.92414e-10
      6690.00  7.86546e-10
      6700.00  7.80438e-10
      6710.00  7.74149e-10
      6720.00  7.67771e-10
      6730.00  7.61413e-10
      6740.00  7.55185e-10
      6750.00  7.49171e-10
      6760.00  7.43397e-10
      6770.00  7.37810e-10
      6780.00  7.32286e-10
      6790.00  7.26692e-10
      6800.00  7.20957e-10
      6810.00  7.15117e-10
      6820.00  7.09312e-10
      6830.00  7.03731e-10
      6840.00  6.98567e-10
      6850.00  6.93987e-10
      6860.00  6.90087e-10
      6870.00  6.86833e-10
      6880.00  6.84014e-10
      6890.00  6.81249e-10
      6900.00  6.78097e-10
      6910.00  6.74234e-10
      6920.00  6.69595e-10
      6930.00  6.64403e-10
      6940.00  6.59073e-10
      6950.00  6.54044e-10
      6960.00  6.49640e-10
      6970.00  6.46004e-10
      6980.00  6.43124e-10
      6990.00  6.40888e-10
      7000.00  6.39153e-10
      7010.00  6.37781e-10
      7020.00  6.36662e-10
      7030.00  6.35707e-10
      7040.00  6.34845e-10
      7050.00  6.34001e-10
      7060.00  6.33088e-10
      7070.00  6.31999e-10
      7080.00  6.30634e-10
      7090.00  6.28937e-10
      7100.00  6.26966e-10
      7110.00  6.24906e-10
      7120.00  6.22938e-10
      7130.00  6.20921e-10
      7140.00  6.18157e-10
      7150.00  6.13693e-10
      7160.00  6.07183e-10
      7170.00  5.99566e-10
      7180.00  5.92642e-10
      7190.00  5.87798e-10
      7200.00  5.85133e-10
      7210.00  5.83720e-10
      7220.00  5.82503e-10
      7230.00  5.80920e-10
      7240.00  5.78909e-10
      7250.00  5.76626e-10
      7260.00  5.74212e-10
      7270.00  5.71715e-10
      7280.00  5.69106e-10
      7290.00  5.66308e-10
      7300.00  5.63236e-10
      7310.00  5.59850e-10
      7320.00  5.56185e-10
      7330.00  5.52354e-10
      7340.00  5.48505e-10
      7350.00  5.44747e-10
      7360.00  5.41088e-10
      7370.00  5.37410e-10
      7380.00  5.33504e-10
      7390.00  5.29145e-10
      7400.00  5.24186e-10
      7410.00  5.18616e-10
      7420.00  5.12593e-10
      7430.00  5.06409e-10
      7440.00  5.00436e-10
      7450.00  4.95050e-10
      7460.00  4.90548e-10
      7470.00  4.87077e-10
      7480.00  4.84608e-10
      7490.00  4.82948e-10
      7500.00  4.81815e-10
      7510.00  4.80925e-10
      7520.00  4.80084e-10
      7530.00  4.79254e-10
      7540.00  4.78554e-10
      7550.00  4.78197e-10
      7560.00  4.78389e-10
      7570.00  4.79230e-10
      7580.00  4.80677e-10
      7590.00  4.82567e-10
      7600.00  4.84693e-10
      7610.00  4.86869e-10
      7620.00  4.88960e-10
      7630.00  4.90884e-10
      7640.00  4.92587e-10
      7650.00  4.94020e-10
      7660.00  4.95126e-10
      7670.00  4.95846e-10
      7680.00  4.96132e-10
      7690.00  4.95967e-10
      7700.00  4.95379e-10
      7710.00  4.94417e-10
      7720.00  4.93088e-10
      7730.00  4.91318e-10
      7740.00  4.88942e-10
      7750.00  4.85728e-10
      7760.00  4.81436e-10
      7770.00  4.75878e-10
      7780.00  4.68968e-10
      7790.00  4.60741e-10
      7800.00  4.51335e-10
      7810.00  4.40961e-10
      7820.00  4.29864e-10
      7830.00  4.18286e-10
      7840.00  4.06456e-10
      7850.00  3.94588e-10
      7860.00  3.82889e-10
      7870.00  3.71567e-10
      7880.00  3.60839e-10
      7890.00  3.50924e-10
      7900.00  3.42041e-10
      7910.00  3.34377e-10
      7920.00  3.27979e-10
      7930.00  3.22955e-10
      7940.00  3.19258e-10
      7950.00  3.16769e-10
      7960.00  3.15362e-10
      7970.00  3.14957e-10
      7980.00  3.15546e-10
      7990.00  3.17196e-10
      8000.00  3.20005e-10
      8010.00  3.24043e-10
      8020.00  3.29276e-10
      8030.00  3.35506e-10
      8040.00  3.42367e-10
      8050.00  3.49339e-10
      8060.00  3.55836e-10
      8070.00  3.61330e-10
      8080.00  3.65474e-10
      8090.00  3.68171e-10
      8100.00  3.69550e-10
      8110.00  3.69866e-10
      8120.00  3.69400e-10
      8130.00  3.68390e-10
      8140.00  3.67027e-10
      8150.00  3.65489e-10
      8160.00  3.63959e-10
      8170.00  3.62638e-10
      8180.00  3.61708e-10
      8190.00  3.61290e-10
      8200.00  3.61418e-10
      8210.00  3.62037e-10
      8220.00  3.63032e-10
      8230.00  3.64262e-10
      8240.00  3.65591e-10
      8250.00  3.66906e-10
      8260.00  3.68142e-10
      8270.00  3.69294e-10
      8280.00  3.70431e-10
      8290.00  3.71674e-10
      8300.00  3.73173e-10
      8310.00  3.75054e-10
      8320.00  3.77386e-10
      8330.00  3.80159e-10
      8340.00  3.83285e-10
      8350.00  3.86632e-10
      8360.00  3.90060e-10
      8370.00  3.93447e-10
      8380.00  3.96714e-10
      8390.00  3.99823e-10
      8400.00  4.02766e-10
      8410.00  4.05540e-10
      8420.00  4.08130e-10
      8430.00  4.10505e-10
      8440.00  4.12626e-10
      8450.00  4.14458e-10
      8460.00  4.15985e-10
      8470.00  4.17219e-10
      8480.00  4.18192e-10
      8490.00  4.18943e-10
      8500.00  4.19505e-10
      8510.00  4.19894e-10
      8520.00  4.20112e-10
      8530.00  4.20164e-10
      8540.00  4.20072e-10
      8550.00  4.19882e-10
      8560.00  4.19657e-10
      8570.00  4.18980e-10
      8580.00  4.17969e-10
      8590.00  4.16956e-10
      8600.00  4.15916e-10
      8610.00  4.14808e-10
      8620.00  4.13589e-10
      8630.00  4.12219e-10
      8640.00  4.10660e-10
      8650.00  4.08884e-10
      8660.00  4.06882e-10
      8670.00  4.04666e-10
      8680.00  4.02276e-10
      8690.00  3.99769e-10
      8700.00  3.97209e-10
      8710.00  3.94650e-10
      8720.00  3.92112e-10
      8730.00  3.89579e-10
      8740.00  3.86999e-10
      8750.00  3.84299e-10
      8760.00  3.81410e-10
      8770.00  3.78293e-10
      8780.00  3.74945e-10
      8790.00  3.71400e-10
      8800.00  3.67713e-10
      8810.00  3.63938e-10
      8820.00  3.60110e-10
      8830.00  3.56245e-10
      8840.00  3.52348e-10
      8850.00  3.48429e-10
      8860.00  3.44508e-10
      8870.00  3.40618e-10
      8880.00  3.36793e-10
      8890.00  3.33074e-10
      8900.00  3.29514e-10
      8910.00  3.26199e-10
      8920.00  3.23235e-10
      8930.00  3.20719e-10
      8940.00  3.18693e-10
      8950.00  3.17123e-10
      8960.00  3.15915e-10
      8970.00  3.14962e-10
      8980.00  3.14189e-10
      8990.00  3.13572e-10
      9000.00  3.13129e-10
      9010.00  3.12903e-10
      9020.00  3.12934e-10
      9030.00  3.13241e-10
      9040.00  3.13820e-10
      9050.00  3.14649e-10
      9060.00  3.15698e-10
      9070.00  3.16928e-10
      9080.00  3.18290e-10
      9090.00  3.19722e-10
      9100.00  3.21147e-10
      9110.00  3.22480e-10
      9120.00  3.23633e-10
      9130.00  3.24517e-10
      9140.00  3.25036e-10
      9150.00  3.25087e-10
      9160.00  3.24567e-10
      9170.00  3.23385e-10
      9180.00  3.21485e-10
      9190.00  3.18864e-10
      9200.00  3.15578e-10
      9210.00  3.11749e-10
      9220.00  3.07559e-10
      9230.00  3.03232e-10
      9240.00  2.99021e-10
      9250.00  2.95181e-10
      9260.00  2.91927e-10
      9270.00  2.89403e-10
      9280.00  2.87637e-10
      9290.00  2.86541e-10
      9300.00  2.85928e-10
      9310.00  2.85575e-10
      9320.00  2.85276e-10
      9330.00  2.84888e-10
      9340.00  2.84338e-10
      9350.00  2.83603e-10
      9360.00  2.82690e-10
      9370.00  2.81613e-10
      9380.00  2.80387e-10
      9390.00  2.79022e-10
      9400.00  2.77530e-10
      9410.00  2.75922e-10
      9420.00  2.74213e-10
      9430.00  2.72420e-10
      9440.00  2.70561e-10
      9450.00  2.68659e-10
      9460.00  2.66735e-10
      9470.00  2.64811e-10
      9480.00  2.62910e-10
      9490.00  2.61049e-10
      9500.00  2.59246e-10
      9510.00  2.57513e-10
      9520.00  2.55861e-10
      9530.00  2.54295e-10
      9540.00  2.52818e-10
      9550.00  2.51427e-10
      9560.00  2.50120e-10
      9570.00  2.48888e-10
      9580.00  2.47723e-10
      9590.00  2.46615e-10
      9600.00  2.45553e-10
      9610.00  2.44525e-10
      9620.00  2.43522e-10
      9630.00  2.42533e-10
      9640.00  2.41547e-10
      9650.00  2.40558e-10
      9660.00  2.39559e-10
      9670.00  2.38544e-10
      9680.00  2.37509e-10
      9690.00  2.36451e-10
      9700.00  2.35370e-10
      9710.00  2.34265e-10
      9720.00  2.33137e-10
      9730.00  2.31989e-10
      9740.00  2.30822e-10
      9750.00  2.29641e-10
      9760.00  2.28447e-10
      9770.00  2.27244e-10
      9780.00  2.26035e-10
      9790.00  2.24822e-10
      9800.00  2.23608e-10
      9810.00  2.22395e-10
      9820.00  2.21182e-10
      9830.00  2.19970e-10
      9840.00  2.18760e-10
      9850.00  2.17551e-10
      9860.00  2.16341e-10
      9870.00  2.15130e-10
      9880.00  2.13917e-10
      9890.00  2.12701e-10
      9900.00  2.11483e-10
      9910.00  2.10262e-10
      9920.00  2.09040e-10
      9930.00  2.07818e-10
      9940.00  2.06600e-10
      9950.00  2.05389e-10
      9960.00  2.04188e-10
      9970.00  2.03003e-10
      9980.00  2.01838e-10
      9990.00  2.00698e-10
      10000.0  1.99587e-10
      10010.0  1.98511e-10
      10020.0  1.97473e-10
      10030.0  1.96476e-10
      10040.0  1.95523e-10
      10050.0  1.94615e-10
      10060.0  1.93755e-10
      10070.0  1.92942e-10
      10080.0  1.92180e-10
      10090.0  1.91468e-10
      10100.0  1.90808e-10
      10110.0  1.90203e-10
      10120.0  1.89657e-10
      10130.0  1.89173e-10
      10140.0  1.88757e-10
      10150.0  1.88415e-10
      10160.0  1.88154e-10
      10170.0  1.87981e-10
      10180.0  1.87904e-10
      10190.0  1.87927e-10
      10200.0  1.88055e-10
      10210.0  1.88292e-10
      10220.0  1.88638e-10
      10230.0  1.89089e-10
      10240.0  1.89640e-10
      10250.0  1.90281e-10
      10260.0  1.90999e-10
      10270.0  1.91780e-10
      10280.0  1.92605e-10
      10290.0  1.93454e-10
      10300.0  1.94307e-10
      10310.0  1.95141e-10
      10320.0  1.95938e-10
      10330.0  1.96678e-10
      10340.0  1.97346e-10
      10350.0  1.97927e-10
      10360.0  1.98411e-10
      10370.0  1.98794e-10
      10380.0  1.99073e-10
      10390.0  1.99248e-10
      10400.0  1.99325e-10
      10410.0  1.99311e-10
      10420.0  1.99215e-10
      10430.0  1.99051e-10
      10440.0  1.98829e-10
      10450.0  1.98563e-10
      10460.0  1.98265e-10
      10470.0  1.97948e-10
      10480.0  1.97621e-10
      10490.0  1.97296e-10
      10500.0  1.96979e-10
      10510.0  1.96678e-10
      10520.0  1.96395e-10
      10530.0  1.96135e-10
      10540.0  1.95899e-10
      10550.0  1.95687e-10
      10560.0  1.95497e-10
      10570.0  1.95328e-10
      10580.0  1.95176e-10
      10590.0  1.95037e-10
      10600.0  1.94909e-10
      10610.0  1.94785e-10
      10620.0  1.94663e-10
      10630.0  1.94538e-10
      10640.0  1.94406e-10
      10650.0  1.94262e-10
      10660.0  1.94105e-10
      10670.0  1.93929e-10
      10680.0  1.93734e-10
      10690.0  1.93518e-10
      10700.0  1.93277e-10
      10710.0  1.93012e-10
      10720.0  1.92722e-10
      10730.0  1.92407e-10
      10740.0  1.92067e-10
      10750.0  1.91702e-10
      10760.0  1.91315e-10
      10770.0  1.90905e-10
      10780.0  1.90474e-10
      10790.0  1.90024e-10
      10800.0  1.89557e-10
      10810.0  1.89075e-10
      10820.0  1.88580e-10
      10830.0  1.88073e-10
      10840.0  1.87557e-10
      10850.0  1.87033e-10
      10860.0  1.86504e-10
      10870.0  1.85972e-10
      10880.0  1.85437e-10
      10890.0  1.84903e-10
      10900.0  1.84370e-10
      10910.0  1.83839e-10
      10920.0  1.83312e-10
      10930.0  1.82790e-10
      10940.0  1.82273e-10
      10950.0  1.81762e-10
      10960.0  1.81258e-10
      10970.0  1.80759e-10
      10980.0  1.80268e-10
      10990.0  1.79781e-10
      11000.0  1.79300e-10
      11010.0  1.78824e-10
      11020.0  1.78351e-10
      11030.0  1.77880e-10
      11040.0  1.77409e-10
      11050.0  1.76938e-10
      11060.0  1.76465e-10
      11070.0  1.75987e-10
      11080.0  1.75503e-10
      11090.0  1.75012e-10
      11100.0  1.74511e-10
      11110.0  1.73999e-10
      11120.0  1.73476e-10
      11130.0  1.72939e-10
      11140.0  1.72388e-10
      11150.0  1.71822e-10
      11160.0  1.71241e-10
      11170.0  1.70645e-10
      11180.0  1.70035e-10
      11190.0  1.69412e-10
      11200.0  1.68776e-10
      11210.0  1.68129e-10
      11220.0  1.67472e-10
      11230.0  1.66809e-10
      11240.0  1.66139e-10
      11250.0  1.65467e-10
      11260.0  1.64794e-10
      11270.0  1.64123e-10
      11280.0  1.63455e-10
      11290.0  1.62793e-10
      11300.0  1.62138e-10
      11310.0  1.61493e-10
      11320.0  1.60859e-10
      11330.0  1.60237e-10
      11340.0  1.59629e-10
      11350.0  1.59034e-10
      11360.0  1.58454e-10
      11370.0  1.57889e-10
      11380.0  1.57338e-10
      11390.0  1.56802e-10
      11400.0  1.56279e-10
      11410.0  1.55769e-10
      11420.0  1.55271e-10
      11430.0  1.54785e-10
      11440.0  1.54308e-10
      11450.0  1.53840e-10
      11460.0  1.53380e-10
      11470.0  1.52926e-10
      11480.0  1.52477e-10
      11490.0  1.52032e-10
      11500.0  1.51590e-10
      11510.0  1.51149e-10
      11520.0  1.50709e-10
      11530.0  1.50268e-10
      11540.0  1.49826e-10
      11550.0  1.49382e-10
      11560.0  1.48935e-10
      11570.0  1.48484e-10
      11580.0  1.48029e-10
      11590.0  1.47570e-10
      11600.0  1.47106e-10
      11610.0  1.46637e-10
      11620.0  1.46162e-10
      11630.0  1.45682e-10
      11640.0  1.45196e-10
      11650.0  1.44705e-10
      11660.0  1.44209e-10
      11670.0  1.43707e-10
      11680.0  1.43200e-10
      11690.0  1.42688e-10
      11700.0  1.42172e-10
      11710.0  1.41652e-10
      11720.0  1.41128e-10
      11730.0  1.40601e-10
      11740.0  1.40072e-10
      11750.0  1.39540e-10
      11760.0  1.39007e-10
      11770.0  1.38473e-10
      11780.0  1.37938e-10
      11790.0  1.37404e-10
      11800.0  1.36871e-10
      11810.0  1.36340e-10
      11820.0  1.35810e-10
      11830.0  1.35284e-10
      11840.0  1.34761e-10
      11850.0  1.34242e-10
      11860.0  1.33727e-10
      11870.0  1.33217e-10
      11880.0  1.32712e-10
      11890.0  1.32214e-10
      11900.0  1.31721e-10
      11910.0  1.31234e-10
      11920.0  1.30755e-10
      11930.0  1.30282e-10
      11940.0  1.29817e-10
      11950.0  1.29359e-10
      11960.0  1.28909e-10
      11970.0  1.28467e-10
      11980.0  1.28034e-10
      11990.0  1.27609e-10
      12000.0  1.27193e-10
      12010.0  1.26787e-10
      12020.0  1.26389e-10
      12030.0  1.26002e-10
      12040.0  1.25624e-10
      12050.0  1.25256e-10
      12060.0  1.24900e-10
      12070.0  1.24553e-10
      12080.0  1.24218e-10
      12090.0  1.23894e-10
      12100.0  1.23581e-10
      12110.0  1.23280e-10
      12120.0  1.22989e-10
      12130.0  1.22710e-10
      12140.0  1.22441e-10
      12150.0  1.22183e-10
      12160.0  1.21935e-10
      12170.0  1.21695e-10
      12180.0  1.21464e-10
      12190.0  1.21240e-10
      12200.0  1.21023e-10
      12210.0  1.20810e-10
      12220.0  1.20601e-10
      12230.0  1.20394e-10
      12240.0  1.20188e-10
      12250.0  1.19981e-10
      12260.0  1.19772e-10
      12270.0  1.19559e-10
      12280.0  1.19341e-10
      12290.0  1.19115e-10
      12300.0  1.18882e-10
      12310.0  1.18639e-10
      12320.0  1.18385e-10
      12330.0  1.18119e-10
      12340.0  1.17841e-10
      12350.0  1.17550e-10
      12360.0  1.17244e-10
      12370.0  1.16925e-10
      12380.0  1.16591e-10
      12390.0  1.16243e-10
      12400.0  1.15881e-10
      12410.0  1.15505e-10
      12420.0  1.15115e-10
      12430.0  1.14712e-10
      12440.0  1.14297e-10
      12450.0  1.13870e-10
      12460.0  1.13431e-10
      12470.0  1.12983e-10
      12480.0  1.12525e-10
      12490.0  1.12059e-10
      12500.0  1.11584e-10
      12510.0  1.11103e-10
      12520.0  1.10616e-10
      12530.0  1.10123e-10
      12540.0  1.09625e-10
      12550.0  1.09123e-10
      12560.0  1.08617e-10
      12570.0  1.08109e-10
      12580.0  1.07599e-10
      12590.0  1.07087e-10
      12600.0  1.06574e-10
      12610.0  1.06061e-10
      12620.0  1.05549e-10
      12630.0  1.05037e-10
      12640.0  1.04527e-10
      12650.0  1.04020e-10
      12660.0  1.03515e-10
      12670.0  1.03014e-10
      12680.0  1.02518e-10
      12690.0  1.02027e-10
      12700.0  1.01542e-10
      12710.0  1.01064e-10
      12720.0  1.00593e-10
      12730.0  1.00130e-10
      12740.0  9.96756e-11
      12750.0  9.92302e-11
      12760.0  9.87945e-11
      12770.0  9.83689e-11
      12780.0  9.79539e-11
      12790.0  9.75498e-11
      12800.0  9.71569e-11
      12810.0  9.67756e-11
      12820.0  9.64059e-11
      12830.0  9.60481e-11
      12840.0  9.57024e-11
      12850.0  9.53689e-11
      12860.0  9.50476e-11
      12870.0  9.47386e-11
      12880.0  9.44420e-11
      12890.0  9.41578e-11
      12900.0  9.38862e-11
      12910.0  9.36270e-11
      12920.0  9.33804e-11
      12930.0  9.31463e-11
      12940.0  9.29249e-11
      12950.0  9.27161e-11
      12960.0  9.25199e-11
      12970.0  9.23363e-11
      12980.0  9.21653e-11
      12990.0  9.20069e-11
      13000.0  9.18609e-11
      13010.0  9.17272e-11
      13020.0  9.16056e-11
      13030.0  9.14958e-11
      13040.0  9.13976e-11
      13050.0  9.13105e-11
      13060.0  9.12341e-11
      13070.0  9.11677e-11
      13080.0  9.11108e-11
      13090.0  9.10625e-11
      13100.0  9.10219e-11
      13110.0  9.09880e-11
      13120.0  9.09599e-11
      13130.0  9.09362e-11
      13140.0  9.09158e-11
      13150.0  9.08972e-11
      13160.0  9.08791e-11
      13170.0  9.08600e-11
      13180.0  9.08383e-11
      13190.0  9.08127e-11
      13200.0  9.07816e-11
      13210.0  9.07436e-11
      13220.0  9.06972e-11
      13230.0  9.06412e-11
      13240.0  9.05743e-11
      13250.0  9.04955e-11
      13260.0  9.04038e-11
      13270.0  9.02984e-11
      13280.0  9.01786e-11
      13290.0  9.00440e-11
      13300.0  8.98941e-11
      13310.0  8.97289e-11
      13320.0  8.95483e-11
      13330.0  8.93524e-11
      13340.0  8.91413e-11
      13350.0  8.89155e-11
      13360.0  8.86753e-11
      13370.0  8.84212e-11
      13380.0  8.81536e-11
      13390.0  8.78733e-11
      13400.0  8.75807e-11
      13410.0  8.72764e-11
      13420.0  8.69610e-11
      13430.0  8.66350e-11
      13440.0  8.62991e-11
      13450.0  8.59538e-11
      13460.0  8.55995e-11
      13470.0  8.52369e-11
      13480.0  8.48663e-11
      13490.0  8.44884e-11
      13500.0  8.41034e-11
      13510.0  8.37120e-11
      13520.0  8.33145e-11
      13530.0  8.29114e-11
      13540.0  8.25031e-11
      13550.0  8.20900e-11
      13560.0  8.16725e-11
      13570.0  8.12509e-11
      13580.0  8.08257e-11
      13590.0  8.03971e-11
      13600.0  7.99655e-11
      13610.0  7.95312e-11
      13620.0  7.90945e-11
      13630.0  7.86557e-11
      13640.0  7.82151e-11
      13650.0  7.77731e-11
      13660.0  7.73301e-11
      13670.0  7.68863e-11
      13680.0  7.64423e-11
      13690.0  7.59985e-11
      13700.0  7.55555e-11
      13710.0  7.51136e-11
      13720.0  7.46737e-11
      13730.0  7.42363e-11
      13740.0  7.38020e-11
      13750.0  7.33717e-11
      13760.0  7.29460e-11
      13770.0  7.25257e-11
      13780.0  7.21113e-11
      13790.0  7.17037e-11
      13800.0  7.13033e-11
      13810.0  7.09109e-11
      13820.0  7.05268e-11
      13830.0  7.01514e-11
      13840.0  6.97851e-11
      13850.0  6.94280e-11
      13860.0  6.90803e-11
      13870.0  6.87419e-11
      13880.0  6.84129e-11
      13890.0  6.80929e-11
      13900.0  6.77817e-11
      13910.0  6.74792e-11
      13920.0  6.71848e-11
      13930.0  6.68983e-11
      13940.0  6.66192e-11
      13950.0  6.63472e-11
      13960.0  6.60819e-11
      13970.0  6.58229e-11
      13980.0  6.55700e-11
      13990.0  6.53228e-11
      14000.0  6.50812e-11
      14010.0  6.48450e-11
      14020.0  6.46141e-11
      14030.0  6.43885e-11
      14040.0  6.41681e-11
      14050.0  6.39531e-11
      14060.0  6.37434e-11
      14070.0  6.35391e-11
      14080.0  6.33404e-11
      14090.0  6.31473e-11
      14100.0  6.29599e-11
      14110.0  6.27783e-11
      14120.0  6.26025e-11
      14130.0  6.24324e-11
      14140.0  6.22681e-11
      14150.0  6.21094e-11
      14160.0  6.19560e-11
      14170.0  6.18078e-11
      14180.0  6.16646e-11
      14190.0  6.15259e-11
      14200.0  6.13913e-11
      14210.0  6.12606e-11
      14220.0  6.11332e-11
      14230.0  6.10086e-11
      14240.0  6.08864e-11
      14250.0  6.07662e-11
      14260.0  6.06475e-11
      14270.0  6.05298e-11
      14280.0  6.04128e-11
      14290.0  6.02961e-11
      14300.0  6.01794e-11
      14310.0  6.00624e-11
      14320.0  5.99449e-11
      14330.0  5.98268e-11
      14340.0  5.97079e-11
      14350.0  5.95882e-11
      14360.0  5.94677e-11
      14370.0  5.93464e-11
      14380.0  5.92244e-11
      14390.0  5.91018e-11
      14400.0  5.89787e-11
      14410.0  5.88553e-11
      14420.0  5.87316e-11
      14430.0  5.86078e-11
      14440.0  5.84842e-11
      14450.0  5.83607e-11
      14460.0  5.82376e-11
      14470.0  5.81149e-11
      14480.0  5.79927e-11
      14490.0  5.78710e-11
      14500.0  5.77499e-11
      14510.0  5.76295e-11
      14520.0  5.75096e-11
      14530.0  5.73902e-11
      14540.0  5.72713e-11
      14550.0  5.71528e-11
      14560.0  5.70346e-11
      14570.0  5.69166e-11
      14580.0  5.67987e-11
      14590.0  5.66807e-11
      14600.0  5.65625e-11
      14610.0  5.64439e-11
      14620.0  5.63249e-11
      14630.0  5.62052e-11
      14640.0  5.60848e-11
      14650.0  5.59634e-11
      14660.0  5.58409e-11
      14670.0  5.57173e-11
      14680.0  5.55924e-11
      14690.0  5.54661e-11
      14700.0  5.53383e-11
      14710.0  5.52088e-11
      14720.0  5.50777e-11
      14730.0  5.49448e-11
      14740.0  5.48101e-11
      14750.0  5.46736e-11
      14760.0  5.45352e-11
      14770.0  5.43948e-11
      14780.0  5.42526e-11
      14790.0  5.41084e-11
      14800.0  5.39623e-11
      14810.0  5.38143e-11
      14820.0  5.36646e-11
      14830.0  5.35130e-11
      14840.0  5.33598e-11
      14850.0  5.32050e-11
      14860.0  5.30487e-11
      14870.0  5.28911e-11
      14880.0  5.27322e-11
      14890.0  5.25723e-11
      14900.0  5.24114e-11
      14910.0  5.22498e-11
      14920.0  5.20877e-11
      14930.0  5.19251e-11
      14940.0  5.17623e-11
      14950.0  5.15995e-11
      14960.0  5.14368e-11
      14970.0  5.12745e-11
      14980.0  5.11126e-11
      14990.0  5.09514e-11
      15000.0  5.07909e-11
      15010.0  5.06313e-11
      15020.0  5.04727e-11
      15030.0  5.03151e-11
      15040.0  5.01587e-11
      15050.0  5.00033e-11
      15060.0  4.98490e-11
      15070.0  4.96959e-11
      15080.0  4.95437e-11
      15090.0  4.93926e-11
      15100.0  4.92424e-11
      15110.0  4.90931e-11
      15120.0  4.89444e-11
      15130.0  4.87964e-11
      15140.0  4.86488e-11
      15150.0  4.85017e-11
      15160.0  4.83549e-11
      15170.0  4.82082e-11
      15180.0  4.80616e-11
      15190.0  4.79150e-11
      15200.0  4.77684e-11
      15210.0  4.76217e-11
      15220.0  4.74749e-11
      15230.0  4.73279e-11
      15240.0  4.71808e-11
      15250.0  4.70337e-11
      15260.0  4.68865e-11
      15270.0  4.67393e-11
      15280.0  4.65923e-11
      15290.0  4.64455e-11
      15300.0  4.62989e-11
      15310.0  4.61528e-11
      15320.0  4.60072e-11
      15330.0  4.58622e-11
      15340.0  4.57179e-11
      15350.0  4.55744e-11
      15360.0  4.54318e-11
      15370.0  4.52901e-11
      15380.0  4.51494e-11
      15390.0  4.50097e-11
      15400.0  4.48711e-11
      15410.0  4.47335e-11
      15420.0  4.45969e-11
      15430.0  4.44614e-11
      15440.0  4.43269e-11
      15450.0  4.41933e-11
      15460.0  4.40607e-11
      15470.0  4.39289e-11
      15480.0  4.37980e-11
      15490.0  4.36679e-11
      15500.0  4.35386e-11
      15510.0  4.34100e-11
      15520.0  4.32821e-11
      15530.0  4.31551e-11
      15540.0  4.30287e-11
      15550.0  4.29032e-11
      15560.0  4.27785e-11
      15570.0  4.26545e-11
      15580.0  4.25315e-11
      15590.0  4.24094e-11
      15600.0  4.22882e-11
      15610.0  4.21680e-11
      15620.0  4.20487e-11
      15630.0  4.19305e-11
      15640.0  4.18133e-11
      15650.0  4.16971e-11
      15660.0  4.15819e-11
      15670.0  4.14676e-11
      15680.0  4.13542e-11
      15690.0  4.12416e-11
      15700.0  4.11297e-11
      15710.0  4.10185e-11
      15720.0  4.09078e-11
      15730.0  4.07977e-11
      15740.0  4.06879e-11
      15750.0  4.05784e-11
      15760.0  4.04692e-11
      15770.0  4.03602e-11
      15780.0  4.02514e-11
      15790.0  4.01428e-11
      15800.0  4.00344e-11
      15810.0  3.99263e-11
      15820.0  3.98186e-11
      15830.0  3.97115e-11
      15840.0  3.96052e-11
      15850.0  3.94997e-11
      15860.0  3.93955e-11
      15870.0  3.92928e-11
      15880.0  3.91919e-11
      15890.0  3.90931e-11
      15900.0  3.89969e-11
      15910.0  3.89035e-11
      15920.0  3.88135e-11
      15930.0  3.87271e-11
      15940.0  3.86447e-11
      15950.0  3.85668e-11
      15960.0  3.84936e-11
      15970.0  3.84256e-11
      15980.0  3.83629e-11
      15990.0  3.83060e-11
      16000.0  3.82551e-11
      16010.0  3.82103e-11
      16020.0  3.81719e-11
      16030.0  3.81399e-11
      16040.0  3.81144e-11
      16050.0  3.80955e-11
      16060.0  3.80832e-11
      16070.0  3.80774e-11
      16080.0  3.80780e-11
      16090.0  3.80849e-11
      16100.0  3.80979e-11
      16110.0  3.81168e-11
      16120.0  3.81415e-11
      16130.0  3.81715e-11
      16140.0  3.82067e-11
      16150.0  3.82468e-11
      16160.0  3.82913e-11
      16170.0  3.83401e-11
      16180.0  3.83926e-11
      16190.0  3.84487e-11
      16200.0  3.85078e-11
      16210.0  3.85697e-11
      16220.0  3.86339e-11
      16230.0  3.87002e-11
      16240.0  3.87682e-11
      16250.0  3.88375e-11
      16260.0  3.89078e-11
      16270.0  3.89788e-11
      16280.0  3.90502e-11
      16290.0  3.91218e-11
      16300.0  3.91932e-11
      16310.0  3.92642e-11
      16320.0  3.93346e-11
      16330.0  3.94042e-11
      16340.0  3.94729e-11
      16350.0  3.95405e-11
      16360.0  3.96068e-11
      16370.0  3.96718e-11
      16380.0  3.97354e-11
      16390.0  3.97974e-11
      16400.0  3.98579e-11
      16410.0  3.99168e-11
      16420.0  3.99739e-11
      16430.0  4.00294e-11
      16440.0  4.00831e-11
      16450.0  4.01350e-11
      16460.0  4.01851e-11
      16470.0  4.02333e-11
      16480.0  4.02794e-11
      16490.0  4.03235e-11
      16500.0  4.03654e-11
      16510.0  4.04050e-11
      16520.0  4.04421e-11
      16530.0  4.04766e-11
      16540.0  4.05084e-11
      16550.0  4.05371e-11
      16560.0  4.05626e-11
      16570.0  4.05847e-11
      16580.0  4.06032e-11
      16590.0  4.06178e-11
      16600.0  4.06282e-11
      16610.0  4.06344e-11
      16620.0  4.06361e-11
      16630.0  4.06330e-11
      16640.0  4.06251e-11
      16650.0  4.06122e-11
      16660.0  4.05942e-11
      16670.0  4.05711e-11
      16680.0  4.05428e-11
      16690.0  4.05093e-11
      16700.0  4.04708e-11
      16710.0  4.04274e-11
      16720.0  4.03791e-11
      16730.0  4.03262e-11
      16740.0  4.02690e-11
      16750.0  4.02077e-11
      16760.0  4.01426e-11
      16770.0  4.00741e-11
      16780.0  4.00026e-11
      16790.0  3.99284e-11
      16800.0  3.98519e-11
      16810.0  3.97735e-11
      16820.0  3.96937e-11
      16830.0  3.96127e-11
      16840.0  3.95310e-11
      16850.0  3.94489e-11
      16860.0  3.93667e-11
      16870.0  3.92848e-11
      16880.0  3.92033e-11
      16890.0  3.91226e-11
      16900.0  3.90427e-11
      16910.0  3.89639e-11
      16920.0  3.88861e-11
      16930.0  3.88095e-11
      16940.0  3.87341e-11
      16950.0  3.86599e-11
      16960.0  3.85867e-11
      16970.0  3.85146e-11
      16980.0  3.84433e-11
      16990.0  3.83728e-11
      17000.0  3.83029e-11
      17010.0  3.82334e-11
      17020.0  3.81642e-11
      17030.0  3.80951e-11
      17040.0  3.80258e-11
      17050.0  3.79563e-11
      17060.0  3.78864e-11
      17070.0  3.78159e-11
      17080.0  3.77448e-11
      17090.0  3.76730e-11
      17100.0  3.76004e-11
      17110.0  3.75270e-11
      17120.0  3.74528e-11
      17130.0  3.73779e-11
      17140.0  3.73023e-11
      17150.0  3.72262e-11
      17160.0  3.71497e-11
      17170.0  3.70729e-11
      17180.0  3.69960e-11
      17190.0  3.69192e-11
      17200.0  3.68427e-11
      17210.0  3.67668e-11
      17220.0  3.66916e-11
      17230.0  3.66174e-11
      17240.0  3.65443e-11
      17250.0  3.64727e-11
      17260.0  3.64026e-11
      17270.0  3.63342e-11
      17280.0  3.62676e-11
      17290.0  3.62031e-11
      17300.0  3.61406e-11
      17310.0  3.60803e-11
      17320.0  3.60222e-11
      17330.0  3.59662e-11
      17340.0  3.59125e-11
      17350.0  3.58609e-11
      17360.0  3.58114e-11
      17370.0  3.57640e-11
      17380.0  3.57185e-11
      17390.0  3.56749e-11
      17400.0  3.56330e-11
      17410.0  3.55927e-11
      17420.0  3.55539e-11
      17430.0  3.55165e-11
      17440.0  3.54803e-11
      17450.0  3.54452e-11
      17460.0  3.54110e-11
      17470.0  3.53777e-11
      17480.0  3.53451e-11
      17490.0  3.53131e-11
      17500.0  3.52816e-11
      17510.0  3.52504e-11
      17520.0  3.52195e-11
      17530.0  3.51887e-11
      17540.0  3.51580e-11
      17550.0  3.51271e-11
      17560.0  3.50960e-11
      17570.0  3.50645e-11
      17580.0  3.50326e-11
      17590.0  3.50000e-11
      17600.0  3.49667e-11
      17610.0  3.49324e-11
      17620.0  3.48970e-11
      17630.0  3.48603e-11
      17640.0  3.48222e-11
      17650.0  3.47824e-11
      17660.0  3.47408e-11
      17670.0  3.46972e-11
      17680.0  3.46514e-11
      17690.0  3.46032e-11
      17700.0  3.45526e-11
      17710.0  3.44993e-11
      17720.0  3.44432e-11
      17730.0  3.43844e-11
      17740.0  3.43227e-11
      17750.0  3.42581e-11
      17760.0  3.41907e-11
      17770.0  3.41206e-11
      17780.0  3.40478e-11
      17790.0  3.39726e-11
      17800.0  3.38952e-11
      17810.0  3.38159e-11
      17820.0  3.37350e-11
      17830.0  3.36529e-11
      17840.0  3.35700e-11
      17850.0  3.34867e-11
      17860.0  3.34034e-11
      17870.0  3.33208e-11
      17880.0  3.32392e-11
      17890.0  3.31592e-11
      17900.0  3.30812e-11
      17910.0  3.30058e-11
      17920.0  3.29333e-11
      17930.0  3.28643e-11
      17940.0  3.27990e-11
      17950.0  3.27378e-11
      17960.0  3.26809e-11
      17970.0  3.26286e-11
      17980.0  3.25810e-11
      17990.0  3.25382e-11
      18000.0  3.25001e-11
      18010.0  3.24667e-11
      18020.0  3.24379e-11
      18030.0  3.24134e-11
      18040.0  3.23930e-11
      18050.0  3.23763e-11
      18060.0  3.23630e-11
      18070.0  3.23526e-11
      18080.0  3.23447e-11
      18090.0  3.23386e-11
      18100.0  3.23340e-11
      18110.0  3.23302e-11
      18120.0  3.23267e-11
      18130.0  3.23229e-11
      18140.0  3.23183e-11
      18150.0  3.23124e-11
      18160.0  3.23046e-11
      18170.0  3.22945e-11
      18180.0  3.22816e-11
      18190.0  3.22656e-11
      18200.0  3.22462e-11
      18210.0  3.22231e-11
      18220.0  3.21960e-11
      18230.0  3.21649e-11
      18240.0  3.21296e-11
      18250.0  3.20903e-11
      18260.0  3.20468e-11
      18270.0  3.19994e-11
      18280.0  3.19483e-11
      18290.0  3.18936e-11
      18300.0  3.18356e-11
      18310.0  3.17748e-11
      18320.0  3.17113e-11
      18330.0  3.16457e-11
      18340.0  3.15782e-11
      18350.0  3.15094e-11
      18360.0  3.14396e-11
      18370.0  3.13692e-11
      18380.0  3.12986e-11
      18390.0  3.12281e-11
      18400.0  3.11580e-11
      18410.0  3.10886e-11
      18420.0  3.10200e-11
      18430.0  3.09526e-11
      18440.0  3.08862e-11
      18450.0  3.08210e-11
      18460.0  3.07570e-11
      18470.0  3.06941e-11
      18480.0  3.06321e-11
      18490.0  3.05708e-11
      18500.0  3.05101e-11
      18510.0  3.04495e-11
      18520.0  3.03889e-11
      18530.0  3.03277e-11
      18540.0  3.02657e-11
      18550.0  3.02025e-11
      18560.0  3.01376e-11
      18570.0  3.00706e-11
      18580.0  3.00012e-11
      18590.0  2.99290e-11
      18600.0  2.98537e-11
      18610.0  2.97750e-11
      18620.0  2.96926e-11
      18630.0  2.96063e-11
      18640.0  2.95159e-11
      18650.0  2.94215e-11
      18660.0  2.93228e-11
      18670.0  2.92200e-11
      18680.0  2.91131e-11
      18690.0  2.90024e-11
      18700.0  2.88879e-11
      18710.0  2.87700e-11
      18720.0  2.86489e-11
      18730.0  2.85251e-11
      18740.0  2.83989e-11
      18750.0  2.82707e-11
      18760.0  2.81411e-11
      18770.0  2.80103e-11
      18780.0  2.78791e-11
      18790.0  2.77477e-11
      18800.0  2.76167e-11
      18810.0  2.74866e-11
      18820.0  2.73577e-11
      18830.0  2.72305e-11
      18840.0  2.71054e-11
      18850.0  2.69826e-11
      18860.0  2.68625e-11
      18870.0  2.67453e-11
      18880.0  2.66312e-11
      18890.0  2.65203e-11
      18900.0  2.64128e-11
      18910.0  2.63086e-11
      18920.0  2.62078e-11
      18930.0  2.61103e-11
      18940.0  2.60159e-11
      18950.0  2.59247e-11
      18960.0  2.58363e-11
      18970.0  2.57506e-11
      18980.0  2.56673e-11
      18990.0  2.55862e-11
      19000.0  2.55071e-11
      19010.0  2.54296e-11
      19020.0  2.53535e-11
      19030.0  2.52785e-11
      19040.0  2.52044e-11
      19050.0  2.51309e-11
      19060.0  2.50577e-11
      19070.0  2.49847e-11
      19080.0  2.49117e-11
      19090.0  2.48386e-11
      19100.0  2.47651e-11
      19110.0  2.46912e-11
      19120.0  2.46169e-11
      19130.0  2.45420e-11
      19140.0  2.44666e-11
      19150.0  2.43907e-11
      19160.0  2.43144e-11
      19170.0  2.42377e-11
      19180.0  2.41607e-11
      19190.0  2.40836e-11
      19200.0  2.40065e-11
      19210.0  2.39295e-11
      19220.0  2.38527e-11
      19230.0  2.37764e-11
      19240.0  2.37008e-11
      19250.0  2.36260e-11
      19260.0  2.35521e-11
      19270.0  2.34793e-11
      19280.0  2.34079e-11
      19290.0  2.33379e-11
      19300.0  2.32695e-11
      19310.0  2.32028e-11
      19320.0  2.31379e-11
      19330.0  2.30749e-11
      19340.0  2.30140e-11
      19350.0  2.29550e-11
      19360.0  2.28981e-11
      19370.0  2.28433e-11
      19380.0  2.27905e-11
      19390.0  2.27398e-11
      19400.0  2.26911e-11
      19410.0  2.26443e-11
      19420.0  2.25993e-11
      19430.0  2.25560e-11
      19440.0  2.25144e-11
      19450.0  2.24743e-11
      19460.0  2.24354e-11
      19470.0  2.23977e-11
      19480.0  2.23610e-11
      19490.0  2.23251e-11
      19500.0  2.22898e-11
      19510.0  2.22550e-11
      19520.0  2.22204e-11
      19530.0  2.21858e-11
      19540.0  2.21511e-11
      19550.0  2.21161e-11
      19560.0  2.20806e-11
      19570.0  2.20445e-11
      19580.0  2.20076e-11
      19590.0  2.19699e-11
      19600.0  2.19311e-11
      19610.0  2.18913e-11
      19620.0  2.18504e-11
      19630.0  2.18082e-11
      19640.0  2.17649e-11
      19650.0  2.17204e-11
      19660.0  2.16748e-11
      19670.0  2.16280e-11
      19680.0  2.15802e-11
      19690.0  2.15315e-11
      19700.0  2.14820e-11
      19710.0  2.14318e-11
      19720.0  2.13810e-11
      19730.0  2.13299e-11
      19740.0  2.12786e-11
      19750.0  2.12273e-11
      19760.0  2.11762e-11
      19770.0  2.11255e-11
      19780.0  2.10753e-11
      19790.0  2.10259e-11
      19800.0  2.09775e-11
      19810.0  2.09302e-11
      19820.0  2.08843e-11
      19830.0  2.08398e-11
      19840.0  2.07969e-11
      19850.0  2.07558e-11
      19860.0  2.07166e-11
      19870.0  2.06794e-11
      19880.0  2.06441e-11
      19890.0  2.06110e-11
      19900.0  2.05800e-11
      19910.0  2.05512e-11
      19920.0  2.05245e-11
      19930.0  2.04998e-11
      19940.0  2.04772e-11
      19950.0  2.04566e-11
      19960.0  2.04379e-11
      19970.0  2.04209e-11
      19980.0  2.04056e-11
      19990.0  2.03918e-11
      20000.0  2.03794e-11
      20010.0  2.03682e-11
      20020.0  2.03581e-11
      20030.0  2.03489e-11
      20040.0  2.03404e-11
      20050.0  2.03325e-11
      20060.0  2.03251e-11
      20070.0  2.03179e-11
      20080.0  2.03108e-11
      20090.0  2.03037e-11
      20100.0  2.02965e-11
      20110.0  2.02889e-11
      20120.0  2.02810e-11
      20130.0  2.02726e-11
      20140.0  2.02636e-11
      20150.0  2.02540e-11
      20160.0  2.02437e-11
      20170.0  2.02326e-11
      20180.0  2.02208e-11
      20190.0  2.02081e-11
      20200.0  2.01947e-11
      20210.0  2.01804e-11
      20220.0  2.01653e-11
      20230.0  2.01495e-11
      20240.0  2.01330e-11
      20250.0  2.01157e-11
      20260.0  2.00978e-11
      20270.0  2.00792e-11
      20280.0  2.00601e-11
      20290.0  2.00405e-11
      20300.0  2.00204e-11
      20310.0  1.99999e-11
      20320.0  1.99791e-11
      20330.0  1.99580e-11
      20340.0  1.99367e-11
      20350.0  1.99152e-11
      20360.0  1.98936e-11
      20370.0  1.98719e-11
      20380.0  1.98502e-11
      20390.0  1.98285e-11
      20400.0  1.98070e-11
      20410.0  1.97855e-11
      20420.0  1.97642e-11
      20430.0  1.97431e-11
      20440.0  1.97223e-11
      20450.0  1.97017e-11
      20460.0  1.96813e-11
      20470.0  1.96613e-11
      20480.0  1.96416e-11
      20490.0  1.96223e-11
      20500.0  1.96033e-11
      20510.0  1.95847e-11
      20520.0  1.95665e-11
      20530.0  1.95487e-11
      20540.0  1.95313e-11
      20550.0  1.95142e-11
      20560.0  1.94975e-11
      20570.0  1.94812e-11
      20580.0  1.94652e-11
      20590.0  1.94496e-11
      20600.0  1.94342e-11
      20610.0  1.94191e-11
      20620.0  1.94043e-11
      20630.0  1.93896e-11
      20640.0  1.93751e-11
      20650.0  1.93606e-11
      20660.0  1.93462e-11
      20670.0  1.93317e-11
      20680.0  1.93172e-11
      20690.0  1.93025e-11
      20700.0  1.92875e-11
      20710.0  1.92723e-11
      20720.0  1.92567e-11
      20730.0  1.92406e-11
      20740.0  1.92240e-11
      20750.0  1.92068e-11
      20760.0  1.91889e-11
      20770.0  1.91703e-11
      20780.0  1.91509e-11
      20790.0  1.91306e-11
      20800.0  1.91094e-11
      20810.0  1.90873e-11
      20820.0  1.90642e-11
      20830.0  1.90400e-11
      20840.0  1.90148e-11
      20850.0  1.89885e-11
      20860.0  1.89611e-11
      20870.0  1.89327e-11
      20880.0  1.89032e-11
      20890.0  1.88726e-11
      20900.0  1.88411e-11
      20910.0  1.88086e-11
      20920.0  1.87752e-11
      20930.0  1.87409e-11
      20940.0  1.87059e-11
      20950.0  1.86701e-11
      20960.0  1.86337e-11
      20970.0  1.85967e-11
      20980.0  1.85592e-11
      20990.0  1.85213e-11
      21000.0  1.84830e-11
      21010.0  1.84446e-11
      21020.0  1.84060e-11
      21030.0  1.83673e-11
      21040.0  1.83286e-11
      21050.0  1.82900e-11
      21060.0  1.82516e-11
      21070.0  1.82134e-11
      21080.0  1.81754e-11
      21090.0  1.81377e-11
      21100.0  1.81004e-11
      21110.0  1.80635e-11
      21120.0  1.80270e-11
      21130.0  1.79909e-11
      21140.0  1.79553e-11
      21150.0  1.79201e-11
      21160.0  1.78853e-11
      21170.0  1.78510e-11
      21180.0  1.78171e-11
      21190.0  1.77837e-11
      21200.0  1.77506e-11
      21210.0  1.77178e-11
      21220.0  1.76854e-11
      21230.0  1.76532e-11
      21240.0  1.76214e-11
      21250.0  1.75897e-11
      21260.0  1.75582e-11
      21270.0  1.75269e-11
      21280.0  1.74957e-11
      21290.0  1.74646e-11
      21300.0  1.74335e-11
      21310.0  1.74024e-11
      21320.0  1.73713e-11
      21330.0  1.73402e-11
      21340.0  1.73089e-11
      21350.0  1.72775e-11
      21360.0  1.72460e-11
      21370.0  1.72143e-11
      21380.0  1.71823e-11
      21390.0  1.71501e-11
      21400.0  1.71176e-11
      21410.0  1.70848e-11
      21420.0  1.70517e-11
      21430.0  1.70182e-11
      21440.0  1.69843e-11
      21450.0  1.69500e-11
      21460.0  1.69153e-11
      21470.0  1.68801e-11
      21480.0  1.68445e-11
      21490.0  1.68085e-11
      21500.0  1.67719e-11
      21510.0  1.67349e-11
      21520.0  1.66975e-11
      21530.0  1.66596e-11
      21540.0  1.66212e-11
      21550.0  1.65824e-11
      21560.0  1.65432e-11
      21570.0  1.65036e-11
      21580.0  1.64636e-11
      21590.0  1.64233e-11
      21600.0  1.63827e-11
      21610.0  1.63418e-11
      21620.0  1.63006e-11
      21630.0  1.62593e-11
      21640.0  1.62177e-11
      21650.0  1.61761e-11
      21660.0  1.61343e-11
      21670.0  1.60924e-11
      21680.0  1.60505e-11
      21690.0  1.60086e-11
      21700.0  1.59667e-11
      21710.0  1.59248e-11
      21720.0  1.58829e-11
      21730.0  1.58412e-11
      21740.0  1.57995e-11
      21750.0  1.57578e-11
      21760.0  1.57163e-11
      21770.0  1.56749e-11
      21780.0  1.56335e-11
      21790.0  1.55923e-11
      21800.0  1.55512e-11
      21810.0  1.55101e-11
      21820.0  1.54692e-11
      21830.0  1.54284e-11
      21840.0  1.53877e-11
      21850.0  1.53470e-11
      21860.0  1.53065e-11
      21870.0  1.52661e-11
      21880.0  1.52258e-11
      21890.0  1.51856e-11
      21900.0  1.51456e-11
      21910.0  1.51057e-11
      21920.0  1.50660e-11
      21930.0  1.50264e-11
      21940.0  1.49871e-11
      21950.0  1.49481e-11
      21960.0  1.49093e-11
      21970.0  1.48708e-11
      21980.0  1.48327e-11
      21990.0  1.47949e-11
      22000.0  1.47576e-11
      22010.0  1.47207e-11
      22020.0  1.46843e-11
      22030.0  1.46485e-11
      22040.0  1.46132e-11
      22050.0  1.45785e-11
      22060.0  1.45444e-11
      22070.0  1.45110e-11
      22080.0  1.44783e-11
      22090.0  1.44463e-11
      22100.0  1.44151e-11
      22110.0  1.43846e-11
      22120.0  1.43549e-11
      22130.0  1.43259e-11
      22140.0  1.42978e-11
      22150.0  1.42704e-11
      22160.0  1.42438e-11
      22170.0  1.42180e-11
      22180.0  1.41929e-11
      22190.0  1.41686e-11
      22200.0  1.41451e-11
      22210.0  1.41222e-11
      22220.0  1.41000e-11
      22230.0  1.40784e-11
      22240.0  1.40574e-11
      22250.0  1.40370e-11
      22260.0  1.40171e-11
      22270.0  1.39977e-11
      22280.0  1.39787e-11
      22290.0  1.39601e-11
      22300.0  1.39419e-11
      22310.0  1.39239e-11
      22320.0  1.39062e-11
      22330.0  1.38887e-11
      22340.0  1.38713e-11
      22350.0  1.38541e-11
      22360.0  1.38369e-11
      22370.0  1.38197e-11
      22380.0  1.38026e-11
      22390.0  1.37853e-11
      22400.0  1.37680e-11
      22410.0  1.37505e-11
      22420.0  1.37329e-11
      22430.0  1.37152e-11
      22440.0  1.36972e-11
      22450.0  1.36789e-11
      22460.0  1.36605e-11
      22470.0  1.36418e-11
      22480.0  1.36228e-11
      22490.0  1.36035e-11
      22500.0  1.35840e-11
      22510.0  1.35642e-11
      22520.0  1.35441e-11
      22530.0  1.35238e-11
      22540.0  1.35033e-11
      22550.0  1.34824e-11
      22560.0  1.34614e-11
      22570.0  1.34402e-11
      22580.0  1.34189e-11
      22590.0  1.33974e-11
      22600.0  1.33757e-11
      22610.0  1.33541e-11
      22620.0  1.33323e-11
      22630.0  1.33106e-11
      22640.0  1.32890e-11
      22650.0  1.32674e-11
      22660.0  1.32459e-11
      22670.0  1.32247e-11
      22680.0  1.32036e-11
      22690.0  1.31828e-11
      22700.0  1.31623e-11
      22710.0  1.31422e-11
      22720.0  1.31224e-11
      22730.0  1.31031e-11
      22740.0  1.30842e-11
      22750.0  1.30658e-11
      22760.0  1.30480e-11
      22770.0  1.30308e-11
      22780.0  1.30141e-11
      22790.0  1.29981e-11
      22800.0  1.29826e-11
      22810.0  1.29679e-11
      22820.0  1.29538e-11
      22830.0  1.29403e-11
      22840.0  1.29275e-11
      22850.0  1.29153e-11
      22860.0  1.29038e-11
      22870.0  1.28929e-11
      22880.0  1.28826e-11
      22890.0  1.28729e-11
      22900.0  1.28637e-11
      22910.0  1.28550e-11
      22920.0  1.28468e-11
      22930.0  1.28391e-11
      22940.0  1.28318e-11
      22950.0  1.28248e-11
      22960.0  1.28181e-11
      22970.0  1.28117e-11
      22980.0  1.28056e-11
      22990.0  1.27997e-11
      23000.0  1.27940e-11
      23010.0  1.27884e-11
      23020.0  1.27829e-11
      23030.0  1.27775e-11
      23040.0  1.27722e-11
      23050.0  1.27669e-11
      23060.0  1.27617e-11
      23070.0  1.27565e-11
      23080.0  1.27513e-11
      23090.0  1.27462e-11
      23100.0  1.27412e-11
      23110.0  1.27362e-11
      23120.0  1.27314e-11
      23130.0  1.27266e-11
      23140.0  1.27220e-11
      23150.0  1.27175e-11
      23160.0  1.27132e-11
      23170.0  1.27091e-11
      23180.0  1.27052e-11
      23190.0  1.27016e-11
      23200.0  1.26983e-11
      23210.0  1.26952e-11
      23220.0  1.26925e-11
      23230.0  1.26901e-11
      23240.0  1.26880e-11
      23250.0  1.26862e-11
      23260.0  1.26848e-11
      23270.0  1.26837e-11
      23280.0  1.26828e-11
      23290.0  1.26823e-11
      23300.0  1.26820e-11
      23310.0  1.26819e-11
      23320.0  1.26821e-11
      23330.0  1.26823e-11
      23340.0  1.26828e-11
      23350.0  1.26832e-11
      23360.0  1.26838e-11
      23370.0  1.26843e-11
      23380.0  1.26847e-11
      23390.0  1.26851e-11
      23400.0  1.26854e-11
      23410.0  1.26855e-11
      23420.0  1.26854e-11
      23430.0  1.26850e-11
      23440.0  1.26845e-11
      23450.0  1.26836e-11
      23460.0  1.26825e-11
      23470.0  1.26811e-11
      23480.0  1.26794e-11
      23490.0  1.26775e-11
      23500.0  1.26752e-11
      23510.0  1.26727e-11
      23520.0  1.26700e-11
      23530.0  1.26671e-11
      23540.0  1.26640e-11
      23550.0  1.26608e-11
      23560.0  1.26575e-11
      23570.0  1.26541e-11
      23580.0  1.26507e-11
      23590.0  1.26474e-11
      23600.0  1.26442e-11
      23610.0  1.26410e-11
      23620.0  1.26381e-11
      23630.0  1.26354e-11
      23640.0  1.26330e-11
      23650.0  1.26309e-11
      23660.0  1.26292e-11
      23670.0  1.26278e-11
      23680.0  1.26269e-11
      23690.0  1.26265e-11
      23700.0  1.26266e-11
      23710.0  1.26272e-11
      23720.0  1.26284e-11
      23730.0  1.26303e-11
      23740.0  1.26330e-11
      23750.0  1.26364e-11
      23760.0  1.26406e-11
      23770.0  1.26458e-11
      23780.0  1.26520e-11
      23790.0  1.26594e-11
      23800.0  1.26681e-11
      23810.0  1.26782e-11
      23820.0  1.26899e-11
      23830.0  1.27035e-11
      23840.0  1.27191e-11
      23850.0  1.27369e-11
      23860.0  1.27569e-11
      23870.0  1.27794e-11
      23880.0  1.28044e-11
      23890.0  1.28322e-11
      23900.0  1.28627e-11
      23910.0  1.28961e-11
      23920.0  1.29324e-11
      23930.0  1.29715e-11
      23940.0  1.30133e-11
      23950.0  1.30578e-11
      23960.0  1.31047e-11
      23970.0  1.31537e-11
      23980.0  1.32045e-11
      23990.0  1.32569e-11
      24000.0  1.33104e-11
      24010.0  1.33646e-11
      24020.0  1.34192e-11
      24030.0  1.34735e-11
      24040.0  1.35273e-11
      24050.0  1.35802e-11
      24060.0  1.36317e-11
      24070.0  1.36814e-11
      24080.0  1.37292e-11
      24090.0  1.37748e-11
      24100.0  1.38179e-11
      24110.0  1.38585e-11
      24120.0  1.38965e-11
      24130.0  1.39318e-11
      24140.0  1.39646e-11
      24150.0  1.39948e-11
      24160.0  1.40227e-11
      24170.0  1.40483e-11
      24180.0  1.40719e-11
      24190.0  1.40938e-11
      24200.0  1.41140e-11
      24210.0  1.41330e-11
      24220.0  1.41509e-11
      24230.0  1.41679e-11
      24240.0  1.41843e-11
      24250.0  1.42004e-11
      24260.0  1.42164e-11
      24270.0  1.42323e-11
      24280.0  1.42486e-11
      24290.0  1.42652e-11
      24300.0  1.42825e-11
      24310.0  1.43004e-11
      24320.0  1.43193e-11
      24330.0  1.43391e-11
      24340.0  1.43600e-11
      24350.0  1.43820e-11
      24360.0  1.44054e-11
      24370.0  1.44300e-11
      24380.0  1.44561e-11
      24390.0  1.44836e-11
      24400.0  1.45126e-11
      24410.0  1.45431e-11
      24420.0  1.45752e-11
      24430.0  1.46088e-11
      24440.0  1.46440e-11
      24450.0  1.46806e-11
      24460.0  1.47188e-11
      24470.0  1.47585e-11
      24480.0  1.47995e-11
      24490.0  1.48419e-11
      24500.0  1.48855e-11
      24510.0  1.49302e-11
      24520.0  1.49760e-11
      24530.0  1.50225e-11
      24540.0  1.50698e-11
      24550.0  1.51176e-11
      24560.0  1.51658e-11
      24570.0  1.52140e-11
      24580.0  1.52622e-11
      24590.0  1.53101e-11
      24600.0  1.53575e-11
      24610.0  1.54041e-11
      24620.0  1.54498e-11
      24630.0  1.54943e-11
      24640.0  1.55375e-11
      24650.0  1.55793e-11
      24660.0  1.56193e-11
      24670.0  1.56577e-11
      24680.0  1.56941e-11
      24690.0  1.57287e-11
      24700.0  1.57613e-11
      24710.0  1.57919e-11
      24720.0  1.58205e-11
      24730.0  1.58473e-11
      24740.0  1.58721e-11
      24750.0  1.58951e-11
      24760.0  1.59164e-11
      24770.0  1.59361e-11
      24780.0  1.59542e-11
      24790.0  1.59708e-11
      24800.0  1.59861e-11
      24810.0  1.60002e-11
      24820.0  1.60131e-11
      24830.0  1.60249e-11
      24840.0  1.60357e-11
      24850.0  1.60456e-11
      24860.0  1.60546e-11
      24870.0  1.60628e-11
      24880.0  1.60703e-11
      24890.0  1.60771e-11
      24900.0  1.60832e-11
      24910.0  1.60888e-11
      24920.0  1.60939e-11
      24930.0  1.60984e-11
      24940.0  1.61025e-11
      24950.0  1.61062e-11
      24960.0  1.61095e-11
      24970.0  1.61124e-11
      24980.0  1.61151e-11
      24990.0  1.61174e-11
      25000.0  1.61196e-11
