      1000.00  5.54861e-14
      1010.00  6.72320e-14
      1020.00  8.17287e-14
      1030.00  9.95325e-14
      1040.00  1.21335e-13
      1050.00  1.47925e-13
      1060.00  1.80183e-13
      1070.00  2.19068e-13
      1080.00  2.65585e-13
      1090.00  3.20756e-13
      1100.00  3.85570e-13
      1110.00  4.60937e-13
      1120.00  5.47631e-13
      1130.00  6.46247e-13
      1140.00  7.57154e-13
      1150.00  8.80465e-13
      1160.00  1.01602e-12
      1170.00  1.16335e-12
      1180.00  1.32173e-12
      1190.00  1.49012e-12
      1200.00  1.66723e-12
      1210.00  1.85155e-12
      1220.00  2.04135e-12
      1230.00  2.23473e-12
      1240.00  2.42970e-12
      1250.00  2.62422e-12
      1260.00  2.81622e-12
      1270.00  3.00371e-12
      1280.00  3.18479e-12
      1290.00  3.35775e-12
      1300.00  3.52106e-12
      1310.00  3.67343e-12
      1320.00  3.81383e-12
      1330.00  3.94152e-12
      1340.00  4.05604e-12
      1350.00  4.15722e-12
      1360.00  4.24520e-12
      1370.00  4.32038e-12
      1380.00  4.38344e-12
      1390.00  4.43536e-12
      1400.00  4.47739e-12
      1410.00  4.51106e-12
      1420.00  4.53824e-12
      1430.00  4.56113e-12
      1440.00  4.58228e-12
      1450.00  4.60465e-12
      1460.00  4.63155e-12
      1470.00  4.66659e-12
      1480.00  4.71358e-12
      1490.00  4.77629e-12
      1500.00  4.85821e-12
      1510.00  4.96212e-12
      1520.00  5.08979e-12
      1530.00  5.24149e-12
      1540.00  5.41580e-12
      1550.00  5.60939e-12
      1560.00  5.81712e-12
      1570.00  6.03235e-12
      1580.00  6.24750e-12
      1590.00  6.45474e-12
      1600.00  6.64685e-12
      1610.00  6.81799e-12
      1620.00  6.96437e-12
      1630.00  7.08466e-12
      1640.00  7.18013e-12
      1650.00  7.25450e-12
      1660.00  7.31352e-12
      1670.00  7.36442e-12
      1680.00  7.41521e-12
      1690.00  7.47406e-12
      1700.00  7.54867e-12
      1710.00  7.64584e-12
      1720.00  7.77106e-12
      1730.00  7.92826e-12
      1740.00  8.11962e-12
      1750.00  8.34548e-12
      1760.00  8.60431e-12
      1770.00  8.89274e-12
      1780.00  9.20567e-12
      1790.00  9.53656e-12
      1800.00  9.87778e-12
      1810.00  1.02210e-11
      1820.00  1.05580e-11
      1830.00  1.08806e-11
      1840.00  1.11820e-11
      1850.00  1.14568e-11
      1860.00  1.17012e-11
      1870.00  1.19133e-11
      1880.00  1.20933e-11
      1890.00  1.22427e-11
      1900.00  1.23647e-11
      1910.00  1.24631e-11
      1920.00  1.25426e-11
      1930.00  1.26078e-11
      1940.00  1.26630e-11
      1950.00  1.27123e-11
      1960.00  1.27587e-11
      1970.00  1.28048e-11
      1980.00  1.28522e-11
      1990.00  1.29015e-11
      2000.00  1.29531e-11
      2010.00  1.30065e-11
      2020.00  1.30610e-11
      2030.00  1.31155e-11
      2040.00  1.31690e-11
      2050.00  1.32206e-11
      2060.00  1.32693e-11
      2070.00  1.33146e-11
      2080.00  1.33561e-11
      2090.00  1.33935e-11
      2100.00  1.34269e-11
      2110.00  1.34566e-11
      2120.00  1.34831e-11
      2130.00  1.35067e-11
      2140.00  1.35280e-11
      2150.00  1.35477e-11
      2160.00  1.35664e-11
      2170.00  1.35845e-11
      2180.00  1.36025e-11
      2190.00  1.36208e-11
      2200.00  1.36398e-11
      2210.00  1.36597e-11
      2220.00  1.36809e-11
      2230.00  1.37039e-11
      2240.00  1.37292e-11
      2250.00  1.37576e-11
      2260.00  1.37898e-11
      2270.00  1.38270e-11
      2280.00  1.38701e-11
      2290.00  1.39198e-11
      2300.00  1.39768e-11
      2310.00  1.40413e-11
      2320.00  1.41128e-11
      2330.00  1.41907e-11
      2340.00  1.42735e-11
      2350.00  1.43595e-11
      2360.00  1.44473e-11
      2370.00  1.45354e-11
      2380.00  1.46230e-11
      2390.00  1.47106e-11
      2400.00  1.48002e-11
      2410.00  1.48954e-11
      2420.00  1.50018e-11
      2430.00  1.51271e-11
      2440.00  1.52803e-11
      2450.00  1.54717e-11
      2460.00  1.57112e-11
      2470.00  1.60079e-11
      2480.00  1.63683e-11
      2490.00  1.67948e-11
      2500.00  1.72853e-11
      2510.00  1.78316e-11
      2520.00  1.84201e-11
      2530.00  1.90318e-11
      2540.00  1.96442e-11
      2550.00  2.02330e-11
      2560.00  2.07745e-11
      2570.00  2.12475e-11
      2580.00  2.16356e-11
      2590.00  2.19282e-11
      2600.00  2.21207e-11
      2610.00  2.22146e-11
      2620.00  2.22163e-11
      2630.00  2.21359e-11
      2640.00  2.19858e-11
      2650.00  2.17789e-11
      2660.00  2.14982e-11
      2670.00  2.10716e-11
      2680.00  2.26714e-11
      2690.00  3.11234e-11
      2700.00  4.54229e-11
      2710.00  6.08343e-11
      2720.00  7.12524e-11
      2730.00  7.47845e-11
      2740.00  7.56287e-11
      2750.00  7.67759e-11
      2760.00  7.74842e-11
      2770.00  7.82114e-11
      2780.00  8.02518e-11
      2790.00  8.48545e-11
      2800.00  8.65752e-11
      2810.00  8.56410e-11
      2820.00  8.39681e-11
      2830.00  8.07354e-11
      2840.00  7.80053e-11
      2850.00  7.80310e-11
      2860.00  7.86409e-11
      2870.00  7.96179e-11
      2880.00  8.17443e-11
      2890.00  8.70732e-11
      2900.00  9.48766e-11
      2910.00  9.93721e-11
      2920.00  9.92214e-11
      2930.00  9.99556e-11
      2940.00  1.01099e-10
      2950.00  9.99699e-11
      2960.00  9.76873e-11
      2970.00  9.54372e-11
      2980.00  9.28240e-11
      2990.00  8.79636e-11
      3000.00  8.11480e-11
      3010.00  7.59423e-11
      3020.00  7.36618e-11
      3030.00  7.38770e-11
      3040.00  7.29456e-11
      3050.00  6.94140e-11
      3060.00  6.76850e-11
      3070.00  6.74543e-11
      3080.00  6.76030e-11
      3090.00  6.74762e-11
      3100.00  6.72512e-11
      3110.00  6.89953e-11
      3120.00  7.26380e-11
      3130.00  7.60561e-11
      3140.00  7.82223e-11
      3150.00  7.97522e-11
      3160.00  8.28119e-11
      3170.00  8.79525e-11
      3180.00  9.33581e-11
      3190.00  9.70478e-11
      3200.00  9.86277e-11
      3210.00  9.77138e-11
      3220.00  9.45851e-11
      3230.00  8.96834e-11
      3240.00  8.44289e-11
      3250.00  7.96013e-11
      3260.00  7.60849e-11
      3270.00  7.46208e-11
      3280.00  7.38969e-11
      3290.00  7.29323e-11
      3300.00  7.27849e-11
      3310.00  7.42254e-11
      3320.00  7.66477e-11
      3330.00  7.86353e-11
      3340.00  7.97551e-11
      3350.00  8.07141e-11
      3360.00  8.25134e-11
      3370.00  8.51472e-11
      3380.00  8.80937e-11
      3390.00  9.11197e-11
      3400.00  9.41781e-11
      3410.00  9.79746e-11
      3420.00  1.02530e-10
      3430.00  1.06592e-10
      3440.00  1.09427e-10
      3450.00  1.11029e-10
      3460.00  1.11770e-10
      3470.00  1.12536e-10
      3480.00  1.13387e-10
      3490.00  1.13479e-10
      3500.00  1.13947e-10
      3510.00  1.17918e-10
      3520.00  1.25016e-10
      3530.00  1.32869e-10
      3540.00  1.39946e-10
      3550.00  1.45549e-10
      3560.00  1.49648e-10
      3570.00  1.52103e-10
      3580.00  1.52979e-10
      3590.00  1.53281e-10
      3600.00  1.53353e-10
      3610.00  1.53388e-10
      3620.00  1.54331e-10
      3630.00  1.56774e-10
      3640.00  1.61478e-10
      3650.00  1.69337e-10
      3660.00  1.80611e-10
      3670.00  1.94973e-10
      3680.00  2.11824e-10
      3690.00  2.30402e-10
      3700.00  2.48368e-10
      3710.00  2.61932e-10
      3720.00  2.67849e-10
      3730.00  2.64821e-10
      3740.00  2.54877e-10
      3750.00  2.40508e-10
      3760.00  2.22615e-10
      3770.00  2.02024e-10
      3780.00  1.80217e-10
      3790.00  1.59290e-10
      3800.00  1.41808e-10
      3810.00  1.30204e-10
      3820.00  1.26289e-10
      3830.00  1.31141e-10
      3840.00  1.45008e-10
      3850.00  1.67082e-10
      3860.00  1.95348e-10
      3870.00  2.26783e-10
      3880.00  2.58438e-10
      3890.00  2.88846e-10
      3900.00  3.17822e-10
      3910.00  3.45033e-10
      3920.00  3.69614e-10
      3930.00  3.90950e-10
      3940.00  4.09085e-10
      3950.00  4.24075e-10
      3960.00  4.35191e-10
      3970.00  4.41107e-10
      3980.00  4.40778e-10
      3990.00  4.33878e-10
      4000.00  4.20669e-10
      4010.00  4.02081e-10
      4020.00  3.80060e-10
      4030.00  3.57399e-10
      4040.00  3.36881e-10
      4050.00  3.20419e-10
      4060.00  3.08442e-10
      4070.00  2.99735e-10
      4080.00  2.92145e-10
      4090.00  2.84025e-10
      4100.00  2.75346e-10
      4110.00  2.67375e-10
      4120.00  2.61332e-10
      4130.00  2.57580e-10
      4140.00  2.55834e-10
      4150.00  2.55693e-10
      4160.00  2.56983e-10
      4170.00  2.59786e-10
      4180.00  2.64070e-10
      4190.00  2.69259e-10
      4200.00  2.74325e-10
      4210.00  2.78443e-10
      4220.00  2.81475e-10
      4230.00  2.83790e-10
      4240.00  2.85828e-10
      4250.00  2.87898e-10
      4260.00  2.90268e-10
      4270.00  2.93323e-10
      4280.00  2.97528e-10
      4290.00  3.03113e-10
      4300.00  3.09630e-10
      4310.00  3.15804e-10
      4320.00  3.19745e-10
      4330.00  3.19350e-10
      4340.00  3.13013e-10
      4350.00  3.00593e-10
      4360.00  2.83563e-10
      4370.00  2.64015e-10
      4380.00  2.43825e-10
      4390.00  2.24507e-10
      4400.00  2.07382e-10
      4410.00  1.93642e-10
      4420.00  1.84192e-10
      4430.00  1.79541e-10
      4440.00  1.79700e-10
      4450.00  1.84166e-10
      4460.00  1.92203e-10
      4470.00  2.03209e-10
      4480.00  2.16868e-10
      4490.00  2.33164e-10
      4500.00  2.52310e-10
      4510.00  2.74606e-10
      4520.00  3.00268e-10
      4530.00  3.29283e-10
      4540.00  3.61271e-10
      4550.00  3.95379e-10
      4560.00  4.30289e-10
      4570.00  4.64402e-10
      4580.00  4.96169e-10
      4590.00  5.24369e-10
      4600.00  5.48113e-10
      4610.00  5.66581e-10
      4620.00  5.78736e-10
      4630.00  5.83261e-10
      4640.00  5.78735e-10
      4650.00  5.64019e-10
      4660.00  5.38882e-10
      4670.00  5.04650e-10
      4680.00  4.64312e-10
      4690.00  4.21795e-10
      4700.00  3.80858e-10
      4710.00  3.44241e-10
      4720.00  3.13377e-10
      4730.00  2.88540e-10
      4740.00  2.69273e-10
      4750.00  2.54944e-10
      4760.00  2.45252e-10
      4770.00  2.40368e-10
      4780.00  2.40576e-10
      4790.00  2.45663e-10
      4800.00  2.54515e-10
      4810.00  2.65195e-10
      4820.00  2.75417e-10
      4830.00  2.83215e-10
      4840.00  2.87648e-10
      4850.00  2.89299e-10
      4860.00  2.90177e-10
      4870.00  2.92930e-10
      4880.00  2.99810e-10
      4890.00  3.11989e-10
      4900.00  3.29399e-10
      4910.00  3.50857e-10
      4920.00  3.74264e-10
      4930.00  3.96848e-10
      4940.00  4.15486e-10
      4950.00  4.27144e-10
      4960.00  4.29467e-10
      4970.00  4.21451e-10
      4980.00  4.03935e-10
      4990.00  3.79508e-10
      5000.00  3.51837e-10
      5010.00  3.24647e-10
      5020.00  3.00807e-10
      5030.00  2.81825e-10
      5040.00  2.67900e-10
      5050.00  2.58363e-10
      5060.00  2.52214e-10
      5070.00  2.48512e-10
      5080.00  2.46528e-10
      5090.00  2.45734e-10
      5100.00  2.45743e-10
      5110.00  2.46250e-10
      5120.00  2.47043e-10
      5130.00  2.48069e-10
      5140.00  2.49507e-10
      5150.00  2.51747e-10
      5160.00  2.55256e-10
      5170.00  2.60439e-10
      5180.00  2.67564e-10
      5190.00  2.76747e-10
      5200.00  2.87933e-10
      5210.00  3.00844e-10
      5220.00  3.14965e-10
      5230.00  3.29657e-10
      5240.00  3.44379e-10
      5250.00  3.58868e-10
      5260.00  3.73120e-10
      5270.00  3.87165e-10
      5280.00  4.00810e-10
      5290.00  4.13586e-10
      5300.00  4.24892e-10
      5310.00  4.34166e-10
      5320.00  4.41048e-10
      5330.00  4.45635e-10
      5340.00  4.48710e-10
      5350.00  4.51353e-10
      5360.00  4.54162e-10
      5370.00  4.57055e-10
      5380.00  4.59729e-10
      5390.00  4.62104e-10
      5400.00  4.64471e-10
      5410.00  4.67485e-10
      5420.00  4.72003e-10
      5430.00  4.78838e-10
      5440.00  4.88521e-10
      5450.00  5.01127e-10
      5460.00  5.16214e-10
      5470.00  5.32874e-10
      5480.00  5.49892e-10
      5490.00  5.65947e-10
      5500.00  5.79782e-10
      5510.00  5.90292e-10
      5520.00  5.96585e-10
      5530.00  5.98060e-10
      5540.00  5.94483e-10
      5550.00  5.85969e-10
      5560.00  5.72866e-10
      5570.00  5.55614e-10
      5580.00  5.34693e-10
      5590.00  5.10663e-10
      5600.00  4.84200e-10
      5610.00  4.56043e-10
      5620.00  4.26948e-10
      5630.00  3.97683e-10
      5640.00  3.69058e-10
      5650.00  3.42006e-10
      5660.00  3.17601e-10
      5670.00  2.96999e-10
      5680.00  2.81281e-10
      5690.00  2.71293e-10
      5700.00  2.67544e-10
      5710.00  2.70161e-10
      5720.00  2.78900e-10
      5730.00  2.93167e-10
      5740.00  3.12088e-10
      5750.00  3.34598e-10
      5760.00  3.59532e-10
      5770.00  3.85678e-10
      5780.00  4.11820e-10
      5790.00  4.36792e-10
      5800.00  4.59539e-10
      5810.00  4.79161e-10
      5820.00  4.94931e-10
      5830.00  5.06322e-10
      5840.00  5.13051e-10
      5850.00  5.15126e-10
      5860.00  5.12870e-10
      5870.00  5.06884e-10
      5880.00  4.97928e-10
      5890.00  4.86745e-10
      5900.00  4.73895e-10
      5910.00  4.59675e-10
      5920.00  4.44145e-10
      5930.00  4.27265e-10
      5940.00  4.09076e-10
      5950.00  3.89836e-10
      5960.00  3.70065e-10
      5970.00  3.50474e-10
      5980.00  3.31830e-10
      5990.00  3.14812e-10
      6000.00  2.99918e-10
      6010.00  2.87443e-10
      6020.00  2.77488e-10
      6030.00  2.69994e-10
      6040.00  2.64756e-10
      6050.00  2.61450e-10
      6060.00  2.59672e-10
      6070.00  2.59009e-10
      6080.00  2.59119e-10
      6090.00  2.59797e-10
      6100.00  2.60977e-10
      6110.00  2.62682e-10
      6120.00  2.64955e-10
      6130.00  2.67808e-10
      6140.00  2.71223e-10
      6150.00  2.75153e-10
      6160.00  2.79509e-10
      6170.00  2.84105e-10
      6180.00  2.88585e-10
      6190.00  2.92393e-10
      6200.00  2.94827e-10
      6210.00  2.95189e-10
      6220.00  2.92981e-10
      6230.00  2.88065e-10
      6240.00  2.80721e-10
      6250.00  2.71601e-10
      6260.00  2.61609e-10
      6270.00  2.51741e-10
      6280.00  2.42947e-10
      6290.00  2.36043e-10
      6300.00  2.31669e-10
      6310.00  2.30272e-10
      6320.00  2.32039e-10
      6330.00  2.36803e-10
      6340.00  2.44082e-10
      6350.00  2.53281e-10
      6360.00  2.63946e-10
      6370.00  2.75836e-10
      6380.00  2.88830e-10
      6390.00  3.02795e-10
      6400.00  3.17522e-10
      6410.00  3.32712e-10
      6420.00  3.47995e-10
      6430.00  3.62961e-10
      6440.00  3.77190e-10
      6450.00  3.90277e-10
      6460.00  4.01834e-10
      6470.00  4.11494e-10
      6480.00  4.18923e-10
      6490.00  4.23841e-10
      6500.00  4.26048e-10
      6510.00  4.25450e-10
      6520.00  4.22057e-10
      6530.00  4.15976e-10
      6540.00  4.07387e-10
      6550.00  3.96510e-10
      6560.00  3.83595e-10
      6570.00  3.68914e-10
      6580.00  3.52755e-10
      6590.00  3.35441e-10
      6600.00  3.17335e-10
      6610.00  2.98830e-10
      6620.00  2.80314e-10
      6630.00  2.62132e-10
      6640.00  2.44557e-10
      6650.00  2.27789e-10
      6660.00  2.11968e-10
      6670.00  1.97203e-10
      6680.00  1.83595e-10
      6690.00  1.71240e-10
      6700.00  1.60226e-10
      6710.00  1.50609e-10
      6720.00  1.42393e-10
      6730.00  1.35515e-10
      6740.00  1.29860e-10
      6750.00  1.25276e-10
      6760.00  1.21611e-10
      6770.00  1.18728e-10
      6780.00  1.16521e-10
      6790.00  1.14911e-10
      6800.00  1.13842e-10
      6810.00  1.13277e-10
      6820.00  1.13192e-10
      6830.00  1.13565e-10
      6840.00  1.14363e-10
      6850.00  1.15535e-10
      6860.00  1.17017e-10
      6870.00  1.18740e-10
      6880.00  1.20638e-10
      6890.00  1.22648e-10
      6900.00  1.24695e-10
      6910.00  1.26689e-10
      6920.00  1.28529e-10
      6930.00  1.30123e-10
      6940.00  1.31417e-10
      6950.00  1.32412e-10
      6960.00  1.33163e-10
      6970.00  1.33762e-10
      6980.00  1.34310e-10
      6990.00  1.34895e-10
      7000.00  1.35588e-10
      7010.00  1.36439e-10
      7020.00  1.37492e-10
      7030.00  1.38790e-10
      7040.00  1.40375e-10
      7050.00  1.42289e-10
      7060.00  1.44558e-10
      7070.00  1.47189e-10
      7080.00  1.50166e-10
      7090.00  1.53459e-10
      7100.00  1.57038e-10
      7110.00  1.60882e-10
      7120.00  1.64990e-10
      7130.00  1.69370e-10
      7140.00  1.74007e-10
      7150.00  1.78843e-10
      7160.00  1.83790e-10
      7170.00  1.88747e-10
      7180.00  1.93620e-10
      7190.00  1.98328e-10
      7200.00  2.02796e-10
      7210.00  2.06950e-10
      7220.00  2.10717e-10
      7230.00  2.14024e-10
      7240.00  2.16799e-10
      7250.00  2.18984e-10
      7260.00  2.20549e-10
      7270.00  2.21505e-10
      7280.00  2.21919e-10
      7290.00  2.21911e-10
      7300.00  2.21647e-10
      7310.00  2.21316e-10
      7320.00  2.21110e-10
      7330.00  2.21189e-10
      7340.00  2.21664e-10
      7350.00  2.22568e-10
      7360.00  2.23861e-10
      7370.00  2.25433e-10
      7380.00  2.27128e-10
      7390.00  2.28773e-10
      7400.00  2.30199e-10
      7410.00  2.31247e-10
      7420.00  2.31784e-10
      7430.00  2.31690e-10
      7440.00  2.30850e-10
      7450.00  2.29173e-10
      7460.00  2.26609e-10
      7470.00  2.23179e-10
      7480.00  2.19012e-10
      7490.00  2.14358e-10
      7500.00  2.09595e-10
      7510.00  2.05175e-10
      7520.00  2.01517e-10
      7530.00  1.98879e-10
      7540.00  1.97285e-10
      7550.00  1.96585e-10
      7560.00  1.96569e-10
      7570.00  1.97061e-10
      7580.00  1.97942e-10
      7590.00  1.99141e-10
      7600.00  2.00646e-10
      7610.00  2.02515e-10
      7620.00  2.04856e-10
      7630.00  2.07767e-10
      7640.00  2.11273e-10
      7650.00  2.15285e-10
      7660.00  2.19599e-10
      7670.00  2.23935e-10
      7680.00  2.27984e-10
      7690.00  2.31459e-10
      7700.00  2.34131e-10
      7710.00  2.35850e-10
      7720.00  2.36548e-10
      7730.00  2.36226e-10
      7740.00  2.34958e-10
      7750.00  2.32869e-10
      7760.00  2.30123e-10
      7770.00  2.26886e-10
      7780.00  2.23306e-10
      7790.00  2.19483e-10
      7800.00  2.15456e-10
      7810.00  2.11205e-10
      7820.00  2.06675e-10
      7830.00  2.01809e-10
      7840.00  1.96580e-10
      7850.00  1.91008e-10
      7860.00  1.85161e-10
      7870.00  1.79133e-10
      7880.00  1.73025e-10
      7890.00  1.66919e-10
      7900.00  1.60881e-10
      7910.00  1.54966e-10
      7920.00  1.49215e-10
      7930.00  1.43703e-10
      7940.00  1.38497e-10
      7950.00  1.33665e-10
      7960.00  1.29263e-10
      7970.00  1.25321e-10
      7980.00  1.21844e-10
      7990.00  1.18804e-10
      8000.00  1.16156e-10
      8010.00  1.13839e-10
      8020.00  1.11790e-10
      8030.00  1.09935e-10
      8040.00  1.08191e-10
      8050.00  1.06466e-10
      8060.00  1.04658e-10
      8070.00  1.02665e-10
      8080.00  1.00390e-10
      8090.00  9.77475e-11
      8100.00  9.46652e-11
      8110.00  9.10847e-11
      8120.00  8.69661e-11
      8130.00  8.23009e-11
      8140.00  7.71305e-11
      8150.00  7.15630e-11
      8160.00  6.57776e-11
      8170.00  6.00084e-11
      8180.00  5.45110e-11
      8190.00  4.95201e-11
      8200.00  4.52141e-11
      8210.00  4.16960e-11
      8220.00  3.89957e-11
      8230.00  3.70860e-11
      8240.00  3.59040e-11
      8250.00  3.53694e-11
      8260.00  3.53953e-11
      8270.00  3.58916e-11
      8280.00  3.67655e-11
      8290.00  3.79231e-11
      8300.00  3.92752e-11
      8310.00  4.07479e-11
      8320.00  4.22964e-11
      8330.00  4.39150e-11
      8340.00  4.56421e-11
      8350.00  4.75547e-11
      8360.00  4.97556e-11
      8370.00  5.23547e-11
      8380.00  5.54483e-11
      8390.00  5.91020e-11
      8400.00  6.33385e-11
      8410.00  6.81341e-11
      8420.00  7.34255e-11
      8430.00  7.91190e-11
      8440.00  8.50988e-11
      8450.00  9.12334e-11
      8460.00  9.73792e-11
      8470.00  1.03386e-10
      8480.00  1.09106e-10
      8490.00  1.14408e-10
      8500.00  1.19196e-10
      8510.00  1.23430e-10
      8520.00  1.27129e-10
      8530.00  1.30370e-10
      8540.00  1.33268e-10
      8550.00  1.35944e-10
      8560.00  1.38500e-10
      8570.00  1.40863e-10
      8580.00  1.43008e-10
      8590.00  1.45130e-10
      8600.00  1.47229e-10
      8610.00  1.49302e-10
      8620.00  1.51349e-10
      8630.00  1.53368e-10
      8640.00  1.55357e-10
      8650.00  1.57301e-10
      8660.00  1.59165e-10
      8670.00  1.60906e-10
      8680.00  1.62474e-10
      8690.00  1.63831e-10
      8700.00  1.64964e-10
      8710.00  1.65883e-10
      8720.00  1.66616e-10
      8730.00  1.67191e-10
      8740.00  1.67621e-10
      8750.00  1.67889e-10
      8760.00  1.67954e-10
      8770.00  1.67760e-10
      8780.00  1.67249e-10
      8790.00  1.66378e-10
      8800.00  1.65124e-10
      8810.00  1.63492e-10
      8820.00  1.61504e-10
      8830.00  1.59202e-10
      8840.00  1.56637e-10
      8850.00  1.53863e-10
      8860.00  1.50938e-10
      8870.00  1.47911e-10
      8880.00  1.44825e-10
      8890.00  1.41711e-10
      8900.00  1.38589e-10
      8910.00  1.35474e-10
      8920.00  1.32378e-10
      8930.00  1.29316e-10
      8940.00  1.26311e-10
      8950.00  1.23391e-10
      8960.00  1.20589e-10
      8970.00  1.17941e-10
      8980.00  1.15484e-10
      8990.00  1.13250e-10
      9000.00  1.11266e-10
      9010.00  1.09553e-10
      9020.00  1.08126e-10
      9030.00  1.06993e-10
      9040.00  1.06158e-10
      9050.00  1.05623e-10
      9060.00  1.05387e-10
      9070.00  1.05444e-10
      9080.00  1.05780e-10
      9090.00  1.06375e-10
      9100.00  1.07203e-10
      9110.00  1.08230e-10
      9120.00  1.09420e-10
      9130.00  1.10741e-10
      9140.00  1.12168e-10
      9150.00  1.13687e-10
      9160.00  1.15292e-10
      9170.00  1.16986e-10
      9180.00  1.18775e-10
      9190.00  1.20656e-10
      9200.00  1.22615e-10
      9210.00  1.24619e-10
      9220.00  1.26615e-10
      9230.00  1.28539e-10
      9240.00  1.30324e-10
      9250.00  1.31912e-10
      9260.00  1.33272e-10
      9270.00  1.34396e-10
      9280.00  1.35304e-10
      9290.00  1.36022e-10
      9300.00  1.36584e-10
      9310.00  1.37015e-10
      9320.00  1.37338e-10
      9330.00  1.37572e-10
      9340.00  1.37736e-10
      9350.00  1.37845e-10
      9360.00  1.37912e-10
      9370.00  1.37943e-10
      9380.00  1.37943e-10
      9390.00  1.37911e-10
      9400.00  1.37845e-10
      9410.00  1.37741e-10
      9420.00  1.37596e-10
      9430.00  1.37405e-10
      9440.00  1.37162e-10
      9450.00  1.36862e-10
      9460.00  1.36499e-10
      9470.00  1.36069e-10
      9480.00  1.35566e-10
      9490.00  1.34986e-10
      9500.00  1.34327e-10
      9510.00  1.33587e-10
      9520.00  1.32765e-10
      9530.00  1.31864e-10
      9540.00  1.30889e-10
      9550.00  1.29845e-10
      9560.00  1.28742e-10
      9570.00  1.27590e-10
      9580.00  1.26403e-10
      9590.00  1.25196e-10
      9600.00  1.23986e-10
      9610.00  1.22791e-10
      9620.00  1.21630e-10
      9630.00  1.20523e-10
      9640.00  1.19489e-10
      9650.00  1.18548e-10
      9660.00  1.17720e-10
      9670.00  1.17020e-10
      9680.00  1.16467e-10
      9690.00  1.16073e-10
      9700.00  1.15852e-10
      9710.00  1.15813e-10
      9720.00  1.15964e-10
      9730.00  1.16307e-10
      9740.00  1.16847e-10
      9750.00  1.17580e-10
      9760.00  1.18503e-10
      9770.00  1.19608e-10
      9780.00  1.20888e-10
      9790.00  1.22329e-10
      9800.00  1.23919e-10
      9810.00  1.25641e-10
      9820.00  1.27479e-10
      9830.00  1.29415e-10
      9840.00  1.31431e-10
      9850.00  1.33508e-10
      9860.00  1.35628e-10
      9870.00  1.37774e-10
      9880.00  1.39927e-10
      9890.00  1.42071e-10
      9900.00  1.44191e-10
      9910.00  1.46270e-10
      9920.00  1.48294e-10
      9930.00  1.50246e-10
      9940.00  1.52112e-10
      9950.00  1.53876e-10
      9960.00  1.55520e-10
      9970.00  1.57028e-10
      9980.00  1.58381e-10
      9990.00  1.59560e-10
      10000.0  1.60548e-10
      10010.0  1.61326e-10
      10020.0  1.61877e-10
      10030.0  1.62188e-10
      10040.0  1.62247e-10
      10050.0  1.62047e-10
      10060.0  1.61585e-10
      10070.0  1.60862e-10
      10080.0  1.59888e-10
      10090.0  1.58676e-10
      10100.0  1.57247e-10
      10110.0  1.55626e-10
      10120.0  1.53846e-10
      10130.0  1.51943e-10
      10140.0  1.49958e-10
      10150.0  1.47937e-10
      10160.0  1.45926e-10
      10170.0  1.43972e-10
      10180.0  1.42125e-10
      10190.0  1.40429e-10
      10200.0  1.38929e-10
      10210.0  1.37663e-10
      10220.0  1.36664e-10
      10230.0  1.35959e-10
      10240.0  1.35566e-10
      10250.0  1.35495e-10
      10260.0  1.35746e-10
      10270.0  1.36311e-10
      10280.0  1.37172e-10
      10290.0  1.38304e-10
      10300.0  1.39673e-10
      10310.0  1.41239e-10
      10320.0  1.42959e-10
      10330.0  1.44785e-10
      10340.0  1.46669e-10
      10350.0  1.48562e-10
      10360.0  1.50419e-10
      10370.0  1.52195e-10
      10380.0  1.53853e-10
      10390.0  1.55359e-10
      10400.0  1.56685e-10
      10410.0  1.57809e-10
      10420.0  1.58715e-10
      10430.0  1.59391e-10
      10440.0  1.59831e-10
      10450.0  1.60034e-10
      10460.0  1.60001e-10
      10470.0  1.59736e-10
      10480.0  1.59246e-10
      10490.0  1.58540e-10
      10500.0  1.57628e-10
      10510.0  1.56522e-10
      10520.0  1.55233e-10
      10530.0  1.53775e-10
      10540.0  1.52163e-10
      10550.0  1.50410e-10
      10560.0  1.48532e-10
      10570.0  1.46546e-10
      10580.0  1.44470e-10
      10590.0  1.42320e-10
      10600.0  1.40115e-10
      10610.0  1.37874e-10
      10620.0  1.35616e-10
      10630.0  1.33359e-10
      10640.0  1.31122e-10
      10650.0  1.28922e-10
      10660.0  1.26776e-10
      10670.0  1.24698e-10
      10680.0  1.22701e-10
      10690.0  1.20798e-10
      10700.0  1.18998e-10
      10710.0  1.17307e-10
      10720.0  1.15730e-10
      10730.0  1.14269e-10
      10740.0  1.12925e-10
      10750.0  1.11695e-10
      10760.0  1.10574e-10
      10770.0  1.09556e-10
      10780.0  1.08632e-10
      10790.0  1.07793e-10
      10800.0  1.07028e-10
      10810.0  1.06324e-10
      10820.0  1.05670e-10
      10830.0  1.05053e-10
      10840.0  1.04461e-10
      10850.0  1.03882e-10
      10860.0  1.03303e-10
      10870.0  1.02715e-10
      10880.0  1.02109e-10
      10890.0  1.01475e-10
      10900.0  1.00808e-10
      10910.0  1.00102e-10
      10920.0  9.93519e-11
      10930.0  9.85560e-11
      10940.0  9.77126e-11
      10950.0  9.68213e-11
      10960.0  9.58830e-11
      10970.0  9.48992e-11
      10980.0  9.38721e-11
      10990.0  9.28046e-11
      11000.0  9.16996e-11
      11010.0  9.05603e-11
      11020.0  8.93898e-11
      11030.0  8.81910e-11
      11040.0  8.69664e-11
      11050.0  8.57182e-11
      11060.0  8.44481e-11
      11070.0  8.31574e-11
      11080.0  8.18468e-11
      11090.0  8.05166e-11
      11100.0  7.91670e-11
      11110.0  7.77976e-11
      11120.0  7.64082e-11
      11130.0  7.49985e-11
      11140.0  7.35684e-11
      11150.0  7.21179e-11
      11160.0  7.06477e-11
      11170.0  6.91587e-11
      11180.0  6.76528e-11
      11190.0  6.61322e-11
      11200.0  6.46001e-11
      11210.0  6.30601e-11
      11220.0  6.15168e-11
      11230.0  5.99753e-11
      11240.0  5.84412e-11
      11250.0  5.69206e-11
      11260.0  5.54198e-11
      11270.0  5.39455e-11
      11280.0  5.25042e-11
      11290.0  5.11023e-11
      11300.0  4.97460e-11
      11310.0  4.84409e-11
      11320.0  4.71921e-11
      11330.0  4.60039e-11
      11340.0  4.48799e-11
      11350.0  4.38228e-11
      11360.0  4.28342e-11
      11370.0  4.19149e-11
      11380.0  4.10644e-11
      11390.0  4.02816e-11
      11400.0  3.95642e-11
      11410.0  3.89090e-11
      11420.0  3.83121e-11
      11430.0  3.77689e-11
      11440.0  3.72740e-11
      11450.0  3.68218e-11
      11460.0  3.64061e-11
      11470.0  3.60205e-11
      11480.0  3.56586e-11
      11490.0  3.53138e-11
      11500.0  3.49799e-11
      11510.0  3.46507e-11
      11520.0  3.43205e-11
      11530.0  3.39839e-11
      11540.0  3.36362e-11
      11550.0  3.32732e-11
      11560.0  3.28913e-11
      11570.0  3.24876e-11
      11580.0  3.20601e-11
      11590.0  3.16074e-11
      11600.0  3.11286e-11
      11610.0  3.06239e-11
      11620.0  3.00939e-11
      11630.0  2.95400e-11
      11640.0  2.89641e-11
      11650.0  2.83686e-11
      11660.0  2.77563e-11
      11670.0  2.71307e-11
      11680.0  2.64952e-11
      11690.0  2.58536e-11
      11700.0  2.52098e-11
      11710.0  2.45679e-11
      11720.0  2.39318e-11
      11730.0  2.33053e-11
      11740.0  2.26921e-11
      11750.0  2.20957e-11
      11760.0  2.15192e-11
      11770.0  2.09655e-11
      11780.0  2.04371e-11
      11790.0  1.99360e-11
      11800.0  1.94639e-11
      11810.0  1.90220e-11
      11820.0  1.86111e-11
      11830.0  1.82315e-11
      11840.0  1.78832e-11
      11850.0  1.75657e-11
      11860.0  1.72781e-11
      11870.0  1.70192e-11
      11880.0  1.67875e-11
      11890.0  1.65812e-11
      11900.0  1.63981e-11
      11910.0  1.62361e-11
      11920.0  1.60927e-11
      11930.0  1.59653e-11
      11940.0  1.58514e-11
      11950.0  1.57482e-11
      11960.0  1.56532e-11
      11970.0  1.55638e-11
      11980.0  1.54776e-11
      11990.0  1.53921e-11
      12000.0  1.53053e-11
      12010.0  1.52152e-11
      12020.0  1.51202e-11
      12030.0  1.50187e-11
      12040.0  1.49097e-11
      12050.0  1.47923e-11
      12060.0  1.46660e-11
      12070.0  1.45306e-11
      12080.0  1.43861e-11
      12090.0  1.42330e-11
      12100.0  1.40719e-11
      12110.0  1.39038e-11
      12120.0  1.37300e-11
      12130.0  1.35520e-11
      12140.0  1.33714e-11
      12150.0  1.31901e-11
      12160.0  1.30102e-11
      12170.0  1.28337e-11
      12180.0  1.26629e-11
      12190.0  1.25001e-11
      12200.0  1.23474e-11
      12210.0  1.22072e-11
      12220.0  1.20815e-11
      12230.0  1.19725e-11
      12240.0  1.18821e-11
      12250.0  1.18120e-11
      12260.0  1.17639e-11
      12270.0  1.17391e-11
      12280.0  1.17388e-11
      12290.0  1.17639e-11
      12300.0  1.18150e-11
      12310.0  1.18927e-11
      12320.0  1.19971e-11
      12330.0  1.21280e-11
      12340.0  1.22852e-11
      12350.0  1.24680e-11
      12360.0  1.26757e-11
      12370.0  1.29072e-11
      12380.0  1.31612e-11
      12390.0  1.34365e-11
      12400.0  1.37313e-11
      12410.0  1.40440e-11
      12420.0  1.43727e-11
      12430.0  1.47154e-11
      12440.0  1.50703e-11
      12450.0  1.54350e-11
      12460.0  1.58076e-11
      12470.0  1.61859e-11
      12480.0  1.65676e-11
      12490.0  1.69506e-11
      12500.0  1.73328e-11
      12510.0  1.77120e-11
      12520.0  1.80862e-11
      12530.0  1.84532e-11
      12540.0  1.88112e-11
      12550.0  1.91582e-11
      12560.0  1.94925e-11
      12570.0  1.98122e-11
      12580.0  2.01159e-11
      12590.0  2.04018e-11
      12600.0  2.06688e-11
      12610.0  2.09154e-11
      12620.0  2.11406e-11
      12630.0  2.13433e-11
      12640.0  2.15227e-11
      12650.0  2.16781e-11
      12660.0  2.18091e-11
      12670.0  2.19151e-11
      12680.0  2.19962e-11
      12690.0  2.20522e-11
      12700.0  2.20833e-11
      12710.0  2.20898e-11
      12720.0  2.20722e-11
      12730.0  2.20312e-11
      12740.0  2.19675e-11
      12750.0  2.18820e-11
      12760.0  2.17757e-11
      12770.0  2.16498e-11
      12780.0  2.15054e-11
      12790.0  2.13437e-11
      12800.0  2.11661e-11
      12810.0  2.09739e-11
      12820.0  2.07684e-11
      12830.0  2.05509e-11
      12840.0  2.03226e-11
      12850.0  2.00849e-11
      12860.0  1.98388e-11
      12870.0  1.95855e-11
      12880.0  1.93260e-11
      12890.0  1.90612e-11
      12900.0  1.87921e-11
      12910.0  1.85192e-11
      12920.0  1.82434e-11
      12930.0  1.79652e-11
      12940.0  1.76850e-11
      12950.0  1.74033e-11
      12960.0  1.71204e-11
      12970.0  1.68366e-11
      12980.0  1.65521e-11
      12990.0  1.62670e-11
      13000.0  1.59815e-11
      13010.0  1.56957e-11
      13020.0  1.54097e-11
      13030.0  1.51237e-11
      13040.0  1.48377e-11
      13050.0  1.45519e-11
      13060.0  1.42666e-11
      13070.0  1.39819e-11
      13080.0  1.36981e-11
      13090.0  1.34156e-11
      13100.0  1.31347e-11
      13110.0  1.28559e-11
      13120.0  1.25798e-11
      13130.0  1.23068e-11
      13140.0  1.20376e-11
      13150.0  1.17730e-11
      13160.0  1.15136e-11
      13170.0  1.12601e-11
      13180.0  1.10135e-11
      13190.0  1.07745e-11
      13200.0  1.05441e-11
      13210.0  1.03230e-11
      13220.0  1.01123e-11
      13230.0  9.91279e-12
      13240.0  9.72540e-12
      13250.0  9.55102e-12
      13260.0  9.39052e-12
      13270.0  9.24474e-12
      13280.0  9.11450e-12
      13290.0  9.00056e-12
      13300.0  8.90364e-12
      13310.0  8.82438e-12
      13320.0  8.76337e-12
      13330.0  8.72110e-12
      13340.0  8.69798e-12
      13350.0  8.69428e-12
      13360.0  8.71020e-12
      13370.0  8.74578e-12
      13380.0  8.80095e-12
      13390.0  8.87547e-12
      13400.0  8.96898e-12
      13410.0  9.08094e-12
      13420.0  9.21068e-12
      13430.0  9.35737e-12
      13440.0  9.52001e-12
      13450.0  9.69748e-12
      13460.0  9.88853e-12
      13470.0  1.00918e-11
      13480.0  1.03057e-11
      13490.0  1.05288e-11
      13500.0  1.07593e-11
      13510.0  1.09956e-11
      13520.0  1.12360e-11
      13530.0  1.14787e-11
      13540.0  1.17219e-11
      13550.0  1.19641e-11
      13560.0  1.22035e-11
      13570.0  1.24387e-11
      13580.0  1.26681e-11
      13590.0  1.28905e-11
      13600.0  1.31045e-11
      13610.0  1.33090e-11
      13620.0  1.35031e-11
      13630.0  1.36859e-11
      13640.0  1.38568e-11
      13650.0  1.40151e-11
      13660.0  1.41604e-11
      13670.0  1.42925e-11
      13680.0  1.44111e-11
      13690.0  1.45162e-11
      13700.0  1.46079e-11
      13710.0  1.46861e-11
      13720.0  1.47513e-11
      13730.0  1.48036e-11
      13740.0  1.48434e-11
      13750.0  1.48711e-11
      13760.0  1.48871e-11
      13770.0  1.48919e-11
      13780.0  1.48859e-11
      13790.0  1.48697e-11
      13800.0  1.48436e-11
      13810.0  1.48083e-11
      13820.0  1.47641e-11
      13830.0  1.47115e-11
      13840.0  1.46510e-11
      13850.0  1.45829e-11
      13860.0  1.45078e-11
      13870.0  1.44259e-11
      13880.0  1.43376e-11
      13890.0  1.42433e-11
      13900.0  1.41433e-11
      13910.0  1.40380e-11
      13920.0  1.39276e-11
      13930.0  1.38125e-11
      13940.0  1.36930e-11
      13950.0  1.35694e-11
      13960.0  1.34421e-11
      13970.0  1.33113e-11
      13980.0  1.31774e-11
      13990.0  1.30408e-11
      14000.0  1.29019e-11
      14010.0  1.27611e-11
      14020.0  1.26188e-11
      14030.0  1.24755e-11
      14040.0  1.23317e-11
      14050.0  1.21878e-11
      14060.0  1.20445e-11
      14070.0  1.19021e-11
      14080.0  1.17614e-11
      14090.0  1.16229e-11
      14100.0  1.14871e-11
      14110.0  1.13548e-11
      14120.0  1.12265e-11
      14130.0  1.11028e-11
      14140.0  1.09844e-11
      14150.0  1.08718e-11
      14160.0  1.07657e-11
      14170.0  1.06666e-11
      14180.0  1.05750e-11
      14190.0  1.04915e-11
      14200.0  1.04165e-11
      14210.0  1.03505e-11
      14220.0  1.02938e-11
      14230.0  1.02468e-11
      14240.0  1.02098e-11
      14250.0  1.01828e-11
      14260.0  1.01662e-11
      14270.0  1.01599e-11
      14280.0  1.01640e-11
      14290.0  1.01783e-11
      14300.0  1.02029e-11
      14310.0  1.02376e-11
      14320.0  1.02820e-11
      14330.0  1.03360e-11
      14340.0  1.03991e-11
      14350.0  1.04710e-11
      14360.0  1.05513e-11
      14370.0  1.06396e-11
      14380.0  1.07352e-11
      14390.0  1.08378e-11
      14400.0  1.09468e-11
      14410.0  1.10616e-11
      14420.0  1.11816e-11
      14430.0  1.13063e-11
      14440.0  1.14351e-11
      14450.0  1.15673e-11
      14460.0  1.17025e-11
      14470.0  1.18401e-11
      14480.0  1.19795e-11
      14490.0  1.21201e-11
      14500.0  1.22616e-11
      14510.0  1.24034e-11
      14520.0  1.25450e-11
      14530.0  1.26862e-11
      14540.0  1.28267e-11
      14550.0  1.29661e-11
      14560.0  1.31043e-11
      14570.0  1.32412e-11
      14580.0  1.33768e-11
      14590.0  1.35112e-11
      14600.0  1.36444e-11
      14610.0  1.37767e-11
      14620.0  1.39085e-11
      14630.0  1.40400e-11
      14640.0  1.41719e-11
      14650.0  1.43045e-11
      14660.0  1.44384e-11
      14670.0  1.45744e-11
      14680.0  1.47130e-11
      14690.0  1.48549e-11
      14700.0  1.50009e-11
      14710.0  1.51516e-11
      14720.0  1.53077e-11
      14730.0  1.54700e-11
      14740.0  1.56389e-11
      14750.0  1.58151e-11
      14760.0  1.59992e-11
      14770.0  1.61915e-11
      14780.0  1.63925e-11
      14790.0  1.66024e-11
      14800.0  1.68214e-11
      14810.0  1.70498e-11
      14820.0  1.72874e-11
      14830.0  1.75342e-11
      14840.0  1.77902e-11
      14850.0  1.80549e-11
      14860.0  1.83281e-11
      14870.0  1.86093e-11
      14880.0  1.88979e-11
      14890.0  1.91933e-11
      14900.0  1.94949e-11
      14910.0  1.98017e-11
      14920.0  2.01130e-11
      14930.0  2.04276e-11
      14940.0  2.07447e-11
      14950.0  2.10632e-11
      14960.0  2.13818e-11
      14970.0  2.16993e-11
      14980.0  2.20145e-11
      14990.0  2.23262e-11
      15000.0  2.26329e-11
      15010.0  2.29333e-11
      15020.0  2.32260e-11
      15030.0  2.35098e-11
      15040.0  2.37831e-11
      15050.0  2.40448e-11
      15060.0  2.42934e-11
      15070.0  2.45278e-11
      15080.0  2.47468e-11
      15090.0  2.49493e-11
      15100.0  2.51343e-11
      15110.0  2.53008e-11
      15120.0  2.54483e-11
      15130.0  2.55760e-11
      15140.0  2.56834e-11
      15150.0  2.57703e-11
      15160.0  2.58365e-11
      15170.0  2.58821e-11
      15180.0  2.59072e-11
      15190.0  2.59122e-11
      15200.0  2.58978e-11
      15210.0  2.58646e-11
      15220.0  2.58136e-11
      15230.0  2.57457e-11
      15240.0  2.56622e-11
      15250.0  2.55645e-11
      15260.0  2.54538e-11
      15270.0  2.53318e-11
      15280.0  2.52000e-11
      15290.0  2.50600e-11
      15300.0  2.49135e-11
      15310.0  2.47623e-11
      15320.0  2.46078e-11
      15330.0  2.44519e-11
      15340.0  2.42960e-11
      15350.0  2.41416e-11
      15360.0  2.39902e-11
      15370.0  2.38432e-11
      15380.0  2.37016e-11
      15390.0  2.35668e-11
      15400.0  2.34395e-11
      15410.0  2.33208e-11
      15420.0  2.32113e-11
      15430.0  2.31116e-11
      15440.0  2.30222e-11
      15450.0  2.29435e-11
      15460.0  2.28756e-11
      15470.0  2.28186e-11
      15480.0  2.27726e-11
      15490.0  2.27373e-11
      15500.0  2.27126e-11
      15510.0  2.26982e-11
      15520.0  2.26936e-11
      15530.0  2.26983e-11
      15540.0  2.27119e-11
      15550.0  2.27337e-11
      15560.0  2.27632e-11
      15570.0  2.27996e-11
      15580.0  2.28422e-11
      15590.0  2.28904e-11
      15600.0  2.29435e-11
      15610.0  2.30008e-11
      15620.0  2.30617e-11
      15630.0  2.31254e-11
      15640.0  2.31913e-11
      15650.0  2.32590e-11
      15660.0  2.33278e-11
      15670.0  2.33973e-11
      15680.0  2.34670e-11
      15690.0  2.35365e-11
      15700.0  2.36056e-11
      15710.0  2.36739e-11
      15720.0  2.37412e-11
      15730.0  2.38073e-11
      15740.0  2.38722e-11
      15750.0  2.39357e-11
      15760.0  2.39977e-11
      15770.0  2.40584e-11
      15780.0  2.41178e-11
      15790.0  2.41759e-11
      15800.0  2.42327e-11
      15810.0  2.42886e-11
      15820.0  2.43435e-11
      15830.0  2.43977e-11
      15840.0  2.44512e-11
      15850.0  2.45043e-11
      15860.0  2.45571e-11
      15870.0  2.46098e-11
      15880.0  2.46625e-11
      15890.0  2.47154e-11
      15900.0  2.47686e-11
      15910.0  2.48222e-11
      15920.0  2.48763e-11
      15930.0  2.49310e-11
      15940.0  2.49864e-11
      15950.0  2.50424e-11
      15960.0  2.50992e-11
      15970.0  2.51567e-11
      15980.0  2.52150e-11
      15990.0  2.52740e-11
      16000.0  2.53336e-11
      16010.0  2.53939e-11
      16020.0  2.54548e-11
      16030.0  2.55162e-11
      16040.0  2.55780e-11
      16050.0  2.56402e-11
      16060.0  2.57027e-11
      16070.0  2.57654e-11
      16080.0  2.58282e-11
      16090.0  2.58910e-11
      16100.0  2.59538e-11
      16110.0  2.60165e-11
      16120.0  2.60790e-11
      16130.0  2.61411e-11
      16140.0  2.62030e-11
      16150.0  2.62643e-11
      16160.0  2.63252e-11
      16170.0  2.63855e-11
      16180.0  2.64452e-11
      16190.0  2.65042e-11
      16200.0  2.65625e-11
      16210.0  2.66199e-11
      16220.0  2.66765e-11
      16230.0  2.67322e-11
      16240.0  2.67870e-11
      16250.0  2.68407e-11
      16260.0  2.68934e-11
      16270.0  2.69451e-11
      16280.0  2.69956e-11
      16290.0  2.70451e-11
      16300.0  2.70934e-11
      16310.0  2.71405e-11
      16320.0  2.71865e-11
      16330.0  2.72313e-11
      16340.0  2.72750e-11
      16350.0  2.73176e-11
      16360.0  2.73591e-11
      16370.0  2.73995e-11
      16380.0  2.74389e-11
      16390.0  2.74772e-11
      16400.0  2.75147e-11
      16410.0  2.75512e-11
      16420.0  2.75869e-11
      16430.0  2.76218e-11
      16440.0  2.76558e-11
      16450.0  2.76890e-11
      16460.0  2.77213e-11
      16470.0  2.77527e-11
      16480.0  2.77831e-11
      16490.0  2.78124e-11
      16500.0  2.78404e-11
      16510.0  2.78668e-11
      16520.0  2.78914e-11
      16530.0  2.79139e-11
      16540.0  2.79340e-11
      16550.0  2.79511e-11
      16560.0  2.79648e-11
      16570.0  2.79746e-11
      16580.0  2.79800e-11
      16590.0  2.79803e-11
      16600.0  2.79750e-11
      16610.0  2.79634e-11
      16620.0  2.79448e-11
      16630.0  2.79186e-11
      16640.0  2.78842e-11
      16650.0  2.78410e-11
      16660.0  2.77884e-11
      16670.0  2.77259e-11
      16680.0  2.76530e-11
      16690.0  2.75693e-11
      16700.0  2.74745e-11
      16710.0  2.73684e-11
      16720.0  2.72507e-11
      16730.0  2.71216e-11
      16740.0  2.69809e-11
      16750.0  2.68290e-11
      16760.0  2.66660e-11
      16770.0  2.64923e-11
      16780.0  2.63085e-11
      16790.0  2.61149e-11
      16800.0  2.59125e-11
      16810.0  2.57018e-11
      16820.0  2.54838e-11
      16830.0  2.52592e-11
      16840.0  2.50292e-11
      16850.0  2.47946e-11
      16860.0  2.45566e-11
      16870.0  2.43162e-11
      16880.0  2.40745e-11
      16890.0  2.38326e-11
      16900.0  2.35917e-11
      16910.0  2.33526e-11
      16920.0  2.31166e-11
      16930.0  2.28846e-11
      16940.0  2.26576e-11
      16950.0  2.24364e-11
      16960.0  2.22218e-11
      16970.0  2.20147e-11
      16980.0  2.18156e-11
      16990.0  2.16251e-11
      17000.0  2.14438e-11
      17010.0  2.12720e-11
      17020.0  2.11100e-11
      17030.0  2.09579e-11
      17040.0  2.08160e-11
      17050.0  2.06840e-11
      17060.0  2.05621e-11
      17070.0  2.04498e-11
      17080.0  2.03471e-11
      17090.0  2.02535e-11
      17100.0  2.01686e-11
      17110.0  2.00919e-11
      17120.0  2.00228e-11
      17130.0  1.99609e-11
      17140.0  1.99055e-11
      17150.0  1.98560e-11
      17160.0  1.98117e-11
      17170.0  1.97721e-11
      17180.0  1.97366e-11
      17190.0  1.97045e-11
      17200.0  1.96754e-11
      17210.0  1.96488e-11
      17220.0  1.96244e-11
      17230.0  1.96016e-11
      17240.0  1.95804e-11
      17250.0  1.95604e-11
      17260.0  1.95416e-11
      17270.0  1.95238e-11
      17280.0  1.95072e-11
      17290.0  1.94918e-11
      17300.0  1.94777e-11
      17310.0  1.94653e-11
      17320.0  1.94547e-11
      17330.0  1.94462e-11
      17340.0  1.94403e-11
      17350.0  1.94372e-11
      17360.0  1.94374e-11
      17370.0  1.94412e-11
      17380.0  1.94490e-11
      17390.0  1.94611e-11
      17400.0  1.94779e-11
      17410.0  1.94996e-11
      17420.0  1.95265e-11
      17430.0  1.95588e-11
      17440.0  1.95966e-11
      17450.0  1.96399e-11
      17460.0  1.96889e-11
      17470.0  1.97433e-11
      17480.0  1.98032e-11
      17490.0  1.98684e-11
      17500.0  1.99385e-11
      17510.0  2.00134e-11
      17520.0  2.00926e-11
      17530.0  2.01759e-11
      17540.0  2.02626e-11
      17550.0  2.03524e-11
      17560.0  2.04447e-11
      17570.0  2.05391e-11
      17580.0  2.06349e-11
      17590.0  2.07316e-11
      17600.0  2.08286e-11
      17610.0  2.09254e-11
      17620.0  2.10213e-11
      17630.0  2.11158e-11
      17640.0  2.12083e-11
      17650.0  2.12984e-11
      17660.0  2.13855e-11
      17670.0  2.14690e-11
      17680.0  2.15486e-11
      17690.0  2.16238e-11
      17700.0  2.16942e-11
      17710.0  2.17595e-11
      17720.0  2.18193e-11
      17730.0  2.18732e-11
      17740.0  2.19212e-11
      17750.0  2.19629e-11
      17760.0  2.19981e-11
      17770.0  2.20268e-11
      17780.0  2.20487e-11
      17790.0  2.20639e-11
      17800.0  2.20722e-11
      17810.0  2.20737e-11
      17820.0  2.20684e-11
      17830.0  2.20563e-11
      17840.0  2.20375e-11
      17850.0  2.20121e-11
      17860.0  2.19802e-11
      17870.0  2.19419e-11
      17880.0  2.18973e-11
      17890.0  2.18467e-11
      17900.0  2.17901e-11
      17910.0  2.17278e-11
      17920.0  2.16600e-11
      17930.0  2.15867e-11
      17940.0  2.15083e-11
      17950.0  2.14249e-11
      17960.0  2.13367e-11
      17970.0  2.12438e-11
      17980.0  2.11466e-11
      17990.0  2.10451e-11
      18000.0  2.09396e-11
      18010.0  2.08302e-11
      18020.0  2.07173e-11
      18030.0  2.06009e-11
      18040.0  2.04813e-11
      18050.0  2.03587e-11
      18060.0  2.02334e-11
      18070.0  2.01054e-11
      18080.0  1.99752e-11
      18090.0  1.98428e-11
      18100.0  1.97085e-11
      18110.0  1.95726e-11
      18120.0  1.94353e-11
      18130.0  1.92968e-11
      18140.0  1.91573e-11
      18150.0  1.90170e-11
      18160.0  1.88762e-11
      18170.0  1.87350e-11
      18180.0  1.85935e-11
      18190.0  1.84519e-11
      18200.0  1.83103e-11
      18210.0  1.81687e-11
      18220.0  1.80273e-11
      18230.0  1.78861e-11
      18240.0  1.77450e-11
      18250.0  1.76040e-11
      18260.0  1.74631e-11
      18270.0  1.73222e-11
      18280.0  1.71812e-11
      18290.0  1.70400e-11
      18300.0  1.68985e-11
      18310.0  1.67567e-11
      18320.0  1.66143e-11
      18330.0  1.64713e-11
      18340.0  1.63277e-11
      18350.0  1.61834e-11
      18360.0  1.60383e-11
      18370.0  1.58924e-11
      18380.0  1.57459e-11
      18390.0  1.55987e-11
      18400.0  1.54511e-11
      18410.0  1.53031e-11
      18420.0  1.51549e-11
      18430.0  1.50067e-11
      18440.0  1.48589e-11
      18450.0  1.47116e-11
      18460.0  1.45652e-11
      18470.0  1.44201e-11
      18480.0  1.42765e-11
      18490.0  1.41348e-11
      18500.0  1.39953e-11
      18510.0  1.38584e-11
      18520.0  1.37245e-11
      18530.0  1.35938e-11
      18540.0  1.34666e-11
      18550.0  1.33434e-11
      18560.0  1.32242e-11
      18570.0  1.31094e-11
      18580.0  1.29992e-11
      18590.0  1.28938e-11
      18600.0  1.27932e-11
      18610.0  1.26978e-11
      18620.0  1.26074e-11
      18630.0  1.25223e-11
      18640.0  1.24424e-11
      18650.0  1.23677e-11
      18660.0  1.22982e-11
      18670.0  1.22339e-11
      18680.0  1.21747e-11
      18690.0  1.21204e-11
      18700.0  1.20709e-11
      18710.0  1.20261e-11
      18720.0  1.19858e-11
      18730.0  1.19497e-11
      18740.0  1.19175e-11
      18750.0  1.18891e-11
      18760.0  1.18642e-11
      18770.0  1.18423e-11
      18780.0  1.18232e-11
      18790.0  1.18066e-11
      18800.0  1.17920e-11
      18810.0  1.17791e-11
      18820.0  1.17675e-11
      18830.0  1.17568e-11
      18840.0  1.17467e-11
      18850.0  1.17366e-11
      18860.0  1.17263e-11
      18870.0  1.17154e-11
      18880.0  1.17034e-11
      18890.0  1.16900e-11
      18900.0  1.16750e-11
      18910.0  1.16579e-11
      18920.0  1.16385e-11
      18930.0  1.16166e-11
      18940.0  1.15918e-11
      18950.0  1.15641e-11
      18960.0  1.15333e-11
      18970.0  1.14992e-11
      18980.0  1.14618e-11
      18990.0  1.14210e-11
      19000.0  1.13768e-11
      19010.0  1.13293e-11
      19020.0  1.12786e-11
      19030.0  1.12248e-11
      19040.0  1.11680e-11
      19050.0  1.11086e-11
      19060.0  1.10466e-11
      19070.0  1.09824e-11
      19080.0  1.09164e-11
      19090.0  1.08488e-11
      19100.0  1.07800e-11
      19110.0  1.07104e-11
      19120.0  1.06404e-11
      19130.0  1.05704e-11
      19140.0  1.05009e-11
      19150.0  1.04322e-11
      19160.0  1.03648e-11
      19170.0  1.02991e-11
      19180.0  1.02355e-11
      19190.0  1.01744e-11
      19200.0  1.01162e-11
      19210.0  1.00612e-11
      19220.0  1.00096e-11
      19230.0  9.96186e-12
      19240.0  9.91812e-12
      19250.0  9.87862e-12
      19260.0  9.84351e-12
      19270.0  9.81292e-12
      19280.0  9.78696e-12
      19290.0  9.76566e-12
      19300.0  9.74905e-12
      19310.0  9.73708e-12
      19320.0  9.72972e-12
      19330.0  9.72685e-12
      19340.0  9.72837e-12
      19350.0  9.73411e-12
      19360.0  9.74389e-12
      19370.0  9.75753e-12
      19380.0  9.77479e-12
      19390.0  9.79543e-12
      19400.0  9.81920e-12
      19410.0  9.84583e-12
      19420.0  9.87505e-12
      19430.0  9.90657e-12
      19440.0  9.94010e-12
      19450.0  9.97535e-12
      19460.0  1.00120e-11
      19470.0  1.00498e-11
      19480.0  1.00885e-11
      19490.0  1.01277e-11
      19500.0  1.01671e-11
      19510.0  1.02066e-11
      19520.0  1.02458e-11
      19530.0  1.02844e-11
      19540.0  1.03222e-11
      19550.0  1.03591e-11
      19560.0  1.03947e-11
      19570.0  1.04288e-11
      19580.0  1.04613e-11
      19590.0  1.04919e-11
      19600.0  1.05205e-11
      19610.0  1.05470e-11
      19620.0  1.05713e-11
      19630.0  1.05931e-11
      19640.0  1.06125e-11
      19650.0  1.06292e-11
      19660.0  1.06434e-11
      19670.0  1.06548e-11
      19680.0  1.06636e-11
      19690.0  1.06696e-11
      19700.0  1.06728e-11
      19710.0  1.06732e-11
      19720.0  1.06709e-11
      19730.0  1.06657e-11
      19740.0  1.06579e-11
      19750.0  1.06472e-11
      19760.0  1.06339e-11
      19770.0  1.06178e-11
      19780.0  1.05990e-11
      19790.0  1.05776e-11
      19800.0  1.05534e-11
      19810.0  1.05265e-11
      19820.0  1.04970e-11
      19830.0  1.04647e-11
      19840.0  1.04298e-11
      19850.0  1.03921e-11
      19860.0  1.03517e-11
      19870.0  1.03084e-11
      19880.0  1.02625e-11
      19890.0  1.02136e-11
      19900.0  1.01620e-11
      19910.0  1.01075e-11
      19920.0  1.00501e-11
      19930.0  9.98974e-12
      19940.0  9.92650e-12
      19950.0  9.86035e-12
      19960.0  9.79127e-12
      19970.0  9.71928e-12
      19980.0  9.64439e-12
      19990.0  9.56664e-12
      20000.0  9.48607e-12
      20010.0  9.40272e-12
      20020.0  9.31667e-12
      20030.0  9.22798e-12
      20040.0  9.13677e-12
      20050.0  9.04311e-12
      20060.0  8.94715e-12
      20070.0  8.84901e-12
      20080.0  8.74884e-12
      20090.0  8.64680e-12
      20100.0  8.54308e-12
      20110.0  8.43785e-12
      20120.0  8.33134e-12
      20130.0  8.22374e-12
      20140.0  8.11530e-12
      20150.0  8.00626e-12
      20160.0  7.89686e-12
      20170.0  7.78736e-12
      20180.0  7.67804e-12
      20190.0  7.56916e-12
      20200.0  7.46100e-12
      20210.0  7.35385e-12
      20220.0  7.24797e-12
      20230.0  7.14366e-12
      20240.0  7.04119e-12
      20250.0  6.94082e-12
      20260.0  6.84282e-12
      20270.0  6.74743e-12
      20280.0  6.65491e-12
      20290.0  6.56547e-12
      20300.0  6.47933e-12
      20310.0  6.39668e-12
      20320.0  6.31770e-12
      20330.0  6.24254e-12
      20340.0  6.17134e-12
      20350.0  6.10422e-12
      20360.0  6.04127e-12
      20370.0  5.98256e-12
      20380.0  5.92814e-12
      20390.0  5.87805e-12
      20400.0  5.83230e-12
      20410.0  5.79087e-12
      20420.0  5.75373e-12
      20430.0  5.72085e-12
      20440.0  5.69216e-12
      20450.0  5.66758e-12
      20460.0  5.64703e-12
      20470.0  5.63041e-12
      20480.0  5.61760e-12
      20490.0  5.60848e-12
      20500.0  5.60292e-12
      20510.0  5.60081e-12
      20520.0  5.60199e-12
      20530.0  5.60633e-12
      20540.0  5.61369e-12
      20550.0  5.62392e-12
      20560.0  5.63689e-12
      20570.0  5.65246e-12
      20580.0  5.67048e-12
      20590.0  5.69083e-12
      20600.0  5.71336e-12
      20610.0  5.73795e-12
      20620.0  5.76448e-12
      20630.0  5.79283e-12
      20640.0  5.82287e-12
      20650.0  5.85449e-12
      20660.0  5.88758e-12
      20670.0  5.92205e-12
      20680.0  5.95778e-12
      20690.0  5.99469e-12
      20700.0  6.03267e-12
      20710.0  6.07165e-12
      20720.0  6.11154e-12
      20730.0  6.15225e-12
      20740.0  6.19372e-12
      20750.0  6.23587e-12
      20760.0  6.27863e-12
      20770.0  6.32194e-12
      20780.0  6.36574e-12
      20790.0  6.40998e-12
      20800.0  6.45461e-12
      20810.0  6.49958e-12
      20820.0  6.54484e-12
      20830.0  6.59037e-12
      20840.0  6.63612e-12
      20850.0  6.68206e-12
      20860.0  6.72817e-12
      20870.0  6.77442e-12
      20880.0  6.82080e-12
      20890.0  6.86729e-12
      20900.0  6.91386e-12
      20910.0  6.96052e-12
      20920.0  7.00725e-12
      20930.0  7.05403e-12
      20940.0  7.10087e-12
      20950.0  7.14775e-12
      20960.0  7.19468e-12
      20970.0  7.24163e-12
      20980.0  7.28862e-12
      20990.0  7.33562e-12
      21000.0  7.38264e-12
      21010.0  7.42965e-12
      21020.0  7.47666e-12
      21030.0  7.52364e-12
      21040.0  7.57058e-12
      21050.0  7.61746e-12
      21060.0  7.66427e-12
      21070.0  7.71097e-12
      21080.0  7.75753e-12
      21090.0  7.80393e-12
      21100.0  7.85012e-12
      21110.0  7.89607e-12
      21120.0  7.94173e-12
      21130.0  7.98705e-12
      21140.0  8.03197e-12
      21150.0  8.07642e-12
      21160.0  8.12035e-12
      21170.0  8.16367e-12
      21180.0  8.20629e-12
      21190.0  8.24814e-12
      21200.0  8.28910e-12
      21210.0  8.32908e-12
      21220.0  8.36796e-12
      21230.0  8.40562e-12
      21240.0  8.44192e-12
      21250.0  8.47672e-12
      21260.0  8.50987e-12
      21270.0  8.54122e-12
      21280.0  8.57059e-12
      21290.0  8.59782e-12
      21300.0  8.62272e-12
      21310.0  8.64510e-12
      21320.0  8.66479e-12
      21330.0  8.68157e-12
      21340.0  8.69526e-12
      21350.0  8.70567e-12
      21360.0  8.71258e-12
      21370.0  8.71582e-12
      21380.0  8.71521e-12
      21390.0  8.71056e-12
      21400.0  8.70172e-12
      21410.0  8.68854e-12
      21420.0  8.67089e-12
      21430.0  8.64865e-12
      21440.0  8.62173e-12
      21450.0  8.59008e-12
      21460.0  8.55366e-12
      21470.0  8.51246e-12
      21480.0  8.46650e-12
      21490.0  8.41585e-12
      21500.0  8.36059e-12
      21510.0  8.30085e-12
      21520.0  8.23680e-12
      21530.0  8.16864e-12
      21540.0  8.09660e-12
      21550.0  8.02096e-12
      21560.0  7.94201e-12
      21570.0  7.86010e-12
      21580.0  7.77557e-12
      21590.0  7.68884e-12
      21600.0  7.60030e-12
      21610.0  7.51040e-12
      21620.0  7.41958e-12
      21630.0  7.32830e-12
      21640.0  7.23703e-12
      21650.0  7.14624e-12
      21660.0  7.05641e-12
      21670.0  6.96800e-12
      21680.0  6.88148e-12
      21690.0  6.79727e-12
      21700.0  6.71582e-12
      21710.0  6.63752e-12
      21720.0  6.56276e-12
      21730.0  6.49189e-12
      21740.0  6.42524e-12
      21750.0  6.36311e-12
      21760.0  6.30576e-12
      21770.0  6.25341e-12
      21780.0  6.20626e-12
      21790.0  6.16447e-12
      21800.0  6.12816e-12
      21810.0  6.09742e-12
      21820.0  6.07231e-12
      21830.0  6.05285e-12
      21840.0  6.03904e-12
      21850.0  6.03084e-12
      21860.0  6.02819e-12
      21870.0  6.03100e-12
      21880.0  6.03916e-12
      21890.0  6.05254e-12
      21900.0  6.07100e-12
      21910.0  6.09436e-12
      21920.0  6.12246e-12
      21930.0  6.15510e-12
      21940.0  6.19209e-12
      21950.0  6.23322e-12
      21960.0  6.27828e-12
      21970.0  6.32706e-12
      21980.0  6.37933e-12
      21990.0  6.43487e-12
      22000.0  6.49348e-12
      22010.0  6.55492e-12
      22020.0  6.61899e-12
      22030.0  6.68546e-12
      22040.0  6.75412e-12
      22050.0  6.82476e-12
      22060.0  6.89717e-12
      22070.0  6.97114e-12
      22080.0  7.04646e-12
      22090.0  7.12295e-12
      22100.0  7.20039e-12
      22110.0  7.27860e-12
      22120.0  7.35737e-12
      22130.0  7.43651e-12
      22140.0  7.51584e-12
      22150.0  7.59515e-12
      22160.0  7.67427e-12
      22170.0  7.75300e-12
      22180.0  7.83116e-12
      22190.0  7.90856e-12
      22200.0  7.98502e-12
      22210.0  8.06036e-12
      22220.0  8.13440e-12
      22230.0  8.20696e-12
      22240.0  8.27786e-12
      22250.0  8.34692e-12
      22260.0  8.41399e-12
      22270.0  8.47888e-12
      22280.0  8.54143e-12
      22290.0  8.60148e-12
      22300.0  8.65887e-12
      22310.0  8.71346e-12
      22320.0  8.76508e-12
      22330.0  8.81360e-12
      22340.0  8.85888e-12
      22350.0  8.90078e-12
      22360.0  8.93918e-12
      22370.0  8.97395e-12
      22380.0  9.00499e-12
      22390.0  9.03217e-12
      22400.0  9.05540e-12
      22410.0  9.07459e-12
      22420.0  9.08963e-12
      22430.0  9.10045e-12
      22440.0  9.10697e-12
      22450.0  9.10911e-12
      22460.0  9.10682e-12
      22470.0  9.10002e-12
      22480.0  9.08868e-12
      22490.0  9.07274e-12
      22500.0  9.05217e-12
      22510.0  9.02693e-12
      22520.0  8.99700e-12
      22530.0  8.96236e-12
      22540.0  8.92301e-12
      22550.0  8.87893e-12
      22560.0  8.83014e-12
      22570.0  8.77666e-12
      22580.0  8.71851e-12
      22590.0  8.65573e-12
      22600.0  8.58836e-12
      22610.0  8.51647e-12
      22620.0  8.44013e-12
      22630.0  8.35942e-12
      22640.0  8.27444e-12
      22650.0  8.18531e-12
      22660.0  8.09215e-12
      22670.0  7.99510e-12
      22680.0  7.89432e-12
      22690.0  7.78999e-12
      22700.0  7.68228e-12
      22710.0  7.57140e-12
      22720.0  7.45758e-12
      22730.0  7.34104e-12
      22740.0  7.22203e-12
      22750.0  7.10081e-12
      22760.0  6.97765e-12
      22770.0  6.85286e-12
      22780.0  6.72671e-12
      22790.0  6.59952e-12
      22800.0  6.47161e-12
      22810.0  6.34330e-12
      22820.0  6.21492e-12
      22830.0  6.08682e-12
      22840.0  5.95933e-12
      22850.0  5.83279e-12
      22860.0  5.70755e-12
      22870.0  5.58396e-12
      22880.0  5.46234e-12
      22890.0  5.34305e-12
      22900.0  5.22642e-12
      22910.0  5.11276e-12
      22920.0  5.00240e-12
      22930.0  4.89566e-12
      22940.0  4.79282e-12
      22950.0  4.69417e-12
      22960.0  4.59999e-12
      22970.0  4.51055e-12
      22980.0  4.42608e-12
      22990.0  4.34681e-12
      23000.0  4.27296e-12
      23010.0  4.20471e-12
      23020.0  4.14225e-12
      23030.0  4.08573e-12
      23040.0  4.03529e-12
      23050.0  3.99102e-12
      23060.0  3.95303e-12
      23070.0  3.92139e-12
      23080.0  3.89613e-12
      23090.0  3.87729e-12
      23100.0  3.86485e-12
      23110.0  3.85879e-12
      23120.0  3.85906e-12
      23130.0  3.86559e-12
      23140.0  3.87828e-12
      23150.0  3.89700e-12
      23160.0  3.92162e-12
      23170.0  3.95196e-12
      23180.0  3.98784e-12
      23190.0  4.02904e-12
      23200.0  4.07533e-12
      23210.0  4.12647e-12
      23220.0  4.18218e-12
      23230.0  4.24219e-12
      23240.0  4.30618e-12
      23250.0  4.37384e-12
      23260.0  4.44485e-12
      23270.0  4.51887e-12
      23280.0  4.59555e-12
      23290.0  4.67452e-12
      23300.0  4.75544e-12
      23310.0  4.83793e-12
      23320.0  4.92162e-12
      23330.0  5.00614e-12
      23340.0  5.09113e-12
      23350.0  5.17620e-12
      23360.0  5.26101e-12
      23370.0  5.34518e-12
      23380.0  5.42838e-12
      23390.0  5.51024e-12
      23400.0  5.59045e-12
      23410.0  5.66867e-12
      23420.0  5.74460e-12
      23430.0  5.81794e-12
      23440.0  5.88839e-12
      23450.0  5.95570e-12
      23460.0  6.01960e-12
      23470.0  6.07987e-12
      23480.0  6.13627e-12
      23490.0  6.18861e-12
      23500.0  6.23669e-12
      23510.0  6.28035e-12
      23520.0  6.31944e-12
      23530.0  6.35383e-12
      23540.0  6.38341e-12
      23550.0  6.40808e-12
      23560.0  6.42776e-12
      23570.0  6.44240e-12
      23580.0  6.45197e-12
      23590.0  6.45644e-12
      23600.0  6.45581e-12
      23610.0  6.45011e-12
      23620.0  6.43937e-12
      23630.0  6.42365e-12
      23640.0  6.40303e-12
      23650.0  6.37760e-12
      23660.0  6.34749e-12
      23670.0  6.31283e-12
      23680.0  6.27378e-12
      23690.0  6.23052e-12
      23700.0  6.18326e-12
      23710.0  6.13223e-12
      23720.0  6.07767e-12
      23730.0  6.01987e-12
      23740.0  5.95913e-12
      23750.0  5.89577e-12
      23760.0  5.83015e-12
      23770.0  5.76266e-12
      23780.0  5.69369e-12
      23790.0  5.62368e-12
      23800.0  5.55307e-12
      23810.0  5.48235e-12
      23820.0  5.41199e-12
      23830.0  5.34267e-12
      23840.0  5.27476e-12
      23850.0  5.20874e-12
      23860.0  5.14511e-12
      23870.0  5.08438e-12
      23880.0  5.02700e-12
      23890.0  4.97344e-12
      23900.0  4.92411e-12
      23910.0  4.87938e-12
      23920.0  4.83958e-12
      23930.0  4.80498e-12
      23940.0  4.77580e-12
      23950.0  4.75219e-12
      23960.0  4.73424e-12
      23970.0  4.72200e-12
      23980.0  4.71543e-12
      23990.0  4.71445e-12
      24000.0  4.71891e-12
      24010.0  4.72865e-12
      24020.0  4.74343e-12
      24030.0  4.76301e-12
      24040.0  4.78711e-12
      24050.0  4.81544e-12
      24060.0  4.84770e-12
      24070.0  4.88360e-12
      24080.0  4.92283e-12
      24090.0  4.96512e-12
      24100.0  5.01020e-12
      24110.0  5.05782e-12
      24120.0  5.10774e-12
      24130.0  5.15976e-12
      24140.0  5.21368e-12
      24150.0  5.26932e-12
      24160.0  5.32653e-12
      24170.0  5.38516e-12
      24180.0  5.44507e-12
      24190.0  5.50614e-12
      24200.0  5.56824e-12
      24210.0  5.63127e-12
      24220.0  5.69511e-12
      24230.0  5.75963e-12
      24240.0  5.82473e-12
      24250.0  5.89028e-12
      24260.0  5.95617e-12
      24270.0  6.02226e-12
      24280.0  6.08842e-12
      24290.0  6.15453e-12
      24300.0  6.22044e-12
      24310.0  6.28600e-12
      24320.0  6.35108e-12
      24330.0  6.41551e-12
      24340.0  6.47915e-12
      24350.0  6.54183e-12
      24360.0  6.60339e-12
      24370.0  6.66366e-12
      24380.0  6.72247e-12
      24390.0  6.77964e-12
      24400.0  6.83500e-12
      24410.0  6.88836e-12
      24420.0  6.93954e-12
      24430.0  6.98836e-12
      24440.0  7.03464e-12
      24450.0  7.07820e-12
      24460.0  7.11889e-12
      24470.0  7.15655e-12
      24480.0  7.19104e-12
      24490.0  7.22223e-12
      24500.0  7.25003e-12
      24510.0  7.27437e-12
      24520.0  7.29520e-12
      24530.0  7.31249e-12
      24540.0  7.32627e-12
      24550.0  7.33658e-12
      24560.0  7.34349e-12
      24570.0  7.34713e-12
      24580.0  7.34762e-12
      24590.0  7.34513e-12
      24600.0  7.33985e-12
      24610.0  7.33198e-12
      24620.0  7.32175e-12
      24630.0  7.30938e-12
      24640.0  7.29511e-12
      24650.0  7.27916e-12
      24660.0  7.26177e-12
      24670.0  7.24315e-12
      24680.0  7.22352e-12
      24690.0  7.20307e-12
      24700.0  7.18198e-12
      24710.0  7.16041e-12
      24720.0  7.13851e-12
      24730.0  7.11641e-12
      24740.0  7.09424e-12
      24750.0  7.07210e-12
      24760.0  7.05010e-12
      24770.0  7.02831e-12
      24780.0  7.00683e-12
      24790.0  6.98574e-12
      24800.0  6.96512e-12
      24810.0  6.94504e-12
      24820.0  6.92558e-12
      24830.0  6.90680e-12
      24840.0  6.88879e-12
      24850.0  6.87159e-12
      24860.0  6.85526e-12
      24870.0  6.83984e-12
      24880.0  6.82538e-12
      24890.0  6.81188e-12
      24900.0  6.79935e-12
      24910.0  6.78779e-12
      24920.0  6.77717e-12
      24930.0  6.76747e-12
      24940.0  6.75863e-12
      24950.0  6.75062e-12
      24960.0  6.74337e-12
      24970.0  6.73684e-12
      24980.0  6.73096e-12
      24990.0  6.72567e-12
      25000.0  6.72093e-12
