      1000.00  3.18824e-14
      1010.00  3.86327e-14
      1020.00  4.69644e-14
      1030.00  5.71977e-14
      1040.00  6.97302e-14
      1050.00  8.50165e-14
      1060.00  1.03564e-13
      1070.00  1.25924e-13
      1080.00  1.52677e-13
      1090.00  1.84412e-13
      1100.00  2.21702e-13
      1110.00  2.65073e-13
      1120.00  3.14974e-13
      1130.00  3.71753e-13
      1140.00  4.35629e-13
      1150.00  5.06674e-13
      1160.00  5.84802e-13
      1170.00  6.69759e-13
      1180.00  7.61127e-13
      1190.00  8.58326e-13
      1200.00  9.60627e-13
      1210.00  1.06716e-12
      1220.00  1.17694e-12
      1230.00  1.28890e-12
      1240.00  1.40190e-12
      1250.00  1.51475e-12
      1260.00  1.62629e-12
      1270.00  1.73536e-12
      1280.00  1.84089e-12
      1290.00  1.94188e-12
      1300.00  2.03745e-12
      1310.00  2.12685e-12
      1320.00  2.20949e-12
      1330.00  2.28493e-12
      1340.00  2.35288e-12
      1350.00  2.41325e-12
      1360.00  2.46606e-12
      1370.00  2.51151e-12
      1380.00  2.54994e-12
      1390.00  2.58179e-12
      1400.00  2.60764e-12
      1410.00  2.62813e-12
      1420.00  2.64400e-12
      1430.00  2.65602e-12
      1440.00  2.66501e-12
      1450.00  2.67180e-12
      1460.00  2.67722e-12
      1470.00  2.68208e-12
      1480.00  2.68715e-12
      1490.00  2.69316e-12
      1500.00  2.70076e-12
      1510.00  2.71055e-12
      1520.00  2.72305e-12
      1530.00  2.73873e-12
      1540.00  2.75795e-12
      1550.00  2.78102e-12
      1560.00  2.80819e-12
      1570.00  2.83964e-12
      1580.00  2.87553e-12
      1590.00  2.91594e-12
      1600.00  2.96096e-12
      1610.00  3.01063e-12
      1620.00  3.06497e-12
      1630.00  3.12400e-12
      1640.00  3.18773e-12
      1650.00  3.25615e-12
      1660.00  3.32925e-12
      1670.00  3.40701e-12
      1680.00  3.48941e-12
      1690.00  3.57640e-12
      1700.00  3.66795e-12
      1710.00  3.76400e-12
      1720.00  3.86446e-12
      1730.00  3.96925e-12
      1740.00  4.07826e-12
      1750.00  4.19137e-12
      1760.00  4.30841e-12
      1770.00  4.42923e-12
      1780.00  4.55362e-12
      1790.00  4.68137e-12
      1800.00  4.81221e-12
      1810.00  4.94587e-12
      1820.00  5.08205e-12
      1830.00  5.22040e-12
      1840.00  5.36057e-12
      1850.00  5.50215e-12
      1860.00  5.64472e-12
      1870.00  5.78783e-12
      1880.00  5.93099e-12
      1890.00  6.07371e-12
      1900.00  6.21546e-12
      1910.00  6.35569e-12
      1920.00  6.49385e-12
      1930.00  6.62937e-12
      1940.00  6.76168e-12
      1950.00  6.89024e-12
      1960.00  7.01450e-12
      1970.00  7.13396e-12
      1980.00  7.24815e-12
      1990.00  7.35664e-12
      2000.00  7.45906e-12
      2010.00  7.55510e-12
      2020.00  7.64452e-12
      2030.00  7.72714e-12
      2040.00  7.80287e-12
      2050.00  7.87166e-12
      2060.00  7.93354e-12
      2070.00  7.98861e-12
      2080.00  8.03702e-12
      2090.00  8.07897e-12
      2100.00  8.11470e-12
      2110.00  8.14451e-12
      2120.00  8.16872e-12
      2130.00  8.18767e-12
      2140.00  8.20175e-12
      2150.00  8.21135e-12
      2160.00  8.21688e-12
      2170.00  8.21878e-12
      2180.00  8.21749e-12
      2190.00  8.21346e-12
      2200.00  8.20715e-12
      2210.00  8.19903e-12
      2220.00  8.18958e-12
      2230.00  8.17927e-12
      2240.00  8.16858e-12
      2250.00  8.15800e-12
      2260.00  8.14802e-12
      2270.00  8.13912e-12
      2280.00  8.13180e-12
      2290.00  8.12654e-12
      2300.00  8.12382e-12
      2310.00  8.12414e-12
      2320.00  8.12798e-12
      2330.00  8.13586e-12
      2340.00  8.14832e-12
      2350.00  8.16595e-12
      2360.00  8.18948e-12
      2370.00  8.21978e-12
      2380.00  8.25801e-12
      2390.00  8.30572e-12
      2400.00  8.36493e-12
      2410.00  8.43831e-12
      2420.00  8.52919e-12
      2430.00  8.64164e-12
      2440.00  8.78032e-12
      2450.00  8.95023e-12
      2460.00  9.15632e-12
      2470.00  9.40289e-12
      2480.00  9.69285e-12
      2490.00  1.00270e-11
      2500.00  1.04033e-11
      2510.00  1.08162e-11
      2520.00  1.12570e-11
      2530.00  1.17135e-11
      2540.00  1.21710e-11
      2550.00  1.26136e-11
      2560.00  1.30251e-11
      2570.00  1.33910e-11
      2580.00  1.36995e-11
      2590.00  1.39424e-11
      2600.00  1.41155e-11
      2610.00  1.42185e-11
      2620.00  1.42548e-11
      2630.00  1.42303e-11
      2640.00  1.41529e-11
      2650.00  1.40298e-11
      2660.00  1.37888e-11
      2670.00  1.28184e-11
      2680.00  1.21857e-11
      2690.00  1.67328e-11
      2700.00  2.66885e-11
      2710.00  3.84370e-11
      2720.00  4.65805e-11
      2730.00  4.93467e-11
      2740.00  5.02233e-11
      2750.00  5.13444e-11
      2760.00  5.17849e-11
      2770.00  5.17873e-11
      2780.00  5.31493e-11
      2790.00  5.70707e-11
      2800.00  5.88882e-11
      2810.00  5.86978e-11
      2820.00  5.77648e-11
      2830.00  5.51598e-11
      2840.00  5.28234e-11
      2850.00  5.27824e-11
      2860.00  5.31192e-11
      2870.00  5.33125e-11
      2880.00  5.40146e-11
      2890.00  5.73649e-11
      2900.00  6.33082e-11
      2910.00  6.96430e-11
      2920.00  7.57285e-11
      2930.00  8.00284e-11
      2940.00  8.06965e-11
      2950.00  7.71982e-11
      2960.00  7.37486e-11
      2970.00  7.18964e-11
      2980.00  7.04462e-11
      2990.00  6.75165e-11
      3000.00  6.28262e-11
      3010.00  5.85315e-11
      3020.00  5.58132e-11
      3030.00  5.57473e-11
      3040.00  5.67839e-11
      3050.00  5.70510e-11
      3060.00  5.69290e-11
      3070.00  5.71306e-11
      3080.00  5.80957e-11
      3090.00  5.73368e-11
      3100.00  5.51447e-11
      3110.00  5.58259e-11
      3120.00  5.88623e-11
      3130.00  6.08340e-11
      3140.00  6.17949e-11
      3150.00  6.26801e-11
      3160.00  6.46984e-11
      3170.00  6.86914e-11
      3180.00  7.43860e-11
      3190.00  7.96225e-11
      3200.00  8.26672e-11
      3210.00  8.20619e-11
      3220.00  7.85981e-11
      3230.00  7.37595e-11
      3240.00  6.95335e-11
      3250.00  6.60698e-11
      3260.00  6.30992e-11
      3270.00  6.11933e-11
      3280.00  6.00638e-11
      3290.00  5.90328e-11
      3300.00  5.82919e-11
      3310.00  5.83188e-11
      3320.00  5.89781e-11
      3330.00  5.95727e-11
      3340.00  6.00862e-11
      3350.00  6.08869e-11
      3360.00  6.25418e-11
      3370.00  6.51276e-11
      3380.00  6.80071e-11
      3390.00  7.09283e-11
      3400.00  7.39506e-11
      3410.00  7.73151e-11
      3420.00  8.08800e-11
      3430.00  8.36283e-11
      3440.00  8.52703e-11
      3450.00  8.60498e-11
      3460.00  8.60268e-11
      3470.00  8.57406e-11
      3480.00  8.55469e-11
      3490.00  8.57065e-11
      3500.00  8.67824e-11
      3510.00  8.93769e-11
      3520.00  9.32379e-11
      3530.00  9.77562e-11
      3540.00  1.02388e-10
      3550.00  1.06590e-10
      3560.00  1.10075e-10
      3570.00  1.13171e-10
      3580.00  1.16232e-10
      3590.00  1.19022e-10
      3600.00  1.21099e-10
      3610.00  1.22344e-10
      3620.00  1.23225e-10
      3630.00  1.24294e-10
      3640.00  1.26082e-10
      3650.00  1.29360e-10
      3660.00  1.35169e-10
      3670.00  1.43960e-10
      3680.00  1.54524e-10
      3690.00  1.65569e-10
      3700.00  1.76963e-10
      3710.00  1.89000e-10
      3720.00  1.99201e-10
      3730.00  2.02207e-10
      3740.00  1.96421e-10
      3750.00  1.84005e-10
      3760.00  1.67204e-10
      3770.00  1.47779e-10
      3780.00  1.27686e-10
      3790.00  1.08586e-10
      3800.00  9.10770e-11
      3810.00  7.70059e-11
      3820.00  7.03981e-11
      3830.00  7.34030e-11
      3840.00  8.59033e-11
      3850.00  1.06143e-10
      3860.00  1.30284e-10
      3870.00  1.54270e-10
      3880.00  1.76364e-10
      3890.00  1.97743e-10
      3900.00  2.20854e-10
      3910.00  2.46611e-10
      3920.00  2.72659e-10
      3930.00  2.94701e-10
      3940.00  3.09535e-10
      3950.00  3.16666e-10
      3960.00  3.17837e-10
      3970.00  3.15773e-10
      3980.00  3.12629e-10
      3990.00  3.08641e-10
      4000.00  3.02250e-10
      4010.00  2.92018e-10
      4020.00  2.78350e-10
      4030.00  2.63016e-10
      4040.00  2.47592e-10
      4050.00  2.33149e-10
      4060.00  2.20813e-10
      4070.00  2.11472e-10
      4080.00  2.04819e-10
      4090.00  1.99520e-10
      4100.00  1.94722e-10
      4110.00  1.90996e-10
      4120.00  1.89446e-10
      4130.00  1.90273e-10
      4140.00  1.92551e-10
      4150.00  1.95169e-10
      4160.00  1.97679e-10
      4170.00  2.00297e-10
      4180.00  2.03389e-10
      4190.00  2.07000e-10
      4200.00  2.10725e-10
      4210.00  2.13935e-10
      4220.00  2.16252e-10
      4230.00  2.17918e-10
      4240.00  2.19584e-10
      4250.00  2.21698e-10
      4260.00  2.24287e-10
      4270.00  2.27341e-10
      4280.00  2.31132e-10
      4290.00  2.35907e-10
      4300.00  2.41345e-10
      4310.00  2.46491e-10
      4320.00  2.50118e-10
      4330.00  2.50954e-10
      4340.00  2.47843e-10
      4350.00  2.40223e-10
      4360.00  2.28614e-10
      4370.00  2.14466e-10
      4380.00  1.99387e-10
      4390.00  1.84613e-10
      4400.00  1.71107e-10
      4410.00  1.59799e-10
      4420.00  1.51472e-10
      4430.00  1.46568e-10
      4440.00  1.45278e-10
      4450.00  1.47761e-10
      4460.00  1.54069e-10
      4470.00  1.63864e-10
      4480.00  1.76430e-10
      4490.00  1.91107e-10
      4500.00  2.07653e-10
      4510.00  2.26177e-10
      4520.00  2.46782e-10
      4530.00  2.69327e-10
      4540.00  2.93433e-10
      4550.00  3.18558e-10
      4560.00  3.43976e-10
      4570.00  3.68741e-10
      4580.00  3.91823e-10
      4590.00  4.12336e-10
      4600.00  4.29617e-10
      4610.00  4.43141e-10
      4620.00  4.52461e-10
      4630.00  4.57184e-10
      4640.00  4.56914e-10
      4650.00  4.51258e-10
      4660.00  4.40030e-10
      4670.00  4.23575e-10
      4680.00  4.02867e-10
      4690.00  3.79271e-10
      4700.00  3.54176e-10
      4710.00  3.28874e-10
      4720.00  3.04564e-10
      4730.00  2.82209e-10
      4740.00  2.62256e-10
      4750.00  2.44650e-10
      4760.00  2.29276e-10
      4770.00  2.16433e-10
      4780.00  2.06839e-10
      4790.00  2.01146e-10
      4800.00  1.99403e-10
      4810.00  2.00848e-10
      4820.00  2.04064e-10
      4830.00  2.07420e-10
      4840.00  2.09669e-10
      4850.00  2.10519e-10
      4860.00  2.10826e-10
      4870.00  2.12182e-10
      4880.00  2.16119e-10
      4890.00  2.23456e-10
      4900.00  2.34133e-10
      4910.00  2.47429e-10
      4920.00  2.62215e-10
      4930.00  2.77055e-10
      4940.00  2.90177e-10
      4950.00  2.99567e-10
      4960.00  3.03334e-10
      4970.00  3.00292e-10
      4980.00  2.90471e-10
      4990.00  2.75249e-10
      5000.00  2.57030e-10
      5010.00  2.38566e-10
      5020.00  2.22200e-10
      5030.00  2.09343e-10
      5040.00  2.00368e-10
      5050.00  1.94882e-10
      5060.00  1.92155e-10
      5070.00  1.91488e-10
      5080.00  1.92356e-10
      5090.00  1.94344e-10
      5100.00  1.97032e-10
      5110.00  1.99965e-10
      5120.00  2.02731e-10
      5130.00  2.05076e-10
      5140.00  2.07013e-10
      5150.00  2.08835e-10
      5160.00  2.11005e-10
      5170.00  2.13958e-10
      5180.00  2.17962e-10
      5190.00  2.23094e-10
      5200.00  2.29302e-10
      5210.00  2.36459e-10
      5220.00  2.44373e-10
      5230.00  2.52786e-10
      5240.00  2.61416e-10
      5250.00  2.70021e-10
      5260.00  2.78436e-10
      5270.00  2.86550e-10
      5280.00  2.94253e-10
      5290.00  3.01406e-10
      5300.00  3.07859e-10
      5310.00  3.13473e-10
      5320.00  3.18144e-10
      5330.00  3.21837e-10
      5340.00  3.24593e-10
      5350.00  3.26470e-10
      5360.00  3.27446e-10
      5370.00  3.27394e-10
      5380.00  3.26152e-10
      5390.00  3.23615e-10
      5400.00  3.19894e-10
      5410.00  3.15411e-10
      5420.00  3.10839e-10
      5430.00  3.06906e-10
      5440.00  3.04205e-10
      5450.00  3.03075e-10
      5460.00  3.03566e-10
      5470.00  3.05440e-10
      5480.00  3.08214e-10
      5490.00  3.11253e-10
      5500.00  3.13870e-10
      5510.00  3.15430e-10
      5520.00  3.15390e-10
      5530.00  3.13323e-10
      5540.00  3.08937e-10
      5550.00  3.02109e-10
      5560.00  2.92904e-10
      5570.00  2.81560e-10
      5580.00  2.68437e-10
      5590.00  2.53969e-10
      5600.00  2.38608e-10
      5610.00  2.22771e-10
      5620.00  2.06842e-10
      5630.00  1.91193e-10
      5640.00  1.76232e-10
      5650.00  1.62438e-10
      5660.00  1.50366e-10
      5670.00  1.40618e-10
      5680.00  1.33790e-10
      5690.00  1.30398e-10
      5700.00  1.30810e-10
      5710.00  1.35193e-10
      5720.00  1.43501e-10
      5730.00  1.55482e-10
      5740.00  1.70690e-10
      5750.00  1.88499e-10
      5760.00  2.08127e-10
      5770.00  2.28678e-10
      5780.00  2.49211e-10
      5790.00  2.68819e-10
      5800.00  2.86698e-10
      5810.00  3.02200e-10
      5820.00  3.14860e-10
      5830.00  3.24427e-10
      5840.00  3.30877e-10
      5850.00  3.34387e-10
      5860.00  3.35254e-10
      5870.00  3.33836e-10
      5880.00  3.30489e-10
      5890.00  3.25529e-10
      5900.00  3.19198e-10
      5910.00  3.11634e-10
      5920.00  3.02895e-10
      5930.00  2.92998e-10
      5940.00  2.81993e-10
      5950.00  2.70001e-10
      5960.00  2.57245e-10
      5970.00  2.44053e-10
      5980.00  2.30838e-10
      5990.00  2.18058e-10
      6000.00  2.06149e-10
      6010.00  1.95484e-10
      6020.00  1.86341e-10
      6030.00  1.78895e-10
      6040.00  1.73218e-10
      6050.00  1.69263e-10
      6060.00  1.66867e-10
      6070.00  1.65773e-10
      6080.00  1.65679e-10
      6090.00  1.66307e-10
      6100.00  1.67452e-10
      6110.00  1.68994e-10
      6120.00  1.70877e-10
      6130.00  1.73071e-10
      6140.00  1.75538e-10
      6150.00  1.78213e-10
      6160.00  1.80983e-10
      6170.00  1.83683e-10
      6180.00  1.86091e-10
      6190.00  1.87942e-10
      6200.00  1.88946e-10
      6210.00  1.88831e-10
      6220.00  1.87381e-10
      6230.00  1.84479e-10
      6240.00  1.80147e-10
      6250.00  1.74561e-10
      6260.00  1.68054e-10
      6270.00  1.61076e-10
      6280.00  1.54147e-10
      6290.00  1.47789e-10
      6300.00  1.42476e-10
      6310.00  1.38590e-10
      6320.00  1.36394e-10
      6330.00  1.36003e-10
      6340.00  1.37381e-10
      6350.00  1.40377e-10
      6360.00  1.44799e-10
      6370.00  1.50467e-10
      6380.00  1.57254e-10
      6390.00  1.65080e-10
      6400.00  1.73839e-10
      6410.00  1.83228e-10
      6420.00  1.92669e-10
      6430.00  2.01475e-10
      6440.00  2.09148e-10
      6450.00  2.15491e-10
      6460.00  2.20480e-10
      6470.00  2.24090e-10
      6480.00  2.26257e-10
      6490.00  2.26918e-10
      6500.00  2.26052e-10
      6510.00  2.23700e-10
      6520.00  2.19950e-10
      6530.00  2.14918e-10
      6540.00  2.08736e-10
      6550.00  2.01553e-10
      6560.00  1.93526e-10
      6570.00  1.84824e-10
      6580.00  1.75616e-10
      6590.00  1.66076e-10
      6600.00  1.56382e-10
      6610.00  1.46719e-10
      6620.00  1.37279e-10
      6630.00  1.28238e-10
      6640.00  1.19736e-10
      6650.00  1.11868e-10
      6660.00  1.04676e-10
      6670.00  9.81642e-11
      6680.00  9.23122e-11
      6690.00  8.70912e-11
      6700.00  8.24751e-11
      6710.00  7.84442e-11
      6720.00  7.49812e-11
      6730.00  7.20669e-11
      6740.00  6.96768e-11
      6750.00  6.77821e-11
      6760.00  6.63516e-11
      6770.00  6.53518e-11
      6780.00  6.47481e-11
      6790.00  6.45065e-11
      6800.00  6.45982e-11
      6810.00  6.50015e-11
      6820.00  6.57018e-11
      6830.00  6.66883e-11
      6840.00  6.79516e-11
      6850.00  6.94830e-11
      6860.00  7.12751e-11
      6870.00  7.33141e-11
      6880.00  7.55671e-11
      6890.00  7.79688e-11
      6900.00  8.04151e-11
      6910.00  8.27711e-11
      6920.00  8.48942e-11
      6930.00  8.66659e-11
      6940.00  8.80188e-11
      6950.00  8.89500e-11
      6960.00  8.95177e-11
      6970.00  8.98256e-11
      6980.00  9.00000e-11
      6990.00  9.01662e-11
      7000.00  9.04288e-11
      7010.00  9.08588e-11
      7020.00  9.14912e-11
      7030.00  9.23304e-11
      7040.00  9.33596e-11
      7050.00  9.45498e-11
      7060.00  9.58650e-11
      7070.00  9.72677e-11
      7080.00  9.87229e-11
      7090.00  1.00205e-10
      7100.00  1.01701e-10
      7110.00  1.03214e-10
      7120.00  1.04761e-10
      7130.00  1.06363e-10
      7140.00  1.08036e-10
      7150.00  1.09787e-10
      7160.00  1.11613e-10
      7170.00  1.13503e-10
      7180.00  1.15439e-10
      7190.00  1.17396e-10
      7200.00  1.19340e-10
      7210.00  1.21222e-10
      7220.00  1.22979e-10
      7230.00  1.24534e-10
      7240.00  1.25809e-10
      7250.00  1.26739e-10
      7260.00  1.27287e-10
      7270.00  1.27465e-10
      7280.00  1.27329e-10
      7290.00  1.26972e-10
      7300.00  1.26499e-10
      7310.00  1.25921e-10
      7320.00  1.25243e-10
      7330.00  1.24620e-10
      7340.00  1.24049e-10
      7350.00  1.23517e-10
      7360.00  1.23008e-10
      7370.00  1.22513e-10
      7380.00  1.22029e-10
      7390.00  1.21558e-10
      7400.00  1.21093e-10
      7410.00  1.20613e-10
      7420.00  1.20072e-10
      7430.00  1.19406e-10
      7440.00  1.18539e-10
      7450.00  1.17404e-10
      7460.00  1.15956e-10
      7470.00  1.14184e-10
      7480.00  1.12120e-10
      7490.00  1.09847e-10
      7500.00  1.07486e-10
      7510.00  1.05167e-10
      7520.00  1.02995e-10
      7530.00  1.01024e-10
      7540.00  9.92561e-11
      7550.00  9.76652e-11
      7560.00  9.62311e-11
      7570.00  9.49585e-11
      7580.00  9.38792e-11
      7590.00  9.30438e-11
      7600.00  9.25073e-11
      7610.00  9.23147e-11
      7620.00  9.24904e-11
      7630.00  9.30384e-11
      7640.00  9.39509e-11
      7650.00  9.52086e-11
      7660.00  9.67646e-11
      7670.00  9.85236e-11
      7680.00  1.00338e-10
      7690.00  1.02033e-10
      7700.00  1.03439e-10
      7710.00  1.04424e-10
      7720.00  1.04898e-10
      7730.00  1.04822e-10
      7740.00  1.04190e-10
      7750.00  1.03035e-10
      7760.00  1.01419e-10
      7770.00  9.94383e-11
      7780.00  9.72113e-11
      7790.00  9.48648e-11
      7800.00  9.25124e-11
      7810.00  9.02351e-11
      7820.00  8.80706e-11
      7830.00  8.60135e-11
      7840.00  8.40241e-11
      7850.00  8.20418e-11
      7860.00  7.99991e-11
      7870.00  7.78353e-11
      7880.00  7.55090e-11
      7890.00  7.30068e-11
      7900.00  7.03475e-11
      7910.00  6.75793e-11
      7920.00  6.47696e-11
      7930.00  6.20034e-11
      7940.00  5.93598e-11
      7950.00  5.69021e-11
      7960.00  5.46677e-11
      7970.00  5.26635e-11
      7980.00  5.08698e-11
      7990.00  4.92521e-11
      8000.00  4.77752e-11
      8010.00  4.64143e-11
      8020.00  4.51586e-11
      8030.00  4.40049e-11
      8040.00  4.29480e-11
      8050.00  4.19698e-11
      8060.00  4.10360e-11
      8070.00  4.00996e-11
      8080.00  3.91106e-11
      8090.00  3.80258e-11
      8100.00  3.68163e-11
      8110.00  3.54691e-11
      8120.00  3.39861e-11
      8130.00  3.23823e-11
      8140.00  3.06862e-11
      8150.00  2.89411e-11
      8160.00  2.72055e-11
      8170.00  2.55504e-11
      8180.00  2.40504e-11
      8190.00  2.27726e-11
      8200.00  2.17640e-11
      8210.00  2.10428e-11
      8220.00  2.05966e-11
      8230.00  2.03887e-11
      8240.00  2.03689e-11
      8250.00  2.04860e-11
      8260.00  2.06971e-11
      8270.00  2.09723e-11
      8280.00  2.12941e-11
      8290.00  2.16557e-11
      8300.00  2.20582e-11
      8310.00  2.25095e-11
      8320.00  2.30230e-11
      8330.00  2.36173e-11
      8340.00  2.43143e-11
      8350.00  2.51393e-11
      8360.00  2.61197e-11
      8370.00  2.72836e-11
      8380.00  2.86563e-11
      8390.00  3.02555e-11
      8400.00  3.20851e-11
      8410.00  3.41314e-11
      8420.00  3.63625e-11
      8430.00  3.87316e-11
      8440.00  4.11814e-11
      8450.00  4.36477e-11
      8460.00  4.60612e-11
      8470.00  4.83482e-11
      8480.00  5.04336e-11
      8490.00  5.22492e-11
      8500.00  5.37453e-11
      8510.00  5.49036e-11
      8520.00  5.57445e-11
      8530.00  5.63258e-11
      8540.00  5.67305e-11
      8550.00  5.70481e-11
      8560.00  5.73547e-11
      8570.00  5.76988e-11
      8580.00  5.80965e-11
      8590.00  5.85361e-11
      8600.00  5.89916e-11
      8610.00  5.94387e-11
      8620.00  5.98679e-11
      8630.00  6.02909e-11
      8640.00  6.07372e-11
      8650.00  6.12437e-11
      8660.00  6.18416e-11
      8670.00  6.25466e-11
      8680.00  6.33558e-11
      8690.00  6.42494e-11
      8700.00  6.51970e-11
      8710.00  6.61632e-11
      8720.00  6.71144e-11
      8730.00  6.80229e-11
      8740.00  6.88702e-11
      8750.00  6.96468e-11
      8760.00  7.03482e-11
      8770.00  7.09671e-11
      8780.00  7.14844e-11
      8790.00  7.18645e-11
      8800.00  7.20572e-11
      8810.00  7.20084e-11
      8820.00  7.16750e-11
      8830.00  7.10396e-11
      8840.00  7.01179e-11
      8850.00  6.89569e-11
      8860.00  6.76237e-11
      8870.00  6.61905e-11
      8880.00  6.47198e-11
      8890.00  6.32561e-11
      8900.00  6.18239e-11
      8910.00  6.04316e-11
      8920.00  5.90786e-11
      8930.00  5.77625e-11
      8940.00  5.64838e-11
      8950.00  5.52488e-11
      8960.00  5.40692e-11
      8970.00  5.29609e-11
      8980.00  5.19426e-11
      8990.00  5.10343e-11
      9000.00  5.02569e-11
      9010.00  4.96310e-11
      9020.00  4.91761e-11
      9030.00  4.89087e-11
      9040.00  4.88406e-11
      9050.00  4.89770e-11
      9060.00  4.93174e-11
      9070.00  4.98563e-11
      9080.00  5.05866e-11
      9090.00  5.15004e-11
      9100.00  5.25894e-11
      9110.00  5.38417e-11
      9120.00  5.52394e-11
      9130.00  5.67569e-11
      9140.00  5.83637e-11
      9150.00  6.00298e-11
      9160.00  6.17328e-11
      9170.00  6.34617e-11
      9180.00  6.52155e-11
      9190.00  6.69951e-11
      9200.00  6.87931e-11
      9210.00  7.05861e-11
      9220.00  7.23335e-11
      9230.00  7.39863e-11
      9240.00  7.55022e-11
      9250.00  7.68603e-11
      9260.00  7.80666e-11
      9270.00  7.91455e-11
      9280.00  8.01204e-11
      9290.00  8.09955e-11
      9300.00  8.17506e-11
      9310.00  8.23532e-11
      9320.00  8.27789e-11
      9330.00  8.30257e-11
      9340.00  8.31145e-11
      9350.00  8.30787e-11
      9360.00  8.29516e-11
      9370.00  8.27581e-11
      9380.00  8.25127e-11
      9390.00  8.22223e-11
      9400.00  8.18891e-11
      9410.00  8.15131e-11
      9420.00  8.10939e-11
      9430.00  8.06309e-11
      9440.00  8.01243e-11
      9450.00  7.95747e-11
      9460.00  7.89832e-11
      9470.00  7.83517e-11
      9480.00  7.76823e-11
      9490.00  7.69781e-11
      9500.00  7.62426e-11
      9510.00  7.54795e-11
      9520.00  7.46935e-11
      9530.00  7.38893e-11
      9540.00  7.30721e-11
      9550.00  7.22473e-11
      9560.00  7.14208e-11
      9570.00  7.05983e-11
      9580.00  6.97857e-11
      9590.00  6.89888e-11
      9600.00  6.82133e-11
      9610.00  6.74647e-11
      9620.00  6.67481e-11
      9630.00  6.60682e-11
      9640.00  6.54293e-11
      9650.00  6.48352e-11
      9660.00  6.42895e-11
      9670.00  6.37949e-11
      9680.00  6.33540e-11
      9690.00  6.29689e-11
      9700.00  6.26415e-11
      9710.00  6.23732e-11
      9720.00  6.21651e-11
      9730.00  6.20181e-11
      9740.00  6.19327e-11
      9750.00  6.19089e-11
      9760.00  6.19462e-11
      9770.00  6.20434e-11
      9780.00  6.21987e-11
      9790.00  6.24093e-11
      9800.00  6.26717e-11
      9810.00  6.29811e-11
      9820.00  6.33321e-11
      9830.00  6.37184e-11
      9840.00  6.41331e-11
      9850.00  6.45687e-11
      9860.00  6.50178e-11
      9870.00  6.54728e-11
      9880.00  6.59269e-11
      9890.00  6.63737e-11
      9900.00  6.68079e-11
      9910.00  6.72256e-11
      9920.00  6.76239e-11
      9930.00  6.80013e-11
      9940.00  6.83577e-11
      9950.00  6.86939e-11
      9960.00  6.90117e-11
      9970.00  6.93133e-11
      9980.00  6.96011e-11
      9990.00  6.98773e-11
      10000.0  7.01433e-11
      10010.0  7.03996e-11
      10020.0  7.06456e-11
      10030.0  7.08791e-11
      10040.0  7.10964e-11
      10050.0  7.12924e-11
      10060.0  7.14609e-11
      10070.0  7.15946e-11
      10080.0  7.16860e-11
      10090.0  7.17275e-11
      10100.0  7.17120e-11
      10110.0  7.16334e-11
      10120.0  7.14876e-11
      10130.0  7.12719e-11
      10140.0  7.09863e-11
      10150.0  7.06327e-11
      10160.0  7.02155e-11
      10170.0  6.97412e-11
      10180.0  6.92179e-11
      10190.0  6.86548e-11
      10200.0  6.80621e-11
      10210.0  6.74499e-11
      10220.0  6.68281e-11
      10230.0  6.62055e-11
      10240.0  6.55900e-11
      10250.0  6.49876e-11
      10260.0  6.44029e-11
      10270.0  6.38387e-11
      10280.0  6.32962e-11
      10290.0  6.27752e-11
      10300.0  6.22744e-11
      10310.0  6.17913e-11
      10320.0  6.13229e-11
      10330.0  6.08658e-11
      10340.0  6.04163e-11
      10350.0  5.99706e-11
      10360.0  5.95250e-11
      10370.0  5.90761e-11
      10380.0  5.86203e-11
      10390.0  5.81545e-11
      10400.0  5.76756e-11
      10410.0  5.71806e-11
      10420.0  5.66668e-11
      10430.0  5.61316e-11
      10440.0  5.55725e-11
      10450.0  5.49874e-11
      10460.0  5.43742e-11
      10470.0  5.37315e-11
      10480.0  5.30580e-11
      10490.0  5.23532e-11
      10500.0  5.16168e-11
      10510.0  5.08494e-11
      10520.0  5.00522e-11
      10530.0  4.92269e-11
      10540.0  4.83761e-11
      10550.0  4.75030e-11
      10560.0  4.66112e-11
      10570.0  4.57052e-11
      10580.0  4.47896e-11
      10590.0  4.38698e-11
      10600.0  4.29511e-11
      10610.0  4.20391e-11
      10620.0  4.11394e-11
      10630.0  4.02575e-11
      10640.0  3.93987e-11
      10650.0  3.85679e-11
      10660.0  3.77696e-11
      10670.0  3.70076e-11
      10680.0  3.62851e-11
      10690.0  3.56047e-11
      10700.0  3.49681e-11
      10710.0  3.43763e-11
      10720.0  3.38293e-11
      10730.0  3.33266e-11
      10740.0  3.28666e-11
      10750.0  3.24474e-11
      10760.0  3.20661e-11
      10770.0  3.17196e-11
      10780.0  3.14042e-11
      10790.0  3.11158e-11
      10800.0  3.08502e-11
      10810.0  3.06031e-11
      10820.0  3.03703e-11
      10830.0  3.01476e-11
      10840.0  2.99310e-11
      10850.0  2.97170e-11
      10860.0  2.95023e-11
      10870.0  2.92840e-11
      10880.0  2.90598e-11
      10890.0  2.88278e-11
      10900.0  2.85865e-11
      10910.0  2.83349e-11
      10920.0  2.80726e-11
      10930.0  2.77991e-11
      10940.0  2.75147e-11
      10950.0  2.72197e-11
      10960.0  2.69145e-11
      10970.0  2.65998e-11
      10980.0  2.62763e-11
      10990.0  2.59445e-11
      11000.0  2.56050e-11
      11010.0  2.52583e-11
      11020.0  2.49048e-11
      11030.0  2.45444e-11
      11040.0  2.41772e-11
      11050.0  2.38030e-11
      11060.0  2.34215e-11
      11070.0  2.30322e-11
      11080.0  2.26346e-11
      11090.0  2.22282e-11
      11100.0  2.18124e-11
      11110.0  2.13868e-11
      11120.0  2.09511e-11
      11130.0  2.05052e-11
      11140.0  2.00493e-11
      11150.0  1.95837e-11
      11160.0  1.91092e-11
      11170.0  1.86268e-11
      11180.0  1.81379e-11
      11190.0  1.76440e-11
      11200.0  1.71472e-11
      11210.0  1.66497e-11
      11220.0  1.61539e-11
      11230.0  1.56624e-11
      11240.0  1.51778e-11
      11250.0  1.47030e-11
      11260.0  1.42405e-11
      11270.0  1.37929e-11
      11280.0  1.33628e-11
      11290.0  1.29522e-11
      11300.0  1.25631e-11
      11310.0  1.21970e-11
      11320.0  1.18553e-11
      11330.0  1.15388e-11
      11340.0  1.12480e-11
      11350.0  1.09829e-11
      11360.0  1.07434e-11
      11370.0  1.05286e-11
      11380.0  1.03377e-11
      11390.0  1.01694e-11
      11400.0  1.00221e-11
      11410.0  9.89386e-12
      11420.0  9.78280e-12
      11430.0  9.68672e-12
      11440.0  9.60335e-12
      11450.0  9.53034e-12
      11460.0  9.46533e-12
      11470.0  9.40598e-12
      11480.0  9.34999e-12
      11490.0  9.29517e-12
      11500.0  9.23945e-12
      11510.0  9.18093e-12
      11520.0  9.11789e-12
      11530.0  9.04882e-12
      11540.0  8.97245e-12
      11550.0  8.88776e-12
      11560.0  8.79398e-12
      11570.0  8.69062e-12
      11580.0  8.57745e-12
      11590.0  8.45449e-12
      11600.0  8.32204e-12
      11610.0  8.18062e-12
      11620.0  8.03095e-12
      11630.0  7.87398e-12
      11640.0  7.71081e-12
      11650.0  7.54266e-12
      11660.0  7.37090e-12
      11670.0  7.19693e-12
      11680.0  7.02222e-12
      11690.0  6.84821e-12
      11700.0  6.67636e-12
      11710.0  6.50805e-12
      11720.0  6.34457e-12
      11730.0  6.18712e-12
      11740.0  6.03677e-12
      11750.0  5.89444e-12
      11760.0  5.76090e-12
      11770.0  5.63675e-12
      11780.0  5.52242e-12
      11790.0  5.41815e-12
      11800.0  5.32405e-12
      11810.0  5.24002e-12
      11820.0  5.16584e-12
      11830.0  5.10112e-12
      11840.0  5.04535e-12
      11850.0  4.99791e-12
      11860.0  4.95808e-12
      11870.0  4.92506e-12
      11880.0  4.89800e-12
      11890.0  4.87601e-12
      11900.0  4.85819e-12
      11910.0  4.84362e-12
      11920.0  4.83144e-12
      11930.0  4.82079e-12
      11940.0  4.81091e-12
      11950.0  4.80107e-12
      11960.0  4.79065e-12
      11970.0  4.77913e-12
      11980.0  4.76608e-12
      11990.0  4.75119e-12
      12000.0  4.73426e-12
      12010.0  4.71522e-12
      12020.0  4.69410e-12
      12030.0  4.67104e-12
      12040.0  4.64631e-12
      12050.0  4.62025e-12
      12060.0  4.59332e-12
      12070.0  4.56602e-12
      12080.0  4.53895e-12
      12090.0  4.51276e-12
      12100.0  4.48813e-12
      12110.0  4.46578e-12
      12120.0  4.44645e-12
      12130.0  4.43087e-12
      12140.0  4.41980e-12
      12150.0  4.41393e-12
      12160.0  4.41397e-12
      12170.0  4.42057e-12
      12180.0  4.43435e-12
      12190.0  4.45586e-12
      12200.0  4.48562e-12
      12210.0  4.52407e-12
      12220.0  4.57159e-12
      12230.0  4.62848e-12
      12240.0  4.69499e-12
      12250.0  4.77126e-12
      12260.0  4.85740e-12
      12270.0  4.95341e-12
      12280.0  5.05924e-12
      12290.0  5.17475e-12
      12300.0  5.29974e-12
      12310.0  5.43394e-12
      12320.0  5.57702e-12
      12330.0  5.72860e-12
      12340.0  5.88822e-12
      12350.0  6.05539e-12
      12360.0  6.22956e-12
      12370.0  6.41014e-12
      12380.0  6.59647e-12
      12390.0  6.78787e-12
      12400.0  6.98363e-12
      12410.0  7.18295e-12
      12420.0  7.38503e-12
      12430.0  7.58902e-12
      12440.0  7.79402e-12
      12450.0  7.99910e-12
      12460.0  8.20328e-12
      12470.0  8.40559e-12
      12480.0  8.60498e-12
      12490.0  8.80043e-12
      12500.0  8.99089e-12
      12510.0  9.17531e-12
      12520.0  9.35269e-12
      12530.0  9.52202e-12
      12540.0  9.68235e-12
      12550.0  9.83280e-12
      12560.0  9.97256e-12
      12570.0  1.01009e-11
      12580.0  1.02172e-11
      12590.0  1.03209e-11
      12600.0  1.04117e-11
      12610.0  1.04893e-11
      12620.0  1.05534e-11
      12630.0  1.06042e-11
      12640.0  1.06417e-11
      12650.0  1.06660e-11
      12660.0  1.06776e-11
      12670.0  1.06768e-11
      12680.0  1.06641e-11
      12690.0  1.06400e-11
      12700.0  1.06051e-11
      12710.0  1.05602e-11
      12720.0  1.05057e-11
      12730.0  1.04424e-11
      12740.0  1.03710e-11
      12750.0  1.02920e-11
      12760.0  1.02060e-11
      12770.0  1.01137e-11
      12780.0  1.00156e-11
      12790.0  9.91220e-12
      12800.0  9.80396e-12
      12810.0  9.69133e-12
      12820.0  9.57471e-12
      12830.0  9.45447e-12
      12840.0  9.33094e-12
      12850.0  9.20445e-12
      12860.0  9.07528e-12
      12870.0  8.94371e-12
      12880.0  8.80999e-12
      12890.0  8.67438e-12
      12900.0  8.53710e-12
      12910.0  8.39840e-12
      12920.0  8.25850e-12
      12930.0  8.11762e-12
      12940.0  7.97600e-12
      12950.0  7.83387e-12
      12960.0  7.69146e-12
      12970.0  7.54902e-12
      12980.0  7.40679e-12
      12990.0  7.26505e-12
      13000.0  7.12407e-12
      13010.0  6.98415e-12
      13020.0  6.84558e-12
      13030.0  6.70870e-12
      13040.0  6.57383e-12
      13050.0  6.44133e-12
      13060.0  6.31157e-12
      13070.0  6.18491e-12
      13080.0  6.06175e-12
      13090.0  5.94247e-12
      13100.0  5.82747e-12
      13110.0  5.71714e-12
      13120.0  5.61185e-12
      13130.0  5.51199e-12
      13140.0  5.41791e-12
      13150.0  5.32997e-12
      13160.0  5.24846e-12
      13170.0  5.17371e-12
      13180.0  5.10596e-12
      13190.0  5.04548e-12
      13200.0  4.99248e-12
      13210.0  4.94713e-12
      13220.0  4.90961e-12
      13230.0  4.88003e-12
      13240.0  4.85851e-12
      13250.0  4.84512e-12
      13260.0  4.83990e-12
      13270.0  4.84288e-12
      13280.0  4.85408e-12
      13290.0  4.87345e-12
      13300.0  4.90095e-12
      13310.0  4.93651e-12
      13320.0  4.98002e-12
      13330.0  5.03132e-12
      13340.0  5.09025e-12
      13350.0  5.15657e-12
      13360.0  5.23002e-12
      13370.0  5.31025e-12
      13380.0  5.39687e-12
      13390.0  5.48944e-12
      13400.0  5.58740e-12
      13410.0  5.69016e-12
      13420.0  5.79703e-12
      13430.0  5.90724e-12
      13440.0  6.01997e-12
      13450.0  6.13429e-12
      13460.0  6.24925e-12
      13470.0  6.36382e-12
      13480.0  6.47695e-12
      13490.0  6.58756e-12
      13500.0  6.69459e-12
      13510.0  6.79698e-12
      13520.0  6.89373e-12
      13530.0  6.98389e-12
      13540.0  7.06663e-12
      13550.0  7.14120e-12
      13560.0  7.20699e-12
      13570.0  7.26357e-12
      13580.0  7.31062e-12
      13590.0  7.34803e-12
      13600.0  7.37584e-12
      13610.0  7.39429e-12
      13620.0  7.40375e-12
      13630.0  7.40477e-12
      13640.0  7.39804e-12
      13650.0  7.38437e-12
      13660.0  7.36466e-12
      13670.0  7.33989e-12
      13680.0  7.31109e-12
      13690.0  7.27929e-12
      13700.0  7.24554e-12
      13710.0  7.21083e-12
      13720.0  7.17612e-12
      13730.0  7.14225e-12
      13740.0  7.11000e-12
      13750.0  7.08002e-12
      13760.0  7.05283e-12
      13770.0  7.02882e-12
      13780.0  7.00822e-12
      13790.0  6.99116e-12
      13800.0  6.97760e-12
      13810.0  6.96736e-12
      13820.0  6.96014e-12
      13830.0  6.95553e-12
      13840.0  6.95299e-12
      13850.0  6.95191e-12
      13860.0  6.95160e-12
      13870.0  6.95128e-12
      13880.0  6.95015e-12
      13890.0  6.94739e-12
      13900.0  6.94215e-12
      13910.0  6.93360e-12
      13920.0  6.92094e-12
      13930.0  6.90344e-12
      13940.0  6.88039e-12
      13950.0  6.85120e-12
      13960.0  6.81535e-12
      13970.0  6.77244e-12
      13980.0  6.72219e-12
      13990.0  6.66443e-12
      14000.0  6.59913e-12
      14010.0  6.52637e-12
      14020.0  6.44638e-12
      14030.0  6.35952e-12
      14040.0  6.26623e-12
      14050.0  6.16711e-12
      14060.0  6.06281e-12
      14070.0  5.95411e-12
      14080.0  5.84184e-12
      14090.0  5.72689e-12
      14100.0  5.61018e-12
      14110.0  5.49270e-12
      14120.0  5.37541e-12
      14130.0  5.25929e-12
      14140.0  5.14530e-12
      14150.0  5.03438e-12
      14160.0  4.92743e-12
      14170.0  4.82530e-12
      14180.0  4.72880e-12
      14190.0  4.63866e-12
      14200.0  4.55554e-12
      14210.0  4.48006e-12
      14220.0  4.41274e-12
      14230.0  4.35402e-12
      14240.0  4.30428e-12
      14250.0  4.26379e-12
      14260.0  4.23277e-12
      14270.0  4.21134e-12
      14280.0  4.19954e-12
      14290.0  4.19732e-12
      14300.0  4.20455e-12
      14310.0  4.22103e-12
      14320.0  4.24645e-12
      14330.0  4.28045e-12
      14340.0  4.32257e-12
      14350.0  4.37229e-12
      14360.0  4.42900e-12
      14370.0  4.49203e-12
      14380.0  4.56067e-12
      14390.0  4.63414e-12
      14400.0  4.71162e-12
      14410.0  4.79226e-12
      14420.0  4.87518e-12
      14430.0  4.95951e-12
      14440.0  5.04438e-12
      14450.0  5.12891e-12
      14460.0  5.21228e-12
      14470.0  5.29371e-12
      14480.0  5.37246e-12
      14490.0  5.44787e-12
      14500.0  5.51934e-12
      14510.0  5.58639e-12
      14520.0  5.64859e-12
      14530.0  5.70562e-12
      14540.0  5.75728e-12
      14550.0  5.80344e-12
      14560.0  5.84408e-12
      14570.0  5.87928e-12
      14580.0  5.90919e-12
      14590.0  5.93405e-12
      14600.0  5.95418e-12
      14610.0  5.96995e-12
      14620.0  5.98179e-12
      14630.0  5.99017e-12
      14640.0  5.99558e-12
      14650.0  5.99856e-12
      14660.0  5.99963e-12
      14670.0  5.99934e-12
      14680.0  5.99821e-12
      14690.0  5.99676e-12
      14700.0  5.99551e-12
      14710.0  5.99494e-12
      14720.0  5.99550e-12
      14730.0  5.99764e-12
      14740.0  6.00176e-12
      14750.0  6.00824e-12
      14760.0  6.01745e-12
      14770.0  6.02972e-12
      14780.0  6.04536e-12
      14790.0  6.06467e-12
      14800.0  6.08791e-12
      14810.0  6.11535e-12
      14820.0  6.14722e-12
      14830.0  6.18377e-12
      14840.0  6.22522e-12
      14850.0  6.27177e-12
      14860.0  6.32363e-12
      14870.0  6.38099e-12
      14880.0  6.44404e-12
      14890.0  6.51293e-12
      14900.0  6.58782e-12
      14910.0  6.66884e-12
      14920.0  6.75610e-12
      14930.0  6.84969e-12
      14940.0  6.94965e-12
      14950.0  7.05600e-12
      14960.0  7.16870e-12
      14970.0  7.28768e-12
      14980.0  7.41281e-12
      14990.0  7.54391e-12
      15000.0  7.68073e-12
      15010.0  7.82297e-12
      15020.0  7.97027e-12
      15030.0  8.12222e-12
      15040.0  8.27833e-12
      15050.0  8.43808e-12
      15060.0  8.60091e-12
      15070.0  8.76622e-12
      15080.0  8.93339e-12
      15090.0  9.10177e-12
      15100.0  9.27073e-12
      15110.0  9.43964e-12
      15120.0  9.60788e-12
      15130.0  9.77489e-12
      15140.0  9.94013e-12
      15150.0  1.01031e-11
      15160.0  1.02634e-11
      15170.0  1.04207e-11
      15180.0  1.05746e-11
      15190.0  1.07249e-11
      15200.0  1.08715e-11
      15210.0  1.10141e-11
      15220.0  1.11529e-11
      15230.0  1.12876e-11
      15240.0  1.14184e-11
      15250.0  1.15452e-11
      15260.0  1.16681e-11
      15270.0  1.17871e-11
      15280.0  1.19023e-11
      15290.0  1.20136e-11
      15300.0  1.21212e-11
      15310.0  1.22249e-11
      15320.0  1.23247e-11
      15330.0  1.24206e-11
      15340.0  1.25123e-11
      15350.0  1.25998e-11
      15360.0  1.26828e-11
      15370.0  1.27612e-11
      15380.0  1.28348e-11
      15390.0  1.29033e-11
      15400.0  1.29666e-11
      15410.0  1.30243e-11
      15420.0  1.30763e-11
      15430.0  1.31223e-11
      15440.0  1.31621e-11
      15450.0  1.31957e-11
      15460.0  1.32227e-11
      15470.0  1.32431e-11
      15480.0  1.32569e-11
      15490.0  1.32638e-11
      15500.0  1.32639e-11
      15510.0  1.32571e-11
      15520.0  1.32434e-11
      15530.0  1.32229e-11
      15540.0  1.31957e-11
      15550.0  1.31617e-11
      15560.0  1.31211e-11
      15570.0  1.30741e-11
      15580.0  1.30208e-11
      15590.0  1.29614e-11
      15600.0  1.28962e-11
      15610.0  1.28253e-11
      15620.0  1.27491e-11
      15630.0  1.26680e-11
      15640.0  1.25822e-11
      15650.0  1.24923e-11
      15660.0  1.23985e-11
      15670.0  1.23014e-11
      15680.0  1.22015e-11
      15690.0  1.20993e-11
      15700.0  1.19954e-11
      15710.0  1.18902e-11
      15720.0  1.17844e-11
      15730.0  1.16785e-11
      15740.0  1.15732e-11
      15750.0  1.14689e-11
      15760.0  1.13663e-11
      15770.0  1.12658e-11
      15780.0  1.11680e-11
      15790.0  1.10733e-11
      15800.0  1.09821e-11
      15810.0  1.08950e-11
      15820.0  1.08121e-11
      15830.0  1.07338e-11
      15840.0  1.06604e-11
      15850.0  1.05920e-11
      15860.0  1.05287e-11
      15870.0  1.04707e-11
      15880.0  1.04180e-11
      15890.0  1.03706e-11
      15900.0  1.03285e-11
      15910.0  1.02915e-11
      15920.0  1.02595e-11
      15930.0  1.02324e-11
      15940.0  1.02099e-11
      15950.0  1.01919e-11
      15960.0  1.01781e-11
      15970.0  1.01683e-11
      15980.0  1.01622e-11
      15990.0  1.01596e-11
      16000.0  1.01601e-11
      16010.0  1.01636e-11
      16020.0  1.01698e-11
      16030.0  1.01785e-11
      16040.0  1.01893e-11
      16050.0  1.02022e-11
      16060.0  1.02168e-11
      16070.0  1.02331e-11
      16080.0  1.02508e-11
      16090.0  1.02697e-11
      16100.0  1.02897e-11
      16110.0  1.03107e-11
      16120.0  1.03325e-11
      16130.0  1.03551e-11
      16140.0  1.03783e-11
      16150.0  1.04020e-11
      16160.0  1.04261e-11
      16170.0  1.04504e-11
      16180.0  1.04750e-11
      16190.0  1.04996e-11
      16200.0  1.05242e-11
      16210.0  1.05485e-11
      16220.0  1.05725e-11
      16230.0  1.05960e-11
      16240.0  1.06188e-11
      16250.0  1.06406e-11
      16260.0  1.06614e-11
      16270.0  1.06808e-11
      16280.0  1.06987e-11
      16290.0  1.07149e-11
      16300.0  1.07290e-11
      16310.0  1.07409e-11
      16320.0  1.07504e-11
      16330.0  1.07574e-11
      16340.0  1.07617e-11
      16350.0  1.07633e-11
      16360.0  1.07623e-11
      16370.0  1.07587e-11
      16380.0  1.07527e-11
      16390.0  1.07446e-11
      16400.0  1.07347e-11
      16410.0  1.07234e-11
      16420.0  1.07114e-11
      16430.0  1.06991e-11
      16440.0  1.06874e-11
      16450.0  1.06769e-11
      16460.0  1.06683e-11
      16470.0  1.06625e-11
      16480.0  1.06602e-11
      16490.0  1.06622e-11
      16500.0  1.06692e-11
      16510.0  1.06818e-11
      16520.0  1.07006e-11
      16530.0  1.07262e-11
      16540.0  1.07588e-11
      16550.0  1.07988e-11
      16560.0  1.08464e-11
      16570.0  1.09016e-11
      16580.0  1.09643e-11
      16590.0  1.10343e-11
      16600.0  1.11113e-11
      16610.0  1.11950e-11
      16620.0  1.12847e-11
      16630.0  1.13798e-11
      16640.0  1.14797e-11
      16650.0  1.15835e-11
      16660.0  1.16903e-11
      16670.0  1.17993e-11
      16680.0  1.19095e-11
      16690.0  1.20199e-11
      16700.0  1.21295e-11
      16710.0  1.22372e-11
      16720.0  1.23421e-11
      16730.0  1.24431e-11
      16740.0  1.25394e-11
      16750.0  1.26301e-11
      16760.0  1.27142e-11
      16770.0  1.27912e-11
      16780.0  1.28602e-11
      16790.0  1.29208e-11
      16800.0  1.29724e-11
      16810.0  1.30146e-11
      16820.0  1.30472e-11
      16830.0  1.30700e-11
      16840.0  1.30830e-11
      16850.0  1.30861e-11
      16860.0  1.30795e-11
      16870.0  1.30635e-11
      16880.0  1.30384e-11
      16890.0  1.30045e-11
      16900.0  1.29624e-11
      16910.0  1.29126e-11
      16920.0  1.28557e-11
      16930.0  1.27925e-11
      16940.0  1.27235e-11
      16950.0  1.26496e-11
      16960.0  1.25715e-11
      16970.0  1.24899e-11
      16980.0  1.24058e-11
      16990.0  1.23198e-11
      17000.0  1.22327e-11
      17010.0  1.21452e-11
      17020.0  1.20582e-11
      17030.0  1.19722e-11
      17040.0  1.18879e-11
      17050.0  1.18059e-11
      17060.0  1.17268e-11
      17070.0  1.16510e-11
      17080.0  1.15789e-11
      17090.0  1.15110e-11
      17100.0  1.14475e-11
      17110.0  1.13886e-11
      17120.0  1.13345e-11
      17130.0  1.12853e-11
      17140.0  1.12410e-11
      17150.0  1.12017e-11
      17160.0  1.11672e-11
      17170.0  1.11374e-11
      17180.0  1.11120e-11
      17190.0  1.10910e-11
      17200.0  1.10740e-11
      17210.0  1.10607e-11
      17220.0  1.10508e-11
      17230.0  1.10439e-11
      17240.0  1.10398e-11
      17250.0  1.10381e-11
      17260.0  1.10383e-11
      17270.0  1.10403e-11
      17280.0  1.10435e-11
      17290.0  1.10478e-11
      17300.0  1.10528e-11
      17310.0  1.10583e-11
      17320.0  1.10640e-11
      17330.0  1.10698e-11
      17340.0  1.10755e-11
      17350.0  1.10809e-11
      17360.0  1.10860e-11
      17370.0  1.10908e-11
      17380.0  1.10951e-11
      17390.0  1.10992e-11
      17400.0  1.11029e-11
      17410.0  1.11064e-11
      17420.0  1.11099e-11
      17430.0  1.11134e-11
      17440.0  1.11170e-11
      17450.0  1.11210e-11
      17460.0  1.11254e-11
      17470.0  1.11305e-11
      17480.0  1.11363e-11
      17490.0  1.11430e-11
      17500.0  1.11506e-11
      17510.0  1.11592e-11
      17520.0  1.11690e-11
      17530.0  1.11798e-11
      17540.0  1.11916e-11
      17550.0  1.12044e-11
      17560.0  1.12180e-11
      17570.0  1.12322e-11
      17580.0  1.12470e-11
      17590.0  1.12620e-11
      17600.0  1.12769e-11
      17610.0  1.12916e-11
      17620.0  1.13056e-11
      17630.0  1.13186e-11
      17640.0  1.13303e-11
      17650.0  1.13403e-11
      17660.0  1.13483e-11
      17670.0  1.13539e-11
      17680.0  1.13567e-11
      17690.0  1.13566e-11
      17700.0  1.13531e-11
      17710.0  1.13461e-11
      17720.0  1.13352e-11
      17730.0  1.13204e-11
      17740.0  1.13016e-11
      17750.0  1.12785e-11
      17760.0  1.12512e-11
      17770.0  1.12196e-11
      17780.0  1.11839e-11
      17790.0  1.11441e-11
      17800.0  1.11004e-11
      17810.0  1.10529e-11
      17820.0  1.10018e-11
      17830.0  1.09473e-11
      17840.0  1.08898e-11
      17850.0  1.08295e-11
      17860.0  1.07668e-11
      17870.0  1.07020e-11
      17880.0  1.06354e-11
      17890.0  1.05673e-11
      17900.0  1.04982e-11
      17910.0  1.04285e-11
      17920.0  1.03584e-11
      17930.0  1.02884e-11
      17940.0  1.02187e-11
      17950.0  1.01499e-11
      17960.0  1.00821e-11
      17970.0  1.00158e-11
      17980.0  9.95126e-12
      17990.0  9.88877e-12
      18000.0  9.82862e-12
      18010.0  9.77107e-12
      18020.0  9.71635e-12
      18030.0  9.66466e-12
      18040.0  9.61616e-12
      18050.0  9.57099e-12
      18060.0  9.52922e-12
      18070.0  9.49089e-12
      18080.0  9.45599e-12
      18090.0  9.42446e-12
      18100.0  9.39616e-12
      18110.0  9.37092e-12
      18120.0  9.34849e-12
      18130.0  9.32856e-12
      18140.0  9.31076e-12
      18150.0  9.29468e-12
      18160.0  9.27981e-12
      18170.0  9.26561e-12
      18180.0  9.25150e-12
      18190.0  9.23684e-12
      18200.0  9.22095e-12
      18210.0  9.20315e-12
      18220.0  9.18271e-12
      18230.0  9.15890e-12
      18240.0  9.13101e-12
      18250.0  9.09833e-12
      18260.0  9.06017e-12
      18270.0  9.01589e-12
      18280.0  8.96490e-12
      18290.0  8.90666e-12
      18300.0  8.84070e-12
      18310.0  8.76664e-12
      18320.0  8.68418e-12
      18330.0  8.59312e-12
      18340.0  8.49336e-12
      18350.0  8.38493e-12
      18360.0  8.26793e-12
      18370.0  8.14260e-12
      18380.0  8.00928e-12
      18390.0  7.86844e-12
      18400.0  7.72064e-12
      18410.0  7.56654e-12
      18420.0  7.40690e-12
      18430.0  7.24258e-12
      18440.0  7.07450e-12
      18450.0  6.90364e-12
      18460.0  6.73106e-12
      18470.0  6.55783e-12
      18480.0  6.38506e-12
      18490.0  6.21387e-12
      18500.0  6.04537e-12
      18510.0  5.88065e-12
      18520.0  5.72078e-12
      18530.0  5.56675e-12
      18540.0  5.41949e-12
      18550.0  5.27988e-12
      18560.0  5.14867e-12
      18570.0  5.02652e-12
      18580.0  4.91398e-12
      18590.0  4.81149e-12
      18600.0  4.71935e-12
      18610.0  4.63772e-12
      18620.0  4.56666e-12
      18630.0  4.50607e-12
      18640.0  4.45573e-12
      18650.0  4.41532e-12
      18660.0  4.38437e-12
      18670.0  4.36234e-12
      18680.0  4.34857e-12
      18690.0  4.34232e-12
      18700.0  4.34280e-12
      18710.0  4.34916e-12
      18720.0  4.36050e-12
      18730.0  4.37591e-12
      18740.0  4.39447e-12
      18750.0  4.41528e-12
      18760.0  4.43744e-12
      18770.0  4.46013e-12
      18780.0  4.48253e-12
      18790.0  4.50393e-12
      18800.0  4.52367e-12
      18810.0  4.54117e-12
      18820.0  4.55594e-12
      18830.0  4.56758e-12
      18840.0  4.57578e-12
      18850.0  4.58033e-12
      18860.0  4.58110e-12
      18870.0  4.57806e-12
      18880.0  4.57125e-12
      18890.0  4.56078e-12
      18900.0  4.54685e-12
      18910.0  4.52970e-12
      18920.0  4.50962e-12
      18930.0  4.48695e-12
      18940.0  4.46204e-12
      18950.0  4.43529e-12
      18960.0  4.40707e-12
      18970.0  4.37779e-12
      18980.0  4.34783e-12
      18990.0  4.31756e-12
      19000.0  4.28734e-12
      19010.0  4.25749e-12
      19020.0  4.22831e-12
      19030.0  4.20007e-12
      19040.0  4.17300e-12
      19050.0  4.14729e-12
      19060.0  4.12311e-12
      19070.0  4.10060e-12
      19080.0  4.07984e-12
      19090.0  4.06091e-12
      19100.0  4.04387e-12
      19110.0  4.02873e-12
      19120.0  4.01551e-12
      19130.0  4.00420e-12
      19140.0  3.99479e-12
      19150.0  3.98726e-12
      19160.0  3.98160e-12
      19170.0  3.97779e-12
      19180.0  3.97583e-12
      19190.0  3.97570e-12
      19200.0  3.97742e-12
      19210.0  3.98102e-12
      19220.0  3.98654e-12
      19230.0  3.99403e-12
      19240.0  4.00356e-12
      19250.0  4.01522e-12
      19260.0  4.02912e-12
      19270.0  4.04538e-12
      19280.0  4.06412e-12
      19290.0  4.08550e-12
      19300.0  4.10967e-12
      19310.0  4.13678e-12
      19320.0  4.16701e-12
      19330.0  4.20049e-12
      19340.0  4.23741e-12
      19350.0  4.27789e-12
      19360.0  4.32207e-12
      19370.0  4.37007e-12
      19380.0  4.42198e-12
      19390.0  4.47786e-12
      19400.0  4.53774e-12
      19410.0  4.60164e-12
      19420.0  4.66950e-12
      19430.0  4.74125e-12
      19440.0  4.81678e-12
      19450.0  4.89592e-12
      19460.0  4.97845e-12
      19470.0  5.06413e-12
      19480.0  5.15266e-12
      19490.0  5.24369e-12
      19500.0  5.33684e-12
      19510.0  5.43170e-12
      19520.0  5.52781e-12
      19530.0  5.62467e-12
      19540.0  5.72178e-12
      19550.0  5.81861e-12
      19560.0  5.91460e-12
      19570.0  6.00918e-12
      19580.0  6.10181e-12
      19590.0  6.19191e-12
      19600.0  6.27892e-12
      19610.0  6.36230e-12
      19620.0  6.44153e-12
      19630.0  6.51611e-12
      19640.0  6.58557e-12
      19650.0  6.64947e-12
      19660.0  6.70743e-12
      19670.0  6.75908e-12
      19680.0  6.80413e-12
      19690.0  6.84233e-12
      19700.0  6.87347e-12
      19710.0  6.89741e-12
      19720.0  6.91407e-12
      19730.0  6.92340e-12
      19740.0  6.92544e-12
      19750.0  6.92025e-12
      19760.0  6.90797e-12
      19770.0  6.88877e-12
      19780.0  6.86289e-12
      19790.0  6.83058e-12
      19800.0  6.79215e-12
      19810.0  6.74794e-12
      19820.0  6.69832e-12
      19830.0  6.64367e-12
      19840.0  6.58439e-12
      19850.0  6.52091e-12
      19860.0  6.45364e-12
      19870.0  6.38299e-12
      19880.0  6.30938e-12
      19890.0  6.23320e-12
      19900.0  6.15483e-12
      19910.0  6.07464e-12
      19920.0  5.99297e-12
      19930.0  5.91012e-12
      19940.0  5.82638e-12
      19950.0  5.74200e-12
      19960.0  5.65722e-12
      19970.0  5.57221e-12
      19980.0  5.48717e-12
      19990.0  5.40222e-12
      20000.0  5.31748e-12
      20010.0  5.23305e-12
      20020.0  5.14902e-12
      20030.0  5.06543e-12
      20040.0  4.98234e-12
      20050.0  4.89979e-12
      20060.0  4.81783e-12
      20070.0  4.73647e-12
      20080.0  4.65577e-12
      20090.0  4.57575e-12
      20100.0  4.49647e-12
      20110.0  4.41798e-12
      20120.0  4.34033e-12
      20130.0  4.26361e-12
      20140.0  4.18789e-12
      20150.0  4.11328e-12
      20160.0  4.03988e-12
      20170.0  3.96781e-12
      20180.0  3.89719e-12
      20190.0  3.82817e-12
      20200.0  3.76088e-12
      20210.0  3.69548e-12
      20220.0  3.63211e-12
      20230.0  3.57093e-12
      20240.0  3.51208e-12
      20250.0  3.45572e-12
      20260.0  3.40199e-12
      20270.0  3.35102e-12
      20280.0  3.30294e-12
      20290.0  3.25787e-12
      20300.0  3.21591e-12
      20310.0  3.17714e-12
      20320.0  3.14164e-12
      20330.0  3.10947e-12
      20340.0  3.08067e-12
      20350.0  3.05526e-12
      20360.0  3.03325e-12
      20370.0  3.01462e-12
      20380.0  2.99934e-12
      20390.0  2.98735e-12
      20400.0  2.97861e-12
      20410.0  2.97302e-12
      20420.0  2.97048e-12
      20430.0  2.97088e-12
      20440.0  2.97410e-12
      20450.0  2.98000e-12
      20460.0  2.98843e-12
      20470.0  2.99922e-12
      20480.0  3.01222e-12
      20490.0  3.02726e-12
      20500.0  3.04415e-12
      20510.0  3.06271e-12
      20520.0  3.08277e-12
      20530.0  3.10414e-12
      20540.0  3.12664e-12
      20550.0  3.15009e-12
      20560.0  3.17433e-12
      20570.0  3.19919e-12
      20580.0  3.22450e-12
      20590.0  3.25012e-12
      20600.0  3.27591e-12
      20610.0  3.30174e-12
      20620.0  3.32748e-12
      20630.0  3.35304e-12
      20640.0  3.37831e-12
      20650.0  3.40323e-12
      20660.0  3.42773e-12
      20670.0  3.45175e-12
      20680.0  3.47526e-12
      20690.0  3.49823e-12
      20700.0  3.52067e-12
      20710.0  3.54256e-12
      20720.0  3.56394e-12
      20730.0  3.58482e-12
      20740.0  3.60524e-12
      20750.0  3.62526e-12
      20760.0  3.64492e-12
      20770.0  3.66428e-12
      20780.0  3.68342e-12
      20790.0  3.70240e-12
      20800.0  3.72128e-12
      20810.0  3.74015e-12
      20820.0  3.75905e-12
      20830.0  3.77804e-12
      20840.0  3.79720e-12
      20850.0  3.81655e-12
      20860.0  3.83613e-12
      20870.0  3.85598e-12
      20880.0  3.87610e-12
      20890.0  3.89650e-12
      20900.0  3.91717e-12
      20910.0  3.93809e-12
      20920.0  3.95921e-12
      20930.0  3.98048e-12
      20940.0  4.00186e-12
      20950.0  4.02325e-12
      20960.0  4.04459e-12
      20970.0  4.06577e-12
      20980.0  4.08669e-12
      20990.0  4.10724e-12
      21000.0  4.12731e-12
      21010.0  4.14679e-12
      21020.0  4.16555e-12
      21030.0  4.18347e-12
      21040.0  4.20044e-12
      21050.0  4.21635e-12
      21060.0  4.23108e-12
      21070.0  4.24454e-12
      21080.0  4.25662e-12
      21090.0  4.26725e-12
      21100.0  4.27634e-12
      21110.0  4.28383e-12
      21120.0  4.28966e-12
      21130.0  4.29379e-12
      21140.0  4.29618e-12
      21150.0  4.29681e-12
      21160.0  4.29567e-12
      21170.0  4.29274e-12
      21180.0  4.28805e-12
      21190.0  4.28160e-12
      21200.0  4.27342e-12
      21210.0  4.26353e-12
      21220.0  4.25196e-12
      21230.0  4.23876e-12
      21240.0  4.22397e-12
      21250.0  4.20764e-12
      21260.0  4.18979e-12
      21270.0  4.17050e-12
      21280.0  4.14979e-12
      21290.0  4.12771e-12
      21300.0  4.10431e-12
      21310.0  4.07962e-12
      21320.0  4.05368e-12
      21330.0  4.02652e-12
      21340.0  3.99818e-12
      21350.0  3.96868e-12
      21360.0  3.93804e-12
      21370.0  3.90629e-12
      21380.0  3.87344e-12
      21390.0  3.83952e-12
      21400.0  3.80454e-12
      21410.0  3.76851e-12
      21420.0  3.73145e-12
      21430.0  3.69338e-12
      21440.0  3.65432e-12
      21450.0  3.61429e-12
      21460.0  3.57333e-12
      21470.0  3.53146e-12
      21480.0  3.48873e-12
      21490.0  3.44519e-12
      21500.0  3.40089e-12
      21510.0  3.35590e-12
      21520.0  3.31030e-12
      21530.0  3.26417e-12
      21540.0  3.21763e-12
      21550.0  3.17077e-12
      21560.0  3.12373e-12
      21570.0  3.07665e-12
      21580.0  3.02966e-12
      21590.0  2.98294e-12
      21600.0  2.93666e-12
      21610.0  2.89100e-12
      21620.0  2.84616e-12
      21630.0  2.80234e-12
      21640.0  2.75976e-12
      21650.0  2.71863e-12
      21660.0  2.67917e-12
      21670.0  2.64161e-12
      21680.0  2.60617e-12
      21690.0  2.57308e-12
      21700.0  2.54254e-12
      21710.0  2.51478e-12
      21720.0  2.48999e-12
      21730.0  2.46837e-12
      21740.0  2.45009e-12
      21750.0  2.43530e-12
      21760.0  2.42416e-12
      21770.0  2.41678e-12
      21780.0  2.41327e-12
      21790.0  2.41368e-12
      21800.0  2.41809e-12
      21810.0  2.42650e-12
      21820.0  2.43891e-12
      21830.0  2.45530e-12
      21840.0  2.47561e-12
      21850.0  2.49974e-12
      21860.0  2.52760e-12
      21870.0  2.55903e-12
      21880.0  2.59389e-12
      21890.0  2.63198e-12
      21900.0  2.67311e-12
      21910.0  2.71704e-12
      21920.0  2.76353e-12
      21930.0  2.81234e-12
      21940.0  2.86319e-12
      21950.0  2.91580e-12
      21960.0  2.96989e-12
      21970.0  3.02519e-12
      21980.0  3.08138e-12
      21990.0  3.13820e-12
      22000.0  3.19534e-12
      22010.0  3.25255e-12
      22020.0  3.30953e-12
      22030.0  3.36604e-12
      22040.0  3.42182e-12
      22050.0  3.47665e-12
      22060.0  3.53029e-12
      22070.0  3.58254e-12
      22080.0  3.63322e-12
      22090.0  3.68216e-12
      22100.0  3.72920e-12
      22110.0  3.77421e-12
      22120.0  3.81707e-12
      22130.0  3.85769e-12
      22140.0  3.89599e-12
      22150.0  3.93190e-12
      22160.0  3.96539e-12
      22170.0  3.99642e-12
      22180.0  4.02498e-12
      22190.0  4.05106e-12
      22200.0  4.07469e-12
      22210.0  4.09587e-12
      22220.0  4.11466e-12
      22230.0  4.13108e-12
      22240.0  4.14518e-12
      22250.0  4.15702e-12
      22260.0  4.16666e-12
      22270.0  4.17415e-12
      22280.0  4.17955e-12
      22290.0  4.18292e-12
      22300.0  4.18432e-12
      22310.0  4.18380e-12
      22320.0  4.18141e-12
      22330.0  4.17720e-12
      22340.0  4.17120e-12
      22350.0  4.16344e-12
      22360.0  4.15394e-12
      22370.0  4.14273e-12
      22380.0  4.12980e-12
      22390.0  4.11517e-12
      22400.0  4.09883e-12
      22410.0  4.08075e-12
      22420.0  4.06093e-12
      22430.0  4.03934e-12
      22440.0  4.01596e-12
      22450.0  3.99075e-12
      22460.0  3.96368e-12
      22470.0  3.93473e-12
      22480.0  3.90385e-12
      22490.0  3.87104e-12
      22500.0  3.83625e-12
      22510.0  3.79948e-12
      22520.0  3.76073e-12
      22530.0  3.71998e-12
      22540.0  3.67725e-12
      22550.0  3.63255e-12
      22560.0  3.58594e-12
      22570.0  3.53744e-12
      22580.0  3.48711e-12
      22590.0  3.43504e-12
      22600.0  3.38129e-12
      22610.0  3.32598e-12
      22620.0  3.26920e-12
      22630.0  3.21108e-12
      22640.0  3.15176e-12
      22650.0  3.09137e-12
      22660.0  3.03006e-12
      22670.0  2.96799e-12
      22680.0  2.90532e-12
      22690.0  2.84221e-12
      22700.0  2.77883e-12
      22710.0  2.71536e-12
      22720.0  2.65194e-12
      22730.0  2.58874e-12
      22740.0  2.52593e-12
      22750.0  2.46364e-12
      22760.0  2.40203e-12
      22770.0  2.34123e-12
      22780.0  2.28135e-12
      22790.0  2.22253e-12
      22800.0  2.16486e-12
      22810.0  2.10843e-12
      22820.0  2.05333e-12
      22830.0  1.99965e-12
      22840.0  1.94743e-12
      22850.0  1.89673e-12
      22860.0  1.84761e-12
      22870.0  1.80010e-12
      22880.0  1.75423e-12
      22890.0  1.71004e-12
      22900.0  1.66755e-12
      22910.0  1.62678e-12
      22920.0  1.58774e-12
      22930.0  1.55046e-12
      22940.0  1.51497e-12
      22950.0  1.48126e-12
      22960.0  1.44938e-12
      22970.0  1.41935e-12
      22980.0  1.39119e-12
      22990.0  1.36494e-12
      23000.0  1.34064e-12
      23010.0  1.31832e-12
      23020.0  1.29804e-12
      23030.0  1.27984e-12
      23040.0  1.26378e-12
      23050.0  1.24991e-12
      23060.0  1.23829e-12
      23070.0  1.22898e-12
      23080.0  1.22205e-12
      23090.0  1.21756e-12
      23100.0  1.21556e-12
      23110.0  1.21611e-12
      23120.0  1.21927e-12
      23130.0  1.22508e-12
      23140.0  1.23360e-12
      23150.0  1.24484e-12
      23160.0  1.25884e-12
      23170.0  1.27561e-12
      23180.0  1.29515e-12
      23190.0  1.31745e-12
      23200.0  1.34247e-12
      23210.0  1.37018e-12
      23220.0  1.40051e-12
      23230.0  1.43339e-12
      23240.0  1.46871e-12
      23250.0  1.50636e-12
      23260.0  1.54620e-12
      23270.0  1.58807e-12
      23280.0  1.63181e-12
      23290.0  1.67722e-12
      23300.0  1.72408e-12
      23310.0  1.77219e-12
      23320.0  1.82128e-12
      23330.0  1.87113e-12
      23340.0  1.92145e-12
      23350.0  1.97200e-12
      23360.0  2.02248e-12
      23370.0  2.07264e-12
      23380.0  2.12220e-12
      23390.0  2.17088e-12
      23400.0  2.21844e-12
      23410.0  2.26462e-12
      23420.0  2.30919e-12
      23430.0  2.35193e-12
      23440.0  2.39264e-12
      23450.0  2.43116e-12
      23460.0  2.46732e-12
      23470.0  2.50102e-12
      23480.0  2.53214e-12
      23490.0  2.56064e-12
      23500.0  2.58647e-12
      23510.0  2.60963e-12
      23520.0  2.63014e-12
      23530.0  2.64805e-12
      23540.0  2.66345e-12
      23550.0  2.67645e-12
      23560.0  2.68717e-12
      23570.0  2.69576e-12
      23580.0  2.70240e-12
      23590.0  2.70727e-12
      23600.0  2.71057e-12
      23610.0  2.71251e-12
      23620.0  2.71329e-12
      23630.0  2.71314e-12
      23640.0  2.71226e-12
      23650.0  2.71086e-12
      23660.0  2.70914e-12
      23670.0  2.70728e-12
      23680.0  2.70547e-12
      23690.0  2.70385e-12
      23700.0  2.70257e-12
      23710.0  2.70175e-12
      23720.0  2.70148e-12
      23730.0  2.70184e-12
      23740.0  2.70289e-12
      23750.0  2.70466e-12
      23760.0  2.70716e-12
      23770.0  2.71039e-12
      23780.0  2.71432e-12
      23790.0  2.71891e-12
      23800.0  2.72411e-12
      23810.0  2.72982e-12
      23820.0  2.73599e-12
      23830.0  2.74256e-12
      23840.0  2.74940e-12
      23850.0  2.75640e-12
      23860.0  2.76345e-12
      23870.0  2.77044e-12
      23880.0  2.77726e-12
      23890.0  2.78383e-12
      23900.0  2.79003e-12
      23910.0  2.79579e-12
      23920.0  2.80101e-12
      23930.0  2.80563e-12
      23940.0  2.80959e-12
      23950.0  2.81282e-12
      23960.0  2.81530e-12
      23970.0  2.81699e-12
      23980.0  2.81787e-12
      23990.0  2.81795e-12
      24000.0  2.81722e-12
      24010.0  2.81573e-12
      24020.0  2.81350e-12
      24030.0  2.81058e-12
      24040.0  2.80704e-12
      24050.0  2.80295e-12
      24060.0  2.79841e-12
      24070.0  2.79350e-12
      24080.0  2.78833e-12
      24090.0  2.78303e-12
      24100.0  2.77771e-12
      24110.0  2.77249e-12
      24120.0  2.76751e-12
      24130.0  2.76289e-12
      24140.0  2.75877e-12
      24150.0  2.75525e-12
      24160.0  2.75247e-12
      24170.0  2.75054e-12
      24180.0  2.74955e-12
      24190.0  2.74960e-12
      24200.0  2.75078e-12
      24210.0  2.75315e-12
      24220.0  2.75677e-12
      24230.0  2.76169e-12
      24240.0  2.76794e-12
      24250.0  2.77554e-12
      24260.0  2.78450e-12
      24270.0  2.79481e-12
      24280.0  2.80646e-12
      24290.0  2.81943e-12
      24300.0  2.83369e-12
      24310.0  2.84920e-12
      24320.0  2.86590e-12
      24330.0  2.88376e-12
      24340.0  2.90271e-12
      24350.0  2.92270e-12
      24360.0  2.94367e-12
      24370.0  2.96554e-12
      24380.0  2.98828e-12
      24390.0  3.01180e-12
      24400.0  3.03605e-12
      24410.0  3.06097e-12
      24420.0  3.08649e-12
      24430.0  3.11256e-12
      24440.0  3.13911e-12
      24450.0  3.16610e-12
      24460.0  3.19345e-12
      24470.0  3.22111e-12
      24480.0  3.24903e-12
      24490.0  3.27714e-12
      24500.0  3.30537e-12
      24510.0  3.33367e-12
      24520.0  3.36196e-12
      24530.0  3.39018e-12
      24540.0  3.41824e-12
      24550.0  3.44607e-12
      24560.0  3.47359e-12
      24570.0  3.50070e-12
      24580.0  3.52731e-12
      24590.0  3.55332e-12
      24600.0  3.57863e-12
      24610.0  3.60313e-12
      24620.0  3.62671e-12
      24630.0  3.64926e-12
      24640.0  3.67068e-12
      24650.0  3.69084e-12
      24660.0  3.70964e-12
      24670.0  3.72697e-12
      24680.0  3.74274e-12
      24690.0  3.75686e-12
      24700.0  3.76925e-12
      24710.0  3.77984e-12
      24720.0  3.78858e-12
      24730.0  3.79543e-12
      24740.0  3.80039e-12
      24750.0  3.80346e-12
      24760.0  3.80467e-12
      24770.0  3.80407e-12
      24780.0  3.80173e-12
      24790.0  3.79776e-12
      24800.0  3.79227e-12
      24810.0  3.78541e-12
      24820.0  3.77735e-12
      24830.0  3.76827e-12
      24840.0  3.75835e-12
      24850.0  3.74778e-12
      24860.0  3.73677e-12
      24870.0  3.72551e-12
      24880.0  3.71416e-12
      24890.0  3.70290e-12
      24900.0  3.69187e-12
      24910.0  3.68119e-12
      24920.0  3.67094e-12
      24930.0  3.66121e-12
      24940.0  3.65205e-12
      24950.0  3.64347e-12
      24960.0  3.63550e-12
      24970.0  3.62813e-12
      24980.0  3.62134e-12
      24990.0  3.61512e-12
      25000.0  3.60942e-12
