      1000.00  4.14504e-14
      1010.00  5.02257e-14
      1020.00  6.10564e-14
      1030.00  7.43584e-14
      1040.00  9.06482e-14
      1050.00  1.10516e-13
      1060.00  1.34621e-13
      1070.00  1.63679e-13
      1080.00  1.98442e-13
      1090.00  2.39676e-13
      1100.00  2.88121e-13
      1110.00  3.44459e-13
      1120.00  4.09270e-13
      1130.00  4.83003e-13
      1140.00  5.65937e-13
      1150.00  6.58160e-13
      1160.00  7.59553e-13
      1170.00  8.69782e-13
      1180.00  9.88295e-13
      1190.00  1.11433e-12
      1200.00  1.24693e-12
      1210.00  1.38497e-12
      1220.00  1.52715e-12
      1230.00  1.67208e-12
      1240.00  1.81826e-12
      1250.00  1.96416e-12
      1260.00  2.10826e-12
      1270.00  2.24905e-12
      1280.00  2.38514e-12
      1290.00  2.51523e-12
      1300.00  2.63818e-12
      1310.00  2.75301e-12
      1320.00  2.85897e-12
      1330.00  2.95549e-12
      1340.00  3.04221e-12
      1350.00  3.11899e-12
      1360.00  3.18591e-12
      1370.00  3.24320e-12
      1380.00  3.29133e-12
      1390.00  3.33088e-12
      1400.00  3.36261e-12
      1410.00  3.38737e-12
      1420.00  3.40613e-12
      1430.00  3.41992e-12
      1440.00  3.42982e-12
      1450.00  3.43694e-12
      1460.00  3.44239e-12
      1470.00  3.44727e-12
      1480.00  3.45260e-12
      1490.00  3.45939e-12
      1500.00  3.46851e-12
      1510.00  3.48079e-12
      1520.00  3.49691e-12
      1530.00  3.51743e-12
      1540.00  3.54282e-12
      1550.00  3.57340e-12
      1560.00  3.60937e-12
      1570.00  3.65088e-12
      1580.00  3.69794e-12
      1590.00  3.75055e-12
      1600.00  3.80867e-12
      1610.00  3.87224e-12
      1620.00  3.94123e-12
      1630.00  4.01564e-12
      1640.00  4.09549e-12
      1650.00  4.18083e-12
      1660.00  4.27175e-12
      1670.00  4.36835e-12
      1680.00  4.47074e-12
      1690.00  4.57902e-12
      1700.00  4.69326e-12
      1710.00  4.81351e-12
      1720.00  4.93977e-12
      1730.00  5.07200e-12
      1740.00  5.21009e-12
      1750.00  5.35389e-12
      1760.00  5.50320e-12
      1770.00  5.65772e-12
      1780.00  5.81712e-12
      1790.00  5.98101e-12
      1800.00  6.14893e-12
      1810.00  6.32038e-12
      1820.00  6.49484e-12
      1830.00  6.67173e-12
      1840.00  6.85047e-12
      1850.00  7.03046e-12
      1860.00  7.21112e-12
      1870.00  7.39183e-12
      1880.00  7.57199e-12
      1890.00  7.75101e-12
      1900.00  7.92827e-12
      1910.00  8.10316e-12
      1920.00  8.27507e-12
      1930.00  8.44337e-12
      1940.00  8.60742e-12
      1950.00  8.76662e-12
      1960.00  8.92034e-12
      1970.00  9.06799e-12
      1980.00  9.20902e-12
      1990.00  9.34290e-12
      2000.00  9.46919e-12
      2010.00  9.58748e-12
      2020.00  9.69746e-12
      2030.00  9.79891e-12
      2040.00  9.89166e-12
      2050.00  9.97567e-12
      2060.00  1.00510e-11
      2070.00  1.01176e-11
      2080.00  1.01758e-11
      2090.00  1.02259e-11
      2100.00  1.02680e-11
      2110.00  1.03027e-11
      2120.00  1.03302e-11
      2130.00  1.03511e-11
      2140.00  1.03658e-11
      2150.00  1.03749e-11
      2160.00  1.03788e-11
      2170.00  1.03782e-11
      2180.00  1.03735e-11
      2190.00  1.03653e-11
      2200.00  1.03543e-11
      2210.00  1.03411e-11
      2220.00  1.03261e-11
      2230.00  1.03101e-11
      2240.00  1.02936e-11
      2250.00  1.02773e-11
      2260.00  1.02618e-11
      2270.00  1.02476e-11
      2280.00  1.02356e-11
      2290.00  1.02261e-11
      2300.00  1.02200e-11
      2310.00  1.02177e-11
      2320.00  1.02199e-11
      2330.00  1.02272e-11
      2340.00  1.02403e-11
      2350.00  1.02598e-11
      2360.00  1.02866e-11
      2370.00  1.03218e-11
      2380.00  1.03667e-11
      2390.00  1.04232e-11
      2400.00  1.04938e-11
      2410.00  1.05817e-11
      2420.00  1.06911e-11
      2430.00  1.08269e-11
      2440.00  1.09950e-11
      2450.00  1.12015e-11
      2460.00  1.14527e-11
      2470.00  1.17537e-11
      2480.00  1.21082e-11
      2490.00  1.25172e-11
      2500.00  1.29781e-11
      2510.00  1.34843e-11
      2520.00  1.40246e-11
      2530.00  1.45842e-11
      2540.00  1.51447e-11
      2550.00  1.56865e-11
      2560.00  1.61898e-11
      2570.00  1.66365e-11
      2580.00  1.70122e-11
      2590.00  1.73067e-11
      2600.00  1.75150e-11
      2610.00  1.76369e-11
      2620.00  1.76765e-11
      2630.00  1.76412e-11
      2640.00  1.75409e-11
      2650.00  1.73845e-11
      2660.00  1.70834e-11
      2670.00  1.58870e-11
      2680.00  1.51179e-11
      2690.00  2.07367e-11
      2700.00  3.29983e-11
      2710.00  4.74400e-11
      2720.00  5.74346e-11
      2730.00  6.08133e-11
      2740.00  6.18632e-11
      2750.00  6.32125e-11
      2760.00  6.37322e-11
      2770.00  6.37220e-11
      2780.00  6.53724e-11
      2790.00  7.01493e-11
      2800.00  7.23418e-11
      2810.00  7.20706e-11
      2820.00  7.08929e-11
      2830.00  6.76773e-11
      2840.00  6.47940e-11
      2850.00  6.47178e-11
      2860.00  6.51053e-11
      2870.00  6.53247e-11
      2880.00  6.61715e-11
      2890.00  7.02464e-11
      2900.00  7.74380e-11
      2910.00  8.48334e-11
      2920.00  9.15945e-11
      2930.00  9.61577e-11
      2940.00  9.51143e-11
      2950.00  8.77835e-11
      2960.00  8.22810e-11
      2970.00  8.00992e-11
      2980.00  7.84795e-11
      2990.00  7.49505e-11
      3000.00  6.92379e-11
      3010.00  6.41726e-11
      3020.00  6.11628e-11
      3030.00  6.07278e-11
      3040.00  5.91720e-11
      3050.00  5.46783e-11
      3060.00  5.23413e-11
      3070.00  5.20219e-11
      3080.00  5.23827e-11
      3090.00  5.25711e-11
      3100.00  5.27403e-11
      3110.00  5.49268e-11
      3120.00  5.88825e-11
      3130.00  6.21119e-11
      3140.00  6.32565e-11
      3150.00  6.31487e-11
      3160.00  6.47857e-11
      3170.00  6.91958e-11
      3180.00  7.44393e-11
      3190.00  7.83550e-11
      3200.00  8.06255e-11
      3210.00  8.07696e-11
      3220.00  7.86917e-11
      3230.00  7.45098e-11
      3240.00  6.96120e-11
      3250.00  6.49481e-11
      3260.00  6.16616e-11
      3270.00  6.08725e-11
      3280.00  6.11996e-11
      3290.00  6.09125e-11
      3300.00  6.08119e-11
      3310.00  6.18271e-11
      3320.00  6.36568e-11
      3330.00  6.53021e-11
      3340.00  6.63088e-11
      3350.00  6.72084e-11
      3360.00  6.89876e-11
      3370.00  7.17006e-11
      3380.00  7.46892e-11
      3390.00  7.73501e-11
      3400.00  7.94536e-11
      3410.00  8.18492e-11
      3420.00  8.49349e-11
      3430.00  8.79153e-11
      3440.00  9.02360e-11
      3450.00  9.16750e-11
      3460.00  9.23008e-11
      3470.00  9.29038e-11
      3480.00  9.40431e-11
      3490.00  9.60586e-11
      3500.00  9.95971e-11
      3510.00  1.05053e-10
      3520.00  1.11627e-10
      3530.00  1.18395e-10
      3540.00  1.24794e-10
      3550.00  1.30381e-10
      3560.00  1.35128e-10
      3570.00  1.39369e-10
      3580.00  1.42782e-10
      3590.00  1.44585e-10
      3600.00  1.44597e-10
      3610.00  1.43083e-10
      3620.00  1.41248e-10
      3630.00  1.40514e-10
      3640.00  1.42122e-10
      3650.00  1.46878e-10
      3660.00  1.55141e-10
      3670.00  1.66530e-10
      3680.00  1.79546e-10
      3690.00  1.92720e-10
      3700.00  2.05305e-10
      3710.00  2.17151e-10
      3720.00  2.26449e-10
      3730.00  2.29382e-10
      3740.00  2.25328e-10
      3750.00  2.16330e-10
      3760.00  2.03130e-10
      3770.00  1.85751e-10
      3780.00  1.65608e-10
      3790.00  1.45691e-10
      3800.00  1.29035e-10
      3810.00  1.17808e-10
      3820.00  1.13822e-10
      3830.00  1.18684e-10
      3840.00  1.33043e-10
      3850.00  1.55896e-10
      3860.00  1.84901e-10
      3870.00  2.17383e-10
      3880.00  2.51083e-10
      3890.00  2.84464e-10
      3900.00  3.16514e-10
      3910.00  3.46221e-10
      3920.00  3.72409e-10
      3930.00  3.94182e-10
      3940.00  4.11287e-10
      3950.00  4.23769e-10
      3960.00  4.31593e-10
      3970.00  4.34549e-10
      3980.00  4.32248e-10
      3990.00  4.24098e-10
      4000.00  4.09612e-10
      4010.00  3.89226e-10
      4020.00  3.64953e-10
      4030.00  3.39903e-10
      4040.00  3.17025e-10
      4050.00  2.98290e-10
      4060.00  2.84416e-10
      4070.00  2.74604e-10
      4080.00  2.66861e-10
      4090.00  2.59322e-10
      4100.00  2.51549e-10
      4110.00  2.44479e-10
      4120.00  2.39239e-10
      4130.00  2.36208e-10
      4140.00  2.34969e-10
      4150.00  2.34861e-10
      4160.00  2.35625e-10
      4170.00  2.37589e-10
      4180.00  2.41157e-10
      4190.00  2.46039e-10
      4200.00  2.51137e-10
      4210.00  2.55297e-10
      4220.00  2.58087e-10
      4230.00  2.59854e-10
      4240.00  2.61276e-10
      4250.00  2.62890e-10
      4260.00  2.64933e-10
      4270.00  2.67538e-10
      4280.00  2.70956e-10
      4290.00  2.75352e-10
      4300.00  2.80398e-10
      4310.00  2.85141e-10
      4320.00  2.88210e-10
      4330.00  2.88054e-10
      4340.00  2.83273e-10
      4350.00  2.73199e-10
      4360.00  2.58382e-10
      4370.00  2.40486e-10
      4380.00  2.21621e-10
      4390.00  2.03642e-10
      4400.00  1.87884e-10
      4410.00  1.75239e-10
      4420.00  1.66280e-10
      4430.00  1.61350e-10
      4440.00  1.60581e-10
      4450.00  1.63874e-10
      4460.00  1.70894e-10
      4470.00  1.81148e-10
      4480.00  1.94150e-10
      4490.00  2.09628e-10
      4500.00  2.27627e-10
      4510.00  2.48400e-10
      4520.00  2.72152e-10
      4530.00  2.98822e-10
      4540.00  3.27976e-10
      4550.00  3.58827e-10
      4560.00  3.90247e-10
      4570.00  4.20839e-10
      4580.00  4.49181e-10
      4590.00  4.74154e-10
      4600.00  4.95008e-10
      4610.00  5.11140e-10
      4620.00  5.21856e-10
      4630.00  5.26354e-10
      4640.00  5.23788e-10
      4650.00  5.13330e-10
      4660.00  4.94470e-10
      4670.00  4.67628e-10
      4680.00  4.34562e-10
      4690.00  3.98109e-10
      4700.00  3.61432e-10
      4710.00  3.27275e-10
      4720.00  2.97474e-10
      4730.00  2.72735e-10
      4740.00  2.52784e-10
      4750.00  2.36934e-10
      4760.00  2.24793e-10
      4770.00  2.16569e-10
      4780.00  2.12758e-10
      4790.00  2.13561e-10
      4800.00  2.18434e-10
      4810.00  2.26028e-10
      4820.00  2.34424e-10
      4830.00  2.41625e-10
      4840.00  2.46273e-10
      4850.00  2.48369e-10
      4860.00  2.49457e-10
      4870.00  2.51976e-10
      4880.00  2.58157e-10
      4890.00  2.69203e-10
      4900.00  2.85072e-10
      4910.00  3.04675e-10
      4920.00  3.26134e-10
      4930.00  3.47010e-10
      4940.00  3.64548e-10
      4950.00  3.76050e-10
      4960.00  3.79365e-10
      4970.00  3.73427e-10
      4980.00  3.58725e-10
      4990.00  3.37380e-10
      5000.00  3.12715e-10
      5010.00  2.88346e-10
      5020.00  2.67143e-10
      5030.00  2.50618e-10
      5040.00  2.38928e-10
      5050.00  2.31355e-10
      5060.00  2.26874e-10
      5070.00  2.24554e-10
      5080.00  2.23688e-10
      5090.00  2.23767e-10
      5100.00  2.24414e-10
      5110.00  2.25350e-10
      5120.00  2.26378e-10
      5130.00  2.27430e-10
      5140.00  2.28628e-10
      5150.00  2.30316e-10
      5160.00  2.32964e-10
      5170.00  2.37007e-10
      5180.00  2.42736e-10
      5190.00  2.50272e-10
      5200.00  2.59575e-10
      5210.00  2.70426e-10
      5220.00  2.82397e-10
      5230.00  2.94953e-10
      5240.00  3.07641e-10
      5250.00  3.20240e-10
      5260.00  3.32732e-10
      5270.00  3.45113e-10
      5280.00  3.57215e-10
      5290.00  3.68692e-10
      5300.00  3.79124e-10
      5310.00  3.88099e-10
      5320.00  3.95265e-10
      5330.00  4.00577e-10
      5340.00  4.04580e-10
      5350.00  4.08061e-10
      5360.00  4.11286e-10
      5370.00  4.13855e-10
      5380.00  4.15246e-10
      5390.00  4.15293e-10
      5400.00  4.14347e-10
      5410.00  4.13251e-10
      5420.00  4.13118e-10
      5430.00  4.15000e-10
      5440.00  4.19571e-10
      5450.00  4.26954e-10
      5460.00  4.36707e-10
      5470.00  4.47966e-10
      5480.00  4.59659e-10
      5490.00  4.70680e-10
      5500.00  4.79988e-10
      5510.00  4.86630e-10
      5520.00  4.89801e-10
      5530.00  4.88960e-10
      5540.00  4.83909e-10
      5550.00  4.74771e-10
      5560.00  4.61872e-10
      5570.00  4.45625e-10
      5580.00  4.26489e-10
      5590.00  4.05000e-10
      5600.00  3.81770e-10
      5610.00  3.57428e-10
      5620.00  3.32605e-10
      5630.00  3.07951e-10
      5640.00  2.84180e-10
      5650.00  2.62112e-10
      5660.00  2.42676e-10
      5670.00  2.26855e-10
      5680.00  2.15571e-10
      5690.00  2.09557e-10
      5700.00  2.09243e-10
      5710.00  2.14715e-10
      5720.00  2.25721e-10
      5730.00  2.41709e-10
      5740.00  2.61885e-10
      5750.00  2.85265e-10
      5760.00  3.10733e-10
      5770.00  3.37089e-10
      5780.00  3.63123e-10
      5790.00  3.87678e-10
      5800.00  4.09706e-10
      5810.00  4.28311e-10
      5820.00  4.42813e-10
      5830.00  4.52826e-10
      5840.00  4.58310e-10
      5850.00  4.59549e-10
      5860.00  4.57061e-10
      5870.00  4.51505e-10
      5880.00  4.43577e-10
      5890.00  4.33887e-10
      5900.00  4.22861e-10
      5910.00  4.10685e-10
      5920.00  3.97335e-10
      5930.00  3.82697e-10
      5940.00  3.66731e-10
      5950.00  3.49596e-10
      5960.00  3.31704e-10
      5970.00  3.13673e-10
      5980.00  2.96228e-10
      5990.00  2.80070e-10
      6000.00  2.65772e-10
      6010.00  2.53708e-10
      6020.00  2.44031e-10
      6030.00  2.36693e-10
      6040.00  2.31480e-10
      6050.00  2.28059e-10
      6060.00  2.26028e-10
      6070.00  2.24992e-10
      6080.00  2.24656e-10
      6090.00  2.24892e-10
      6100.00  2.25741e-10
      6110.00  2.27326e-10
      6120.00  2.29740e-10
      6130.00  2.32974e-10
      6140.00  2.36912e-10
      6150.00  2.41367e-10
      6160.00  2.46116e-10
      6170.00  2.50885e-10
      6180.00  2.55314e-10
      6190.00  2.58931e-10
      6200.00  2.61167e-10
      6210.00  2.61451e-10
      6220.00  2.59347e-10
      6230.00  2.54684e-10
      6240.00  2.47630e-10
      6250.00  2.38687e-10
      6260.00  2.28622e-10
      6270.00  2.18346e-10
      6280.00  2.08793e-10
      6290.00  2.00808e-10
      6300.00  1.95086e-10
      6310.00  1.92147e-10
      6320.00  1.92287e-10
      6330.00  1.95456e-10
      6340.00  2.01226e-10
      6350.00  2.08970e-10
      6360.00  2.18169e-10
      6370.00  2.28549e-10
      6380.00  2.39975e-10
      6390.00  2.52293e-10
      6400.00  2.65264e-10
      6410.00  2.78564e-10
      6420.00  2.91806e-10
      6430.00  3.04578e-10
      6440.00  3.16480e-10
      6450.00  3.27146e-10
      6460.00  3.36253e-10
      6470.00  3.43513e-10
      6480.00  3.48679e-10
      6490.00  3.51554e-10
      6500.00  3.52014e-10
      6510.00  3.50025e-10
      6520.00  3.45643e-10
      6530.00  3.39002e-10
      6540.00  3.30295e-10
      6550.00  3.19754e-10
      6560.00  3.07637e-10
      6570.00  2.94217e-10
      6580.00  2.79766e-10
      6590.00  2.64565e-10
      6600.00  2.48911e-10
      6610.00  2.33118e-10
      6620.00  2.17503e-10
      6630.00  2.02358e-10
      6640.00  1.87926e-10
      6650.00  1.74385e-10
      6660.00  1.61845e-10
      6670.00  1.50361e-10
      6680.00  1.39957e-10
      6690.00  1.30637e-10
      6700.00  1.22397e-10
      6710.00  1.15218e-10
      6720.00  1.09065e-10
      6730.00  1.03878e-10
      6740.00  9.95796e-11
      6750.00  9.60866e-11
      6760.00  9.33177e-11
      6770.00  9.12013e-11
      6780.00  8.96757e-11
      6790.00  8.86880e-11
      6800.00  8.81928e-11
      6810.00  8.81516e-11
      6820.00  8.85297e-11
      6830.00  8.92907e-11
      6840.00  9.03940e-11
      6850.00  9.17958e-11
      6860.00  9.34536e-11
      6870.00  9.53247e-11
      6880.00  9.73596e-11
      6890.00  9.94898e-11
      6900.00  1.01621e-10
      6910.00  1.03643e-10
      6920.00  1.05448e-10
      6930.00  1.06958e-10
      6940.00  1.08146e-10
      6950.00  1.09031e-10
      6960.00  1.09673e-10
      6970.00  1.10150e-10
      6980.00  1.10548e-10
      6990.00  1.10948e-10
      7000.00  1.11426e-10
      7010.00  1.12046e-10
      7020.00  1.12856e-10
      7030.00  1.13891e-10
      7040.00  1.15169e-10
      7050.00  1.16704e-10
      7060.00  1.18505e-10
      7070.00  1.20577e-10
      7080.00  1.22921e-10
      7090.00  1.25529e-10
      7100.00  1.28385e-10
      7110.00  1.31467e-10
      7120.00  1.34755e-10
      7130.00  1.38231e-10
      7140.00  1.41878e-10
      7150.00  1.45675e-10
      7160.00  1.49593e-10
      7170.00  1.53590e-10
      7180.00  1.57608e-10
      7190.00  1.61568e-10
      7200.00  1.65376e-10
      7210.00  1.68921e-10
      7220.00  1.72084e-10
      7230.00  1.74752e-10
      7240.00  1.76826e-10
      7250.00  1.78243e-10
      7260.00  1.78987e-10
      7270.00  1.79103e-10
      7280.00  1.78694e-10
      7290.00  1.77917e-10
      7300.00  1.76956e-10
      7310.00  1.76000e-10
      7320.00  1.75221e-10
      7330.00  1.74755e-10
      7340.00  1.74689e-10
      7350.00  1.75056e-10
      7360.00  1.75833e-10
      7370.00  1.76946e-10
      7380.00  1.78284e-10
      7390.00  1.79706e-10
      7400.00  1.81058e-10
      7410.00  1.82181e-10
      7420.00  1.82921e-10
      7430.00  1.83130e-10
      7440.00  1.82677e-10
      7450.00  1.81464e-10
      7460.00  1.79444e-10
      7470.00  1.76644e-10
      7480.00  1.73188e-10
      7490.00  1.69316e-10
      7500.00  1.65380e-10
      7510.00  1.61787e-10
      7520.00  1.58889e-10
      7530.00  1.56879e-10
      7540.00  1.55749e-10
      7550.00  1.55359e-10
      7560.00  1.55537e-10
      7570.00  1.56132e-10
      7580.00  1.57009e-10
      7590.00  1.58040e-10
      7600.00  1.59143e-10
      7610.00  1.60318e-10
      7620.00  1.61656e-10
      7630.00  1.63289e-10
      7640.00  1.65315e-10
      7650.00  1.67734e-10
      7660.00  1.70430e-10
      7670.00  1.73192e-10
      7680.00  1.75761e-10
      7690.00  1.77883e-10
      7700.00  1.79353e-10
      7710.00  1.80032e-10
      7720.00  1.79863e-10
      7730.00  1.78858e-10
      7740.00  1.77090e-10
      7750.00  1.74685e-10
      7760.00  1.71806e-10
      7770.00  1.68630e-10
      7780.00  1.65319e-10
      7790.00  1.61979e-10
      7800.00  1.58647e-10
      7810.00  1.55285e-10
      7820.00  1.51811e-10
      7830.00  1.48138e-10
      7840.00  1.44208e-10
      7850.00  1.40008e-10
      7860.00  1.35564e-10
      7870.00  1.30923e-10
      7880.00  1.26135e-10
      7890.00  1.21249e-10
      7900.00  1.16312e-10
      7910.00  1.11381e-10
      7920.00  1.06493e-10
      7930.00  1.01772e-10
      7940.00  9.73051e-11
      7950.00  9.31640e-11
      7960.00  8.93958e-11
      7970.00  8.60173e-11
      7980.00  8.30202e-11
      7990.00  8.03821e-11
      8000.00  7.80781e-11
      8010.00  7.60855e-11
      8020.00  7.43810e-11
      8030.00  7.29316e-11
      8040.00  7.16849e-11
      8050.00  7.05656e-11
      8060.00  6.94788e-11
      8070.00  6.83204e-11
      8080.00  6.69900e-11
      8090.00  6.54006e-11
      8100.00  6.34860e-11
      8110.00  6.12037e-11
      8120.00  5.85404e-11
      8130.00  5.55192e-11
      8140.00  5.22091e-11
      8150.00  4.87288e-11
      8160.00  4.52393e-11
      8170.00  4.19219e-11
      8180.00  3.89444e-11
      8190.00  3.64282e-11
      8200.00  3.44274e-11
      8210.00  3.29276e-11
      8220.00  3.18655e-11
      8230.00  3.11582e-11
      8240.00  3.07330e-11
      8250.00  3.05456e-11
      8260.00  3.05843e-11
      8270.00  3.08586e-11
      8280.00  3.13826e-11
      8290.00  3.21586e-11
      8300.00  3.31711e-11
      8310.00  3.43918e-11
      8320.00  3.57929e-11
      8330.00  3.73617e-11
      8340.00  3.91099e-11
      8350.00  4.10750e-11
      8360.00  4.33138e-11
      8370.00  4.58910e-11
      8380.00  4.88655e-11
      8390.00  5.22772e-11
      8400.00  5.61362e-11
      8410.00  6.04169e-11
      8420.00  6.50570e-11
      8430.00  6.99610e-11
      8440.00  7.50056e-11
      8450.00  8.00480e-11
      8460.00  8.49354e-11
      8470.00  8.95168e-11
      8480.00  9.36593e-11
      8490.00  9.72648e-11
      8500.00  1.00286e-10
      8510.00  1.02733e-10
      8520.00  1.04676e-10
      8530.00  1.06227e-10
      8540.00  1.07519e-10
      8550.00  1.08679e-10
      8560.00  1.09804e-10
      8570.00  1.10956e-10
      8580.00  1.12155e-10
      8590.00  1.13402e-10
      8600.00  1.14687e-10
      8610.00  1.16008e-10
      8620.00  1.17375e-10
      8630.00  1.18805e-10
      8640.00  1.20306e-10
      8650.00  1.21867e-10
      8660.00  1.23450e-10
      8670.00  1.24998e-10
      8680.00  1.26447e-10
      8690.00  1.27756e-10
      8700.00  1.28917e-10
      8710.00  1.29955e-10
      8720.00  1.30915e-10
      8730.00  1.31829e-10
      8740.00  1.32697e-10
      8750.00  1.33472e-10
      8760.00  1.34075e-10
      8770.00  1.34414e-10
      8780.00  1.34417e-10
      8790.00  1.34044e-10
      8800.00  1.33294e-10
      8810.00  1.32199e-10
      8820.00  1.30806e-10
      8830.00  1.29166e-10
      8840.00  1.27326e-10
      8850.00  1.25329e-10
      8860.00  1.23211e-10
      8870.00  1.21005e-10
      8880.00  1.18738e-10
      8890.00  1.16434e-10
      8900.00  1.14109e-10
      8910.00  1.11772e-10
      8920.00  1.09434e-10
      8930.00  1.07101e-10
      8940.00  1.04789e-10
      8950.00  1.02518e-10
      8960.00  1.00318e-10
      8970.00  9.82203e-11
      8980.00  9.62621e-11
      8990.00  9.44761e-11
      9000.00  9.28898e-11
      9010.00  9.15231e-11
      9020.00  9.03898e-11
      9030.00  8.95013e-11
      9040.00  8.88703e-11
      9050.00  8.85127e-11
      9060.00  8.84460e-11
      9070.00  8.86837e-11
      9080.00  8.92284e-11
      9090.00  9.00662e-11
      9100.00  9.11637e-11
      9110.00  9.24706e-11
      9120.00  9.39267e-11
      9130.00  9.54722e-11
      9140.00  9.70598e-11
      9150.00  9.86644e-11
      9160.00  1.00288e-10
      9170.00  1.01956e-10
      9180.00  1.03706e-10
      9190.00  1.05568e-10
      9200.00  1.07550e-10
      9210.00  1.09620e-10
      9220.00  1.11713e-10
      9230.00  1.13738e-10
      9240.00  1.15608e-10
      9250.00  1.17260e-10
      9260.00  1.18675e-10
      9270.00  1.19869e-10
      9280.00  1.20877e-10
      9290.00  1.21728e-10
      9300.00  1.22432e-10
      9310.00  1.22980e-10
      9320.00  1.23364e-10
      9330.00  1.23587e-10
      9340.00  1.23671e-10
      9350.00  1.23644e-10
      9360.00  1.23537e-10
      9370.00  1.23371e-10
      9380.00  1.23160e-10
      9390.00  1.22909e-10
      9400.00  1.22620e-10
      9410.00  1.22291e-10
      9420.00  1.21919e-10
      9430.00  1.21501e-10
      9440.00  1.21033e-10
      9450.00  1.20511e-10
      9460.00  1.19931e-10
      9470.00  1.19288e-10
      9480.00  1.18581e-10
      9490.00  1.17806e-10
      9500.00  1.16961e-10
      9510.00  1.16048e-10
      9520.00  1.15068e-10
      9530.00  1.14026e-10
      9540.00  1.12926e-10
      9550.00  1.11776e-10
      9560.00  1.10587e-10
      9570.00  1.09369e-10
      9580.00  1.08136e-10
      9590.00  1.06902e-10
      9600.00  1.05681e-10
      9610.00  1.04489e-10
      9620.00  1.03340e-10
      9630.00  1.02250e-10
      9640.00  1.01234e-10
      9650.00  1.00303e-10
      9660.00  9.94697e-11
      9670.00  9.87446e-11
      9680.00  9.81360e-11
      9690.00  9.76508e-11
      9700.00  9.72938e-11
      9710.00  9.70678e-11
      9720.00  9.69741e-11
      9730.00  9.70116e-11
      9740.00  9.71778e-11
      9750.00  9.74682e-11
      9760.00  9.78766e-11
      9770.00  9.83953e-11
      9780.00  9.90151e-11
      9790.00  9.97253e-11
      9800.00  1.00514e-10
      9810.00  1.01370e-10
      9820.00  1.02278e-10
      9830.00  1.03226e-10
      9840.00  1.04200e-10
      9850.00  1.05186e-10
      9860.00  1.06173e-10
      9870.00  1.07147e-10
      9880.00  1.08100e-10
      9890.00  1.09022e-10
      9900.00  1.09906e-10
      9910.00  1.10744e-10
      9920.00  1.11534e-10
      9930.00  1.12270e-10
      9940.00  1.12951e-10
      9950.00  1.13575e-10
      9960.00  1.14140e-10
      9970.00  1.14645e-10
      9980.00  1.15089e-10
      9990.00  1.15471e-10
      10000.0  1.15788e-10
      10010.0  1.16041e-10
      10020.0  1.16225e-10
      10030.0  1.16342e-10
      10040.0  1.16389e-10
      10050.0  1.16367e-10
      10060.0  1.16279e-10
      10070.0  1.16126e-10
      10080.0  1.15913e-10
      10090.0  1.15648e-10
      10100.0  1.15340e-10
      10110.0  1.14997e-10
      10120.0  1.14633e-10
      10130.0  1.14260e-10
      10140.0  1.13892e-10
      10150.0  1.13543e-10
      10160.0  1.13227e-10
      10170.0  1.12956e-10
      10180.0  1.12743e-10
      10190.0  1.12596e-10
      10200.0  1.12523e-10
      10210.0  1.12527e-10
      10220.0  1.12611e-10
      10230.0  1.12772e-10
      10240.0  1.13005e-10
      10250.0  1.13304e-10
      10260.0  1.13660e-10
      10270.0  1.14059e-10
      10280.0  1.14491e-10
      10290.0  1.14941e-10
      10300.0  1.15395e-10
      10310.0  1.15840e-10
      10320.0  1.16264e-10
      10330.0  1.16654e-10
      10340.0  1.17001e-10
      10350.0  1.17295e-10
      10360.0  1.17528e-10
      10370.0  1.17695e-10
      10380.0  1.17791e-10
      10390.0  1.17811e-10
      10400.0  1.17752e-10
      10410.0  1.17611e-10
      10420.0  1.17387e-10
      10430.0  1.17076e-10
      10440.0  1.16676e-10
      10450.0  1.16186e-10
      10460.0  1.15603e-10
      10470.0  1.14925e-10
      10480.0  1.14151e-10
      10490.0  1.13281e-10
      10500.0  1.12313e-10
      10510.0  1.11248e-10
      10520.0  1.10089e-10
      10530.0  1.08838e-10
      10540.0  1.07498e-10
      10550.0  1.06077e-10
      10560.0  1.04581e-10
      10570.0  1.03018e-10
      10580.0  1.01398e-10
      10590.0  9.97327e-11
      10600.0  9.80329e-11
      10610.0  9.63115e-11
      10620.0  9.45817e-11
      10630.0  9.28570e-11
      10640.0  9.11505e-11
      10650.0  8.94753e-11
      10660.0  8.78437e-11
      10670.0  8.62671e-11
      10680.0  8.47558e-11
      10690.0  8.33187e-11
      10700.0  8.19632e-11
      10710.0  8.06949e-11
      10720.0  7.95176e-11
      10730.0  7.84335e-11
      10740.0  7.74427e-11
      10750.0  7.65436e-11
      10760.0  7.57329e-11
      10770.0  7.50058e-11
      10780.0  7.43558e-11
      10790.0  7.37754e-11
      10800.0  7.32561e-11
      10810.0  7.27885e-11
      10820.0  7.23628e-11
      10830.0  7.19689e-11
      10840.0  7.15967e-11
      10850.0  7.12361e-11
      10860.0  7.08779e-11
      10870.0  7.05132e-11
      10880.0  7.01339e-11
      10890.0  6.97332e-11
      10900.0  6.93050e-11
      10910.0  6.88447e-11
      10920.0  6.83487e-11
      10930.0  6.78145e-11
      10940.0  6.72410e-11
      10950.0  6.66278e-11
      10960.0  6.59758e-11
      10970.0  6.52866e-11
      10980.0  6.45625e-11
      10990.0  6.38060e-11
      11000.0  6.30205e-11
      11010.0  6.22091e-11
      11020.0  6.13752e-11
      11030.0  6.05218e-11
      11040.0  5.96517e-11
      11050.0  5.87676e-11
      11060.0  5.78713e-11
      11070.0  5.69644e-11
      11080.0  5.60480e-11
      11090.0  5.51225e-11
      11100.0  5.41881e-11
      11110.0  5.32445e-11
      11120.0  5.22911e-11
      11130.0  5.13271e-11
      11140.0  5.03519e-11
      11150.0  4.93646e-11
      11160.0  4.83648e-11
      11170.0  4.73524e-11
      11180.0  4.63274e-11
      11190.0  4.52906e-11
      11200.0  4.42433e-11
      11210.0  4.31873e-11
      11220.0  4.21250e-11
      11230.0  4.10595e-11
      11240.0  3.99942e-11
      11250.0  3.89332e-11
      11260.0  3.78808e-11
      11270.0  3.68416e-11
      11280.0  3.58206e-11
      11290.0  3.48225e-11
      11300.0  3.38520e-11
      11310.0  3.29136e-11
      11320.0  3.20116e-11
      11330.0  3.11497e-11
      11340.0  3.03310e-11
      11350.0  2.95580e-11
      11360.0  2.88327e-11
      11370.0  2.81561e-11
      11380.0  2.75287e-11
      11390.0  2.69500e-11
      11400.0  2.64190e-11
      11410.0  2.59339e-11
      11420.0  2.54922e-11
      11430.0  2.50908e-11
      11440.0  2.47264e-11
      11450.0  2.43949e-11
      11460.0  2.40922e-11
      11470.0  2.38137e-11
      11480.0  2.35548e-11
      11490.0  2.33109e-11
      11500.0  2.30774e-11
      11510.0  2.28499e-11
      11520.0  2.26241e-11
      11530.0  2.23962e-11
      11540.0  2.21626e-11
      11550.0  2.19202e-11
      11560.0  2.16661e-11
      11570.0  2.13983e-11
      11580.0  2.11150e-11
      11590.0  2.08151e-11
      11600.0  2.04977e-11
      11610.0  2.01629e-11
      11620.0  1.98108e-11
      11630.0  1.94423e-11
      11640.0  1.90586e-11
      11650.0  1.86612e-11
      11660.0  1.82521e-11
      11670.0  1.78335e-11
      11680.0  1.74079e-11
      11690.0  1.69777e-11
      11700.0  1.65458e-11
      11710.0  1.61149e-11
      11720.0  1.56877e-11
      11730.0  1.52669e-11
      11740.0  1.48551e-11
      11750.0  1.44547e-11
      11760.0  1.40678e-11
      11770.0  1.36965e-11
      11780.0  1.33425e-11
      11790.0  1.30072e-11
      11800.0  1.26917e-11
      11810.0  1.23968e-11
      11820.0  1.21231e-11
      11830.0  1.18709e-11
      11840.0  1.16399e-11
      11850.0  1.14300e-11
      11860.0  1.12404e-11
      11870.0  1.10704e-11
      11880.0  1.09190e-11
      11890.0  1.07848e-11
      11900.0  1.06666e-11
      11910.0  1.05628e-11
      11920.0  1.04719e-11
      11930.0  1.03921e-11
      11940.0  1.03217e-11
      11950.0  1.02590e-11
      11960.0  1.02023e-11
      11970.0  1.01499e-11
      11980.0  1.01002e-11
      11990.0  1.00517e-11
      12000.0  1.00030e-11
      12010.0  9.95281e-12
      12020.0  9.90002e-12
      12030.0  9.84368e-12
      12040.0  9.78304e-12
      12050.0  9.71753e-12
      12060.0  9.64680e-12
      12070.0  9.57068e-12
      12080.0  9.48923e-12
      12090.0  9.40272e-12
      12100.0  9.31160e-12
      12110.0  9.21653e-12
      12120.0  9.11834e-12
      12130.0  9.01804e-12
      12140.0  8.91677e-12
      12150.0  8.81582e-12
      12160.0  8.71656e-12
      12170.0  8.62046e-12
      12180.0  8.52905e-12
      12190.0  8.44387e-12
      12200.0  8.36649e-12
      12210.0  8.29846e-12
      12220.0  8.24128e-12
      12230.0  8.19637e-12
      12240.0  8.16510e-12
      12250.0  8.14868e-12
      12260.0  8.14824e-12
      12270.0  8.16473e-12
      12280.0  8.19897e-12
      12290.0  8.25159e-12
      12300.0  8.32305e-12
      12310.0  8.41364e-12
      12320.0  8.52346e-12
      12330.0  8.65241e-12
      12340.0  8.80024e-12
      12350.0  8.96651e-12
      12360.0  9.15062e-12
      12370.0  9.35182e-12
      12380.0  9.56919e-12
      12390.0  9.80173e-12
      12400.0  1.00483e-11
      12410.0  1.03076e-11
      12420.0  1.05784e-11
      12430.0  1.08592e-11
      12440.0  1.11486e-11
      12450.0  1.14452e-11
      12460.0  1.17474e-11
      12470.0  1.20536e-11
      12480.0  1.23623e-11
      12490.0  1.26720e-11
      12500.0  1.29811e-11
      12510.0  1.32881e-11
      12520.0  1.35914e-11
      12530.0  1.38896e-11
      12540.0  1.41812e-11
      12550.0  1.44646e-11
      12560.0  1.47386e-11
      12570.0  1.50016e-11
      12580.0  1.52523e-11
      12590.0  1.54894e-11
      12600.0  1.57116e-11
      12610.0  1.59177e-11
      12620.0  1.61066e-11
      12630.0  1.62773e-11
      12640.0  1.64288e-11
      12650.0  1.65603e-11
      12660.0  1.66711e-11
      12670.0  1.67607e-11
      12680.0  1.68286e-11
      12690.0  1.68747e-11
      12700.0  1.68988e-11
      12710.0  1.69009e-11
      12720.0  1.68815e-11
      12730.0  1.68408e-11
      12740.0  1.67796e-11
      12750.0  1.66984e-11
      12760.0  1.65983e-11
      12770.0  1.64801e-11
      12780.0  1.63450e-11
      12790.0  1.61941e-11
      12800.0  1.60287e-11
      12810.0  1.58501e-11
      12820.0  1.56596e-11
      12830.0  1.54585e-11
      12840.0  1.52480e-11
      12850.0  1.50295e-11
      12860.0  1.48041e-11
      12870.0  1.45729e-11
      12880.0  1.43371e-11
      12890.0  1.40976e-11
      12900.0  1.38553e-11
      12910.0  1.36109e-11
      12920.0  1.33652e-11
      12930.0  1.31189e-11
      12940.0  1.28724e-11
      12950.0  1.26263e-11
      12960.0  1.23808e-11
      12970.0  1.21364e-11
      12980.0  1.18933e-11
      12990.0  1.16517e-11
      13000.0  1.14119e-11
      13010.0  1.11739e-11
      13020.0  1.09380e-11
      13030.0  1.07042e-11
      13040.0  1.04726e-11
      13050.0  1.02433e-11
      13060.0  1.00166e-11
      13070.0  9.79244e-12
      13080.0  9.57102e-12
      13090.0  9.35251e-12
      13100.0  9.13707e-12
      13110.0  8.92494e-12
      13120.0  8.71632e-12
      13130.0  8.51150e-12
      13140.0  8.31076e-12
      13150.0  8.11443e-12
      13160.0  7.92288e-12
      13170.0  7.73648e-12
      13180.0  7.55566e-12
      13190.0  7.38088e-12
      13200.0  7.21261e-12
      13210.0  7.05137e-12
      13220.0  6.89771e-12
      13230.0  6.75217e-12
      13240.0  6.61536e-12
      13250.0  6.48788e-12
      13260.0  6.37035e-12
      13270.0  6.26339e-12
      13280.0  6.16765e-12
      13290.0  6.08375e-12
      13300.0  6.01231e-12
      13310.0  5.95394e-12
      13320.0  5.90920e-12
      13330.0  5.87863e-12
      13340.0  5.86269e-12
      13350.0  5.86180e-12
      13360.0  5.87628e-12
      13370.0  5.90636e-12
      13380.0  5.95218e-12
      13390.0  6.01375e-12
      13400.0  6.09094e-12
      13410.0  6.18351e-12
      13420.0  6.29104e-12
      13430.0  6.41299e-12
      13440.0  6.54866e-12
      13450.0  6.69719e-12
      13460.0  6.85760e-12
      13470.0  7.02877e-12
      13480.0  7.20945e-12
      13490.0  7.39830e-12
      13500.0  7.59390e-12
      13510.0  7.79474e-12
      13520.0  7.99931e-12
      13530.0  8.20606e-12
      13540.0  8.41346e-12
      13550.0  8.61999e-12
      13560.0  8.82422e-12
      13570.0  9.02476e-12
      13580.0  9.22033e-12
      13590.0  9.40975e-12
      13600.0  9.59197e-12
      13610.0  9.76604e-12
      13620.0  9.93116e-12
      13630.0  1.00866e-11
      13640.0  1.02319e-11
      13650.0  1.03666e-11
      13660.0  1.04903e-11
      13670.0  1.06029e-11
      13680.0  1.07042e-11
      13690.0  1.07942e-11
      13700.0  1.08730e-11
      13710.0  1.09405e-11
      13720.0  1.09971e-11
      13730.0  1.10428e-11
      13740.0  1.10780e-11
      13750.0  1.11028e-11
      13760.0  1.11176e-11
      13770.0  1.11227e-11
      13780.0  1.11183e-11
      13790.0  1.11048e-11
      13800.0  1.10826e-11
      13810.0  1.10519e-11
      13820.0  1.10132e-11
      13830.0  1.09668e-11
      13840.0  1.09131e-11
      13850.0  1.08524e-11
      13860.0  1.07852e-11
      13870.0  1.07117e-11
      13880.0  1.06324e-11
      13890.0  1.05477e-11
      13900.0  1.04579e-11
      13910.0  1.03634e-11
      13920.0  1.02646e-11
      13930.0  1.01619e-11
      13940.0  1.00557e-11
      13950.0  9.94626e-12
      13960.0  9.83402e-12
      13970.0  9.71934e-12
      13980.0  9.60256e-12
      13990.0  9.48407e-12
      14000.0  9.36420e-12
      14010.0  9.24335e-12
      14020.0  9.12186e-12
      14030.0  9.00011e-12
      14040.0  8.87850e-12
      14050.0  8.75741e-12
      14060.0  8.63725e-12
      14070.0  8.51845e-12
      14080.0  8.40143e-12
      14090.0  8.28664e-12
      14100.0  8.17455e-12
      14110.0  8.06563e-12
      14120.0  7.96037e-12
      14130.0  7.85925e-12
      14140.0  7.76278e-12
      14150.0  7.67144e-12
      14160.0  7.58572e-12
      14170.0  7.50610e-12
      14180.0  7.43302e-12
      14190.0  7.36691e-12
      14200.0  7.30818e-12
      14210.0  7.25718e-12
      14220.0  7.21424e-12
      14230.0  7.17961e-12
      14240.0  7.15351e-12
      14250.0  7.13611e-12
      14260.0  7.12752e-12
      14270.0  7.12776e-12
      14280.0  7.13684e-12
      14290.0  7.15468e-12
      14300.0  7.18115e-12
      14310.0  7.21606e-12
      14320.0  7.25917e-12
      14330.0  7.31021e-12
      14340.0  7.36884e-12
      14350.0  7.43469e-12
      14360.0  7.50736e-12
      14370.0  7.58641e-12
      14380.0  7.67138e-12
      14390.0  7.76178e-12
      14400.0  7.85710e-12
      14410.0  7.95682e-12
      14420.0  8.06041e-12
      14430.0  8.16733e-12
      14440.0  8.27703e-12
      14450.0  8.38896e-12
      14460.0  8.50258e-12
      14470.0  8.61736e-12
      14480.0  8.73277e-12
      14490.0  8.84830e-12
      14500.0  8.96346e-12
      14510.0  9.07781e-12
      14520.0  9.19091e-12
      14530.0  9.30238e-12
      14540.0  9.41188e-12
      14550.0  9.51912e-12
      14560.0  9.62385e-12
      14570.0  9.72593e-12
      14580.0  9.82522e-12
      14590.0  9.92172e-12
      14600.0  1.00154e-11
      14610.0  1.01065e-11
      14620.0  1.01951e-11
      14630.0  1.02815e-11
      14640.0  1.03660e-11
      14650.0  1.04491e-11
      14660.0  1.05312e-11
      14670.0  1.06128e-11
      14680.0  1.06946e-11
      14690.0  1.07771e-11
      14700.0  1.08611e-11
      14710.0  1.09471e-11
      14720.0  1.10360e-11
      14730.0  1.11284e-11
      14740.0  1.12250e-11
      14750.0  1.13265e-11
      14760.0  1.14336e-11
      14770.0  1.15469e-11
      14780.0  1.16670e-11
      14790.0  1.17944e-11
      14800.0  1.19296e-11
      14810.0  1.20731e-11
      14820.0  1.22250e-11
      14830.0  1.23857e-11
      14840.0  1.25553e-11
      14850.0  1.27340e-11
      14860.0  1.29216e-11
      14870.0  1.31180e-11
      14880.0  1.33231e-11
      14890.0  1.35365e-11
      14900.0  1.37578e-11
      14910.0  1.39864e-11
      14920.0  1.42218e-11
      14930.0  1.44631e-11
      14940.0  1.47097e-11
      14950.0  1.49604e-11
      14960.0  1.52145e-11
      14970.0  1.54706e-11
      14980.0  1.57278e-11
      14990.0  1.59847e-11
      15000.0  1.62401e-11
      15010.0  1.64926e-11
      15020.0  1.67410e-11
      15030.0  1.69837e-11
      15040.0  1.72196e-11
      15050.0  1.74472e-11
      15060.0  1.76654e-11
      15070.0  1.78727e-11
      15080.0  1.80682e-11
      15090.0  1.82507e-11
      15100.0  1.84194e-11
      15110.0  1.85733e-11
      15120.0  1.87118e-11
      15130.0  1.88344e-11
      15140.0  1.89408e-11
      15150.0  1.90306e-11
      15160.0  1.91038e-11
      15170.0  1.91606e-11
      15180.0  1.92011e-11
      15190.0  1.92259e-11
      15200.0  1.92354e-11
      15210.0  1.92303e-11
      15220.0  1.92115e-11
      15230.0  1.91798e-11
      15240.0  1.91362e-11
      15250.0  1.90818e-11
      15260.0  1.90177e-11
      15270.0  1.89449e-11
      15280.0  1.88648e-11
      15290.0  1.87785e-11
      15300.0  1.86871e-11
      15310.0  1.85917e-11
      15320.0  1.84936e-11
      15330.0  1.83937e-11
      15340.0  1.82930e-11
      15350.0  1.81927e-11
      15360.0  1.80934e-11
      15370.0  1.79962e-11
      15380.0  1.79017e-11
      15390.0  1.78106e-11
      15400.0  1.77236e-11
      15410.0  1.76413e-11
      15420.0  1.75640e-11
      15430.0  1.74922e-11
      15440.0  1.74262e-11
      15450.0  1.73663e-11
      15460.0  1.73126e-11
      15470.0  1.72653e-11
      15480.0  1.72244e-11
      15490.0  1.71899e-11
      15500.0  1.71617e-11
      15510.0  1.71397e-11
      15520.0  1.71236e-11
      15530.0  1.71132e-11
      15540.0  1.71081e-11
      15550.0  1.71082e-11
      15560.0  1.71128e-11
      15570.0  1.71217e-11
      15580.0  1.71344e-11
      15590.0  1.71505e-11
      15600.0  1.71694e-11
      15610.0  1.71908e-11
      15620.0  1.72142e-11
      15630.0  1.72391e-11
      15640.0  1.72651e-11
      15650.0  1.72920e-11
      15660.0  1.73193e-11
      15670.0  1.73467e-11
      15680.0  1.73741e-11
      15690.0  1.74012e-11
      15700.0  1.74279e-11
      15710.0  1.74541e-11
      15720.0  1.74798e-11
      15730.0  1.75049e-11
      15740.0  1.75296e-11
      15750.0  1.75539e-11
      15760.0  1.75779e-11
      15770.0  1.76019e-11
      15780.0  1.76261e-11
      15790.0  1.76506e-11
      15800.0  1.76756e-11
      15810.0  1.77014e-11
      15820.0  1.77282e-11
      15830.0  1.77563e-11
      15840.0  1.77857e-11
      15850.0  1.78168e-11
      15860.0  1.78495e-11
      15870.0  1.78842e-11
      15880.0  1.79207e-11
      15890.0  1.79593e-11
      15900.0  1.79998e-11
      15910.0  1.80424e-11
      15920.0  1.80869e-11
      15930.0  1.81332e-11
      15940.0  1.81812e-11
      15950.0  1.82308e-11
      15960.0  1.82817e-11
      15970.0  1.83338e-11
      15980.0  1.83869e-11
      15990.0  1.84407e-11
      16000.0  1.84951e-11
      16010.0  1.85496e-11
      16020.0  1.86043e-11
      16030.0  1.86587e-11
      16040.0  1.87128e-11
      16050.0  1.87662e-11
      16060.0  1.88190e-11
      16070.0  1.88709e-11
      16080.0  1.89219e-11
      16090.0  1.89719e-11
      16100.0  1.90208e-11
      16110.0  1.90687e-11
      16120.0  1.91155e-11
      16130.0  1.91614e-11
      16140.0  1.92065e-11
      16150.0  1.92507e-11
      16160.0  1.92944e-11
      16170.0  1.93375e-11
      16180.0  1.93803e-11
      16190.0  1.94229e-11
      16200.0  1.94655e-11
      16210.0  1.95082e-11
      16220.0  1.95511e-11
      16230.0  1.95943e-11
      16240.0  1.96380e-11
      16250.0  1.96822e-11
      16260.0  1.97269e-11
      16270.0  1.97721e-11
      16280.0  1.98178e-11
      16290.0  1.98640e-11
      16300.0  1.99106e-11
      16310.0  1.99574e-11
      16320.0  2.00043e-11
      16330.0  2.00512e-11
      16340.0  2.00980e-11
      16350.0  2.01444e-11
      16360.0  2.01903e-11
      16370.0  2.02355e-11
      16380.0  2.02799e-11
      16390.0  2.03234e-11
      16400.0  2.03657e-11
      16410.0  2.04069e-11
      16420.0  2.04468e-11
      16430.0  2.04854e-11
      16440.0  2.05226e-11
      16450.0  2.05584e-11
      16460.0  2.05927e-11
      16470.0  2.06256e-11
      16480.0  2.06571e-11
      16490.0  2.06871e-11
      16500.0  2.07157e-11
      16510.0  2.07428e-11
      16520.0  2.07684e-11
      16530.0  2.07923e-11
      16540.0  2.08146e-11
      16550.0  2.08351e-11
      16560.0  2.08535e-11
      16570.0  2.08697e-11
      16580.0  2.08833e-11
      16590.0  2.08942e-11
      16600.0  2.09019e-11
      16610.0  2.09060e-11
      16620.0  2.09062e-11
      16630.0  2.09019e-11
      16640.0  2.08928e-11
      16650.0  2.08784e-11
      16660.0  2.08581e-11
      16670.0  2.08314e-11
      16680.0  2.07981e-11
      16690.0  2.07575e-11
      16700.0  2.07093e-11
      16710.0  2.06531e-11
      16720.0  2.05887e-11
      16730.0  2.05157e-11
      16740.0  2.04341e-11
      16750.0  2.03437e-11
      16760.0  2.02445e-11
      16770.0  2.01365e-11
      16780.0  2.00200e-11
      16790.0  1.98951e-11
      16800.0  1.97621e-11
      16810.0  1.96216e-11
      16820.0  1.94739e-11
      16830.0  1.93197e-11
      16840.0  1.91595e-11
      16850.0  1.89942e-11
      16860.0  1.88243e-11
      16870.0  1.86508e-11
      16880.0  1.84746e-11
      16890.0  1.82964e-11
      16900.0  1.81171e-11
      16910.0  1.79378e-11
      16920.0  1.77592e-11
      16930.0  1.75822e-11
      16940.0  1.74078e-11
      16950.0  1.72368e-11
      16960.0  1.70698e-11
      16970.0  1.69077e-11
      16980.0  1.67511e-11
      16990.0  1.66006e-11
      17000.0  1.64567e-11
      17010.0  1.63199e-11
      17020.0  1.61905e-11
      17030.0  1.60687e-11
      17040.0  1.59547e-11
      17050.0  1.58487e-11
      17060.0  1.57506e-11
      17070.0  1.56603e-11
      17080.0  1.55777e-11
      17090.0  1.55026e-11
      17100.0  1.54347e-11
      17110.0  1.53735e-11
      17120.0  1.53188e-11
      17130.0  1.52700e-11
      17140.0  1.52268e-11
      17150.0  1.51886e-11
      17160.0  1.51550e-11
      17170.0  1.51254e-11
      17180.0  1.50994e-11
      17190.0  1.50765e-11
      17200.0  1.50563e-11
      17210.0  1.50385e-11
      17220.0  1.50225e-11
      17230.0  1.50082e-11
      17240.0  1.49953e-11
      17250.0  1.49835e-11
      17260.0  1.49727e-11
      17270.0  1.49628e-11
      17280.0  1.49538e-11
      17290.0  1.49456e-11
      17300.0  1.49383e-11
      17310.0  1.49320e-11
      17320.0  1.49268e-11
      17330.0  1.49228e-11
      17340.0  1.49203e-11
      17350.0  1.49194e-11
      17360.0  1.49203e-11
      17370.0  1.49234e-11
      17380.0  1.49287e-11
      17390.0  1.49366e-11
      17400.0  1.49473e-11
      17410.0  1.49609e-11
      17420.0  1.49776e-11
      17430.0  1.49977e-11
      17440.0  1.50211e-11
      17450.0  1.50481e-11
      17460.0  1.50788e-11
      17470.0  1.51130e-11
      17480.0  1.51509e-11
      17490.0  1.51925e-11
      17500.0  1.52376e-11
      17510.0  1.52861e-11
      17520.0  1.53379e-11
      17530.0  1.53929e-11
      17540.0  1.54508e-11
      17550.0  1.55113e-11
      17560.0  1.55743e-11
      17570.0  1.56393e-11
      17580.0  1.57061e-11
      17590.0  1.57743e-11
      17600.0  1.58436e-11
      17610.0  1.59134e-11
      17620.0  1.59836e-11
      17630.0  1.60535e-11
      17640.0  1.61229e-11
      17650.0  1.61913e-11
      17660.0  1.62583e-11
      17670.0  1.63234e-11
      17680.0  1.63862e-11
      17690.0  1.64464e-11
      17700.0  1.65035e-11
      17710.0  1.65573e-11
      17720.0  1.66073e-11
      17730.0  1.66532e-11
      17740.0  1.66947e-11
      17750.0  1.67315e-11
      17760.0  1.67634e-11
      17770.0  1.67901e-11
      17780.0  1.68114e-11
      17790.0  1.68271e-11
      17800.0  1.68371e-11
      17810.0  1.68413e-11
      17820.0  1.68395e-11
      17830.0  1.68317e-11
      17840.0  1.68178e-11
      17850.0  1.67977e-11
      17860.0  1.67716e-11
      17870.0  1.67393e-11
      17880.0  1.67009e-11
      17890.0  1.66564e-11
      17900.0  1.66061e-11
      17910.0  1.65499e-11
      17920.0  1.64879e-11
      17930.0  1.64204e-11
      17940.0  1.63475e-11
      17950.0  1.62693e-11
      17960.0  1.61861e-11
      17970.0  1.60982e-11
      17980.0  1.60057e-11
      17990.0  1.59089e-11
      18000.0  1.58081e-11
      18010.0  1.57037e-11
      18020.0  1.55958e-11
      18030.0  1.54850e-11
      18040.0  1.53714e-11
      18050.0  1.52554e-11
      18060.0  1.51375e-11
      18070.0  1.50179e-11
      18080.0  1.48969e-11
      18090.0  1.47749e-11
      18100.0  1.46523e-11
      18110.0  1.45293e-11
      18120.0  1.44063e-11
      18130.0  1.42834e-11
      18140.0  1.41610e-11
      18150.0  1.40392e-11
      18160.0  1.39183e-11
      18170.0  1.37983e-11
      18180.0  1.36795e-11
      18190.0  1.35619e-11
      18200.0  1.34456e-11
      18210.0  1.33306e-11
      18220.0  1.32170e-11
      18230.0  1.31047e-11
      18240.0  1.29937e-11
      18250.0  1.28840e-11
      18260.0  1.27755e-11
      18270.0  1.26682e-11
      18280.0  1.25619e-11
      18290.0  1.24567e-11
      18300.0  1.23525e-11
      18310.0  1.22492e-11
      18320.0  1.21468e-11
      18330.0  1.20453e-11
      18340.0  1.19447e-11
      18350.0  1.18449e-11
      18360.0  1.17460e-11
      18370.0  1.16480e-11
      18380.0  1.15510e-11
      18390.0  1.14550e-11
      18400.0  1.13601e-11
      18410.0  1.12663e-11
      18420.0  1.11736e-11
      18430.0  1.10822e-11
      18440.0  1.09920e-11
      18450.0  1.09031e-11
      18460.0  1.08155e-11
      18470.0  1.07291e-11
      18480.0  1.06440e-11
      18490.0  1.05602e-11
      18500.0  1.04775e-11
      18510.0  1.03959e-11
      18520.0  1.03154e-11
      18530.0  1.02357e-11
      18540.0  1.01570e-11
      18550.0  1.00790e-11
      18560.0  1.00016e-11
      18570.0  9.92492e-12
      18580.0  9.84877e-12
      18590.0  9.77315e-12
      18600.0  9.69806e-12
      18610.0  9.62350e-12
      18620.0  9.54953e-12
      18630.0  9.47622e-12
      18640.0  9.40367e-12
      18650.0  9.33203e-12
      18660.0  9.26144e-12
      18670.0  9.19208e-12
      18680.0  9.12415e-12
      18690.0  9.05785e-12
      18700.0  8.99339e-12
      18710.0  8.93098e-12
      18720.0  8.87080e-12
      18730.0  8.81305e-12
      18740.0  8.75787e-12
      18750.0  8.70540e-12
      18760.0  8.65574e-12
      18770.0  8.60894e-12
      18780.0  8.56501e-12
      18790.0  8.52394e-12
      18800.0  8.48564e-12
      18810.0  8.45001e-12
      18820.0  8.41688e-12
      18830.0  8.38605e-12
      18840.0  8.35728e-12
      18850.0  8.33031e-12
      18860.0  8.30483e-12
      18870.0  8.28053e-12
      18880.0  8.25707e-12
      18890.0  8.23409e-12
      18900.0  8.21127e-12
      18910.0  8.18826e-12
      18920.0  8.16472e-12
      18930.0  8.14034e-12
      18940.0  8.11483e-12
      18950.0  8.08793e-12
      18960.0  8.05941e-12
      18970.0  8.02906e-12
      18980.0  7.99674e-12
      18990.0  7.96233e-12
      19000.0  7.92576e-12
      19010.0  7.88700e-12
      19020.0  7.84606e-12
      19030.0  7.80300e-12
      19040.0  7.75793e-12
      19050.0  7.71097e-12
      19060.0  7.66231e-12
      19070.0  7.61216e-12
      19080.0  7.56075e-12
      19090.0  7.50837e-12
      19100.0  7.45529e-12
      19110.0  7.40184e-12
      19120.0  7.34834e-12
      19130.0  7.29514e-12
      19140.0  7.24260e-12
      19150.0  7.19106e-12
      19160.0  7.14088e-12
      19170.0  7.09241e-12
      19180.0  7.04601e-12
      19190.0  7.00200e-12
      19200.0  6.96070e-12
      19210.0  6.92243e-12
      19220.0  6.88745e-12
      19230.0  6.85603e-12
      19240.0  6.82842e-12
      19250.0  6.80480e-12
      19260.0  6.78537e-12
      19270.0  6.77026e-12
      19280.0  6.75959e-12
      19290.0  6.75344e-12
      19300.0  6.75185e-12
      19310.0  6.75483e-12
      19320.0  6.76235e-12
      19330.0  6.77434e-12
      19340.0  6.79070e-12
      19350.0  6.81130e-12
      19360.0  6.83596e-12
      19370.0  6.86447e-12
      19380.0  6.89659e-12
      19390.0  6.93207e-12
      19400.0  6.97059e-12
      19410.0  7.01184e-12
      19420.0  7.05548e-12
      19430.0  7.10115e-12
      19440.0  7.14846e-12
      19450.0  7.19703e-12
      19460.0  7.24645e-12
      19470.0  7.29634e-12
      19480.0  7.34630e-12
      19490.0  7.39592e-12
      19500.0  7.44483e-12
      19510.0  7.49266e-12
      19520.0  7.53906e-12
      19530.0  7.58369e-12
      19540.0  7.62626e-12
      19550.0  7.66649e-12
      19560.0  7.70413e-12
      19570.0  7.73898e-12
      19580.0  7.77086e-12
      19590.0  7.79964e-12
      19600.0  7.82520e-12
      19610.0  7.84749e-12
      19620.0  7.86647e-12
      19630.0  7.88216e-12
      19640.0  7.89459e-12
      19650.0  7.90383e-12
      19660.0  7.90998e-12
      19670.0  7.91317e-12
      19680.0  7.91354e-12
      19690.0  7.91125e-12
      19700.0  7.90647e-12
      19710.0  7.89940e-12
      19720.0  7.89022e-12
      19730.0  7.87912e-12
      19740.0  7.86629e-12
      19750.0  7.85192e-12
      19760.0  7.83616e-12
      19770.0  7.81918e-12
      19780.0  7.80111e-12
      19790.0  7.78208e-12
      19800.0  7.76218e-12
      19810.0  7.74148e-12
      19820.0  7.72005e-12
      19830.0  7.69790e-12
      19840.0  7.67503e-12
      19850.0  7.65143e-12
      19860.0  7.62705e-12
      19870.0  7.60183e-12
      19880.0  7.57569e-12
      19890.0  7.54851e-12
      19900.0  7.52019e-12
      19910.0  7.49060e-12
      19920.0  7.45960e-12
      19930.0  7.42704e-12
      19940.0  7.39280e-12
      19950.0  7.35671e-12
      19960.0  7.31865e-12
      19970.0  7.27847e-12
      19980.0  7.23607e-12
      19990.0  7.19132e-12
      20000.0  7.14414e-12
      20010.0  7.09445e-12
      20020.0  7.04219e-12
      20030.0  6.98732e-12
      20040.0  6.92984e-12
      20050.0  6.86976e-12
      20060.0  6.80710e-12
      20070.0  6.74193e-12
      20080.0  6.67434e-12
      20090.0  6.60443e-12
      20100.0  6.53233e-12
      20110.0  6.45821e-12
      20120.0  6.38224e-12
      20130.0  6.30462e-12
      20140.0  6.22555e-12
      20150.0  6.14528e-12
      20160.0  6.06405e-12
      20170.0  5.98212e-12
      20180.0  5.89975e-12
      20190.0  5.81723e-12
      20200.0  5.73482e-12
      20210.0  5.65281e-12
      20220.0  5.57148e-12
      20230.0  5.49111e-12
      20240.0  5.41197e-12
      20250.0  5.33431e-12
      20260.0  5.25840e-12
      20270.0  5.18447e-12
      20280.0  5.11274e-12
      20290.0  5.04343e-12
      20300.0  4.97672e-12
      20310.0  4.91279e-12
      20320.0  4.85179e-12
      20330.0  4.79384e-12
      20340.0  4.73906e-12
      20350.0  4.68754e-12
      20360.0  4.63934e-12
      20370.0  4.59451e-12
      20380.0  4.55306e-12
      20390.0  4.51501e-12
      20400.0  4.48034e-12
      20410.0  4.44901e-12
      20420.0  4.42099e-12
      20430.0  4.39619e-12
      20440.0  4.37455e-12
      20450.0  4.35597e-12
      20460.0  4.34037e-12
      20470.0  4.32762e-12
      20480.0  4.31761e-12
      20490.0  4.31023e-12
      20500.0  4.30535e-12
      20510.0  4.30284e-12
      20520.0  4.30259e-12
      20530.0  4.30446e-12
      20540.0  4.30834e-12
      20550.0  4.31411e-12
      20560.0  4.32164e-12
      20570.0  4.33084e-12
      20580.0  4.34159e-12
      20590.0  4.35380e-12
      20600.0  4.36737e-12
      20610.0  4.38222e-12
      20620.0  4.39826e-12
      20630.0  4.41543e-12
      20640.0  4.43365e-12
      20650.0  4.45286e-12
      20660.0  4.47301e-12
      20670.0  4.49404e-12
      20680.0  4.51590e-12
      20690.0  4.53856e-12
      20700.0  4.56197e-12
      20710.0  4.58610e-12
      20720.0  4.61092e-12
      20730.0  4.63639e-12
      20740.0  4.66249e-12
      20750.0  4.68920e-12
      20760.0  4.71648e-12
      20770.0  4.74433e-12
      20780.0  4.77271e-12
      20790.0  4.80161e-12
      20800.0  4.83101e-12
      20810.0  4.86089e-12
      20820.0  4.89124e-12
      20830.0  4.92204e-12
      20840.0  4.95327e-12
      20850.0  4.98492e-12
      20860.0  5.01698e-12
      20870.0  5.04943e-12
      20880.0  5.08226e-12
      20890.0  5.11546e-12
      20900.0  5.14901e-12
      20910.0  5.18291e-12
      20920.0  5.21714e-12
      20930.0  5.25169e-12
      20940.0  5.28656e-12
      20950.0  5.32173e-12
      20960.0  5.35718e-12
      20970.0  5.39291e-12
      20980.0  5.42890e-12
      20990.0  5.46513e-12
      21000.0  5.50159e-12
      21010.0  5.53825e-12
      21020.0  5.57510e-12
      21030.0  5.61210e-12
      21040.0  5.64923e-12
      21050.0  5.68644e-12
      21060.0  5.72371e-12
      21070.0  5.76099e-12
      21080.0  5.79822e-12
      21090.0  5.83535e-12
      21100.0  5.87232e-12
      21110.0  5.90906e-12
      21120.0  5.94549e-12
      21130.0  5.98154e-12
      21140.0  6.01710e-12
      21150.0  6.05208e-12
      21160.0  6.08638e-12
      21170.0  6.11988e-12
      21180.0  6.15247e-12
      21190.0  6.18401e-12
      21200.0  6.21437e-12
      21210.0  6.24343e-12
      21220.0  6.27102e-12
      21230.0  6.29701e-12
      21240.0  6.32124e-12
      21250.0  6.34356e-12
      21260.0  6.36382e-12
      21270.0  6.38185e-12
      21280.0  6.39750e-12
      21290.0  6.41061e-12
      21300.0  6.42105e-12
      21310.0  6.42865e-12
      21320.0  6.43328e-12
      21330.0  6.43482e-12
      21340.0  6.43312e-12
      21350.0  6.42810e-12
      21360.0  6.41963e-12
      21370.0  6.40765e-12
      21380.0  6.39207e-12
      21390.0  6.37284e-12
      21400.0  6.34993e-12
      21410.0  6.32332e-12
      21420.0  6.29301e-12
      21430.0  6.25902e-12
      21440.0  6.22142e-12
      21450.0  6.18025e-12
      21460.0  6.13563e-12
      21470.0  6.08767e-12
      21480.0  6.03650e-12
      21490.0  5.98231e-12
      21500.0  5.92527e-12
      21510.0  5.86560e-12
      21520.0  5.80354e-12
      21530.0  5.73935e-12
      21540.0  5.67330e-12
      21550.0  5.60568e-12
      21560.0  5.53681e-12
      21570.0  5.46702e-12
      21580.0  5.39663e-12
      21590.0  5.32599e-12
      21600.0  5.25545e-12
      21610.0  5.18538e-12
      21620.0  5.11612e-12
      21630.0  5.04803e-12
      21640.0  4.98145e-12
      21650.0  4.91673e-12
      21660.0  4.85419e-12
      21670.0  4.79415e-12
      21680.0  4.73692e-12
      21690.0  4.68276e-12
      21700.0  4.63194e-12
      21710.0  4.58470e-12
      21720.0  4.54125e-12
      21730.0  4.50178e-12
      21740.0  4.46645e-12
      21750.0  4.43539e-12
      21760.0  4.40872e-12
      21770.0  4.38651e-12
      21780.0  4.36881e-12
      21790.0  4.35565e-12
      21800.0  4.34703e-12
      21810.0  4.34292e-12
      21820.0  4.34327e-12
      21830.0  4.34800e-12
      21840.0  4.35703e-12
      21850.0  4.37023e-12
      21860.0  4.38748e-12
      21870.0  4.40862e-12
      21880.0  4.43349e-12
      21890.0  4.46193e-12
      21900.0  4.49373e-12
      21910.0  4.52872e-12
      21920.0  4.56669e-12
      21930.0  4.60744e-12
      21940.0  4.65075e-12
      21950.0  4.69643e-12
      21960.0  4.74426e-12
      21970.0  4.79404e-12
      21980.0  4.84557e-12
      21990.0  4.89863e-12
      22000.0  4.95305e-12
      22010.0  5.00862e-12
      22020.0  5.06518e-12
      22030.0  5.12253e-12
      22040.0  5.18051e-12
      22050.0  5.23897e-12
      22060.0  5.29773e-12
      22070.0  5.35668e-12
      22080.0  5.41565e-12
      22090.0  5.47452e-12
      22100.0  5.53317e-12
      22110.0  5.59149e-12
      22120.0  5.64935e-12
      22130.0  5.70666e-12
      22140.0  5.76332e-12
      22150.0  5.81924e-12
      22160.0  5.87433e-12
      22170.0  5.92850e-12
      22180.0  5.98167e-12
      22190.0  6.03377e-12
      22200.0  6.08472e-12
      22210.0  6.13444e-12
      22220.0  6.18287e-12
      22230.0  6.22994e-12
      22240.0  6.27557e-12
      22250.0  6.31970e-12
      22260.0  6.36225e-12
      22270.0  6.40316e-12
      22280.0  6.44235e-12
      22290.0  6.47975e-12
      22300.0  6.51530e-12
      22310.0  6.54890e-12
      22320.0  6.58050e-12
      22330.0  6.61001e-12
      22340.0  6.63735e-12
      22350.0  6.66245e-12
      22360.0  6.68522e-12
      22370.0  6.70558e-12
      22380.0  6.72346e-12
      22390.0  6.73877e-12
      22400.0  6.75144e-12
      22410.0  6.76137e-12
      22420.0  6.76850e-12
      22430.0  6.77275e-12
      22440.0  6.77405e-12
      22450.0  6.77232e-12
      22460.0  6.76751e-12
      22470.0  6.75955e-12
      22480.0  6.74838e-12
      22490.0  6.73395e-12
      22500.0  6.71623e-12
      22510.0  6.69518e-12
      22520.0  6.67078e-12
      22530.0  6.64299e-12
      22540.0  6.61182e-12
      22550.0  6.57726e-12
      22560.0  6.53933e-12
      22570.0  6.49805e-12
      22580.0  6.45344e-12
      22590.0  6.40555e-12
      22600.0  6.35444e-12
      22610.0  6.30017e-12
      22620.0  6.24281e-12
      22630.0  6.18245e-12
      22640.0  6.11920e-12
      22650.0  6.05315e-12
      22660.0  5.98443e-12
      22670.0  5.91317e-12
      22680.0  5.83950e-12
      22690.0  5.76357e-12
      22700.0  5.68555e-12
      22710.0  5.60559e-12
      22720.0  5.52387e-12
      22730.0  5.44058e-12
      22740.0  5.35588e-12
      22750.0  5.26999e-12
      22760.0  5.18309e-12
      22770.0  5.09540e-12
      22780.0  5.00711e-12
      22790.0  4.91845e-12
      22800.0  4.82961e-12
      22810.0  4.74083e-12
      22820.0  4.65231e-12
      22830.0  4.56428e-12
      22840.0  4.47695e-12
      22850.0  4.39055e-12
      22860.0  4.30529e-12
      22870.0  4.22138e-12
      22880.0  4.13905e-12
      22890.0  4.05850e-12
      22900.0  3.97993e-12
      22910.0  3.90356e-12
      22920.0  3.82957e-12
      22930.0  3.75816e-12
      22940.0  3.68951e-12
      22950.0  3.62379e-12
      22960.0  3.56119e-12
      22970.0  3.50185e-12
      22980.0  3.44592e-12
      22990.0  3.39356e-12
      23000.0  3.34488e-12
      23010.0  3.30000e-12
      23020.0  3.25903e-12
      23030.0  3.22206e-12
      23040.0  3.18918e-12
      23050.0  3.16044e-12
      23060.0  3.13589e-12
      23070.0  3.11558e-12
      23080.0  3.09953e-12
      23090.0  3.08775e-12
      23100.0  3.08022e-12
      23110.0  3.07693e-12
      23120.0  3.07783e-12
      23130.0  3.08287e-12
      23140.0  3.09199e-12
      23150.0  3.10509e-12
      23160.0  3.12210e-12
      23170.0  3.14288e-12
      23180.0  3.16732e-12
      23190.0  3.19529e-12
      23200.0  3.22662e-12
      23210.0  3.26116e-12
      23220.0  3.29874e-12
      23230.0  3.33918e-12
      23240.0  3.38228e-12
      23250.0  3.42785e-12
      23260.0  3.47568e-12
      23270.0  3.52557e-12
      23280.0  3.57728e-12
      23290.0  3.63060e-12
      23300.0  3.68532e-12
      23310.0  3.74119e-12
      23320.0  3.79800e-12
      23330.0  3.85552e-12
      23340.0  3.91352e-12
      23350.0  3.97178e-12
      23360.0  4.03007e-12
      23370.0  4.08818e-12
      23380.0  4.14589e-12
      23390.0  4.20300e-12
      23400.0  4.25929e-12
      23410.0  4.31458e-12
      23420.0  4.36867e-12
      23430.0  4.42138e-12
      23440.0  4.47253e-12
      23450.0  4.52196e-12
      23460.0  4.56951e-12
      23470.0  4.61501e-12
      23480.0  4.65835e-12
      23490.0  4.69937e-12
      23500.0  4.73796e-12
      23510.0  4.77400e-12
      23520.0  4.80739e-12
      23530.0  4.83802e-12
      23540.0  4.86583e-12
      23550.0  4.89072e-12
      23560.0  4.91262e-12
      23570.0  4.93149e-12
      23580.0  4.94727e-12
      23590.0  4.95992e-12
      23600.0  4.96942e-12
      23610.0  4.97573e-12
      23620.0  4.97885e-12
      23630.0  4.97878e-12
      23640.0  4.97552e-12
      23650.0  4.96910e-12
      23660.0  4.95954e-12
      23670.0  4.94688e-12
      23680.0  4.93118e-12
      23690.0  4.91249e-12
      23700.0  4.89090e-12
      23710.0  4.86648e-12
      23720.0  4.83934e-12
      23730.0  4.80960e-12
      23740.0  4.77738e-12
      23750.0  4.74283e-12
      23760.0  4.70610e-12
      23770.0  4.66737e-12
      23780.0  4.62683e-12
      23790.0  4.58469e-12
      23800.0  4.54115e-12
      23810.0  4.49647e-12
      23820.0  4.45088e-12
      23830.0  4.40471e-12
      23840.0  4.35817e-12
      23850.0  4.31153e-12
      23860.0  4.26507e-12
      23870.0  4.21906e-12
      23880.0  4.17379e-12
      23890.0  4.12953e-12
      23900.0  4.08655e-12
      23910.0  4.04511e-12
      23920.0  4.00546e-12
      23930.0  3.96781e-12
      23940.0  3.93238e-12
      23950.0  3.89934e-12
      23960.0  3.86886e-12
      23970.0  3.84108e-12
      23980.0  3.81609e-12
      23990.0  3.79399e-12
      24000.0  3.77483e-12
      24010.0  3.75865e-12
      24020.0  3.74547e-12
      24030.0  3.73528e-12
      24040.0  3.72805e-12
      24050.0  3.72375e-12
      24060.0  3.72232e-12
      24070.0  3.72371e-12
      24080.0  3.72784e-12
      24090.0  3.73462e-12
      24100.0  3.74399e-12
      24110.0  3.75585e-12
      24120.0  3.77010e-12
      24130.0  3.78667e-12
      24140.0  3.80544e-12
      24150.0  3.82634e-12
      24160.0  3.84924e-12
      24170.0  3.87407e-12
      24180.0  3.90072e-12
      24190.0  3.92907e-12
      24200.0  3.95904e-12
      24210.0  3.99050e-12
      24220.0  4.02335e-12
      24230.0  4.05749e-12
      24240.0  4.09279e-12
      24250.0  4.12914e-12
      24260.0  4.16643e-12
      24270.0  4.20455e-12
      24280.0  4.24338e-12
      24290.0  4.28281e-12
      24300.0  4.32272e-12
      24310.0  4.36301e-12
      24320.0  4.40356e-12
      24330.0  4.44428e-12
      24340.0  4.48505e-12
      24350.0  4.52578e-12
      24360.0  4.56637e-12
      24370.0  4.60672e-12
      24380.0  4.64675e-12
      24390.0  4.68635e-12
      24400.0  4.72544e-12
      24410.0  4.76394e-12
      24420.0  4.80176e-12
      24430.0  4.83881e-12
      24440.0  4.87501e-12
      24450.0  4.91027e-12
      24460.0  4.94452e-12
      24470.0  4.97767e-12
      24480.0  5.00964e-12
      24490.0  5.04034e-12
      24500.0  5.06970e-12
      24510.0  5.09763e-12
      24520.0  5.12405e-12
      24530.0  5.14889e-12
      24540.0  5.17206e-12
      24550.0  5.19350e-12
      24560.0  5.21313e-12
      24570.0  5.23089e-12
      24580.0  5.24671e-12
      24590.0  5.26055e-12
      24600.0  5.27235e-12
      24610.0  5.28207e-12
      24620.0  5.28970e-12
      24630.0  5.29520e-12
      24640.0  5.29856e-12
      24650.0  5.29980e-12
      24660.0  5.29892e-12
      24670.0  5.29595e-12
      24680.0  5.29094e-12
      24690.0  5.28394e-12
      24700.0  5.27502e-12
      24710.0  5.26427e-12
      24720.0  5.25180e-12
      24730.0  5.23770e-12
      24740.0  5.22212e-12
      24750.0  5.20519e-12
      24760.0  5.18707e-12
      24770.0  5.16793e-12
      24780.0  5.14794e-12
      24790.0  5.12729e-12
      24800.0  5.10617e-12
      24810.0  5.08477e-12
      24820.0  5.06330e-12
      24830.0  5.04194e-12
      24840.0  5.02088e-12
      24850.0  5.00031e-12
      24860.0  4.98037e-12
      24870.0  4.96121e-12
      24880.0  4.94295e-12
      24890.0  4.92567e-12
      24900.0  4.90944e-12
      24910.0  4.89431e-12
      24920.0  4.88029e-12
      24930.0  4.86737e-12
      24940.0  4.85552e-12
      24950.0  4.84471e-12
      24960.0  4.83488e-12
      24970.0  4.82598e-12
      24980.0  4.81793e-12
      24990.0  4.81067e-12
      25000.0  4.80412e-12
