      1000.00  2.36425e-12
      1010.00  2.93292e-12
      1020.00  3.65001e-12
      1030.00  4.55000e-12
      1040.00  5.67641e-12
      1050.00  7.08067e-12
      1060.00  8.82229e-12
      1070.00  1.09687e-11
      1080.00  1.35942e-11
      1090.00  1.67784e-11
      1100.00  2.06039e-11
      1110.00  2.51532e-11
      1120.00  3.05053e-11
      1130.00  3.67321e-11
      1140.00  4.38946e-11
      1150.00  5.20399e-11
      1160.00  6.11981e-11
      1170.00  7.13800e-11
      1180.00  8.25756e-11
      1190.00  9.47529e-11
      1200.00  1.07857e-10
      1210.00  1.21813e-10
      1220.00  1.36522e-10
      1230.00  1.51868e-10
      1240.00  1.67719e-10
      1250.00  1.83928e-10
      1260.00  2.00340e-10
      1270.00  2.16795e-10
      1280.00  2.33130e-10
      1290.00  2.49189e-10
      1300.00  2.64820e-10
      1310.00  2.79883e-10
      1320.00  2.94254e-10
      1330.00  3.07823e-10
      1340.00  3.20504e-10
      1350.00  3.32225e-10
      1360.00  3.42940e-10
      1370.00  3.52623e-10
      1380.00  3.61269e-10
      1390.00  3.68891e-10
      1400.00  3.75523e-10
      1410.00  3.81214e-10
      1420.00  3.86028e-10
      1430.00  3.90042e-10
      1440.00  3.93340e-10
      1450.00  3.96014e-10
      1460.00  3.98161e-10
      1470.00  3.99877e-10
      1480.00  4.01257e-10
      1490.00  4.02394e-10
      1500.00  4.03373e-10
      1510.00  4.04275e-10
      1520.00  4.05169e-10
      1530.00  4.06120e-10
      1540.00  4.07180e-10
      1550.00  4.08394e-10
      1560.00  4.09801e-10
      1570.00  4.11428e-10
      1580.00  4.13301e-10
      1590.00  4.15435e-10
      1600.00  4.17845e-10
      1610.00  4.20539e-10
      1620.00  4.23525e-10
      1630.00  4.26806e-10
      1640.00  4.30386e-10
      1650.00  4.34265e-10
      1660.00  4.38445e-10
      1670.00  4.42924e-10
      1680.00  4.47703e-10
      1690.00  4.52780e-10
      1700.00  4.58153e-10
      1710.00  4.63821e-10
      1720.00  4.69781e-10
      1730.00  4.76032e-10
      1740.00  4.82570e-10
      1750.00  4.89392e-10
      1760.00  4.96494e-10
      1770.00  5.03873e-10
      1780.00  5.11524e-10
      1790.00  5.19442e-10
      1800.00  5.27622e-10
      1810.00  5.36058e-10
      1820.00  5.44744e-10
      1830.00  5.53671e-10
      1840.00  5.62833e-10
      1850.00  5.72221e-10
      1860.00  5.81825e-10
      1870.00  5.91636e-10
      1880.00  6.01643e-10
      1890.00  6.11834e-10
      1900.00  6.22197e-10
      1910.00  6.32717e-10
      1920.00  6.43380e-10
      1930.00  6.54169e-10
      1940.00  6.65067e-10
      1950.00  6.76052e-10
      1960.00  6.87103e-10
      1970.00  6.98195e-10
      1980.00  7.09301e-10
      1990.00  7.20393e-10
      2000.00  7.31439e-10
      2010.00  7.42406e-10
      2020.00  7.53263e-10
      2030.00  7.63975e-10
      2040.00  7.74512e-10
      2050.00  7.84844e-10
      2060.00  7.94941e-10
      2070.00  8.04776e-10
      2080.00  8.14316e-10
      2090.00  8.23528e-10
      2100.00  8.32370e-10
      2110.00  8.40795e-10
      2120.00  8.48744e-10
      2130.00  8.56156e-10
      2140.00  8.62968e-10
      2150.00  8.69125e-10
      2160.00  8.74587e-10
      2170.00  8.79342e-10
      2180.00  8.83411e-10
      2190.00  8.86854e-10
      2200.00  8.89768e-10
      2210.00  8.92281e-10
      2220.00  8.94536e-10
      2230.00  8.96680e-10
      2240.00  8.98844e-10
      2250.00  9.01122e-10
      2260.00  9.03566e-10
      2270.00  9.06174e-10
      2280.00  9.08889e-10
      2290.00  9.11615e-10
      2300.00  9.14221e-10
      2310.00  9.16571e-10
      2320.00  9.18541e-10
      2330.00  9.20046e-10
      2340.00  9.21060e-10
      2350.00  9.21630e-10
      2360.00  9.21882e-10
      2370.00  9.22019e-10
      2380.00  9.22301e-10
      2390.00  9.23015e-10
      2400.00  9.24445e-10
      2410.00  9.26819e-10
      2420.00  9.30273e-10
      2430.00  9.34817e-10
      2440.00  9.40307e-10
      2450.00  9.46446e-10
      2460.00  9.52800e-10
      2470.00  9.58837e-10
      2480.00  9.63979e-10
      2490.00  9.67669e-10
      2500.00  9.69435e-10
      2510.00  9.68949e-10
      2520.00  9.66066e-10
      2530.00  9.60842e-10
      2540.00  9.53528e-10
      2550.00  9.44539e-10
      2560.00  9.34407e-10
      2570.00  9.23720e-10
      2580.00  9.13065e-10
      2590.00  9.02977e-10
      2600.00  8.93898e-10
      2610.00  8.86156e-10
      2620.00  8.79956e-10
      2630.00  8.75392e-10
      2640.00  8.72459e-10
      2650.00  8.71108e-10
      2660.00  8.72970e-10
      2670.00  8.96788e-10
      2680.00  9.84900e-10
      2690.00  1.15222e-09
      2700.00  1.34923e-09
      2710.00  1.48893e-09
      2720.00  1.54799e-09
      2730.00  1.55318e-09
      2740.00  1.62578e-09
      2750.00  1.78400e-09
      2760.00  1.90446e-09
      2770.00  2.06066e-09
      2780.00  2.37971e-09
      2790.00  2.73994e-09
      2800.00  3.04529e-09
      2810.00  3.35568e-09
      2820.00  3.66231e-09
      2830.00  3.92194e-09
      2840.00  4.10437e-09
      2850.00  4.22598e-09
      2860.00  4.36482e-09
      2870.00  4.53562e-09
      2880.00  4.62637e-09
      2890.00  4.58420e-09
      2900.00  4.57270e-09
      2910.00  4.68726e-09
      2920.00  4.82501e-09
      2930.00  4.95298e-09
      2940.00  5.14117e-09
      2950.00  5.36246e-09
      2960.00  5.45672e-09
      2970.00  5.34306e-09
      2980.00  5.16941e-09
      2990.00  5.14683e-09
      3000.00  5.35987e-09
      3010.00  5.79279e-09
      3020.00  6.32675e-09
      3030.00  6.77727e-09
      3040.00  7.05072e-09
      3050.00  7.21679e-09
      3060.00  7.32840e-09
      3070.00  7.39434e-09
      3080.00  7.44103e-09
      3090.00  7.39583e-09
      3100.00  7.18377e-09
      3110.00  6.85114e-09
      3120.00  6.48661e-09
      3130.00  6.11386e-09
      3140.00  5.74015e-09
      3150.00  5.39179e-09
      3160.00  5.08070e-09
      3170.00  4.82980e-09
      3180.00  4.66331e-09
      3190.00  4.56166e-09
      3200.00  4.45917e-09
      3210.00  4.35038e-09
      3220.00  4.34230e-09
      3230.00  4.41150e-09
      3240.00  4.45145e-09
      3250.00  4.44498e-09
      3260.00  4.45944e-09
      3270.00  4.54448e-09
      3280.00  4.68205e-09
      3290.00  4.84347e-09
      3300.00  5.03734e-09
      3310.00  5.27733e-09
      3320.00  5.53662e-09
      3330.00  5.75781e-09
      3340.00  5.91272e-09
      3350.00  6.02627e-09
      3360.00  6.11908e-09
      3370.00  6.18745e-09
      3380.00  6.25607e-09
      3390.00  6.37766e-09
      3400.00  6.58054e-09
      3410.00  6.85529e-09
      3420.00  7.16248e-09
      3430.00  7.44298e-09
      3440.00  7.64359e-09
      3450.00  7.73405e-09
      3460.00  7.74919e-09
      3470.00  7.76984e-09
      3480.00  7.81659e-09
      3490.00  7.87119e-09
      3500.00  7.92653e-09
      3510.00  7.97565e-09
      3520.00  8.01488e-09
      3530.00  8.04368e-09
      3540.00  8.05291e-09
      3550.00  8.03186e-09
      3560.00  7.97781e-09
      3570.00  7.87764e-09
      3580.00  7.71187e-09
      3590.00  7.45537e-09
      3600.00  7.07858e-09
      3610.00  6.62020e-09
      3620.00  6.18092e-09
      3630.00  5.78042e-09
      3640.00  5.38272e-09
      3650.00  4.97371e-09
      3660.00  4.55893e-09
      3670.00  4.16428e-09
      3680.00  3.83503e-09
      3690.00  3.60684e-09
      3700.00  3.48793e-09
      3710.00  3.47621e-09
      3720.00  3.57089e-09
      3730.00  3.75693e-09
      3740.00  3.99379e-09
      3750.00  4.22483e-09
      3760.00  4.41051e-09
      3770.00  4.56019e-09
      3780.00  4.70926e-09
      3790.00  4.88786e-09
      3800.00  5.11982e-09
      3810.00  5.42182e-09
      3820.00  5.79378e-09
      3830.00  6.21608e-09
      3840.00  6.65064e-09
      3850.00  7.04688e-09
      3860.00  7.38648e-09
      3870.00  7.69823e-09
      3880.00  7.99523e-09
      3890.00  8.26306e-09
      3900.00  8.48250e-09
      3910.00  8.63082e-09
      3920.00  8.68672e-09
      3930.00  8.64366e-09
      3940.00  8.51482e-09
      3950.00  8.32140e-09
      3960.00  8.08776e-09
      3970.00  7.85158e-09
      3980.00  7.66358e-09
      3990.00  7.56459e-09
      4000.00  7.56619e-09
      4010.00  7.65623e-09
      4020.00  7.81481e-09
      4030.00  8.01919e-09
      4040.00  8.24149e-09
      4050.00  8.44980e-09
      4060.00  8.61008e-09
      4070.00  8.69177e-09
      4080.00  8.68125e-09
      4090.00  8.58671e-09
      4100.00  8.42796e-09
      4110.00  8.22424e-09
      4120.00  7.99033e-09
      4130.00  7.74040e-09
      4140.00  7.48973e-09
      4150.00  7.24846e-09
      4160.00  7.01752e-09
      4170.00  6.79249e-09
      4180.00  6.56747e-09
      4190.00  6.33708e-09
      4200.00  6.10030e-09
      4210.00  5.86269e-09
      4220.00  5.63281e-09
      4230.00  5.41574e-09
      4240.00  5.21080e-09
      4250.00  5.01771e-09
      4260.00  4.84211e-09
      4270.00  4.69465e-09
      4280.00  4.58744e-09
      4290.00  4.53244e-09
      4300.00  4.54004e-09
      4310.00  4.61451e-09
      4320.00  4.74859e-09
      4330.00  4.92248e-09
      4340.00  5.10727e-09
      4350.00  5.27076e-09
      4360.00  5.38631e-09
      4370.00  5.44271e-09
      4380.00  5.44811e-09
      4390.00  5.42434e-09
      4400.00  5.39721e-09
      4410.00  5.38910e-09
      4420.00  5.41644e-09
      4430.00  5.48791e-09
      4440.00  5.60135e-09
      4450.00  5.74273e-09
      4460.00  5.89032e-09
      4470.00  6.02226e-09
      4480.00  6.12301e-09
      4490.00  6.18639e-09
      4500.00  6.21468e-09
      4510.00  6.21462e-09
      4520.00  6.19284e-09
      4530.00  6.15404e-09
      4540.00  6.10223e-09
      4550.00  6.04212e-09
      4560.00  5.97818e-09
      4570.00  5.91216e-09
      4580.00  5.84101e-09
      4590.00  5.75694e-09
      4600.00  5.65095e-09
      4610.00  5.51850e-09
      4620.00  5.36309e-09
      4630.00  5.19553e-09
      4640.00  5.02975e-09
      4650.00  4.87830e-09
      4660.00  4.74920e-09
      4670.00  4.64453e-09
      4680.00  4.56037e-09
      4690.00  4.48858e-09
      4700.00  4.42079e-09
      4710.00  4.35240e-09
      4720.00  4.28359e-09
      4730.00  4.21785e-09
      4740.00  4.15986e-09
      4750.00  4.11256e-09
      4760.00  4.07340e-09
      4770.00  4.03280e-09
      4780.00  3.97733e-09
      4790.00  3.89537e-09
      4800.00  3.78234e-09
      4810.00  3.64300e-09
      4820.00  3.49032e-09
      4830.00  3.34143e-09
      4840.00  3.21257e-09
      4850.00  3.11510e-09
      4860.00  3.05347e-09
      4870.00  3.02524e-09
      4880.00  3.02263e-09
      4890.00  3.03420e-09
      4900.00  3.04686e-09
      4910.00  3.05151e-09
      4920.00  3.05080e-09
      4930.00  3.05577e-09
      4940.00  3.07260e-09
      4950.00  3.09871e-09
      4960.00  3.12950e-09
      4970.00  3.16322e-09
      4980.00  3.20098e-09
      4990.00  3.24457e-09
      5000.00  3.29476e-09
      5010.00  3.35118e-09
      5020.00  3.41391e-09
      5030.00  3.48421e-09
      5040.00  3.56286e-09
      5050.00  3.64756e-09
      5060.00  3.73224e-09
      5070.00  3.80914e-09
      5080.00  3.87197e-09
      5090.00  3.91769e-09
      5100.00  3.94649e-09
      5110.00  3.96099e-09
      5120.00  3.96541e-09
      5130.00  3.96435e-09
      5140.00  3.96101e-09
      5150.00  3.95550e-09
      5160.00  3.94409e-09
      5170.00  3.92012e-09
      5180.00  3.87629e-09
      5190.00  3.80700e-09
      5200.00  3.71058e-09
      5210.00  3.59071e-09
      5220.00  3.45596e-09
      5230.00  3.31770e-09
      5240.00  3.18723e-09
      5250.00  3.07350e-09
      5260.00  2.98224e-09
      5270.00  2.91605e-09
      5280.00  2.87483e-09
      5290.00  2.85609e-09
      5300.00  2.85535e-09
      5310.00  2.86688e-09
      5320.00  2.88464e-09
      5330.00  2.90302e-09
      5340.00  2.91699e-09
      5350.00  2.92198e-09
      5360.00  2.91394e-09
      5370.00  2.89023e-09
      5380.00  2.85076e-09
      5390.00  2.79863e-09
      5400.00  2.73904e-09
      5410.00  2.67770e-09
      5420.00  2.62055e-09
      5430.00  2.57444e-09
      5440.00  2.54636e-09
      5450.00  2.54124e-09
      5460.00  2.56043e-09
      5470.00  2.60150e-09
      5480.00  2.65884e-09
      5490.00  2.72486e-09
      5500.00  2.79150e-09
      5510.00  2.85191e-09
      5520.00  2.90167e-09
      5530.00  2.93923e-09
      5540.00  2.96555e-09
      5550.00  2.98325e-09
      5560.00  2.99557e-09
      5570.00  3.00543e-09
      5580.00  3.01475e-09
      5590.00  3.02418e-09
      5600.00  3.03323e-09
      5610.00  3.04077e-09
      5620.00  3.04535e-09
      5630.00  3.04546e-09
      5640.00  3.03959e-09
      5650.00  3.02649e-09
      5660.00  3.00516e-09
      5670.00  2.97495e-09
      5680.00  2.93576e-09
      5690.00  2.88852e-09
      5700.00  2.83558e-09
      5710.00  2.78053e-09
      5720.00  2.72732e-09
      5730.00  2.67922e-09
      5740.00  2.63850e-09
      5750.00  2.60662e-09
      5760.00  2.58448e-09
      5770.00  2.57237e-09
      5780.00  2.56986e-09
      5790.00  2.57578e-09
      5800.00  2.58847e-09
      5810.00  2.60600e-09
      5820.00  2.62634e-09
      5830.00  2.64736e-09
      5840.00  2.66688e-09
      5850.00  2.68289e-09
      5860.00  2.69390e-09
      5870.00  2.69945e-09
      5880.00  2.70043e-09
      5890.00  2.69877e-09
      5900.00  2.69631e-09
      5910.00  2.69345e-09
      5920.00  2.68863e-09
      5930.00  2.67910e-09
      5940.00  2.66234e-09
      5950.00  2.63675e-09
      5960.00  2.60153e-09
      5970.00  2.55598e-09
      5980.00  2.49916e-09
      5990.00  2.43006e-09
      6000.00  2.34804e-09
      6010.00  2.25334e-09
      6020.00  2.14730e-09
      6030.00  2.03248e-09
      6040.00  1.91248e-09
      6050.00  1.79169e-09
      6060.00  1.67499e-09
      6070.00  1.56732e-09
      6080.00  1.47321e-09
      6090.00  1.39647e-09
      6100.00  1.33985e-09
      6110.00  1.30502e-09
      6120.00  1.29262e-09
      6130.00  1.30237e-09
      6140.00  1.33319e-09
      6150.00  1.38311e-09
      6160.00  1.44937e-09
      6170.00  1.52843e-09
      6180.00  1.61629e-09
      6190.00  1.70886e-09
      6200.00  1.80234e-09
      6210.00  1.89350e-09
      6220.00  1.97981e-09
      6230.00  2.05935e-09
      6240.00  2.13069e-09
      6250.00  2.19280e-09
      6260.00  2.24514e-09
      6270.00  2.28767e-09
      6280.00  2.32093e-09
      6290.00  2.34580e-09
      6300.00  2.36329e-09
      6310.00  2.37429e-09
      6320.00  2.37956e-09
      6330.00  2.37962e-09
      6340.00  2.37493e-09
      6350.00  2.36585e-09
      6360.00  2.35271e-09
      6370.00  2.33582e-09
      6380.00  2.31550e-09
      6390.00  2.29210e-09
      6400.00  2.26608e-09
      6410.00  2.23802e-09
      6420.00  2.20862e-09
      6430.00  2.17863e-09
      6440.00  2.14879e-09
      6450.00  2.11973e-09
      6460.00  2.09194e-09
      6470.00  2.06577e-09
      6480.00  2.04146e-09
      6490.00  2.01915e-09
      6500.00  1.99888e-09
      6510.00  1.98057e-09
      6520.00  1.96396e-09
      6530.00  1.94855e-09
      6540.00  1.93352e-09
      6550.00  1.91795e-09
      6560.00  1.90106e-09
      6570.00  1.88251e-09
      6580.00  1.86253e-09
      6590.00  1.84172e-09
      6600.00  1.82071e-09
      6610.00  1.79986e-09
      6620.00  1.77919e-09
      6630.00  1.75849e-09
      6640.00  1.73759e-09
      6650.00  1.71649e-09
      6660.00  1.69550e-09
      6670.00  1.67513e-09
      6680.00  1.65589e-09
      6690.00  1.63810e-09
      6700.00  1.62178e-09
      6710.00  1.60673e-09
      6720.00  1.59263e-09
      6730.00  1.57919e-09
      6740.00  1.56620e-09
      6750.00  1.55354e-09
      6760.00  1.54113e-09
      6770.00  1.52891e-09
      6780.00  1.51683e-09
      6790.00  1.50492e-09
      6800.00  1.49319e-09
      6810.00  1.48168e-09
      6820.00  1.47035e-09
      6830.00  1.45911e-09
      6840.00  1.44789e-09
      6850.00  1.43671e-09
      6860.00  1.42584e-09
      6870.00  1.41565e-09
      6880.00  1.40649e-09
      6890.00  1.39850e-09
      6900.00  1.39160e-09
      6910.00  1.38545e-09
      6920.00  1.37970e-09
      6930.00  1.37400e-09
      6940.00  1.36814e-09
      6950.00  1.36203e-09
      6960.00  1.35565e-09
      6970.00  1.34905e-09
      6980.00  1.34233e-09
      6990.00  1.33563e-09
      7000.00  1.32910e-09
      7010.00  1.32289e-09
      7020.00  1.31713e-09
      7030.00  1.31184e-09
      7040.00  1.30703e-09
      7050.00  1.30266e-09
      7060.00  1.29866e-09
      7070.00  1.29498e-09
      7080.00  1.29149e-09
      7090.00  1.28794e-09
      7100.00  1.28399e-09
      7110.00  1.27926e-09
      7120.00  1.27342e-09
      7130.00  1.26628e-09
      7140.00  1.25781e-09
      7150.00  1.24816e-09
      7160.00  1.23762e-09
      7170.00  1.22658e-09
      7180.00  1.21540e-09
      7190.00  1.20435e-09
      7200.00  1.19355e-09
      7210.00  1.18296e-09
      7220.00  1.17244e-09
      7230.00  1.16189e-09
      7240.00  1.15129e-09
      7250.00  1.14071e-09
      7260.00  1.13023e-09
      7270.00  1.11996e-09
      7280.00  1.10992e-09
      7290.00  1.10010e-09
      7300.00  1.09042e-09
      7310.00  1.08077e-09
      7320.00  1.07102e-09
      7330.00  1.06107e-09
      7340.00  1.05076e-09
      7350.00  1.03999e-09
      7360.00  1.02862e-09
      7370.00  1.01660e-09
      7380.00  1.00395e-09
      7390.00  9.90776e-10
      7400.00  9.77261e-10
      7410.00  9.63659e-10
      7420.00  9.50279e-10
      7430.00  9.37479e-10
      7440.00  9.25640e-10
      7450.00  9.15139e-10
      7460.00  9.06325e-10
      7470.00  8.99497e-10
      7480.00  8.94862e-10
      7490.00  8.92502e-10
      7500.00  8.92343e-10
      7510.00  8.94148e-10
      7520.00  8.97547e-10
      7530.00  9.02083e-10
      7540.00  9.07272e-10
      7550.00  9.12673e-10
      7560.00  9.17946e-10
      7570.00  9.22895e-10
      7580.00  9.27465e-10
      7590.00  9.31698e-10
      7600.00  9.35670e-10
      7610.00  9.39437e-10
      7620.00  9.43021e-10
      7630.00  9.46442e-10
      7640.00  9.49740e-10
      7650.00  9.52991e-10
      7660.00  9.56269e-10
      7670.00  9.59597e-10
      7680.00  9.62930e-10
      7690.00  9.66181e-10
      7700.00  9.69282e-10
      7710.00  9.72206e-10
      7720.00  9.74920e-10
      7730.00  9.77300e-10
      7740.00  9.79088e-10
      7750.00  9.79930e-10
      7760.00  9.79460e-10
      7770.00  9.77374e-10
      7780.00  9.73464e-10
      7790.00  9.67639e-10
      7800.00  9.59911e-10
      7810.00  9.50395e-10
      7820.00  9.39277e-10
      7830.00  9.26798e-10
      7840.00  9.13215e-10
      7850.00  8.98740e-10
      7860.00  8.83472e-10
      7870.00  8.67368e-10
      7880.00  8.50347e-10
      7890.00  8.32565e-10
      7900.00  8.14643e-10
      7910.00  7.97597e-10
      7920.00  7.82408e-10
      7930.00  7.69593e-10
      7940.00  7.59127e-10
      7950.00  7.50721e-10
      7960.00  7.44134e-10
      7970.00  7.39301e-10
      7980.00  7.36279e-10
      7990.00  7.35135e-10
      8000.00  7.35785e-10
      8010.00  7.37841e-10
      8020.00  7.40573e-10
      8030.00  7.43097e-10
      8040.00  7.44706e-10
      8050.00  7.45083e-10
      8060.00  7.44258e-10
      8070.00  7.42413e-10
      8080.00  7.39703e-10
      8090.00  7.36201e-10
      8100.00  7.31916e-10
      8110.00  7.26848e-10
      8120.00  7.21017e-10
      8130.00  7.14486e-10
      8140.00  7.07366e-10
      8150.00  6.99827e-10
      8160.00  6.92096e-10
      8170.00  6.84458e-10
      8180.00  6.77243e-10
      8190.00  6.70800e-10
      8200.00  6.65457e-10
      8210.00  6.61476e-10
      8220.00  6.59022e-10
      8230.00  6.58147e-10
      8240.00  6.58825e-10
      8250.00  6.60945e-10
      8260.00  6.64338e-10
      8270.00  6.68815e-10
      8280.00  6.74187e-10
      8290.00  6.80313e-10
      8300.00  6.87146e-10
      8310.00  6.94737e-10
      8320.00  7.03191e-10
      8330.00  7.12597e-10
      8340.00  7.22978e-10
      8350.00  7.34260e-10
      8360.00  7.46282e-10
      8370.00  7.58803e-10
      8380.00  7.71543e-10
      8390.00  7.84207e-10
      8400.00  7.96534e-10
      8410.00  8.08316e-10
      8420.00  8.19413e-10
      8430.00  8.29737e-10
      8440.00  8.39213e-10
      8450.00  8.47759e-10
      8460.00  8.55275e-10
      8470.00  8.61665e-10
      8480.00  8.66862e-10
      8490.00  8.70849e-10
      8500.00  8.73666e-10
      8510.00  8.75399e-10
      8520.00  8.76159e-10
      8530.00  8.76068e-10
      8540.00  8.75254e-10
      8550.00  8.73841e-10
      8560.00  8.71944e-10
      8570.00  8.69655e-10
      8580.00  8.67036e-10
      8590.00  8.64111e-10
      8600.00  8.60874e-10
      8610.00  8.57295e-10
      8620.00  8.53337e-10
      8630.00  8.48962e-10
      8640.00  8.44142e-10
      8650.00  8.38862e-10
      8660.00  8.33125e-10
      8670.00  8.26949e-10
      8680.00  8.20361e-10
      8690.00  8.13388e-10
      8700.00  8.06050e-10
      8710.00  7.98365e-10
      8720.00  7.90348e-10
      8730.00  7.82012e-10
      8740.00  7.73360e-10
      8750.00  7.64374e-10
      8760.00  7.55010e-10
      8770.00  7.45218e-10
      8780.00  7.34972e-10
      8790.00  7.24306e-10
      8800.00  7.13350e-10
      8810.00  7.02325e-10
      8820.00  6.91524e-10
      8830.00  6.81264e-10
      8840.00  6.71841e-10
      8850.00  6.63502e-10
      8860.00  6.56430e-10
      8870.00  6.50749e-10
      8880.00  6.46527e-10
      8890.00  6.43765e-10
      8900.00  6.42378e-10
      8910.00  6.42161e-10
      8920.00  6.42503e-10
      8930.00  6.43099e-10
      8940.00  6.43743e-10
      8950.00  6.44190e-10
      8960.00  6.44365e-10
      8970.00  6.44341e-10
      8980.00  6.44259e-10
      8990.00  6.44257e-10
      9000.00  6.44403e-10
      9010.00  6.44686e-10
      9020.00  6.45031e-10
      9030.00  6.45354e-10
      9040.00  6.45623e-10
      9050.00  6.45922e-10
      9060.00  6.46466e-10
      9070.00  6.47558e-10
      9080.00  6.49488e-10
      9090.00  6.52427e-10
      9100.00  6.56361e-10
      9110.00  6.61097e-10
      9120.00  6.66339e-10
      9130.00  6.71777e-10
      9140.00  6.77145e-10
      9150.00  6.82239e-10
      9160.00  6.86918e-10
      9170.00  6.91099e-10
      9180.00  6.94756e-10
      9190.00  6.97917e-10
      9200.00  7.00644e-10
      9210.00  7.02984e-10
      9220.00  7.04921e-10
      9230.00  7.06319e-10
      9240.00  7.06901e-10
      9250.00  7.06281e-10
      9260.00  7.04063e-10
      9270.00  7.00009e-10
      9280.00  6.94202e-10
      9290.00  6.87122e-10
      9300.00  6.79551e-10
      9310.00  6.72326e-10
      9320.00  6.66067e-10
      9330.00  6.61016e-10
      9340.00  6.57064e-10
      9350.00  6.53891e-10
      9360.00  6.51145e-10
      9370.00  6.48540e-10
      9380.00  6.45895e-10
      9390.00  6.43111e-10
      9400.00  6.40143e-10
      9410.00  6.36977e-10
      9420.00  6.33609e-10
      9430.00  6.30045e-10
      9440.00  6.26295e-10
      9450.00  6.22372e-10
      9460.00  6.18293e-10
      9470.00  6.14079e-10
      9480.00  6.09752e-10
      9490.00  6.05335e-10
      9500.00  6.00855e-10
      9510.00  5.96338e-10
      9520.00  5.91809e-10
      9530.00  5.87293e-10
      9540.00  5.82815e-10
      9550.00  5.78394e-10
      9560.00  5.74049e-10
      9570.00  5.69797e-10
      9580.00  5.65649e-10
      9590.00  5.61615e-10
      9600.00  5.57699e-10
      9610.00  5.53906e-10
      9620.00  5.50234e-10
      9630.00  5.46681e-10
      9640.00  5.43242e-10
      9650.00  5.39910e-10
      9660.00  5.36678e-10
      9670.00  5.33537e-10
      9680.00  5.30478e-10
      9690.00  5.27491e-10
      9700.00  5.24568e-10
      9710.00  5.21699e-10
      9720.00  5.18877e-10
      9730.00  5.16093e-10
      9740.00  5.13341e-10
      9750.00  5.10614e-10
      9760.00  5.07909e-10
      9770.00  5.05221e-10
      9780.00  5.02546e-10
      9790.00  4.99884e-10
      9800.00  4.97231e-10
      9810.00  4.94590e-10
      9820.00  4.91960e-10
      9830.00  4.89344e-10
      9840.00  4.86744e-10
      9850.00  4.84163e-10
      9860.00  4.81604e-10
      9870.00  4.79073e-10
      9880.00  4.76572e-10
      9890.00  4.74106e-10
      9900.00  4.71679e-10
      9910.00  4.69293e-10
      9920.00  4.66952e-10
      9930.00  4.64658e-10
      9940.00  4.62412e-10
      9950.00  4.60213e-10
      9960.00  4.58061e-10
      9970.00  4.55955e-10
      9980.00  4.53890e-10
      9990.00  4.51863e-10
      10000.0  4.49869e-10
      10010.0  4.47901e-10
      10020.0  4.45953e-10
      10030.0  4.44017e-10
      10040.0  4.42084e-10
      10050.0  4.40145e-10
      10060.0  4.38191e-10
      10070.0  4.36214e-10
      10080.0  4.34204e-10
      10090.0  4.32153e-10
      10100.0  4.30054e-10
      10110.0  4.27900e-10
      10120.0  4.25687e-10
      10130.0  4.23410e-10
      10140.0  4.21067e-10
      10150.0  4.18656e-10
      10160.0  4.16178e-10
      10170.0  4.13635e-10
      10180.0  4.11029e-10
      10190.0  4.08363e-10
      10200.0  4.05642e-10
      10210.0  4.02871e-10
      10220.0  4.00054e-10
      10230.0  3.97197e-10
      10240.0  3.94305e-10
      10250.0  3.91383e-10
      10260.0  3.88438e-10
      10270.0  3.85474e-10
      10280.0  3.82497e-10
      10290.0  3.79513e-10
      10300.0  3.76529e-10
      10310.0  3.73551e-10
      10320.0  3.70589e-10
      10330.0  3.67649e-10
      10340.0  3.64743e-10
      10350.0  3.61880e-10
      10360.0  3.59073e-10
      10370.0  3.56333e-10
      10380.0  3.53673e-10
      10390.0  3.51108e-10
      10400.0  3.48650e-10
      10410.0  3.46313e-10
      10420.0  3.44111e-10
      10430.0  3.42055e-10
      10440.0  3.40158e-10
      10450.0  3.38429e-10
      10460.0  3.36876e-10
      10470.0  3.35506e-10
      10480.0  3.34323e-10
      10490.0  3.33329e-10
      10500.0  3.32522e-10
      10510.0  3.31901e-10
      10520.0  3.31459e-10
      10530.0  3.31189e-10
      10540.0  3.31081e-10
      10550.0  3.31124e-10
      10560.0  3.31305e-10
      10570.0  3.31610e-10
      10580.0  3.32024e-10
      10590.0  3.32530e-10
      10600.0  3.33114e-10
      10610.0  3.33760e-10
      10620.0  3.34451e-10
      10630.0  3.35174e-10
      10640.0  3.35913e-10
      10650.0  3.36657e-10
      10660.0  3.37392e-10
      10670.0  3.38109e-10
      10680.0  3.38797e-10
      10690.0  3.39449e-10
      10700.0  3.40057e-10
      10710.0  3.40617e-10
      10720.0  3.41125e-10
      10730.0  3.41577e-10
      10740.0  3.41974e-10
      10750.0  3.42314e-10
      10760.0  3.42600e-10
      10770.0  3.42833e-10
      10780.0  3.43017e-10
      10790.0  3.43156e-10
      10800.0  3.43254e-10
      10810.0  3.43317e-10
      10820.0  3.43348e-10
      10830.0  3.43352e-10
      10840.0  3.43334e-10
      10850.0  3.43296e-10
      10860.0  3.43242e-10
      10870.0  3.43173e-10
      10880.0  3.43090e-10
      10890.0  3.42994e-10
      10900.0  3.42882e-10
      10910.0  3.42754e-10
      10920.0  3.42606e-10
      10930.0  3.42438e-10
      10940.0  3.42245e-10
      10950.0  3.42025e-10
      10960.0  3.41775e-10
      10970.0  3.41494e-10
      10980.0  3.41179e-10
      10990.0  3.40829e-10
      11000.0  3.40442e-10
      11010.0  3.40020e-10
      11020.0  3.39560e-10
      11030.0  3.39064e-10
      11040.0  3.38533e-10
      11050.0  3.37965e-10
      11060.0  3.37363e-10
      11070.0  3.36727e-10
      11080.0  3.36057e-10
      11090.0  3.35354e-10
      11100.0  3.34619e-10
      11110.0  3.33851e-10
      11120.0  3.33051e-10
      11130.0  3.32221e-10
      11140.0  3.31359e-10
      11150.0  3.30468e-10
      11160.0  3.29549e-10
      11170.0  3.28602e-10
      11180.0  3.27631e-10
      11190.0  3.26636e-10
      11200.0  3.25621e-10
      11210.0  3.24589e-10
      11220.0  3.23542e-10
      11230.0  3.22485e-10
      11240.0  3.21420e-10
      11250.0  3.20352e-10
      11260.0  3.19286e-10
      11270.0  3.18224e-10
      11280.0  3.17170e-10
      11290.0  3.16129e-10
      11300.0  3.15104e-10
      11310.0  3.14097e-10
      11320.0  3.13111e-10
      11330.0  3.12149e-10
      11340.0  3.11212e-10
      11350.0  3.10301e-10
      11360.0  3.09416e-10
      11370.0  3.08557e-10
      11380.0  3.07723e-10
      11390.0  3.06912e-10
      11400.0  3.06124e-10
      11410.0  3.05354e-10
      11420.0  3.04600e-10
      11430.0  3.03858e-10
      11440.0  3.03126e-10
      11450.0  3.02399e-10
      11460.0  3.01674e-10
      11470.0  3.00946e-10
      11480.0  3.00212e-10
      11490.0  2.99468e-10
      11500.0  2.98712e-10
      11510.0  2.97941e-10
      11520.0  2.97152e-10
      11530.0  2.96343e-10
      11540.0  2.95513e-10
      11550.0  2.94661e-10
      11560.0  2.93787e-10
      11570.0  2.92890e-10
      11580.0  2.91972e-10
      11590.0  2.91033e-10
      11600.0  2.90075e-10
      11610.0  2.89099e-10
      11620.0  2.88107e-10
      11630.0  2.87101e-10
      11640.0  2.86083e-10
      11650.0  2.85055e-10
      11660.0  2.84020e-10
      11670.0  2.82980e-10
      11680.0  2.81936e-10
      11690.0  2.80890e-10
      11700.0  2.79845e-10
      11710.0  2.78801e-10
      11720.0  2.77759e-10
      11730.0  2.76722e-10
      11740.0  2.75689e-10
      11750.0  2.74661e-10
      11760.0  2.73638e-10
      11770.0  2.72621e-10
      11780.0  2.71610e-10
      11790.0  2.70604e-10
      11800.0  2.69605e-10
      11810.0  2.68611e-10
      11820.0  2.67624e-10
      11830.0  2.66642e-10
      11840.0  2.65667e-10
      11850.0  2.64698e-10
      11860.0  2.63737e-10
      11870.0  2.62784e-10
      11880.0  2.61841e-10
      11890.0  2.60907e-10
      11900.0  2.59986e-10
      11910.0  2.59079e-10
      11920.0  2.58187e-10
      11930.0  2.57313e-10
      11940.0  2.56459e-10
      11950.0  2.55628e-10
      11960.0  2.54823e-10
      11970.0  2.54044e-10
      11980.0  2.53297e-10
      11990.0  2.52582e-10
      12000.0  2.51903e-10
      12010.0  2.51261e-10
      12020.0  2.50659e-10
      12030.0  2.50100e-10
      12040.0  2.49584e-10
      12050.0  2.49113e-10
      12060.0  2.48688e-10
      12070.0  2.48309e-10
      12080.0  2.47978e-10
      12090.0  2.47694e-10
      12100.0  2.47456e-10
      12110.0  2.47263e-10
      12120.0  2.47114e-10
      12130.0  2.47008e-10
      12140.0  2.46942e-10
      12150.0  2.46913e-10
      12160.0  2.46919e-10
      12170.0  2.46956e-10
      12180.0  2.47021e-10
      12190.0  2.47111e-10
      12200.0  2.47222e-10
      12210.0  2.47350e-10
      12220.0  2.47492e-10
      12230.0  2.47643e-10
      12240.0  2.47800e-10
      12250.0  2.47959e-10
      12260.0  2.48117e-10
      12270.0  2.48271e-10
      12280.0  2.48418e-10
      12290.0  2.48555e-10
      12300.0  2.48680e-10
      12310.0  2.48791e-10
      12320.0  2.48885e-10
      12330.0  2.48961e-10
      12340.0  2.49018e-10
      12350.0  2.49054e-10
      12360.0  2.49068e-10
      12370.0  2.49059e-10
      12380.0  2.49026e-10
      12390.0  2.48968e-10
      12400.0  2.48885e-10
      12410.0  2.48775e-10
      12420.0  2.48638e-10
      12430.0  2.48472e-10
      12440.0  2.48277e-10
      12450.0  2.48051e-10
      12460.0  2.47794e-10
      12470.0  2.47505e-10
      12480.0  2.47182e-10
      12490.0  2.46824e-10
      12500.0  2.46431e-10
      12510.0  2.46001e-10
      12520.0  2.45534e-10
      12530.0  2.45029e-10
      12540.0  2.44485e-10
      12550.0  2.43903e-10
      12560.0  2.43282e-10
      12570.0  2.42622e-10
      12580.0  2.41923e-10
      12590.0  2.41186e-10
      12600.0  2.40412e-10
      12610.0  2.39601e-10
      12620.0  2.38754e-10
      12630.0  2.37873e-10
      12640.0  2.36959e-10
      12650.0  2.36013e-10
      12660.0  2.35038e-10
      12670.0  2.34035e-10
      12680.0  2.33005e-10
      12690.0  2.31952e-10
      12700.0  2.30878e-10
      12710.0  2.29783e-10
      12720.0  2.28671e-10
      12730.0  2.27544e-10
      12740.0  2.26404e-10
      12750.0  2.25254e-10
      12760.0  2.24094e-10
      12770.0  2.22929e-10
      12780.0  2.21760e-10
      12790.0  2.20589e-10
      12800.0  2.19419e-10
      12810.0  2.18252e-10
      12820.0  2.17091e-10
      12830.0  2.15936e-10
      12840.0  2.14792e-10
      12850.0  2.13660e-10
      12860.0  2.12541e-10
      12870.0  2.11439e-10
      12880.0  2.10356e-10
      12890.0  2.09293e-10
      12900.0  2.08252e-10
      12910.0  2.07236e-10
      12920.0  2.06245e-10
      12930.0  2.05282e-10
      12940.0  2.04348e-10
      12950.0  2.03443e-10
      12960.0  2.02569e-10
      12970.0  2.01726e-10
      12980.0  2.00914e-10
      12990.0  2.00134e-10
      13000.0  1.99386e-10
      13010.0  1.98668e-10
      13020.0  1.97982e-10
      13030.0  1.97324e-10
      13040.0  1.96696e-10
      13050.0  1.96094e-10
      13060.0  1.95519e-10
      13070.0  1.94968e-10
      13080.0  1.94440e-10
      13090.0  1.93933e-10
      13100.0  1.93447e-10
      13110.0  1.92980e-10
      13120.0  1.92530e-10
      13130.0  1.92095e-10
      13140.0  1.91676e-10
      13150.0  1.91271e-10
      13160.0  1.90878e-10
      13170.0  1.90498e-10
      13180.0  1.90129e-10
      13190.0  1.89771e-10
      13200.0  1.89423e-10
      13210.0  1.89085e-10
      13220.0  1.88757e-10
      13230.0  1.88437e-10
      13240.0  1.88125e-10
      13250.0  1.87822e-10
      13260.0  1.87525e-10
      13270.0  1.87236e-10
      13280.0  1.86952e-10
      13290.0  1.86672e-10
      13300.0  1.86396e-10
      13310.0  1.86123e-10
      13320.0  1.85851e-10
      13330.0  1.85578e-10
      13340.0  1.85303e-10
      13350.0  1.85024e-10
      13360.0  1.84739e-10
      13370.0  1.84447e-10
      13380.0  1.84145e-10
      13390.0  1.83833e-10
      13400.0  1.83507e-10
      13410.0  1.83167e-10
      13420.0  1.82811e-10
      13430.0  1.82438e-10
      13440.0  1.82047e-10
      13450.0  1.81637e-10
      13460.0  1.81208e-10
      13470.0  1.80760e-10
      13480.0  1.80292e-10
      13490.0  1.79805e-10
      13500.0  1.79299e-10
      13510.0  1.78776e-10
      13520.0  1.78236e-10
      13530.0  1.77681e-10
      13540.0  1.77110e-10
      13550.0  1.76527e-10
      13560.0  1.75931e-10
      13570.0  1.75324e-10
      13580.0  1.74707e-10
      13590.0  1.74081e-10
      13600.0  1.73447e-10
      13610.0  1.72805e-10
      13620.0  1.72157e-10
      13630.0  1.71502e-10
      13640.0  1.70840e-10
      13650.0  1.70173e-10
      13660.0  1.69499e-10
      13670.0  1.68819e-10
      13680.0  1.68133e-10
      13690.0  1.67441e-10
      13700.0  1.66741e-10
      13710.0  1.66035e-10
      13720.0  1.65322e-10
      13730.0  1.64603e-10
      13740.0  1.63876e-10
      13750.0  1.63143e-10
      13760.0  1.62404e-10
      13770.0  1.61659e-10
      13780.0  1.60908e-10
      13790.0  1.60154e-10
      13800.0  1.59395e-10
      13810.0  1.58634e-10
      13820.0  1.57872e-10
      13830.0  1.57108e-10
      13840.0  1.56345e-10
      13850.0  1.55584e-10
      13860.0  1.54826e-10
      13870.0  1.54072e-10
      13880.0  1.53323e-10
      13890.0  1.52580e-10
      13900.0  1.51844e-10
      13910.0  1.51117e-10
      13920.0  1.50400e-10
      13930.0  1.49692e-10
      13940.0  1.48995e-10
      13950.0  1.48309e-10
      13960.0  1.47636e-10
      13970.0  1.46974e-10
      13980.0  1.46326e-10
      13990.0  1.45690e-10
      14000.0  1.45067e-10
      14010.0  1.44457e-10
      14020.0  1.43859e-10
      14030.0  1.43273e-10
      14040.0  1.42699e-10
      14050.0  1.42136e-10
      14060.0  1.41584e-10
      14070.0  1.41042e-10
      14080.0  1.40508e-10
      14090.0  1.39983e-10
      14100.0  1.39464e-10
      14110.0  1.38952e-10
      14120.0  1.38446e-10
      14130.0  1.37943e-10
      14140.0  1.37444e-10
      14150.0  1.36948e-10
      14160.0  1.36454e-10
      14170.0  1.35961e-10
      14180.0  1.35468e-10
      14190.0  1.34976e-10
      14200.0  1.34484e-10
      14210.0  1.33992e-10
      14220.0  1.33500e-10
      14230.0  1.33007e-10
      14240.0  1.32515e-10
      14250.0  1.32024e-10
      14260.0  1.31535e-10
      14270.0  1.31047e-10
      14280.0  1.30563e-10
      14290.0  1.30082e-10
      14300.0  1.29606e-10
      14310.0  1.29137e-10
      14320.0  1.28674e-10
      14330.0  1.28219e-10
      14340.0  1.27773e-10
      14350.0  1.27336e-10
      14360.0  1.26911e-10
      14370.0  1.26496e-10
      14380.0  1.26094e-10
      14390.0  1.25704e-10
      14400.0  1.25326e-10
      14410.0  1.24961e-10
      14420.0  1.24609e-10
      14430.0  1.24270e-10
      14440.0  1.23942e-10
      14450.0  1.23626e-10
      14460.0  1.23321e-10
      14470.0  1.23026e-10
      14480.0  1.22741e-10
      14490.0  1.22464e-10
      14500.0  1.22193e-10
      14510.0  1.21930e-10
      14520.0  1.21671e-10
      14530.0  1.21416e-10
      14540.0  1.21165e-10
      14550.0  1.20915e-10
      14560.0  1.20667e-10
      14570.0  1.20419e-10
      14580.0  1.20171e-10
      14590.0  1.19922e-10
      14600.0  1.19671e-10
      14610.0  1.19419e-10
      14620.0  1.19164e-10
      14630.0  1.18907e-10
      14640.0  1.18647e-10
      14650.0  1.18385e-10
      14660.0  1.18120e-10
      14670.0  1.17853e-10
      14680.0  1.17584e-10
      14690.0  1.17313e-10
      14700.0  1.17040e-10
      14710.0  1.16766e-10
      14720.0  1.16491e-10
      14730.0  1.16215e-10
      14740.0  1.15938e-10
      14750.0  1.15661e-10
      14760.0  1.15384e-10
      14770.0  1.15107e-10
      14780.0  1.14830e-10
      14790.0  1.14553e-10
      14800.0  1.14277e-10
      14810.0  1.14000e-10
      14820.0  1.13723e-10
      14830.0  1.13445e-10
      14840.0  1.13167e-10
      14850.0  1.12888e-10
      14860.0  1.12607e-10
      14870.0  1.12325e-10
      14880.0  1.12041e-10
      14890.0  1.11755e-10
      14900.0  1.11466e-10
      14910.0  1.11174e-10
      14920.0  1.10878e-10
      14930.0  1.10579e-10
      14940.0  1.10275e-10
      14950.0  1.09967e-10
      14960.0  1.09655e-10
      14970.0  1.09338e-10
      14980.0  1.09016e-10
      14990.0  1.08689e-10
      15000.0  1.08357e-10
      15010.0  1.08020e-10
      15020.0  1.07678e-10
      15030.0  1.07332e-10
      15040.0  1.06980e-10
      15050.0  1.06625e-10
      15060.0  1.06265e-10
      15070.0  1.05901e-10
      15080.0  1.05534e-10
      15090.0  1.05163e-10
      15100.0  1.04789e-10
      15110.0  1.04412e-10
      15120.0  1.04033e-10
      15130.0  1.03652e-10
      15140.0  1.03269e-10
      15150.0  1.02884e-10
      15160.0  1.02498e-10
      15170.0  1.02111e-10
      15180.0  1.01723e-10
      15190.0  1.01333e-10
      15200.0  1.00943e-10
      15210.0  1.00551e-10
      15220.0  1.00158e-10
      15230.0  9.97645e-11
      15240.0  9.93694e-11
      15250.0  9.89730e-11
      15260.0  9.85751e-11
      15270.0  9.81756e-11
      15280.0  9.77744e-11
      15290.0  9.73714e-11
      15300.0  9.69664e-11
      15310.0  9.65595e-11
      15320.0  9.61506e-11
      15330.0  9.57396e-11
      15340.0  9.53266e-11
      15350.0  9.49117e-11
      15360.0  9.44950e-11
      15370.0  9.40765e-11
      15380.0  9.36564e-11
      15390.0  9.32349e-11
      15400.0  9.28122e-11
      15410.0  9.23884e-11
      15420.0  9.19638e-11
      15430.0  9.15386e-11
      15440.0  9.11130e-11
      15450.0  9.06873e-11
      15460.0  9.02617e-11
      15470.0  8.98364e-11
      15480.0  8.94117e-11
      15490.0  8.89880e-11
      15500.0  8.85654e-11
      15510.0  8.81442e-11
      15520.0  8.77248e-11
      15530.0  8.73073e-11
      15540.0  8.68922e-11
      15550.0  8.64797e-11
      15560.0  8.60701e-11
      15570.0  8.56637e-11
      15580.0  8.52607e-11
      15590.0  8.48615e-11
      15600.0  8.44662e-11
      15610.0  8.40750e-11
      15620.0  8.36881e-11
      15630.0  8.33055e-11
      15640.0  8.29274e-11
      15650.0  8.25538e-11
      15660.0  8.21845e-11
      15670.0  8.18195e-11
      15680.0  8.14587e-11
      15690.0  8.11018e-11
      15700.0  8.07488e-11
      15710.0  8.03992e-11
      15720.0  8.00530e-11
      15730.0  7.97098e-11
      15740.0  7.93695e-11
      15750.0  7.90319e-11
      15760.0  7.86968e-11
      15770.0  7.83642e-11
      15780.0  7.80341e-11
      15790.0  7.77065e-11
      15800.0  7.73818e-11
      15810.0  7.70601e-11
      15820.0  7.67419e-11
      15830.0  7.64277e-11
      15840.0  7.61180e-11
      15850.0  7.58137e-11
      15860.0  7.55154e-11
      15870.0  7.52241e-11
      15880.0  7.49408e-11
      15890.0  7.46663e-11
      15900.0  7.44018e-11
      15910.0  7.41482e-11
      15920.0  7.39066e-11
      15930.0  7.36780e-11
      15940.0  7.34634e-11
      15950.0  7.32637e-11
      15960.0  7.30797e-11
      15970.0  7.29122e-11
      15980.0  7.27618e-11
      15990.0  7.26292e-11
      16000.0  7.25147e-11
      16010.0  7.24186e-11
      16020.0  7.23412e-11
      16030.0  7.22825e-11
      16040.0  7.22426e-11
      16050.0  7.22212e-11
      16060.0  7.22183e-11
      16070.0  7.22334e-11
      16080.0  7.22662e-11
      16090.0  7.23161e-11
      16100.0  7.23828e-11
      16110.0  7.24656e-11
      16120.0  7.25640e-11
      16130.0  7.26773e-11
      16140.0  7.28050e-11
      16150.0  7.29464e-11
      16160.0  7.31008e-11
      16170.0  7.32678e-11
      16180.0  7.34466e-11
      16190.0  7.36366e-11
      16200.0  7.38374e-11
      16210.0  7.40482e-11
      16220.0  7.42685e-11
      16230.0  7.44978e-11
      16240.0  7.47354e-11
      16250.0  7.49807e-11
      16260.0  7.52332e-11
      16270.0  7.54922e-11
      16280.0  7.57571e-11
      16290.0  7.60271e-11
      16300.0  7.63016e-11
      16310.0  7.65799e-11
      16320.0  7.68611e-11
      16330.0  7.71445e-11
      16340.0  7.74293e-11
      16350.0  7.77147e-11
      16360.0  7.79997e-11
      16370.0  7.82837e-11
      16380.0  7.85656e-11
      16390.0  7.88447e-11
      16400.0  7.91201e-11
      16410.0  7.93910e-11
      16420.0  7.96566e-11
      16430.0  7.99162e-11
      16440.0  8.01689e-11
      16450.0  8.04141e-11
      16460.0  8.06512e-11
      16470.0  8.08796e-11
      16480.0  8.10986e-11
      16490.0  8.13079e-11
      16500.0  8.15070e-11
      16510.0  8.16955e-11
      16520.0  8.18731e-11
      16530.0  8.20396e-11
      16540.0  8.21947e-11
      16550.0  8.23383e-11
      16560.0  8.24702e-11
      16570.0  8.25906e-11
      16580.0  8.26993e-11
      16590.0  8.27965e-11
      16600.0  8.28823e-11
      16610.0  8.29567e-11
      16620.0  8.30201e-11
      16630.0  8.30726e-11
      16640.0  8.31145e-11
      16650.0  8.31461e-11
      16660.0  8.31678e-11
      16670.0  8.31799e-11
      16680.0  8.31829e-11
      16690.0  8.31770e-11
      16700.0  8.31629e-11
      16710.0  8.31409e-11
      16720.0  8.31116e-11
      16730.0  8.30753e-11
      16740.0  8.30327e-11
      16750.0  8.29841e-11
      16760.0  8.29302e-11
      16770.0  8.28713e-11
      16780.0  8.28079e-11
      16790.0  8.27404e-11
      16800.0  8.26694e-11
      16810.0  8.25950e-11
      16820.0  8.25177e-11
      16830.0  8.24378e-11
      16840.0  8.23553e-11
      16850.0  8.22706e-11
      16860.0  8.21837e-11
      16870.0  8.20946e-11
      16880.0  8.20033e-11
      16890.0  8.19098e-11
      16900.0  8.18138e-11
      16910.0  8.17152e-11
      16920.0  8.16137e-11
      16930.0  8.15090e-11
      16940.0  8.14008e-11
      16950.0  8.12888e-11
      16960.0  8.11727e-11
      16970.0  8.10520e-11
      16980.0  8.09264e-11
      16990.0  8.07958e-11
      17000.0  8.06598e-11
      17010.0  8.05182e-11
      17020.0  8.03710e-11
      17030.0  8.02180e-11
      17040.0  8.00593e-11
      17050.0  7.98951e-11
      17060.0  7.97255e-11
      17070.0  7.95508e-11
      17080.0  7.93714e-11
      17090.0  7.91878e-11
      17100.0  7.90007e-11
      17110.0  7.88105e-11
      17120.0  7.86181e-11
      17130.0  7.84242e-11
      17140.0  7.82297e-11
      17150.0  7.80353e-11
      17160.0  7.78420e-11
      17170.0  7.76506e-11
      17180.0  7.74619e-11
      17190.0  7.72769e-11
      17200.0  7.70961e-11
      17210.0  7.69205e-11
      17220.0  7.67505e-11
      17230.0  7.65868e-11
      17240.0  7.64299e-11
      17250.0  7.62799e-11
      17260.0  7.61373e-11
      17270.0  7.60021e-11
      17280.0  7.58743e-11
      17290.0  7.57538e-11
      17300.0  7.56405e-11
      17310.0  7.55340e-11
      17320.0  7.54338e-11
      17330.0  7.53396e-11
      17340.0  7.52507e-11
      17350.0  7.51666e-11
      17360.0  7.50866e-11
      17370.0  7.50101e-11
      17380.0  7.49363e-11
      17390.0  7.48647e-11
      17400.0  7.47946e-11
      17410.0  7.47254e-11
      17420.0  7.46567e-11
      17430.0  7.45880e-11
      17440.0  7.45188e-11
      17450.0  7.44490e-11
      17460.0  7.43782e-11
      17470.0  7.43064e-11
      17480.0  7.42336e-11
      17490.0  7.41596e-11
      17500.0  7.40847e-11
      17510.0  7.40090e-11
      17520.0  7.39327e-11
      17530.0  7.38560e-11
      17540.0  7.37792e-11
      17550.0  7.37026e-11
      17560.0  7.36263e-11
      17570.0  7.35507e-11
      17580.0  7.34760e-11
      17590.0  7.34022e-11
      17600.0  7.33295e-11
      17610.0  7.32581e-11
      17620.0  7.31877e-11
      17630.0  7.31185e-11
      17640.0  7.30502e-11
      17650.0  7.29826e-11
      17660.0  7.29155e-11
      17670.0  7.28485e-11
      17680.0  7.27814e-11
      17690.0  7.27137e-11
      17700.0  7.26451e-11
      17710.0  7.25752e-11
      17720.0  7.25035e-11
      17730.0  7.24297e-11
      17740.0  7.23535e-11
      17750.0  7.22747e-11
      17760.0  7.21929e-11
      17770.0  7.21080e-11
      17780.0  7.20199e-11
      17790.0  7.19287e-11
      17800.0  7.18344e-11
      17810.0  7.17372e-11
      17820.0  7.16372e-11
      17830.0  7.15349e-11
      17840.0  7.14306e-11
      17850.0  7.13247e-11
      17860.0  7.12177e-11
      17870.0  7.11103e-11
      17880.0  7.10029e-11
      17890.0  7.08962e-11
      17900.0  7.07908e-11
      17910.0  7.06873e-11
      17920.0  7.05863e-11
      17930.0  7.04884e-11
      17940.0  7.03939e-11
      17950.0  7.03036e-11
      17960.0  7.02176e-11
      17970.0  7.01363e-11
      17980.0  7.00601e-11
      17990.0  6.99890e-11
      18000.0  6.99232e-11
      18010.0  6.98626e-11
      18020.0  6.98072e-11
      18030.0  6.97568e-11
      18040.0  6.97111e-11
      18050.0  6.96698e-11
      18060.0  6.96326e-11
      18070.0  6.95989e-11
      18080.0  6.95683e-11
      18090.0  6.95402e-11
      18100.0  6.95141e-11
      18110.0  6.94893e-11
      18120.0  6.94653e-11
      18130.0  6.94415e-11
      18140.0  6.94172e-11
      18150.0  6.93920e-11
      18160.0  6.93652e-11
      18170.0  6.93365e-11
      18180.0  6.93053e-11
      18190.0  6.92712e-11
      18200.0  6.92341e-11
      18210.0  6.91935e-11
      18220.0  6.91493e-11
      18230.0  6.91015e-11
      18240.0  6.90498e-11
      18250.0  6.89943e-11
      18260.0  6.89352e-11
      18270.0  6.88725e-11
      18280.0  6.88064e-11
      18290.0  6.87372e-11
      18300.0  6.86651e-11
      18310.0  6.85904e-11
      18320.0  6.85134e-11
      18330.0  6.84346e-11
      18340.0  6.83541e-11
      18350.0  6.82725e-11
      18360.0  6.81899e-11
      18370.0  6.81066e-11
      18380.0  6.80231e-11
      18390.0  6.79393e-11
      18400.0  6.78557e-11
      18410.0  6.77721e-11
      18420.0  6.76889e-11
      18430.0  6.76059e-11
      18440.0  6.75232e-11
      18450.0  6.74405e-11
      18460.0  6.73579e-11
      18470.0  6.72751e-11
      18480.0  6.71918e-11
      18490.0  6.71078e-11
      18500.0  6.70227e-11
      18510.0  6.69363e-11
      18520.0  6.68480e-11
      18530.0  6.67577e-11
      18540.0  6.66648e-11
      18550.0  6.65691e-11
      18560.0  6.64702e-11
      18570.0  6.63677e-11
      18580.0  6.62614e-11
      18590.0  6.61511e-11
      18600.0  6.60366e-11
      18610.0  6.59176e-11
      18620.0  6.57941e-11
      18630.0  6.56661e-11
      18640.0  6.55335e-11
      18650.0  6.53964e-11
      18660.0  6.52549e-11
      18670.0  6.51092e-11
      18680.0  6.49593e-11
      18690.0  6.48056e-11
      18700.0  6.46482e-11
      18710.0  6.44874e-11
      18720.0  6.43234e-11
      18730.0  6.41566e-11
      18740.0  6.39871e-11
      18750.0  6.38153e-11
      18760.0  6.36413e-11
      18770.0  6.34653e-11
      18780.0  6.32876e-11
      18790.0  6.31083e-11
      18800.0  6.29275e-11
      18810.0  6.27453e-11
      18820.0  6.25618e-11
      18830.0  6.23772e-11
      18840.0  6.21913e-11
      18850.0  6.20042e-11
      18860.0  6.18159e-11
      18870.0  6.16264e-11
      18880.0  6.14356e-11
      18890.0  6.12436e-11
      18900.0  6.10503e-11
      18910.0  6.08556e-11
      18920.0  6.06596e-11
      18930.0  6.04623e-11
      18940.0  6.02635e-11
      18950.0  6.00635e-11
      18960.0  5.98621e-11
      18970.0  5.96595e-11
      18980.0  5.94557e-11
      18990.0  5.92508e-11
      19000.0  5.90449e-11
      19010.0  5.88382e-11
      19020.0  5.86306e-11
      19030.0  5.84224e-11
      19040.0  5.82138e-11
      19050.0  5.80048e-11
      19060.0  5.77957e-11
      19070.0  5.75865e-11
      19080.0  5.73776e-11
      19090.0  5.71690e-11
      19100.0  5.69609e-11
      19110.0  5.67534e-11
      19120.0  5.65468e-11
      19130.0  5.63412e-11
      19140.0  5.61367e-11
      19150.0  5.59335e-11
      19160.0  5.57317e-11
      19170.0  5.55314e-11
      19180.0  5.53328e-11
      19190.0  5.51360e-11
      19200.0  5.49410e-11
      19210.0  5.47480e-11
      19220.0  5.45570e-11
      19230.0  5.43682e-11
      19240.0  5.41817e-11
      19250.0  5.39974e-11
      19260.0  5.38155e-11
      19270.0  5.36360e-11
      19280.0  5.34591e-11
      19290.0  5.32847e-11
      19300.0  5.31128e-11
      19310.0  5.29437e-11
      19320.0  5.27771e-11
      19330.0  5.26133e-11
      19340.0  5.24522e-11
      19350.0  5.22938e-11
      19360.0  5.21381e-11
      19370.0  5.19851e-11
      19380.0  5.18347e-11
      19390.0  5.16870e-11
      19400.0  5.15418e-11
      19410.0  5.13992e-11
      19420.0  5.12589e-11
      19430.0  5.11209e-11
      19440.0  5.09852e-11
      19450.0  5.08515e-11
      19460.0  5.07198e-11
      19470.0  5.05899e-11
      19480.0  5.04617e-11
      19490.0  5.03351e-11
      19500.0  5.02098e-11
      19510.0  5.00857e-11
      19520.0  4.99627e-11
      19530.0  4.98406e-11
      19540.0  4.97193e-11
      19550.0  4.95986e-11
      19560.0  4.94783e-11
      19570.0  4.93585e-11
      19580.0  4.92389e-11
      19590.0  4.91195e-11
      19600.0  4.90002e-11
      19610.0  4.88808e-11
      19620.0  4.87614e-11
      19630.0  4.86419e-11
      19640.0  4.85222e-11
      19650.0  4.84024e-11
      19660.0  4.82824e-11
      19670.0  4.81623e-11
      19680.0  4.80421e-11
      19690.0  4.79217e-11
      19700.0  4.78013e-11
      19710.0  4.76809e-11
      19720.0  4.75606e-11
      19730.0  4.74404e-11
      19740.0  4.73204e-11
      19750.0  4.72007e-11
      19760.0  4.70814e-11
      19770.0  4.69626e-11
      19780.0  4.68443e-11
      19790.0  4.67268e-11
      19800.0  4.66099e-11
      19810.0  4.64940e-11
      19820.0  4.63790e-11
      19830.0  4.62652e-11
      19840.0  4.61525e-11
      19850.0  4.60410e-11
      19860.0  4.59310e-11
      19870.0  4.58224e-11
      19880.0  4.57154e-11
      19890.0  4.56100e-11
      19900.0  4.55064e-11
      19910.0  4.54045e-11
      19920.0  4.53045e-11
      19930.0  4.52064e-11
      19940.0  4.51102e-11
      19950.0  4.50160e-11
      19960.0  4.49239e-11
      19970.0  4.48338e-11
      19980.0  4.47458e-11
      19990.0  4.46598e-11
      20000.0  4.45759e-11
      20010.0  4.44941e-11
      20020.0  4.44143e-11
      20030.0  4.43365e-11
      20040.0  4.42606e-11
      20050.0  4.41867e-11
      20060.0  4.41146e-11
      20070.0  4.40444e-11
      20080.0  4.39760e-11
      20090.0  4.39092e-11
      20100.0  4.38441e-11
      20110.0  4.37806e-11
      20120.0  4.37186e-11
      20130.0  4.36581e-11
      20140.0  4.35990e-11
      20150.0  4.35412e-11
      20160.0  4.34847e-11
      20170.0  4.34293e-11
      20180.0  4.33752e-11
      20190.0  4.33221e-11
      20200.0  4.32700e-11
      20210.0  4.32189e-11
      20220.0  4.31687e-11
      20230.0  4.31194e-11
      20240.0  4.30709e-11
      20250.0  4.30232e-11
      20260.0  4.29762e-11
      20270.0  4.29298e-11
      20280.0  4.28841e-11
      20290.0  4.28390e-11
      20300.0  4.27943e-11
      20310.0  4.27502e-11
      20320.0  4.27065e-11
      20330.0  4.26632e-11
      20340.0  4.26203e-11
      20350.0  4.25777e-11
      20360.0  4.25354e-11
      20370.0  4.24934e-11
      20380.0  4.24516e-11
      20390.0  4.24101e-11
      20400.0  4.23688e-11
      20410.0  4.23278e-11
      20420.0  4.22871e-11
      20430.0  4.22467e-11
      20440.0  4.22066e-11
      20450.0  4.21669e-11
      20460.0  4.21277e-11
      20470.0  4.20891e-11
      20480.0  4.20511e-11
      20490.0  4.20138e-11
      20500.0  4.19775e-11
      20510.0  4.19421e-11
      20520.0  4.19078e-11
      20530.0  4.18748e-11
      20540.0  4.18432e-11
      20550.0  4.18131e-11
      20560.0  4.17847e-11
      20570.0  4.17581e-11
      20580.0  4.17335e-11
      20590.0  4.17109e-11
      20600.0  4.16905e-11
      20610.0  4.16723e-11
      20620.0  4.16564e-11
      20630.0  4.16430e-11
      20640.0  4.16319e-11
      20650.0  4.16233e-11
      20660.0  4.16171e-11
      20670.0  4.16132e-11
      20680.0  4.16116e-11
      20690.0  4.16122e-11
      20700.0  4.16149e-11
      20710.0  4.16195e-11
      20720.0  4.16259e-11
      20730.0  4.16338e-11
      20740.0  4.16431e-11
      20750.0  4.16535e-11
      20760.0  4.16647e-11
      20770.0  4.16766e-11
      20780.0  4.16889e-11
      20790.0  4.17012e-11
      20800.0  4.17133e-11
      20810.0  4.17249e-11
      20820.0  4.17357e-11
      20830.0  4.17454e-11
      20840.0  4.17539e-11
      20850.0  4.17607e-11
      20860.0  4.17658e-11
      20870.0  4.17687e-11
      20880.0  4.17693e-11
      20890.0  4.17674e-11
      20900.0  4.17629e-11
      20910.0  4.17554e-11
      20920.0  4.17450e-11
      20930.0  4.17314e-11
      20940.0  4.17145e-11
      20950.0  4.16943e-11
      20960.0  4.16707e-11
      20970.0  4.16436e-11
      20980.0  4.16131e-11
      20990.0  4.15790e-11
      21000.0  4.15415e-11
      21010.0  4.15005e-11
      21020.0  4.14562e-11
      21030.0  4.14084e-11
      21040.0  4.13575e-11
      21050.0  4.13033e-11
      21060.0  4.12461e-11
      21070.0  4.11859e-11
      21080.0  4.11230e-11
      21090.0  4.10573e-11
      21100.0  4.09890e-11
      21110.0  4.09183e-11
      21120.0  4.08454e-11
      21130.0  4.07703e-11
      21140.0  4.06933e-11
      21150.0  4.06144e-11
      21160.0  4.05338e-11
      21170.0  4.04517e-11
      21180.0  4.03681e-11
      21190.0  4.02832e-11
      21200.0  4.01972e-11
      21210.0  4.01100e-11
      21220.0  4.00219e-11
      21230.0  3.99329e-11
      21240.0  3.98430e-11
      21250.0  3.97524e-11
      21260.0  3.96610e-11
      21270.0  3.95690e-11
      21280.0  3.94763e-11
      21290.0  3.93829e-11
      21300.0  3.92890e-11
      21310.0  3.91943e-11
      21320.0  3.90991e-11
      21330.0  3.90031e-11
      21340.0  3.89064e-11
      21350.0  3.88090e-11
      21360.0  3.87107e-11
      21370.0  3.86117e-11
      21380.0  3.85117e-11
      21390.0  3.84108e-11
      21400.0  3.83090e-11
      21410.0  3.82061e-11
      21420.0  3.81021e-11
      21430.0  3.79971e-11
      21440.0  3.78909e-11
      21450.0  3.77836e-11
      21460.0  3.76751e-11
      21470.0  3.75653e-11
      21480.0  3.74544e-11
      21490.0  3.73423e-11
      21500.0  3.72289e-11
      21510.0  3.71144e-11
      21520.0  3.69987e-11
      21530.0  3.68819e-11
      21540.0  3.67639e-11
      21550.0  3.66449e-11
      21560.0  3.65248e-11
      21570.0  3.64038e-11
      21580.0  3.62818e-11
      21590.0  3.61590e-11
      21600.0  3.60353e-11
      21610.0  3.59108e-11
      21620.0  3.57857e-11
      21630.0  3.56598e-11
      21640.0  3.55334e-11
      21650.0  3.54065e-11
      21660.0  3.52791e-11
      21670.0  3.51512e-11
      21680.0  3.50230e-11
      21690.0  3.48945e-11
      21700.0  3.47657e-11
      21710.0  3.46367e-11
      21720.0  3.45076e-11
      21730.0  3.43784e-11
      21740.0  3.42491e-11
      21750.0  3.41199e-11
      21760.0  3.39907e-11
      21770.0  3.38617e-11
      21780.0  3.37328e-11
      21790.0  3.36042e-11
      21800.0  3.34759e-11
      21810.0  3.33479e-11
      21820.0  3.32204e-11
      21830.0  3.30933e-11
      21840.0  3.29668e-11
      21850.0  3.28408e-11
      21860.0  3.27155e-11
      21870.0  3.25909e-11
      21880.0  3.24670e-11
      21890.0  3.23440e-11
      21900.0  3.22217e-11
      21910.0  3.21004e-11
      21920.0  3.19800e-11
      21930.0  3.18605e-11
      21940.0  3.17420e-11
      21950.0  3.16245e-11
      21960.0  3.15080e-11
      21970.0  3.13925e-11
      21980.0  3.12780e-11
      21990.0  3.11646e-11
      22000.0  3.10521e-11
      22010.0  3.09407e-11
      22020.0  3.08302e-11
      22030.0  3.07206e-11
      22040.0  3.06119e-11
      22050.0  3.05041e-11
      22060.0  3.03971e-11
      22070.0  3.02909e-11
      22080.0  3.01855e-11
      22090.0  3.00807e-11
      22100.0  2.99765e-11
      22110.0  2.98729e-11
      22120.0  2.97699e-11
      22130.0  2.96673e-11
      22140.0  2.95652e-11
      22150.0  2.94635e-11
      22160.0  2.93620e-11
      22170.0  2.92609e-11
      22180.0  2.91599e-11
      22190.0  2.90592e-11
      22200.0  2.89586e-11
      22210.0  2.88581e-11
      22220.0  2.87576e-11
      22230.0  2.86571e-11
      22240.0  2.85567e-11
      22250.0  2.84562e-11
      22260.0  2.83556e-11
      22270.0  2.82549e-11
      22280.0  2.81541e-11
      22290.0  2.80532e-11
      22300.0  2.79522e-11
      22310.0  2.78510e-11
      22320.0  2.77497e-11
      22330.0  2.76482e-11
      22340.0  2.75467e-11
      22350.0  2.74451e-11
      22360.0  2.73435e-11
      22370.0  2.72418e-11
      22380.0  2.71402e-11
      22390.0  2.70387e-11
      22400.0  2.69373e-11
      22410.0  2.68362e-11
      22420.0  2.67353e-11
      22430.0  2.66348e-11
      22440.0  2.65348e-11
      22450.0  2.64353e-11
      22460.0  2.63364e-11
      22470.0  2.62382e-11
      22480.0  2.61408e-11
      22490.0  2.60442e-11
      22500.0  2.59486e-11
      22510.0  2.58540e-11
      22520.0  2.57605e-11
      22530.0  2.56682e-11
      22540.0  2.55770e-11
      22550.0  2.54871e-11
      22560.0  2.53986e-11
      22570.0  2.53113e-11
      22580.0  2.52253e-11
      22590.0  2.51407e-11
      22600.0  2.50575e-11
      22610.0  2.49755e-11
      22620.0  2.48949e-11
      22630.0  2.48156e-11
      22640.0  2.47375e-11
      22650.0  2.46606e-11
      22660.0  2.45848e-11
      22670.0  2.45102e-11
      22680.0  2.44365e-11
      22690.0  2.43639e-11
      22700.0  2.42923e-11
      22710.0  2.42215e-11
      22720.0  2.41516e-11
      22730.0  2.40824e-11
      22740.0  2.40141e-11
      22750.0  2.39466e-11
      22760.0  2.38798e-11
      22770.0  2.38137e-11
      22780.0  2.37485e-11
      22790.0  2.36840e-11
      22800.0  2.36204e-11
      22810.0  2.35576e-11
      22820.0  2.34957e-11
      22830.0  2.34349e-11
      22840.0  2.33751e-11
      22850.0  2.33165e-11
      22860.0  2.32591e-11
      22870.0  2.32031e-11
      22880.0  2.31485e-11
      22890.0  2.30955e-11
      22900.0  2.30441e-11
      22910.0  2.29946e-11
      22920.0  2.29469e-11
      22930.0  2.29012e-11
      22940.0  2.28576e-11
      22950.0  2.28162e-11
      22960.0  2.27772e-11
      22970.0  2.27405e-11
      22980.0  2.27063e-11
      22990.0  2.26747e-11
      23000.0  2.26458e-11
      23010.0  2.26196e-11
      23020.0  2.25961e-11
      23030.0  2.25755e-11
      23040.0  2.25578e-11
      23050.0  2.25430e-11
      23060.0  2.25312e-11
      23070.0  2.25223e-11
      23080.0  2.25164e-11
      23090.0  2.25135e-11
      23100.0  2.25136e-11
      23110.0  2.25167e-11
      23120.0  2.25227e-11
      23130.0  2.25316e-11
      23140.0  2.25433e-11
      23150.0  2.25579e-11
      23160.0  2.25752e-11
      23170.0  2.25951e-11
      23180.0  2.26176e-11
      23190.0  2.26425e-11
      23200.0  2.26697e-11
      23210.0  2.26990e-11
      23220.0  2.27304e-11
      23230.0  2.27637e-11
      23240.0  2.27986e-11
      23250.0  2.28350e-11
      23260.0  2.28727e-11
      23270.0  2.29115e-11
      23280.0  2.29511e-11
      23290.0  2.29913e-11
      23300.0  2.30319e-11
      23310.0  2.30727e-11
      23320.0  2.31134e-11
      23330.0  2.31538e-11
      23340.0  2.31936e-11
      23350.0  2.32326e-11
      23360.0  2.32707e-11
      23370.0  2.33074e-11
      23380.0  2.33428e-11
      23390.0  2.33765e-11
      23400.0  2.34085e-11
      23410.0  2.34385e-11
      23420.0  2.34665e-11
      23430.0  2.34924e-11
      23440.0  2.35161e-11
      23450.0  2.35376e-11
      23460.0  2.35568e-11
      23470.0  2.35739e-11
      23480.0  2.35889e-11
      23490.0  2.36020e-11
      23500.0  2.36132e-11
      23510.0  2.36229e-11
      23520.0  2.36312e-11
      23530.0  2.36385e-11
      23540.0  2.36451e-11
      23550.0  2.36513e-11
      23560.0  2.36576e-11
      23570.0  2.36642e-11
      23580.0  2.36717e-11
      23590.0  2.36805e-11
      23600.0  2.36909e-11
      23610.0  2.37034e-11
      23620.0  2.37183e-11
      23630.0  2.37361e-11
      23640.0  2.37569e-11
      23650.0  2.37810e-11
      23660.0  2.38086e-11
      23670.0  2.38399e-11
      23680.0  2.38749e-11
      23690.0  2.39137e-11
      23700.0  2.39561e-11
      23710.0  2.40020e-11
      23720.0  2.40513e-11
      23730.0  2.41039e-11
      23740.0  2.41594e-11
      23750.0  2.42178e-11
      23760.0  2.42787e-11
      23770.0  2.43422e-11
      23780.0  2.44079e-11
      23790.0  2.44761e-11
      23800.0  2.45466e-11
      23810.0  2.46196e-11
      23820.0  2.46954e-11
      23830.0  2.47745e-11
      23840.0  2.48573e-11
      23850.0  2.49441e-11
      23860.0  2.50355e-11
      23870.0  2.51322e-11
      23880.0  2.52348e-11
      23890.0  2.53440e-11
      23900.0  2.54603e-11
      23910.0  2.55843e-11
      23920.0  2.57164e-11
      23930.0  2.58569e-11
      23940.0  2.60059e-11
      23950.0  2.61634e-11
      23960.0  2.63292e-11
      23970.0  2.65027e-11
      23980.0  2.66833e-11
      23990.0  2.68702e-11
      24000.0  2.70624e-11
      24010.0  2.72587e-11
      24020.0  2.74578e-11
      24030.0  2.76584e-11
      24040.0  2.78590e-11
      24050.0  2.80582e-11
      24060.0  2.82547e-11
      24070.0  2.84471e-11
      24080.0  2.86344e-11
      24090.0  2.88154e-11
      24100.0  2.89892e-11
      24110.0  2.91553e-11
      24120.0  2.93130e-11
      24130.0  2.94621e-11
      24140.0  2.96024e-11
      24150.0  2.97339e-11
      24160.0  2.98570e-11
      24170.0  2.99718e-11
      24180.0  3.00789e-11
      24190.0  3.01788e-11
      24200.0  3.02722e-11
      24210.0  3.03595e-11
      24220.0  3.04416e-11
      24230.0  3.05190e-11
      24240.0  3.05924e-11
      24250.0  3.06624e-11
      24260.0  3.07295e-11
      24270.0  3.07943e-11
      24280.0  3.08571e-11
      24290.0  3.09183e-11
      24300.0  3.09782e-11
      24310.0  3.10372e-11
      24320.0  3.10953e-11
      24330.0  3.11529e-11
      24340.0  3.12098e-11
      24350.0  3.12664e-11
      24360.0  3.13225e-11
      24370.0  3.13784e-11
      24380.0  3.14339e-11
      24390.0  3.14891e-11
      24400.0  3.15440e-11
      24410.0  3.15987e-11
      24420.0  3.16531e-11
      24430.0  3.17073e-11
      24440.0  3.17612e-11
      24450.0  3.18150e-11
      24460.0  3.18685e-11
      24470.0  3.19220e-11
      24480.0  3.19753e-11
      24490.0  3.20285e-11
      24500.0  3.20817e-11
      24510.0  3.21349e-11
      24520.0  3.21880e-11
      24530.0  3.22412e-11
      24540.0  3.22944e-11
      24550.0  3.23477e-11
      24560.0  3.24009e-11
      24570.0  3.24542e-11
      24580.0  3.25075e-11
      24590.0  3.25607e-11
      24600.0  3.26139e-11
      24610.0  3.26669e-11
      24620.0  3.27199e-11
      24630.0  3.27726e-11
      24640.0  3.28250e-11
      24650.0  3.28772e-11
      24660.0  3.29291e-11
      24670.0  3.29805e-11
      24680.0  3.30316e-11
      24690.0  3.30821e-11
      24700.0  3.31322e-11
      24710.0  3.31817e-11
      24720.0  3.32306e-11
      24730.0  3.32789e-11
      24740.0  3.33265e-11
      24750.0  3.33734e-11
      24760.0  3.34195e-11
      24770.0  3.34647e-11
      24780.0  3.35090e-11
      24790.0  3.35523e-11
      24800.0  3.35945e-11
      24810.0  3.36356e-11
      24820.0  3.36753e-11
      24830.0  3.37136e-11
      24840.0  3.37504e-11
      24850.0  3.37855e-11
      24860.0  3.38190e-11
      24870.0  3.38507e-11
      24880.0  3.38805e-11
      24890.0  3.39084e-11
      24900.0  3.39344e-11
      24910.0  3.39585e-11
      24920.0  3.39808e-11
      24930.0  3.40013e-11
      24940.0  3.40200e-11
      24950.0  3.40370e-11
      24960.0  3.40526e-11
      24970.0  3.40666e-11
      24980.0  3.40794e-11
      24990.0  3.40909e-11
      25000.0  3.41013e-11
