      1000.00  1.93691e-13
      1010.00  2.34684e-13
      1020.00  2.85276e-13
      1030.00  3.47410e-13
      1040.00  4.23501e-13
      1050.00  5.16304e-13
      1060.00  6.28900e-13
      1070.00  7.64634e-13
      1080.00  9.27029e-13
      1090.00  1.11966e-12
      1100.00  1.34600e-12
      1110.00  1.60925e-12
      1120.00  1.91214e-12
      1130.00  2.25678e-12
      1140.00  2.64452e-12
      1150.00  3.07578e-12
      1160.00  3.55007e-12
      1170.00  4.06585e-12
      1180.00  4.62060e-12
      1190.00  5.21081e-12
      1200.00  5.83204e-12
      1210.00  6.47904e-12
      1220.00  7.14580e-12
      1230.00  7.82579e-12
      1240.00  8.51202e-12
      1250.00  9.19731e-12
      1260.00  9.87445e-12
      1270.00  1.05364e-11
      1280.00  1.11763e-11
      1290.00  1.17882e-11
      1300.00  1.23664e-11
      1310.00  1.29062e-11
      1320.00  1.34038e-11
      1330.00  1.38563e-11
      1340.00  1.42617e-11
      1350.00  1.46191e-11
      1360.00  1.49285e-11
      1370.00  1.51908e-11
      1380.00  1.54078e-11
      1390.00  1.55819e-11
      1400.00  1.57163e-11
      1410.00  1.58147e-11
      1420.00  1.58814e-11
      1430.00  1.59207e-11
      1440.00  1.59374e-11
      1450.00  1.59364e-11
      1460.00  1.59224e-11
      1470.00  1.59001e-11
      1480.00  1.58740e-11
      1490.00  1.58484e-11
      1500.00  1.58270e-11
      1510.00  1.58133e-11
      1520.00  1.58105e-11
      1530.00  1.58210e-11
      1540.00  1.58471e-11
      1550.00  1.58906e-11
      1560.00  1.59530e-11
      1570.00  1.60354e-11
      1580.00  1.61387e-11
      1590.00  1.62634e-11
      1600.00  1.64101e-11
      1610.00  1.65790e-11
      1620.00  1.67704e-11
      1630.00  1.69844e-11
      1640.00  1.72209e-11
      1650.00  1.74801e-11
      1660.00  1.77619e-11
      1670.00  1.80660e-11
      1680.00  1.83922e-11
      1690.00  1.87402e-11
      1700.00  1.91092e-11
      1710.00  1.94981e-11
      1720.00  1.99055e-11
      1730.00  2.03292e-11
      1740.00  2.07661e-11
      1750.00  2.12122e-11
      1760.00  2.16623e-11
      1770.00  2.21104e-11
      1780.00  2.25493e-11
      1790.00  2.29715e-11
      1800.00  2.33699e-11
      1810.00  2.37384e-11
      1820.00  2.40733e-11
      1830.00  2.43747e-11
      1840.00  2.46472e-11
      1850.00  2.49010e-11
      1860.00  2.51520e-11
      1870.00  2.54212e-11
      1880.00  2.57329e-11
      1890.00  2.61133e-11
      1900.00  2.65868e-11
      1910.00  2.71732e-11
      1920.00  2.78851e-11
      1930.00  2.87251e-11
      1940.00  2.96848e-11
      1950.00  3.07449e-11
      1960.00  3.18766e-11
      1970.00  3.30442e-11
      1980.00  3.42083e-11
      1990.00  3.53296e-11
      2000.00  3.63724e-11
      2010.00  3.73075e-11
      2020.00  3.81134e-11
      2030.00  3.87771e-11
      2040.00  3.92932e-11
      2050.00  3.96622e-11
      2060.00  3.98886e-11
      2070.00  3.99791e-11
      2080.00  3.99410e-11
      2090.00  3.97817e-11
      2100.00  3.95089e-11
      2110.00  3.91323e-11
      2120.00  3.86640e-11
      2130.00  3.81209e-11
      2140.00  3.75248e-11
      2150.00  3.69032e-11
      2160.00  3.62879e-11
      2170.00  3.57135e-11
      2180.00  3.52154e-11
      2190.00  3.48266e-11
      2200.00  3.45760e-11
      2210.00  3.44858e-11
      2220.00  3.45710e-11
      2230.00  3.48379e-11
      2240.00  3.52849e-11
      2250.00  3.59026e-11
      2260.00  3.66748e-11
      2270.00  3.75790e-11
      2280.00  3.85876e-11
      2290.00  3.96686e-11
      2300.00  4.07874e-11
      2310.00  4.19073e-11
      2320.00  4.29924e-11
      2330.00  4.40091e-11
      2340.00  4.49285e-11
      2350.00  4.57292e-11
      2360.00  4.63991e-11
      2370.00  4.69366e-11
      2380.00  4.73519e-11
      2390.00  4.76656e-11
      2400.00  4.79076e-11
      2410.00  4.81138e-11
      2420.00  4.83224e-11
      2430.00  4.85692e-11
      2440.00  4.88832e-11
      2450.00  4.92819e-11
      2460.00  4.97680e-11
      2470.00  5.03283e-11
      2480.00  5.09332e-11
      2490.00  5.15400e-11
      2500.00  5.20973e-11
      2510.00  5.25512e-11
      2520.00  5.28528e-11
      2530.00  5.29645e-11
      2540.00  5.28654e-11
      2550.00  5.25543e-11
      2560.00  5.20500e-11
      2570.00  5.13879e-11
      2580.00  5.06160e-11
      2590.00  4.97886e-11
      2600.00  4.89596e-11
      2610.00  4.81780e-11
      2620.00  4.74836e-11
      2630.00  4.69052e-11
      2640.00  4.64603e-11
      2650.00  4.61665e-11
      2660.00  4.65817e-11
      2670.00  5.29347e-11
      2680.00  6.94709e-11
      2690.00  8.37276e-11
      2700.00  9.06404e-11
      2710.00  9.47721e-11
      2720.00  1.01470e-10
      2730.00  1.09671e-10
      2740.00  1.18960e-10
      2750.00  1.27423e-10
      2760.00  1.32719e-10
      2770.00  1.35834e-10
      2780.00  1.35560e-10
      2790.00  1.31154e-10
      2800.00  1.30373e-10
      2810.00  1.36275e-10
      2820.00  1.39352e-10
      2830.00  1.35387e-10
      2840.00  1.33752e-10
      2850.00  1.45160e-10
      2860.00  1.71501e-10
      2870.00  2.03728e-10
      2880.00  2.29250e-10
      2890.00  2.44724e-10
      2900.00  2.58752e-10
      2910.00  2.74754e-10
      2920.00  2.85559e-10
      2930.00  2.90053e-10
      2940.00  2.91753e-10
      2950.00  2.86826e-10
      2960.00  2.72486e-10
      2970.00  2.54550e-10
      2980.00  2.41836e-10
      2990.00  2.31597e-10
      3000.00  2.14359e-10
      3010.00  1.95438e-10
      3020.00  1.81847e-10
      3030.00  1.73481e-10
      3040.00  1.70738e-10
      3050.00  1.79968e-10
      3060.00  1.99443e-10
      3070.00  2.10919e-10
      3080.00  2.08046e-10
      3090.00  2.04499e-10
      3100.00  2.10213e-10
      3110.00  2.24289e-10
      3120.00  2.41355e-10
      3130.00  2.60258e-10
      3140.00  2.81151e-10
      3150.00  2.99835e-10
      3160.00  3.13708e-10
      3170.00  3.20250e-10
      3180.00  3.15368e-10
      3190.00  3.03929e-10
      3200.00  3.03070e-10
      3210.00  3.09303e-10
      3220.00  2.93574e-10
      3230.00  2.66009e-10
      3240.00  2.48045e-10
      3250.00  2.43146e-10
      3260.00  2.46671e-10
      3270.00  2.54653e-10
      3280.00  2.65192e-10
      3290.00  2.78364e-10
      3300.00  2.91167e-10
      3310.00  2.95741e-10
      3320.00  2.94878e-10
      3330.00  2.96492e-10
      3340.00  3.03252e-10
      3350.00  3.12656e-10
      3360.00  3.22996e-10
      3370.00  3.36583e-10
      3380.00  3.56729e-10
      3390.00  3.80109e-10
      3400.00  4.00469e-10
      3410.00  4.15144e-10
      3420.00  4.24439e-10
      3430.00  4.29754e-10
      3440.00  4.33987e-10
      3450.00  4.41743e-10
      3460.00  4.56968e-10
      3470.00  4.79947e-10
      3480.00  5.08626e-10
      3490.00  5.42424e-10
      3500.00  5.79760e-10
      3510.00  6.13816e-10
      3520.00  6.45109e-10
      3530.00  6.73905e-10
      3540.00  6.98069e-10
      3550.00  7.18952e-10
      3560.00  7.38129e-10
      3570.00  7.54656e-10
      3580.00  7.67293e-10
      3590.00  7.75399e-10
      3600.00  7.80866e-10
      3610.00  7.89385e-10
      3620.00  8.05824e-10
      3630.00  8.32723e-10
      3640.00  8.72542e-10
      3650.00  9.25260e-10
      3660.00  9.81562e-10
      3670.00  1.02461e-09
      3680.00  1.04112e-09
      3690.00  1.02673e-09
      3700.00  9.85755e-10
      3710.00  9.29641e-10
      3720.00  8.72198e-10
      3730.00  8.22824e-10
      3740.00  7.82837e-10
      3750.00  7.48365e-10
      3760.00  7.16523e-10
      3770.00  6.89320e-10
      3780.00  6.73586e-10
      3790.00  6.77727e-10
      3800.00  7.07831e-10
      3810.00  7.65587e-10
      3820.00  8.49093e-10
      3830.00  9.55060e-10
      3840.00  1.07936e-09
      3850.00  1.21508e-09
      3860.00  1.35149e-09
      3870.00  1.47734e-09
      3880.00  1.58586e-09
      3890.00  1.67564e-09
      3900.00  1.74784e-09
      3910.00  1.80452e-09
      3920.00  1.84941e-09
      3930.00  1.88698e-09
      3940.00  1.91661e-09
      3950.00  1.92802e-09
      3960.00  1.90766e-09
      3970.00  1.85091e-09
      3980.00  1.76531e-09
      3990.00  1.66419e-09
      4000.00  1.56163e-09
      4010.00  1.47074e-09
      4020.00  1.40096e-09
      4030.00  1.35494e-09
      4040.00  1.32845e-09
      4050.00  1.31309e-09
      4060.00  1.30010e-09
      4070.00  1.28389e-09
      4080.00  1.26372e-09
      4090.00  1.24269e-09
      4100.00  1.22478e-09
      4110.00  1.21281e-09
      4120.00  1.20851e-09
      4130.00  1.21359e-09
      4140.00  1.22947e-09
      4150.00  1.25591e-09
      4160.00  1.28966e-09
      4170.00  1.32483e-09
      4180.00  1.35477e-09
      4190.00  1.37460e-09
      4200.00  1.38280e-09
      4210.00  1.38118e-09
      4220.00  1.37360e-09
      4230.00  1.36440e-09
      4240.00  1.35738e-09
      4250.00  1.35546e-09
      4260.00  1.36048e-09
      4270.00  1.37246e-09
      4280.00  1.38845e-09
      4290.00  1.40221e-09
      4300.00  1.40592e-09
      4310.00  1.39277e-09
      4320.00  1.35894e-09
      4330.00  1.30473e-09
      4340.00  1.23454e-09
      4350.00  1.15563e-09
      4360.00  1.07603e-09
      4370.00  1.00268e-09
      4380.00  9.40454e-10
      4390.00  8.92137e-10
      4400.00  8.59055e-10
      4410.00  8.41676e-10
      4420.00  8.39836e-10
      4430.00  8.52723e-10
      4440.00  8.78708e-10
      4450.00  9.15681e-10
      4460.00  9.62274e-10
      4470.00  1.01910e-09
      4480.00  1.08881e-09
      4490.00  1.17536e-09
      4500.00  1.28308e-09
      4510.00  1.41532e-09
      4520.00  1.57232e-09
      4530.00  1.74930e-09
      4540.00  1.93652e-09
      4550.00  2.12147e-09
      4560.00  2.29254e-09
      4570.00  2.44227e-09
      4580.00  2.56801e-09
      4590.00  2.66896e-09
      4600.00  2.74139e-09
      4610.00  2.77602e-09
      4620.00  2.76050e-09
      4630.00  2.68654e-09
      4640.00  2.55552e-09
      4650.00  2.37855e-09
      4660.00  2.17368e-09
      4670.00  1.96206e-09
      4680.00  1.76276e-09
      4690.00  1.58870e-09
      4700.00  1.44547e-09
      4710.00  1.33306e-09
      4720.00  1.24873e-09
      4730.00  1.18945e-09
      4740.00  1.15312e-09
      4750.00  1.13843e-09
      4760.00  1.14387e-09
      4770.00  1.16623e-09
      4780.00  1.19982e-09
      4790.00  1.23722e-09
      4800.00  1.27129e-09
      4810.00  1.29730e-09
      4820.00  1.31455e-09
      4830.00  1.32678e-09
      4840.00  1.34100e-09
      4850.00  1.36490e-09
      4860.00  1.40382e-09
      4870.00  1.45908e-09
      4880.00  1.52807e-09
      4890.00  1.60485e-09
      4900.00  1.68065e-09
      4910.00  1.74463e-09
      4920.00  1.78606e-09
      4930.00  1.79746e-09
      4940.00  1.77672e-09
      4950.00  1.72730e-09
      4960.00  1.65663e-09
      4970.00  1.57419e-09
      4980.00  1.48949e-09
      4990.00  1.41009e-09
      5000.00  1.34044e-09
      5010.00  1.28190e-09
      5020.00  1.23394e-09
      5030.00  1.19517e-09
      5040.00  1.16397e-09
      5050.00  1.13865e-09
      5060.00  1.11767e-09
      5070.00  1.10001e-09
      5080.00  1.08554e-09
      5090.00  1.07523e-09
      5100.00  1.07084e-09
      5110.00  1.07443e-09
      5120.00  1.08789e-09
      5130.00  1.11288e-09
      5140.00  1.15069e-09
      5150.00  1.20208e-09
      5160.00  1.26715e-09
      5170.00  1.34532e-09
      5180.00  1.43518e-09
      5190.00  1.53419e-09
      5200.00  1.63844e-09
      5210.00  1.74324e-09
      5220.00  1.84424e-09
      5230.00  1.93827e-09
      5240.00  2.02351e-09
      5250.00  2.09876e-09
      5260.00  2.16260e-09
      5270.00  2.21314e-09
      5280.00  2.24846e-09
      5290.00  2.26756e-09
      5300.00  2.27113e-09
      5310.00  2.26203e-09
      5320.00  2.24495e-09
      5330.00  2.22565e-09
      5340.00  2.20977e-09
      5350.00  2.20161e-09
      5360.00  2.20312e-09
      5370.00  2.21342e-09
      5380.00  2.22918e-09
      5390.00  2.24594e-09
      5400.00  2.25944e-09
      5410.00  2.26656e-09
      5420.00  2.26554e-09
      5430.00  2.25575e-09
      5440.00  2.23731e-09
      5450.00  2.21095e-09
      5460.00  2.17775e-09
      5470.00  2.13901e-09
      5480.00  2.09608e-09
      5490.00  2.05037e-09
      5500.00  2.00301e-09
      5510.00  1.95448e-09
      5520.00  1.90488e-09
      5530.00  1.85447e-09
      5540.00  1.80338e-09
      5550.00  1.75084e-09
      5560.00  1.69559e-09
      5570.00  1.63735e-09
      5580.00  1.57723e-09
      5590.00  1.51694e-09
      5600.00  1.45792e-09
      5610.00  1.40105e-09
      5620.00  1.34672e-09
      5630.00  1.29520e-09
      5640.00  1.24685e-09
      5650.00  1.20233e-09
      5660.00  1.16256e-09
      5670.00  1.12875e-09
      5680.00  1.10251e-09
      5690.00  1.08570e-09
      5700.00  1.08012e-09
      5710.00  1.08700e-09
      5720.00  1.10663e-09
      5730.00  1.13821e-09
      5740.00  1.18019e-09
      5750.00  1.23082e-09
      5760.00  1.28871e-09
      5770.00  1.35308e-09
      5780.00  1.42350e-09
      5790.00  1.49924e-09
      5800.00  1.57859e-09
      5810.00  1.65856e-09
      5820.00  1.73514e-09
      5830.00  1.80384e-09
      5840.00  1.86031e-09
      5850.00  1.90085e-09
      5860.00  1.92293e-09
      5870.00  1.92573e-09
      5880.00  1.91045e-09
      5890.00  1.87981e-09
      5900.00  1.83686e-09
      5910.00  1.78414e-09
      5920.00  1.72378e-09
      5930.00  1.65840e-09
      5940.00  1.59157e-09
      5950.00  1.52732e-09
      5960.00  1.46879e-09
      5970.00  1.41723e-09
      5980.00  1.37191e-09
      5990.00  1.33092e-09
      6000.00  1.29248e-09
      6010.00  1.25592e-09
      6020.00  1.22192e-09
      6030.00  1.19182e-09
      6040.00  1.16642e-09
      6050.00  1.14495e-09
      6060.00  1.12484e-09
      6070.00  1.10250e-09
      6080.00  1.07472e-09
      6090.00  1.03991e-09
      6100.00  9.98738e-10
      6110.00  9.54041e-10
      6120.00  9.10168e-10
      6130.00  8.71979e-10
      6140.00  8.43777e-10
      6150.00  8.28384e-10
      6160.00  8.26557e-10
      6170.00  8.36916e-10
      6180.00  8.56452e-10
      6190.00  8.81458e-10
      6200.00  9.08571e-10
      6210.00  9.35572e-10
      6220.00  9.61709e-10
      6230.00  9.87527e-10
      6240.00  1.01434e-09
      6250.00  1.04364e-09
      6260.00  1.07667e-09
      6270.00  1.11440e-09
      6280.00  1.15765e-09
      6290.00  1.20662e-09
      6300.00  1.25955e-09
      6310.00  1.31218e-09
      6320.00  1.35950e-09
      6330.00  1.39865e-09
      6340.00  1.42989e-09
      6350.00  1.45509e-09
      6360.00  1.47603e-09
      6370.00  1.49377e-09
      6380.00  1.50890e-09
      6390.00  1.52175e-09
      6400.00  1.53256e-09
      6410.00  1.54145e-09
      6420.00  1.54851e-09
      6430.00  1.55384e-09
      6440.00  1.55758e-09
      6450.00  1.55985e-09
      6460.00  1.56074e-09
      6470.00  1.56018e-09
      6480.00  1.55796e-09
      6490.00  1.55364e-09
      6500.00  1.54664e-09
      6510.00  1.53635e-09
      6520.00  1.52224e-09
      6530.00  1.50400e-09
      6540.00  1.48152e-09
      6550.00  1.45482e-09
      6560.00  1.42397e-09
      6570.00  1.38907e-09
      6580.00  1.35042e-09
      6590.00  1.30861e-09
      6600.00  1.26455e-09
      6610.00  1.21932e-09
      6620.00  1.17397e-09
      6630.00  1.12933e-09
      6640.00  1.08599e-09
      6650.00  1.04428e-09
      6660.00  1.00435e-09
      6670.00  9.66267e-10
      6680.00  9.30105e-10
      6690.00  8.96005e-10
      6700.00  8.64175e-10
      6710.00  8.34824e-10
      6720.00  8.08062e-10
      6730.00  7.83833e-10
      6740.00  7.61925e-10
      6750.00  7.42076e-10
      6760.00  7.24099e-10
      6770.00  7.07956e-10
      6780.00  6.93749e-10
      6790.00  6.81627e-10
      6800.00  6.71660e-10
      6810.00  6.63761e-10
      6820.00  6.57667e-10
      6830.00  6.52987e-10
      6840.00  6.49284e-10
      6850.00  6.46160e-10
      6860.00  6.43302e-10
      6870.00  6.40498e-10
      6880.00  6.37623e-10
      6890.00  6.34616e-10
      6900.00  6.31455e-10
      6910.00  6.28144e-10
      6920.00  6.24705e-10
      6930.00  6.21179e-10
      6940.00  6.17629e-10
      6950.00  6.14141e-10
      6960.00  6.10813e-10
      6970.00  6.07724e-10
      6980.00  6.04899e-10
      6990.00  6.02296e-10
      7000.00  5.99818e-10
      7010.00  5.97374e-10
      7020.00  5.94945e-10
      7030.00  5.92638e-10
      7040.00  5.90684e-10
      7050.00  5.89394e-10
      7060.00  5.89066e-10
      7070.00  5.89895e-10
      7080.00  5.91900e-10
      7090.00  5.94902e-10
      7100.00  5.98541e-10
      7110.00  6.02343e-10
      7120.00  6.05820e-10
      7130.00  6.08580e-10
      7140.00  6.10420e-10
      7150.00  6.11386e-10
      7160.00  6.11769e-10
      7170.00  6.12059e-10
      7180.00  6.12844e-10
      7190.00  6.14639e-10
      7200.00  6.17688e-10
      7210.00  6.21870e-10
      7220.00  6.26816e-10
      7230.00  6.32141e-10
      7240.00  6.37589e-10
      7250.00  6.43010e-10
      7260.00  6.48255e-10
      7270.00  6.53135e-10
      7280.00  6.57434e-10
      7290.00  6.60954e-10
      7300.00  6.63549e-10
      7310.00  6.65128e-10
      7320.00  6.65654e-10
      7330.00  6.65139e-10
      7340.00  6.63629e-10
      7350.00  6.61193e-10
      7360.00  6.57915e-10
      7370.00  6.53877e-10
      7380.00  6.49157e-10
      7390.00  6.43815e-10
      7400.00  6.37882e-10
      7410.00  6.31336e-10
      7420.00  6.24090e-10
      7430.00  6.16037e-10
      7440.00  6.07194e-10
      7450.00  5.97848e-10
      7460.00  5.88585e-10
      7470.00  5.80099e-10
      7480.00  5.72945e-10
      7490.00  5.67413e-10
      7500.00  5.63582e-10
      7510.00  5.61418e-10
      7520.00  5.60823e-10
      7530.00  5.61612e-10
      7540.00  5.63506e-10
      7550.00  5.66166e-10
      7560.00  5.69236e-10
      7570.00  5.72387e-10
      7580.00  5.75326e-10
      7590.00  5.77804e-10
      7600.00  5.79625e-10
      7610.00  5.80806e-10
      7620.00  5.81231e-10
      7630.00  5.80812e-10
      7640.00  5.79617e-10
      7650.00  5.77770e-10
      7660.00  5.75436e-10
      7670.00  5.72790e-10
      7680.00  5.70002e-10
      7690.00  5.67211e-10
      7700.00  5.64521e-10
      7710.00  5.61999e-10
      7720.00  5.59682e-10
      7730.00  5.57579e-10
      7740.00  5.55687e-10
      7750.00  5.53992e-10
      7760.00  5.52487e-10
      7770.00  5.51169e-10
      7780.00  5.50047e-10
      7790.00  5.49126e-10
      7800.00  5.48397e-10
      7810.00  5.47813e-10
      7820.00  5.47280e-10
      7830.00  5.46650e-10
      7840.00  5.45732e-10
      7850.00  5.44312e-10
      7860.00  5.42181e-10
      7870.00  5.39159e-10
      7880.00  5.35118e-10
      7890.00  5.29990e-10
      7900.00  5.23772e-10
      7910.00  5.16510e-10
      7920.00  5.08282e-10
      7930.00  4.99171e-10
      7940.00  4.89235e-10
      7950.00  4.78508e-10
      7960.00  4.67026e-10
      7970.00  4.54881e-10
      7980.00  4.42245e-10
      7990.00  4.29345e-10
      8000.00  4.16395e-10
      8010.00  4.03547e-10
      8020.00  3.90878e-10
      8030.00  3.78404e-10
      8040.00  3.66103e-10
      8050.00  3.53915e-10
      8060.00  3.41747e-10
      8070.00  3.29490e-10
      8080.00  3.17047e-10
      8090.00  3.04359e-10
      8100.00  2.91434e-10
      8110.00  2.78350e-10
      8120.00  2.65250e-10
      8130.00  2.52332e-10
      8140.00  2.39836e-10
      8150.00  2.28021e-10
      8160.00  2.17163e-10
      8170.00  2.07541e-10
      8180.00  1.99430e-10
      8190.00  1.93089e-10
      8200.00  1.88748e-10
      8210.00  1.86570e-10
      8220.00  1.86630e-10
      8230.00  1.88884e-10
      8240.00  1.93174e-10
      8250.00  1.99246e-10
      8260.00  2.06792e-10
      8270.00  2.15504e-10
      8280.00  2.25111e-10
      8290.00  2.35415e-10
      8300.00  2.46306e-10
      8310.00  2.57771e-10
      8320.00  2.69889e-10
      8330.00  2.82826e-10
      8340.00  2.96809e-10
      8350.00  3.12098e-10
      8360.00  3.28941e-10
      8370.00  3.47538e-10
      8380.00  3.67999e-10
      8390.00  3.90338e-10
      8400.00  4.14469e-10
      8410.00  4.40215e-10
      8420.00  4.67314e-10
      8430.00  4.95419e-10
      8440.00  5.24102e-10
      8450.00  5.52872e-10
      8460.00  5.81239e-10
      8470.00  6.08783e-10
      8480.00  6.35225e-10
      8490.00  6.60443e-10
      8500.00  6.84444e-10
      8510.00  7.07308e-10
      8520.00  7.29130e-10
      8530.00  7.49976e-10
      8540.00  7.69869e-10
      8550.00  7.88794e-10
      8560.00  8.06715e-10
      8570.00  8.23602e-10
      8580.00  8.39446e-10
      8590.00  8.54275e-10
      8600.00  8.68143e-10
      8610.00  8.81120e-10
      8620.00  8.93274e-10
      8630.00  9.04665e-10
      8640.00  9.15348e-10
      8650.00  9.25382e-10
      8660.00  9.34814e-10
      8670.00  9.43653e-10
      8680.00  9.51838e-10
      8690.00  9.59223e-10
      8700.00  9.65599e-10
      8710.00  9.70740e-10
      8720.00  9.74441e-10
      8730.00  9.76550e-10
      8740.00  9.76976e-10
      8750.00  9.75687e-10
      8760.00  9.72707e-10
      8770.00  9.68102e-10
      8780.00  9.61978e-10
      8790.00  9.54464e-10
      8800.00  9.45709e-10
      8810.00  9.35869e-10
      8820.00  9.25097e-10
      8830.00  9.13540e-10
      8840.00  9.01334e-10
      8850.00  8.88606e-10
      8860.00  8.75469e-10
      8870.00  8.62024e-10
      8880.00  8.48357e-10
      8890.00  8.34543e-10
      8900.00  8.20647e-10
      8910.00  8.06732e-10
      8920.00  7.92863e-10
      8930.00  7.79118e-10
      8940.00  7.65585e-10
      8950.00  7.52362e-10
      8960.00  7.39537e-10
      8970.00  7.27178e-10
      8980.00  7.15317e-10
      8990.00  7.03947e-10
      9000.00  6.93032e-10
      9010.00  6.82532e-10
      9020.00  6.72426e-10
      9030.00  6.62720e-10
      9040.00  6.53450e-10
      9050.00  6.44655e-10
      9060.00  6.36348e-10
      9070.00  6.28483e-10
      9080.00  6.20949e-10
      9090.00  6.13573e-10
      9100.00  6.06148e-10
      9110.00  5.98469e-10
      9120.00  5.90367e-10
      9130.00  5.81743e-10
      9140.00  5.72584e-10
      9150.00  5.62977e-10
      9160.00  5.53099e-10
      9170.00  5.43191e-10
      9180.00  5.33507e-10
      9190.00  5.24270e-10
      9200.00  5.15636e-10
      9210.00  5.07686e-10
      9220.00  5.00421e-10
      9230.00  4.93761e-10
      9240.00  4.87532e-10
      9250.00  4.81464e-10
      9260.00  4.75232e-10
      9270.00  4.68554e-10
      9280.00  4.61329e-10
      9290.00  4.53736e-10
      9300.00  4.46201e-10
      9310.00  4.39241e-10
      9320.00  4.33249e-10
      9330.00  4.28360e-10
      9340.00  4.24451e-10
      9350.00  4.21247e-10
      9360.00  4.18452e-10
      9370.00  4.15833e-10
      9380.00  4.13245e-10
      9390.00  4.10616e-10
      9400.00  4.07919e-10
      9410.00  4.05152e-10
      9420.00  4.02324e-10
      9430.00  3.99448e-10
      9440.00  3.96541e-10
      9450.00  3.93619e-10
      9460.00  3.90701e-10
      9470.00  3.87804e-10
      9480.00  3.84948e-10
      9490.00  3.82147e-10
      9500.00  3.79420e-10
      9510.00  3.76779e-10
      9520.00  3.74237e-10
      9530.00  3.71804e-10
      9540.00  3.69490e-10
      9550.00  3.67298e-10
      9560.00  3.65234e-10
      9570.00  3.63297e-10
      9580.00  3.61487e-10
      9590.00  3.59798e-10
      9600.00  3.58225e-10
      9610.00  3.56758e-10
      9620.00  3.55387e-10
      9630.00  3.54101e-10
      9640.00  3.52884e-10
      9650.00  3.51724e-10
      9660.00  3.50549e-10
      9670.00  3.49367e-10
      9680.00  3.48187e-10
      9690.00  3.46995e-10
      9700.00  3.45779e-10
      9710.00  3.44528e-10
      9720.00  3.43234e-10
      9730.00  3.41891e-10
      9740.00  3.40494e-10
      9750.00  3.39043e-10
      9760.00  3.37539e-10
      9770.00  3.35985e-10
      9780.00  3.34388e-10
      9790.00  3.32754e-10
      9800.00  3.31092e-10
      9810.00  3.29414e-10
      9820.00  3.27729e-10
      9830.00  3.26051e-10
      9840.00  3.24392e-10
      9850.00  3.22763e-10
      9860.00  3.21177e-10
      9870.00  3.19645e-10
      9880.00  3.18176e-10
      9890.00  3.16779e-10
      9900.00  3.15460e-10
      9910.00  3.14222e-10
      9920.00  3.13066e-10
      9930.00  3.11989e-10
      9940.00  3.10987e-10
      9950.00  3.10049e-10
      9960.00  3.09165e-10
      9970.00  3.08320e-10
      9980.00  3.07497e-10
      9990.00  3.06680e-10
      10000.0  3.05848e-10
      10010.0  3.04983e-10
      10020.0  3.04067e-10
      10030.0  3.03084e-10
      10040.0  3.02019e-10
      10050.0  3.00861e-10
      10060.0  2.99601e-10
      10070.0  2.98234e-10
      10080.0  2.96760e-10
      10090.0  2.95179e-10
      10100.0  2.93497e-10
      10110.0  2.91723e-10
      10120.0  2.89866e-10
      10130.0  2.87942e-10
      10140.0  2.85964e-10
      10150.0  2.83950e-10
      10160.0  2.81917e-10
      10170.0  2.79882e-10
      10180.0  2.77865e-10
      10190.0  2.75883e-10
      10200.0  2.73953e-10
      10210.0  2.72092e-10
      10220.0  2.70313e-10
      10230.0  2.68631e-10
      10240.0  2.67054e-10
      10250.0  2.65594e-10
      10260.0  2.64255e-10
      10270.0  2.63041e-10
      10280.0  2.61953e-10
      10290.0  2.60989e-10
      10300.0  2.60145e-10
      10310.0  2.59414e-10
      10320.0  2.58785e-10
      10330.0  2.58248e-10
      10340.0  2.57787e-10
      10350.0  2.57387e-10
      10360.0  2.57031e-10
      10370.0  2.56700e-10
      10380.0  2.56377e-10
      10390.0  2.56041e-10
      10400.0  2.55676e-10
      10410.0  2.55262e-10
      10420.0  2.54785e-10
      10430.0  2.54230e-10
      10440.0  2.53584e-10
      10450.0  2.52838e-10
      10460.0  2.51984e-10
      10470.0  2.51016e-10
      10480.0  2.49934e-10
      10490.0  2.48735e-10
      10500.0  2.47423e-10
      10510.0  2.46000e-10
      10520.0  2.44472e-10
      10530.0  2.42845e-10
      10540.0  2.41124e-10
      10550.0  2.39317e-10
      10560.0  2.37431e-10
      10570.0  2.35472e-10
      10580.0  2.33445e-10
      10590.0  2.31358e-10
      10600.0  2.29215e-10
      10610.0  2.27020e-10
      10620.0  2.24779e-10
      10630.0  2.22496e-10
      10640.0  2.20174e-10
      10650.0  2.17818e-10
      10660.0  2.15431e-10
      10670.0  2.13018e-10
      10680.0  2.10584e-10
      10690.0  2.08132e-10
      10700.0  2.05667e-10
      10710.0  2.03193e-10
      10720.0  2.00716e-10
      10730.0  1.98240e-10
      10740.0  1.95769e-10
      10750.0  1.93307e-10
      10760.0  1.90858e-10
      10770.0  1.88426e-10
      10780.0  1.86013e-10
      10790.0  1.83623e-10
      10800.0  1.81258e-10
      10810.0  1.78919e-10
      10820.0  1.76609e-10
      10830.0  1.74330e-10
      10840.0  1.72082e-10
      10850.0  1.69866e-10
      10860.0  1.67684e-10
      10870.0  1.65536e-10
      10880.0  1.63424e-10
      10890.0  1.61349e-10
      10900.0  1.59311e-10
      10910.0  1.57312e-10
      10920.0  1.55354e-10
      10930.0  1.53437e-10
      10940.0  1.51563e-10
      10950.0  1.49734e-10
      10960.0  1.47951e-10
      10970.0  1.46216e-10
      10980.0  1.44531e-10
      10990.0  1.42897e-10
      11000.0  1.41315e-10
      11010.0  1.39787e-10
      11020.0  1.38313e-10
      11030.0  1.36894e-10
      11040.0  1.35531e-10
      11050.0  1.34221e-10
      11060.0  1.32966e-10
      11070.0  1.31762e-10
      11080.0  1.30609e-10
      11090.0  1.29503e-10
      11100.0  1.28443e-10
      11110.0  1.27424e-10
      11120.0  1.26444e-10
      11130.0  1.25499e-10
      11140.0  1.24585e-10
      11150.0  1.23698e-10
      11160.0  1.22835e-10
      11170.0  1.21991e-10
      11180.0  1.21165e-10
      11190.0  1.20352e-10
      11200.0  1.19550e-10
      11210.0  1.18758e-10
      11220.0  1.17972e-10
      11230.0  1.17192e-10
      11240.0  1.16416e-10
      11250.0  1.15644e-10
      11260.0  1.14875e-10
      11270.0  1.14109e-10
      11280.0  1.13344e-10
      11290.0  1.12583e-10
      11300.0  1.11823e-10
      11310.0  1.11065e-10
      11320.0  1.10309e-10
      11330.0  1.09555e-10
      11340.0  1.08802e-10
      11350.0  1.08050e-10
      11360.0  1.07297e-10
      11370.0  1.06543e-10
      11380.0  1.05787e-10
      11390.0  1.05027e-10
      11400.0  1.04261e-10
      11410.0  1.03489e-10
      11420.0  1.02709e-10
      11430.0  1.01919e-10
      11440.0  1.01117e-10
      11450.0  1.00302e-10
      11460.0  9.94733e-11
      11470.0  9.86287e-11
      11480.0  9.77676e-11
      11490.0  9.68893e-11
      11500.0  9.59934e-11
      11510.0  9.50797e-11
      11520.0  9.41483e-11
      11530.0  9.31996e-11
      11540.0  9.22342e-11
      11550.0  9.12530e-11
      11560.0  9.02571e-11
      11570.0  8.92479e-11
      11580.0  8.82267e-11
      11590.0  8.71952e-11
      11600.0  8.61550e-11
      11610.0  8.51079e-11
      11620.0  8.40556e-11
      11630.0  8.29999e-11
      11640.0  8.19426e-11
      11650.0  8.08853e-11
      11660.0  7.98299e-11
      11670.0  7.87781e-11
      11680.0  7.77314e-11
      11690.0  7.66915e-11
      11700.0  7.56599e-11
      11710.0  7.46383e-11
      11720.0  7.36280e-11
      11730.0  7.26306e-11
      11740.0  7.16474e-11
      11750.0  7.06798e-11
      11760.0  6.97291e-11
      11770.0  6.87963e-11
      11780.0  6.78826e-11
      11790.0  6.69889e-11
      11800.0  6.61160e-11
      11810.0  6.52645e-11
      11820.0  6.44347e-11
      11830.0  6.36270e-11
      11840.0  6.28412e-11
      11850.0  6.20774e-11
      11860.0  6.13349e-11
      11870.0  6.06134e-11
      11880.0  5.99120e-11
      11890.0  5.92300e-11
      11900.0  5.85663e-11
      11910.0  5.79198e-11
      11920.0  5.72896e-11
      11930.0  5.66745e-11
      11940.0  5.60735e-11
      11950.0  5.54857e-11
      11960.0  5.49100e-11
      11970.0  5.43459e-11
      11980.0  5.37926e-11
      11990.0  5.32498e-11
      12000.0  5.27171e-11
      12010.0  5.21945e-11
      12020.0  5.16820e-11
      12030.0  5.11798e-11
      12040.0  5.06882e-11
      12050.0  5.02077e-11
      12060.0  4.97389e-11
      12070.0  4.92825e-11
      12080.0  4.88390e-11
      12090.0  4.84093e-11
      12100.0  4.79940e-11
      12110.0  4.75941e-11
      12120.0  4.72101e-11
      12130.0  4.68429e-11
      12140.0  4.64931e-11
      12150.0  4.61614e-11
      12160.0  4.58484e-11
      12170.0  4.55546e-11
      12180.0  4.52806e-11
      12190.0  4.50269e-11
      12200.0  4.47938e-11
      12210.0  4.45819e-11
      12220.0  4.43914e-11
      12230.0  4.42227e-11
      12240.0  4.40760e-11
      12250.0  4.39518e-11
      12260.0  4.38502e-11
      12270.0  4.37714e-11
      12280.0  4.37158e-11
      12290.0  4.36835e-11
      12300.0  4.36748e-11
      12310.0  4.36897e-11
      12320.0  4.37287e-11
      12330.0  4.37917e-11
      12340.0  4.38792e-11
      12350.0  4.39911e-11
      12360.0  4.41279e-11
      12370.0  4.42895e-11
      12380.0  4.44762e-11
      12390.0  4.46880e-11
      12400.0  4.49250e-11
      12410.0  4.51872e-11
      12420.0  4.54744e-11
      12430.0  4.57862e-11
      12440.0  4.61223e-11
      12450.0  4.64820e-11
      12460.0  4.68644e-11
      12470.0  4.72684e-11
      12480.0  4.76928e-11
      12490.0  4.81358e-11
      12500.0  4.85956e-11
      12510.0  4.90700e-11
      12520.0  4.95567e-11
      12530.0  5.00528e-11
      12540.0  5.05555e-11
      12550.0  5.10617e-11
      12560.0  5.15681e-11
      12570.0  5.20714e-11
      12580.0  5.25680e-11
      12590.0  5.30544e-11
      12600.0  5.35272e-11
      12610.0  5.39828e-11
      12620.0  5.44180e-11
      12630.0  5.48295e-11
      12640.0  5.52145e-11
      12650.0  5.55699e-11
      12660.0  5.58935e-11
      12670.0  5.61828e-11
      12680.0  5.64361e-11
      12690.0  5.66516e-11
      12700.0  5.68282e-11
      12710.0  5.69650e-11
      12720.0  5.70614e-11
      12730.0  5.71174e-11
      12740.0  5.71331e-11
      12750.0  5.71092e-11
      12760.0  5.70465e-11
      12770.0  5.69464e-11
      12780.0  5.68105e-11
      12790.0  5.66407e-11
      12800.0  5.64392e-11
      12810.0  5.62084e-11
      12820.0  5.59510e-11
      12830.0  5.56698e-11
      12840.0  5.53676e-11
      12850.0  5.50476e-11
      12860.0  5.47126e-11
      12870.0  5.43659e-11
      12880.0  5.40103e-11
      12890.0  5.36486e-11
      12900.0  5.32836e-11
      12910.0  5.29179e-11
      12920.0  5.25536e-11
      12930.0  5.21928e-11
      12940.0  5.18374e-11
      12950.0  5.14887e-11
      12960.0  5.11478e-11
      12970.0  5.08158e-11
      12980.0  5.04930e-11
      12990.0  5.01798e-11
      13000.0  4.98762e-11
      13010.0  4.95818e-11
      13020.0  4.92962e-11
      13030.0  4.90187e-11
      13040.0  4.87486e-11
      13050.0  4.84848e-11
      13060.0  4.82263e-11
      13070.0  4.79722e-11
      13080.0  4.77213e-11
      13090.0  4.74726e-11
      13100.0  4.72251e-11
      13110.0  4.69779e-11
      13120.0  4.67302e-11
      13130.0  4.64814e-11
      13140.0  4.62307e-11
      13150.0  4.59779e-11
      13160.0  4.57226e-11
      13170.0  4.54647e-11
      13180.0  4.52044e-11
      13190.0  4.49419e-11
      13200.0  4.46777e-11
      13210.0  4.44125e-11
      13220.0  4.41471e-11
      13230.0  4.38828e-11
      13240.0  4.36208e-11
      13250.0  4.33627e-11
      13260.0  4.31103e-11
      13270.0  4.28656e-11
      13280.0  4.26307e-11
      13290.0  4.24080e-11
      13300.0  4.21998e-11
      13310.0  4.20084e-11
      13320.0  4.18363e-11
      13330.0  4.16856e-11
      13340.0  4.15585e-11
      13350.0  4.14566e-11
      13360.0  4.13813e-11
      13370.0  4.13338e-11
      13380.0  4.13144e-11
      13390.0  4.13231e-11
      13400.0  4.13593e-11
      13410.0  4.14217e-11
      13420.0  4.15085e-11
      13430.0  4.16172e-11
      13440.0  4.17448e-11
      13450.0  4.18878e-11
      13460.0  4.20423e-11
      13470.0  4.22039e-11
      13480.0  4.23683e-11
      13490.0  4.25306e-11
      13500.0  4.26863e-11
      13510.0  4.28307e-11
      13520.0  4.29596e-11
      13530.0  4.30687e-11
      13540.0  4.31544e-11
      13550.0  4.32135e-11
      13560.0  4.32430e-11
      13570.0  4.32408e-11
      13580.0  4.32054e-11
      13590.0  4.31357e-11
      13600.0  4.30312e-11
      13610.0  4.28922e-11
      13620.0  4.27192e-11
      13630.0  4.25136e-11
      13640.0  4.22771e-11
      13650.0  4.20118e-11
      13660.0  4.17202e-11
      13670.0  4.14051e-11
      13680.0  4.10696e-11
      13690.0  4.07170e-11
      13700.0  4.03505e-11
      13710.0  3.99738e-11
      13720.0  3.95901e-11
      13730.0  3.92029e-11
      13740.0  3.88155e-11
      13750.0  3.84310e-11
      13760.0  3.80523e-11
      13770.0  3.76821e-11
      13780.0  3.73227e-11
      13790.0  3.69763e-11
      13800.0  3.66446e-11
      13810.0  3.63291e-11
      13820.0  3.60309e-11
      13830.0  3.57508e-11
      13840.0  3.54892e-11
      13850.0  3.52465e-11
      13860.0  3.50224e-11
      13870.0  3.48167e-11
      13880.0  3.46290e-11
      13890.0  3.44586e-11
      13900.0  3.43047e-11
      13910.0  3.41665e-11
      13920.0  3.40430e-11
      13930.0  3.39332e-11
      13940.0  3.38363e-11
      13950.0  3.37512e-11
      13960.0  3.36770e-11
      13970.0  3.36127e-11
      13980.0  3.35575e-11
      13990.0  3.35103e-11
      14000.0  3.34704e-11
      14010.0  3.34369e-11
      14020.0  3.34088e-11
      14030.0  3.33854e-11
      14040.0  3.33656e-11
      14050.0  3.33486e-11
      14060.0  3.33335e-11
      14070.0  3.33191e-11
      14080.0  3.33047e-11
      14090.0  3.32890e-11
      14100.0  3.32713e-11
      14110.0  3.32504e-11
      14120.0  3.32253e-11
      14130.0  3.31954e-11
      14140.0  3.31595e-11
      14150.0  3.31171e-11
      14160.0  3.30676e-11
      14170.0  3.30103e-11
      14180.0  3.29449e-11
      14190.0  3.28712e-11
      14200.0  3.27891e-11
      14210.0  3.26988e-11
      14220.0  3.26004e-11
      14230.0  3.24945e-11
      14240.0  3.23816e-11
      14250.0  3.22624e-11
      14260.0  3.21378e-11
      14270.0  3.20087e-11
      14280.0  3.18763e-11
      14290.0  3.17416e-11
      14300.0  3.16060e-11
      14310.0  3.14706e-11
      14320.0  3.13367e-11
      14330.0  3.12056e-11
      14340.0  3.10783e-11
      14350.0  3.09561e-11
      14360.0  3.08399e-11
      14370.0  3.07308e-11
      14380.0  3.06293e-11
      14390.0  3.05362e-11
      14400.0  3.04520e-11
      14410.0  3.03768e-11
      14420.0  3.03108e-11
      14430.0  3.02539e-11
      14440.0  3.02060e-11
      14450.0  3.01664e-11
      14460.0  3.01349e-11
      14470.0  3.01106e-11
      14480.0  3.00929e-11
      14490.0  3.00810e-11
      14500.0  3.00740e-11
      14510.0  3.00713e-11
      14520.0  3.00721e-11
      14530.0  3.00757e-11
      14540.0  3.00817e-11
      14550.0  3.00896e-11
      14560.0  3.00991e-11
      14570.0  3.01103e-11
      14580.0  3.01231e-11
      14590.0  3.01378e-11
      14600.0  3.01548e-11
      14610.0  3.01746e-11
      14620.0  3.01978e-11
      14630.0  3.02250e-11
      14640.0  3.02569e-11
      14650.0  3.02941e-11
      14660.0  3.03374e-11
      14670.0  3.03873e-11
      14680.0  3.04442e-11
      14690.0  3.05086e-11
      14700.0  3.05805e-11
      14710.0  3.06602e-11
      14720.0  3.07477e-11
      14730.0  3.08426e-11
      14740.0  3.09450e-11
      14750.0  3.10544e-11
      14760.0  3.11706e-11
      14770.0  3.12933e-11
      14780.0  3.14223e-11
      14790.0  3.15575e-11
      14800.0  3.16988e-11
      14810.0  3.18465e-11
      14820.0  3.20010e-11
      14830.0  3.21629e-11
      14840.0  3.23331e-11
      14850.0  3.25125e-11
      14860.0  3.27026e-11
      14870.0  3.29048e-11
      14880.0  3.31208e-11
      14890.0  3.33522e-11
      14900.0  3.36010e-11
      14910.0  3.38690e-11
      14920.0  3.41580e-11
      14930.0  3.44697e-11
      14940.0  3.48056e-11
      14950.0  3.51671e-11
      14960.0  3.55554e-11
      14970.0  3.59712e-11
      14980.0  3.64150e-11
      14990.0  3.68871e-11
      15000.0  3.73872e-11
      15010.0  3.79150e-11
      15020.0  3.84698e-11
      15030.0  3.90503e-11
      15040.0  3.96555e-11
      15050.0  4.02839e-11
      15060.0  4.09338e-11
      15070.0  4.16036e-11
      15080.0  4.22915e-11
      15090.0  4.29958e-11
      15100.0  4.37146e-11
      15110.0  4.44465e-11
      15120.0  4.51898e-11
      15130.0  4.59432e-11
      15140.0  4.67054e-11
      15150.0  4.74753e-11
      15160.0  4.82519e-11
      15170.0  4.90344e-11
      15180.0  4.98221e-11
      15190.0  5.06145e-11
      15200.0  5.14109e-11
      15210.0  5.22109e-11
      15220.0  5.30142e-11
      15230.0  5.38200e-11
      15240.0  5.46280e-11
      15250.0  5.54376e-11
      15260.0  5.62479e-11
      15270.0  5.70581e-11
      15280.0  5.78673e-11
      15290.0  5.86742e-11
      15300.0  5.94775e-11
      15310.0  6.02757e-11
      15320.0  6.10672e-11
      15330.0  6.18499e-11
      15340.0  6.26220e-11
      15350.0  6.33814e-11
      15360.0  6.41258e-11
      15370.0  6.48530e-11
      15380.0  6.55607e-11
      15390.0  6.62465e-11
      15400.0  6.69081e-11
      15410.0  6.75434e-11
      15420.0  6.81503e-11
      15430.0  6.87267e-11
      15440.0  6.92709e-11
      15450.0  6.97813e-11
      15460.0  7.02566e-11
      15470.0  7.06957e-11
      15480.0  7.10976e-11
      15490.0  7.14619e-11
      15500.0  7.17881e-11
      15510.0  7.20764e-11
      15520.0  7.23269e-11
      15530.0  7.25400e-11
      15540.0  7.27166e-11
      15550.0  7.28576e-11
      15560.0  7.29640e-11
      15570.0  7.30371e-11
      15580.0  7.30783e-11
      15590.0  7.30892e-11
      15600.0  7.30714e-11
      15610.0  7.30264e-11
      15620.0  7.29559e-11
      15630.0  7.28616e-11
      15640.0  7.27452e-11
      15650.0  7.26083e-11
      15660.0  7.24524e-11
      15670.0  7.22793e-11
      15680.0  7.20904e-11
      15690.0  7.18871e-11
      15700.0  7.16709e-11
      15710.0  7.14432e-11
      15720.0  7.12053e-11
      15730.0  7.09586e-11
      15740.0  7.07042e-11
      15750.0  7.04436e-11
      15760.0  7.01777e-11
      15770.0  6.99080e-11
      15780.0  6.96353e-11
      15790.0  6.93609e-11
      15800.0  6.90858e-11
      15810.0  6.88109e-11
      15820.0  6.85372e-11
      15830.0  6.82654e-11
      15840.0  6.79964e-11
      15850.0  6.77309e-11
      15860.0  6.74692e-11
      15870.0  6.72120e-11
      15880.0  6.69595e-11
      15890.0  6.67119e-11
      15900.0  6.64693e-11
      15910.0  6.62318e-11
      15920.0  6.59991e-11
      15930.0  6.57712e-11
      15940.0  6.55476e-11
      15950.0  6.53279e-11
      15960.0  6.51119e-11
      15970.0  6.48988e-11
      15980.0  6.46883e-11
      15990.0  6.44797e-11
      16000.0  6.42727e-11
      16010.0  6.40667e-11
      16020.0  6.38612e-11
      16030.0  6.36559e-11
      16040.0  6.34505e-11
      16050.0  6.32447e-11
      16060.0  6.30385e-11
      16070.0  6.28317e-11
      16080.0  6.26245e-11
      16090.0  6.24169e-11
      16100.0  6.22092e-11
      16110.0  6.20017e-11
      16120.0  6.17946e-11
      16130.0  6.15885e-11
      16140.0  6.13835e-11
      16150.0  6.11802e-11
      16160.0  6.09788e-11
      16170.0  6.07796e-11
      16180.0  6.05829e-11
      16190.0  6.03889e-11
      16200.0  6.01975e-11
      16210.0  6.00088e-11
      16220.0  5.98226e-11
      16230.0  5.96386e-11
      16240.0  5.94566e-11
      16250.0  5.92762e-11
      16260.0  5.90967e-11
      16270.0  5.89176e-11
      16280.0  5.87385e-11
      16290.0  5.85585e-11
      16300.0  5.83770e-11
      16310.0  5.81934e-11
      16320.0  5.80070e-11
      16330.0  5.78172e-11
      16340.0  5.76233e-11
      16350.0  5.74249e-11
      16360.0  5.72215e-11
      16370.0  5.70126e-11
      16380.0  5.67979e-11
      16390.0  5.65771e-11
      16400.0  5.63501e-11
      16410.0  5.61166e-11
      16420.0  5.58768e-11
      16430.0  5.56306e-11
      16440.0  5.53782e-11
      16450.0  5.51200e-11
      16460.0  5.48563e-11
      16470.0  5.45875e-11
      16480.0  5.43141e-11
      16490.0  5.40370e-11
      16500.0  5.37567e-11
      16510.0  5.34742e-11
      16520.0  5.31904e-11
      16530.0  5.29063e-11
      16540.0  5.26230e-11
      16550.0  5.23416e-11
      16560.0  5.20634e-11
      16570.0  5.17896e-11
      16580.0  5.15214e-11
      16590.0  5.12602e-11
      16600.0  5.10072e-11
      16610.0  5.07638e-11
      16620.0  5.05313e-11
      16630.0  5.03108e-11
      16640.0  5.01036e-11
      16650.0  4.99108e-11
      16660.0  4.97336e-11
      16670.0  4.95728e-11
      16680.0  4.94294e-11
      16690.0  4.93042e-11
      16700.0  4.91980e-11
      16710.0  4.91113e-11
      16720.0  4.90447e-11
      16730.0  4.89987e-11
      16740.0  4.89734e-11
      16750.0  4.89690e-11
      16760.0  4.89857e-11
      16770.0  4.90233e-11
      16780.0  4.90818e-11
      16790.0  4.91608e-11
      16800.0  4.92600e-11
      16810.0  4.93789e-11
      16820.0  4.95169e-11
      16830.0  4.96733e-11
      16840.0  4.98475e-11
      16850.0  5.00385e-11
      16860.0  5.02456e-11
      16870.0  5.04678e-11
      16880.0  5.07040e-11
      16890.0  5.09534e-11
      16900.0  5.12148e-11
      16910.0  5.14872e-11
      16920.0  5.17697e-11
      16930.0  5.20613e-11
      16940.0  5.23609e-11
      16950.0  5.26678e-11
      16960.0  5.29811e-11
      16970.0  5.33000e-11
      16980.0  5.36240e-11
      16990.0  5.39525e-11
      17000.0  5.42850e-11
      17010.0  5.46213e-11
      17020.0  5.49612e-11
      17030.0  5.53046e-11
      17040.0  5.56516e-11
      17050.0  5.60024e-11
      17060.0  5.63574e-11
      17070.0  5.67170e-11
      17080.0  5.70817e-11
      17090.0  5.74522e-11
      17100.0  5.78292e-11
      17110.0  5.82135e-11
      17120.0  5.86058e-11
      17130.0  5.90072e-11
      17140.0  5.94184e-11
      17150.0  5.98403e-11
      17160.0  6.02737e-11
      17170.0  6.07194e-11
      17180.0  6.11782e-11
      17190.0  6.16505e-11
      17200.0  6.21368e-11
      17210.0  6.26376e-11
      17220.0  6.31531e-11
      17230.0  6.36833e-11
      17240.0  6.42280e-11
      17250.0  6.47871e-11
      17260.0  6.53601e-11
      17270.0  6.59463e-11
      17280.0  6.65449e-11
      17290.0  6.71551e-11
      17300.0  6.77756e-11
      17310.0  6.84053e-11
      17320.0  6.90426e-11
      17330.0  6.96863e-11
      17340.0  7.03346e-11
      17350.0  7.09859e-11
      17360.0  7.16385e-11
      17370.0  7.22906e-11
      17380.0  7.29405e-11
      17390.0  7.35864e-11
      17400.0  7.42266e-11
      17410.0  7.48594e-11
      17420.0  7.54832e-11
      17430.0  7.60964e-11
      17440.0  7.66974e-11
      17450.0  7.72850e-11
      17460.0  7.78578e-11
      17470.0  7.84145e-11
      17480.0  7.89542e-11
      17490.0  7.94758e-11
      17500.0  7.99783e-11
      17510.0  8.04611e-11
      17520.0  8.09234e-11
      17530.0  8.13646e-11
      17540.0  8.17843e-11
      17550.0  8.21819e-11
      17560.0  8.25571e-11
      17570.0  8.29096e-11
      17580.0  8.32393e-11
      17590.0  8.35459e-11
      17600.0  8.38294e-11
      17610.0  8.40897e-11
      17620.0  8.43268e-11
      17630.0  8.45408e-11
      17640.0  8.47316e-11
      17650.0  8.48994e-11
      17660.0  8.50442e-11
      17670.0  8.51663e-11
      17680.0  8.52658e-11
      17690.0  8.53427e-11
      17700.0  8.53974e-11
      17710.0  8.54301e-11
      17720.0  8.54408e-11
      17730.0  8.54298e-11
      17740.0  8.53975e-11
      17750.0  8.53439e-11
      17760.0  8.52693e-11
      17770.0  8.51740e-11
      17780.0  8.50582e-11
      17790.0  8.49222e-11
      17800.0  8.47662e-11
      17810.0  8.45906e-11
      17820.0  8.43955e-11
      17830.0  8.41812e-11
      17840.0  8.39481e-11
      17850.0  8.36963e-11
      17860.0  8.34262e-11
      17870.0  8.31379e-11
      17880.0  8.28318e-11
      17890.0  8.25080e-11
      17900.0  8.21669e-11
      17910.0  8.18085e-11
      17920.0  8.14331e-11
      17930.0  8.10409e-11
      17940.0  8.06321e-11
      17950.0  8.02068e-11
      17960.0  7.97652e-11
      17970.0  7.93074e-11
      17980.0  7.88338e-11
      17990.0  7.83444e-11
      18000.0  7.78396e-11
      18010.0  7.73195e-11
      18020.0  7.67845e-11
      18030.0  7.62350e-11
      18040.0  7.56713e-11
      18050.0  7.50940e-11
      18060.0  7.45036e-11
      18070.0  7.39007e-11
      18080.0  7.32861e-11
      18090.0  7.26605e-11
      18100.0  7.20249e-11
      18110.0  7.13801e-11
      18120.0  7.07272e-11
      18130.0  7.00672e-11
      18140.0  6.94012e-11
      18150.0  6.87304e-11
      18160.0  6.80559e-11
      18170.0  6.73788e-11
      18180.0  6.67002e-11
      18190.0  6.60213e-11
      18200.0  6.53428e-11
      18210.0  6.46658e-11
      18220.0  6.39911e-11
      18230.0  6.33193e-11
      18240.0  6.26509e-11
      18250.0  6.19863e-11
      18260.0  6.13257e-11
      18270.0  6.06692e-11
      18280.0  6.00167e-11
      18290.0  5.93679e-11
      18300.0  5.87225e-11
      18310.0  5.80797e-11
      18320.0  5.74390e-11
      18330.0  5.67995e-11
      18340.0  5.61605e-11
      18350.0  5.55208e-11
      18360.0  5.48797e-11
      18370.0  5.42360e-11
      18380.0  5.35889e-11
      18390.0  5.29374e-11
      18400.0  5.22808e-11
      18410.0  5.16182e-11
      18420.0  5.09493e-11
      18430.0  5.02734e-11
      18440.0  4.95904e-11
      18450.0  4.89002e-11
      18460.0  4.82030e-11
      18470.0  4.74992e-11
      18480.0  4.67892e-11
      18490.0  4.60739e-11
      18500.0  4.53543e-11
      18510.0  4.46317e-11
      18520.0  4.39073e-11
      18530.0  4.31828e-11
      18540.0  4.24599e-11
      18550.0  4.17404e-11
      18560.0  4.10265e-11
      18570.0  4.03200e-11
      18580.0  3.96232e-11
      18590.0  3.89383e-11
      18600.0  3.82674e-11
      18610.0  3.76127e-11
      18620.0  3.69763e-11
      18630.0  3.63603e-11
      18640.0  3.57666e-11
      18650.0  3.51970e-11
      18660.0  3.46534e-11
      18670.0  3.41370e-11
      18680.0  3.36494e-11
      18690.0  3.31917e-11
      18700.0  3.27647e-11
      18710.0  3.23692e-11
      18720.0  3.20056e-11
      18730.0  3.16742e-11
      18740.0  3.13749e-11
      18750.0  3.11076e-11
      18760.0  3.08716e-11
      18770.0  3.06663e-11
      18780.0  3.04907e-11
      18790.0  3.03436e-11
      18800.0  3.02238e-11
      18810.0  3.01298e-11
      18820.0  3.00598e-11
      18830.0  3.00120e-11
      18840.0  2.99847e-11
      18850.0  2.99759e-11
      18860.0  2.99834e-11
      18870.0  3.00054e-11
      18880.0  3.00397e-11
      18890.0  3.00843e-11
      18900.0  3.01374e-11
      18910.0  3.01970e-11
      18920.0  3.02613e-11
      18930.0  3.03287e-11
      18940.0  3.03975e-11
      18950.0  3.04665e-11
      18960.0  3.05342e-11
      18970.0  3.05996e-11
      18980.0  3.06618e-11
      18990.0  3.07199e-11
      19000.0  3.07733e-11
      19010.0  3.08216e-11
      19020.0  3.08643e-11
      19030.0  3.09014e-11
      19040.0  3.09328e-11
      19050.0  3.09585e-11
      19060.0  3.09789e-11
      19070.0  3.09942e-11
      19080.0  3.10048e-11
      19090.0  3.10115e-11
      19100.0  3.10146e-11
      19110.0  3.10150e-11
      19120.0  3.10134e-11
      19130.0  3.10106e-11
      19140.0  3.10075e-11
      19150.0  3.10049e-11
      19160.0  3.10037e-11
      19170.0  3.10049e-11
      19180.0  3.10093e-11
      19190.0  3.10179e-11
      19200.0  3.10315e-11
      19210.0  3.10509e-11
      19220.0  3.10769e-11
      19230.0  3.11102e-11
      19240.0  3.11513e-11
      19250.0  3.12010e-11
      19260.0  3.12596e-11
      19270.0  3.13275e-11
      19280.0  3.14048e-11
      19290.0  3.14919e-11
      19300.0  3.15886e-11
      19310.0  3.16949e-11
      19320.0  3.18105e-11
      19330.0  3.19352e-11
      19340.0  3.20685e-11
      19350.0  3.22098e-11
      19360.0  3.23585e-11
      19370.0  3.25140e-11
      19380.0  3.26753e-11
      19390.0  3.28416e-11
      19400.0  3.30120e-11
      19410.0  3.31856e-11
      19420.0  3.33615e-11
      19430.0  3.35385e-11
      19440.0  3.37158e-11
      19450.0  3.38925e-11
      19460.0  3.40676e-11
      19470.0  3.42402e-11
      19480.0  3.44096e-11
      19490.0  3.45750e-11
      19500.0  3.47357e-11
      19510.0  3.48911e-11
      19520.0  3.50407e-11
      19530.0  3.51841e-11
      19540.0  3.53209e-11
      19550.0  3.54508e-11
      19560.0  3.55737e-11
      19570.0  3.56892e-11
      19580.0  3.57975e-11
      19590.0  3.58984e-11
      19600.0  3.59920e-11
      19610.0  3.60784e-11
      19620.0  3.61576e-11
      19630.0  3.62297e-11
      19640.0  3.62950e-11
      19650.0  3.63534e-11
      19660.0  3.64051e-11
      19670.0  3.64503e-11
      19680.0  3.64890e-11
      19690.0  3.65212e-11
      19700.0  3.65471e-11
      19710.0  3.65665e-11
      19720.0  3.65794e-11
      19730.0  3.65858e-11
      19740.0  3.65856e-11
      19750.0  3.65784e-11
      19760.0  3.65642e-11
      19770.0  3.65428e-11
      19780.0  3.65137e-11
      19790.0  3.64768e-11
      19800.0  3.64318e-11
      19810.0  3.63782e-11
      19820.0  3.63159e-11
      19830.0  3.62444e-11
      19840.0  3.61635e-11
      19850.0  3.60728e-11
      19860.0  3.59723e-11
      19870.0  3.58615e-11
      19880.0  3.57403e-11
      19890.0  3.56087e-11
      19900.0  3.54665e-11
      19910.0  3.53138e-11
      19920.0  3.51505e-11
      19930.0  3.49769e-11
      19940.0  3.47931e-11
      19950.0  3.45995e-11
      19960.0  3.43963e-11
      19970.0  3.41840e-11
      19980.0  3.39630e-11
      19990.0  3.37340e-11
      20000.0  3.34975e-11
      20010.0  3.32541e-11
      20020.0  3.30047e-11
      20030.0  3.27500e-11
      20040.0  3.24906e-11
      20050.0  3.22275e-11
      20060.0  3.19615e-11
      20070.0  3.16932e-11
      20080.0  3.14237e-11
      20090.0  3.11536e-11
      20100.0  3.08837e-11
      20110.0  3.06148e-11
      20120.0  3.03475e-11
      20130.0  3.00824e-11
      20140.0  2.98203e-11
      20150.0  2.95615e-11
      20160.0  2.93066e-11
      20170.0  2.90559e-11
      20180.0  2.88098e-11
      20190.0  2.85686e-11
      20200.0  2.83323e-11
      20210.0  2.81012e-11
      20220.0  2.78753e-11
      20230.0  2.76545e-11
      20240.0  2.74389e-11
      20250.0  2.72283e-11
      20260.0  2.70225e-11
      20270.0  2.68214e-11
      20280.0  2.66247e-11
      20290.0  2.64321e-11
      20300.0  2.62435e-11
      20310.0  2.60586e-11
      20320.0  2.58770e-11
      20330.0  2.56986e-11
      20340.0  2.55231e-11
      20350.0  2.53502e-11
      20360.0  2.51799e-11
      20370.0  2.50119e-11
      20380.0  2.48462e-11
      20390.0  2.46827e-11
      20400.0  2.45214e-11
      20410.0  2.43622e-11
      20420.0  2.42053e-11
      20430.0  2.40508e-11
      20440.0  2.38988e-11
      20450.0  2.37495e-11
      20460.0  2.36032e-11
      20470.0  2.34600e-11
      20480.0  2.33203e-11
      20490.0  2.31844e-11
      20500.0  2.30526e-11
      20510.0  2.29252e-11
      20520.0  2.28024e-11
      20530.0  2.26847e-11
      20540.0  2.25723e-11
      20550.0  2.24656e-11
      20560.0  2.23646e-11
      20570.0  2.22699e-11
      20580.0  2.21814e-11
      20590.0  2.20995e-11
      20600.0  2.20242e-11
      20610.0  2.19558e-11
      20620.0  2.18943e-11
      20630.0  2.18397e-11
      20640.0  2.17922e-11
      20650.0  2.17517e-11
      20660.0  2.17181e-11
      20670.0  2.16916e-11
      20680.0  2.16718e-11
      20690.0  2.16589e-11
      20700.0  2.16526e-11
      20710.0  2.16528e-11
      20720.0  2.16594e-11
      20730.0  2.16720e-11
      20740.0  2.16907e-11
      20750.0  2.17151e-11
      20760.0  2.17449e-11
      20770.0  2.17799e-11
      20780.0  2.18199e-11
      20790.0  2.18645e-11
      20800.0  2.19134e-11
      20810.0  2.19663e-11
      20820.0  2.20227e-11
      20830.0  2.20823e-11
      20840.0  2.21447e-11
      20850.0  2.22095e-11
      20860.0  2.22762e-11
      20870.0  2.23443e-11
      20880.0  2.24135e-11
      20890.0  2.24831e-11
      20900.0  2.25527e-11
      20910.0  2.26218e-11
      20920.0  2.26899e-11
      20930.0  2.27566e-11
      20940.0  2.28212e-11
      20950.0  2.28835e-11
      20960.0  2.29428e-11
      20970.0  2.29987e-11
      20980.0  2.30510e-11
      20990.0  2.30991e-11
      21000.0  2.31427e-11
      21010.0  2.31815e-11
      21020.0  2.32153e-11
      21030.0  2.32437e-11
      21040.0  2.32666e-11
      21050.0  2.32839e-11
      21060.0  2.32953e-11
      21070.0  2.33009e-11
      21080.0  2.33006e-11
      21090.0  2.32943e-11
      21100.0  2.32821e-11
      21110.0  2.32642e-11
      21120.0  2.32405e-11
      21130.0  2.32111e-11
      21140.0  2.31763e-11
      21150.0  2.31362e-11
      21160.0  2.30909e-11
      21170.0  2.30406e-11
      21180.0  2.29856e-11
      21190.0  2.29261e-11
      21200.0  2.28622e-11
      21210.0  2.27943e-11
      21220.0  2.27224e-11
      21230.0  2.26469e-11
      21240.0  2.25679e-11
      21250.0  2.24857e-11
      21260.0  2.24005e-11
      21270.0  2.23125e-11
      21280.0  2.22220e-11
      21290.0  2.21292e-11
      21300.0  2.20343e-11
      21310.0  2.19376e-11
      21320.0  2.18392e-11
      21330.0  2.17395e-11
      21340.0  2.16386e-11
      21350.0  2.15369e-11
      21360.0  2.14346e-11
      21370.0  2.13320e-11
      21380.0  2.12294e-11
      21390.0  2.11270e-11
      21400.0  2.10253e-11
      21410.0  2.09244e-11
      21420.0  2.08247e-11
      21430.0  2.07265e-11
      21440.0  2.06303e-11
      21450.0  2.05362e-11
      21460.0  2.04447e-11
      21470.0  2.03561e-11
      21480.0  2.02708e-11
      21490.0  2.01890e-11
      21500.0  2.01112e-11
      21510.0  2.00376e-11
      21520.0  1.99685e-11
      21530.0  1.99043e-11
      21540.0  1.98452e-11
      21550.0  1.97916e-11
      21560.0  1.97436e-11
      21570.0  1.97014e-11
      21580.0  1.96653e-11
      21590.0  1.96355e-11
      21600.0  1.96120e-11
      21610.0  1.95950e-11
      21620.0  1.95846e-11
      21630.0  1.95808e-11
      21640.0  1.95835e-11
      21650.0  1.95929e-11
      21660.0  1.96088e-11
      21670.0  1.96311e-11
      21680.0  1.96596e-11
      21690.0  1.96943e-11
      21700.0  1.97349e-11
      21710.0  1.97811e-11
      21720.0  1.98328e-11
      21730.0  1.98895e-11
      21740.0  1.99509e-11
      21750.0  2.00168e-11
      21760.0  2.00866e-11
      21770.0  2.01600e-11
      21780.0  2.02366e-11
      21790.0  2.03160e-11
      21800.0  2.03976e-11
      21810.0  2.04810e-11
      21820.0  2.05658e-11
      21830.0  2.06515e-11
      21840.0  2.07376e-11
      21850.0  2.08237e-11
      21860.0  2.09093e-11
      21870.0  2.09940e-11
      21880.0  2.10775e-11
      21890.0  2.11592e-11
      21900.0  2.12389e-11
      21910.0  2.13163e-11
      21920.0  2.13910e-11
      21930.0  2.14627e-11
      21940.0  2.15312e-11
      21950.0  2.15964e-11
      21960.0  2.16580e-11
      21970.0  2.17158e-11
      21980.0  2.17699e-11
      21990.0  2.18200e-11
      22000.0  2.18662e-11
      22010.0  2.19084e-11
      22020.0  2.19467e-11
      22030.0  2.19811e-11
      22040.0  2.20116e-11
      22050.0  2.20382e-11
      22060.0  2.20612e-11
      22070.0  2.20806e-11
      22080.0  2.20965e-11
      22090.0  2.21090e-11
      22100.0  2.21183e-11
      22110.0  2.21245e-11
      22120.0  2.21277e-11
      22130.0  2.21280e-11
      22140.0  2.21257e-11
      22150.0  2.21208e-11
      22160.0  2.21134e-11
      22170.0  2.21037e-11
      22180.0  2.20917e-11
      22190.0  2.20776e-11
      22200.0  2.20614e-11
      22210.0  2.20432e-11
      22220.0  2.20231e-11
      22230.0  2.20011e-11
      22240.0  2.19772e-11
      22250.0  2.19515e-11
      22260.0  2.19240e-11
      22270.0  2.18946e-11
      22280.0  2.18634e-11
      22290.0  2.18302e-11
      22300.0  2.17952e-11
      22310.0  2.17581e-11
      22320.0  2.17190e-11
      22330.0  2.16778e-11
      22340.0  2.16343e-11
      22350.0  2.15884e-11
      22360.0  2.15402e-11
      22370.0  2.14893e-11
      22380.0  2.14358e-11
      22390.0  2.13795e-11
      22400.0  2.13203e-11
      22410.0  2.12581e-11
      22420.0  2.11927e-11
      22430.0  2.11240e-11
      22440.0  2.10521e-11
      22450.0  2.09767e-11
      22460.0  2.08977e-11
      22470.0  2.08153e-11
      22480.0  2.07292e-11
      22490.0  2.06395e-11
      22500.0  2.05462e-11
      22510.0  2.04493e-11
      22520.0  2.03489e-11
      22530.0  2.02450e-11
      22540.0  2.01378e-11
      22550.0  2.00274e-11
      22560.0  1.99139e-11
      22570.0  1.97976e-11
      22580.0  1.96786e-11
      22590.0  1.95571e-11
      22600.0  1.94336e-11
      22610.0  1.93082e-11
      22620.0  1.91812e-11
      22630.0  1.90530e-11
      22640.0  1.89238e-11
      22650.0  1.87941e-11
      22660.0  1.86643e-11
      22670.0  1.85345e-11
      22680.0  1.84053e-11
      22690.0  1.82769e-11
      22700.0  1.81498e-11
      22710.0  1.80242e-11
      22720.0  1.79005e-11
      22730.0  1.77790e-11
      22740.0  1.76599e-11
      22750.0  1.75436e-11
      22760.0  1.74304e-11
      22770.0  1.73203e-11
      22780.0  1.72136e-11
      22790.0  1.71105e-11
      22800.0  1.70110e-11
      22810.0  1.69154e-11
      22820.0  1.68236e-11
      22830.0  1.67357e-11
      22840.0  1.66518e-11
      22850.0  1.65718e-11
      22860.0  1.64957e-11
      22870.0  1.64234e-11
      22880.0  1.63548e-11
      22890.0  1.62900e-11
      22900.0  1.62286e-11
      22910.0  1.61708e-11
      22920.0  1.61162e-11
      22930.0  1.60648e-11
      22940.0  1.60163e-11
      22950.0  1.59708e-11
      22960.0  1.59279e-11
      22970.0  1.58875e-11
      22980.0  1.58494e-11
      22990.0  1.58134e-11
      23000.0  1.57794e-11
      23010.0  1.57471e-11
      23020.0  1.57162e-11
      23030.0  1.56867e-11
      23040.0  1.56582e-11
      23050.0  1.56305e-11
      23060.0  1.56034e-11
      23070.0  1.55767e-11
      23080.0  1.55499e-11
      23090.0  1.55231e-11
      23100.0  1.54958e-11
      23110.0  1.54679e-11
      23120.0  1.54391e-11
      23130.0  1.54093e-11
      23140.0  1.53783e-11
      23150.0  1.53459e-11
      23160.0  1.53121e-11
      23170.0  1.52767e-11
      23180.0  1.52397e-11
      23190.0  1.52011e-11
      23200.0  1.51609e-11
      23210.0  1.51192e-11
      23220.0  1.50760e-11
      23230.0  1.50316e-11
      23240.0  1.49859e-11
      23250.0  1.49393e-11
      23260.0  1.48919e-11
      23270.0  1.48439e-11
      23280.0  1.47956e-11
      23290.0  1.47470e-11
      23300.0  1.46985e-11
      23310.0  1.46503e-11
      23320.0  1.46025e-11
      23330.0  1.45554e-11
      23340.0  1.45091e-11
      23350.0  1.44637e-11
      23360.0  1.44194e-11
      23370.0  1.43762e-11
      23380.0  1.43342e-11
      23390.0  1.42935e-11
      23400.0  1.42541e-11
      23410.0  1.42160e-11
      23420.0  1.41791e-11
      23430.0  1.41434e-11
      23440.0  1.41089e-11
      23450.0  1.40754e-11
      23460.0  1.40430e-11
      23470.0  1.40114e-11
      23480.0  1.39807e-11
      23490.0  1.39507e-11
      23500.0  1.39213e-11
      23510.0  1.38925e-11
      23520.0  1.38641e-11
      23530.0  1.38361e-11
      23540.0  1.38084e-11
      23550.0  1.37810e-11
      23560.0  1.37537e-11
      23570.0  1.37266e-11
      23580.0  1.36995e-11
      23590.0  1.36725e-11
      23600.0  1.36455e-11
      23610.0  1.36185e-11
      23620.0  1.35914e-11
      23630.0  1.35643e-11
      23640.0  1.35371e-11
      23650.0  1.35099e-11
      23660.0  1.34826e-11
      23670.0  1.34553e-11
      23680.0  1.34279e-11
      23690.0  1.34005e-11
      23700.0  1.33732e-11
      23710.0  1.33459e-11
      23720.0  1.33189e-11
      23730.0  1.32922e-11
      23740.0  1.32658e-11
      23750.0  1.32401e-11
      23760.0  1.32151e-11
      23770.0  1.31911e-11
      23780.0  1.31683e-11
      23790.0  1.31470e-11
      23800.0  1.31276e-11
      23810.0  1.31103e-11
      23820.0  1.30956e-11
      23830.0  1.30837e-11
      23840.0  1.30751e-11
      23850.0  1.30704e-11
      23860.0  1.30700e-11
      23870.0  1.30743e-11
      23880.0  1.30838e-11
      23890.0  1.30989e-11
      23900.0  1.31200e-11
      23910.0  1.31475e-11
      23920.0  1.31816e-11
      23930.0  1.32226e-11
      23940.0  1.32706e-11
      23950.0  1.33258e-11
      23960.0  1.33881e-11
      23970.0  1.34576e-11
      23980.0  1.35341e-11
      23990.0  1.36175e-11
      24000.0  1.37073e-11
      24010.0  1.38034e-11
      24020.0  1.39052e-11
      24030.0  1.40125e-11
      24040.0  1.41247e-11
      24050.0  1.42413e-11
      24060.0  1.43619e-11
      24070.0  1.44858e-11
      24080.0  1.46126e-11
      24090.0  1.47419e-11
      24100.0  1.48730e-11
      24110.0  1.50056e-11
      24120.0  1.51393e-11
      24130.0  1.52737e-11
      24140.0  1.54084e-11
      24150.0  1.55431e-11
      24160.0  1.56776e-11
      24170.0  1.58117e-11
      24180.0  1.59451e-11
      24190.0  1.60777e-11
      24200.0  1.62095e-11
      24210.0  1.63402e-11
      24220.0  1.64698e-11
      24230.0  1.65982e-11
      24240.0  1.67255e-11
      24250.0  1.68516e-11
      24260.0  1.69766e-11
      24270.0  1.71004e-11
      24280.0  1.72231e-11
      24290.0  1.73447e-11
      24300.0  1.74654e-11
      24310.0  1.75852e-11
      24320.0  1.77041e-11
      24330.0  1.78224e-11
      24340.0  1.79401e-11
      24350.0  1.80573e-11
      24360.0  1.81743e-11
      24370.0  1.82911e-11
      24380.0  1.84079e-11
      24390.0  1.85249e-11
      24400.0  1.86422e-11
      24410.0  1.87598e-11
      24420.0  1.88781e-11
      24430.0  1.89969e-11
      24440.0  1.91164e-11
      24450.0  1.92365e-11
      24460.0  1.93572e-11
      24470.0  1.94783e-11
      24480.0  1.95997e-11
      24490.0  1.97209e-11
      24500.0  1.98417e-11
      24510.0  1.99616e-11
      24520.0  2.00799e-11
      24530.0  2.01961e-11
      24540.0  2.03094e-11
      24550.0  2.04190e-11
      24560.0  2.05240e-11
      24570.0  2.06237e-11
      24580.0  2.07170e-11
      24590.0  2.08032e-11
      24600.0  2.08815e-11
      24610.0  2.09510e-11
      24620.0  2.10113e-11
      24630.0  2.10618e-11
      24640.0  2.11021e-11
      24650.0  2.11322e-11
      24660.0  2.11519e-11
      24670.0  2.11615e-11
      24680.0  2.11614e-11
      24690.0  2.11520e-11
      24700.0  2.11341e-11
      24710.0  2.11086e-11
      24720.0  2.10762e-11
      24730.0  2.10381e-11
      24740.0  2.09954e-11
      24750.0  2.09492e-11
      24760.0  2.09004e-11
      24770.0  2.08503e-11
      24780.0  2.07997e-11
      24790.0  2.07496e-11
      24800.0  2.07008e-11
      24810.0  2.06539e-11
      24820.0  2.06096e-11
      24830.0  2.05682e-11
      24840.0  2.05300e-11
      24850.0  2.04952e-11
      24860.0  2.04640e-11
      24870.0  2.04361e-11
      24880.0  2.04116e-11
      24890.0  2.03903e-11
      24900.0  2.03719e-11
      24910.0  2.03562e-11
      24920.0  2.03428e-11
      24930.0  2.03316e-11
      24940.0  2.03222e-11
      24950.0  2.03144e-11
      24960.0  2.03080e-11
      24970.0  2.03028e-11
      24980.0  2.02985e-11
      24990.0  2.02950e-11
      25000.0  2.02922e-11
