      1000.00  2.46433e-12
      1010.00  3.04760e-12
      1020.00  3.78120e-12
      1030.00  4.69955e-12
      1040.00  5.84606e-12
      1050.00  7.27182e-12
      1060.00  9.03584e-12
      1070.00  1.12046e-11
      1080.00  1.38514e-11
      1090.00  1.70540e-11
      1100.00  2.08932e-11
      1110.00  2.54490e-11
      1120.00  3.07976e-11
      1130.00  3.70078e-11
      1140.00  4.41374e-11
      1150.00  5.22303e-11
      1160.00  6.13133e-11
      1170.00  7.13946e-11
      1180.00  8.24618e-11
      1190.00  9.44811e-11
      1200.00  1.07397e-10
      1210.00  1.21133e-10
      1220.00  1.35592e-10
      1230.00  1.50660e-10
      1240.00  1.66205e-10
      1250.00  1.82086e-10
      1260.00  1.98150e-10
      1270.00  2.14242e-10
      1280.00  2.30205e-10
      1290.00  2.45885e-10
      1300.00  2.61138e-10
      1310.00  2.75828e-10
      1320.00  2.89836e-10
      1330.00  3.03059e-10
      1340.00  3.15410e-10
      1350.00  3.26826e-10
      1360.00  3.37260e-10
      1370.00  3.46690e-10
      1380.00  3.55112e-10
      1390.00  3.62539e-10
      1400.00  3.69007e-10
      1410.00  3.74563e-10
      1420.00  3.79270e-10
      1430.00  3.83203e-10
      1440.00  3.86444e-10
      1450.00  3.89084e-10
      1460.00  3.91216e-10
      1470.00  3.92933e-10
      1480.00  3.94328e-10
      1490.00  3.95491e-10
      1500.00  3.96506e-10
      1510.00  3.97448e-10
      1520.00  3.98388e-10
      1530.00  3.99386e-10
      1540.00  4.00495e-10
      1550.00  4.01757e-10
      1560.00  4.03209e-10
      1570.00  4.04879e-10
      1580.00  4.06791e-10
      1590.00  4.08961e-10
      1600.00  4.11402e-10
      1610.00  4.14123e-10
      1620.00  4.17131e-10
      1630.00  4.20429e-10
      1640.00  4.24021e-10
      1650.00  4.27907e-10
      1660.00  4.32088e-10
      1670.00  4.36563e-10
      1680.00  4.41333e-10
      1690.00  4.46395e-10
      1700.00  4.51748e-10
      1710.00  4.57390e-10
      1720.00  4.63319e-10
      1730.00  4.69532e-10
      1740.00  4.76026e-10
      1750.00  4.82799e-10
      1760.00  4.89846e-10
      1770.00  4.97163e-10
      1780.00  5.04746e-10
      1790.00  5.12589e-10
      1800.00  5.20687e-10
      1810.00  5.29034e-10
      1820.00  5.37623e-10
      1830.00  5.46446e-10
      1840.00  5.55496e-10
      1850.00  5.64764e-10
      1860.00  5.74241e-10
      1870.00  5.83915e-10
      1880.00  5.93778e-10
      1890.00  6.03816e-10
      1900.00  6.14017e-10
      1910.00  6.24369e-10
      1920.00  6.34858e-10
      1930.00  6.45468e-10
      1940.00  6.56186e-10
      1950.00  6.66994e-10
      1960.00  6.77877e-10
      1970.00  6.88816e-10
      1980.00  6.99793e-10
      1990.00  7.10788e-10
      2000.00  7.21779e-10
      2010.00  7.32739e-10
      2020.00  7.43640e-10
      2030.00  7.54444e-10
      2040.00  7.65107e-10
      2050.00  7.75572e-10
      2060.00  7.85767e-10
      2070.00  7.95603e-10
      2080.00  8.04972e-10
      2090.00  8.13745e-10
      2100.00  8.21775e-10
      2110.00  8.28905e-10
      2120.00  8.34971e-10
      2130.00  8.39826e-10
      2140.00  8.43343e-10
      2150.00  8.45444e-10
      2160.00  8.46110e-10
      2170.00  8.45394e-10
      2180.00  8.43429e-10
      2190.00  8.40422e-10
      2200.00  8.36644e-10
      2210.00  8.32408e-10
      2220.00  8.28042e-10
      2230.00  8.23858e-10
      2240.00  8.20124e-10
      2250.00  8.17038e-10
      2260.00  8.14715e-10
      2270.00  8.13181e-10
      2280.00  8.12376e-10
      2290.00  8.12175e-10
      2300.00  8.12404e-10
      2310.00  8.12875e-10
      2320.00  8.13408e-10
      2330.00  8.13862e-10
      2340.00  8.14156e-10
      2350.00  8.14280e-10
      2360.00  8.14305e-10
      2370.00  8.14373e-10
      2380.00  8.14680e-10
      2390.00  8.15449e-10
      2400.00  8.16899e-10
      2410.00  8.19206e-10
      2420.00  8.22467e-10
      2430.00  8.26675e-10
      2440.00  8.31701e-10
      2450.00  8.37291e-10
      2460.00  8.43087e-10
      2470.00  8.48655e-10
      2480.00  8.53534e-10
      2490.00  8.57291e-10
      2500.00  8.59568e-10
      2510.00  8.60129e-10
      2520.00  8.58889e-10
      2530.00  8.55925e-10
      2540.00  8.51463e-10
      2550.00  8.45849e-10
      2560.00  8.39512e-10
      2570.00  8.32909e-10
      2580.00  8.26484e-10
      2590.00  8.20629e-10
      2600.00  8.15654e-10
      2610.00  8.11773e-10
      2620.00  8.09111e-10
      2630.00  8.07701e-10
      2640.00  8.07509e-10
      2650.00  8.08494e-10
      2660.00  8.13061e-10
      2670.00  8.46213e-10
      2680.00  9.45612e-10
      2690.00  1.09165e-09
      2700.00  1.24418e-09
      2710.00  1.35225e-09
      2720.00  1.39878e-09
      2730.00  1.41043e-09
      2740.00  1.49235e-09
      2750.00  1.64655e-09
      2760.00  1.77349e-09
      2770.00  1.92963e-09
      2780.00  2.20426e-09
      2790.00  2.50311e-09
      2800.00  2.77973e-09
      2810.00  3.11543e-09
      2820.00  3.45437e-09
      2830.00  3.73717e-09
      2840.00  3.94416e-09
      2850.00  4.07278e-09
      2860.00  4.16693e-09
      2870.00  4.24368e-09
      2880.00  4.26513e-09
      2890.00  4.22829e-09
      2900.00  4.23534e-09
      2910.00  4.32453e-09
      2920.00  4.42287e-09
      2930.00  4.52686e-09
      2940.00  4.70084e-09
      2950.00  4.92078e-09
      2960.00  5.06333e-09
      2970.00  5.06151e-09
      2980.00  5.01076e-09
      2990.00  5.06402e-09
      3000.00  5.29779e-09
      3010.00  5.71715e-09
      3020.00  6.23218e-09
      3030.00  6.68616e-09
      3040.00  6.98666e-09
      3050.00  7.15924e-09
      3060.00  7.24501e-09
      3070.00  7.25632e-09
      3080.00  7.19318e-09
      3090.00  7.02564e-09
      3100.00  6.74348e-09
      3110.00  6.38741e-09
      3120.00  5.99752e-09
      3130.00  5.58400e-09
      3140.00  5.17823e-09
      3150.00  4.81309e-09
      3160.00  4.49142e-09
      3170.00  4.23111e-09
      3180.00  4.06454e-09
      3190.00  3.99994e-09
      3200.00  3.97681e-09
      3210.00  3.92552e-09
      3220.00  3.91343e-09
      3230.00  3.95859e-09
      3240.00  4.00090e-09
      3250.00  4.02284e-09
      3260.00  4.06823e-09
      3270.00  4.17537e-09
      3280.00  4.33484e-09
      3290.00  4.52737e-09
      3300.00  4.75285e-09
      3310.00  5.00951e-09
      3320.00  5.27041e-09
      3330.00  5.48944e-09
      3340.00  5.64267e-09
      3350.00  5.75077e-09
      3360.00  5.84236e-09
      3370.00  5.93217e-09
      3380.00  6.04434e-09
      3390.00  6.21085e-09
      3400.00  6.44726e-09
      3410.00  6.74911e-09
      3420.00  7.08296e-09
      3430.00  7.39208e-09
      3440.00  7.62537e-09
      3450.00  7.74128e-09
      3460.00  7.76234e-09
      3470.00  7.76463e-09
      3480.00  7.77385e-09
      3490.00  7.77907e-09
      3500.00  7.77703e-09
      3510.00  7.76488e-09
      3520.00  7.74132e-09
      3530.00  7.70972e-09
      3540.00  7.66683e-09
      3550.00  7.60182e-09
      3560.00  7.50374e-09
      3570.00  7.35810e-09
      3580.00  7.14824e-09
      3590.00  6.84634e-09
      3600.00  6.41149e-09
      3610.00  5.88282e-09
      3620.00  5.38555e-09
      3630.00  4.95347e-09
      3640.00  4.55291e-09
      3650.00  4.17401e-09
      3660.00  3.82511e-09
      3670.00  3.52677e-09
      3680.00  3.30966e-09
      3690.00  3.19643e-09
      3700.00  3.19205e-09
      3710.00  3.29366e-09
      3720.00  3.49398e-09
      3730.00  3.76791e-09
      3740.00  4.06678e-09
      3750.00  4.33209e-09
      3760.00  4.52914e-09
      3770.00  4.67516e-09
      3780.00  4.81425e-09
      3790.00  4.98285e-09
      3800.00  5.20497e-09
      3810.00  5.49300e-09
      3820.00  5.84139e-09
      3830.00  6.22420e-09
      3840.00  6.59747e-09
      3850.00  6.91054e-09
      3860.00  7.15422e-09
      3870.00  7.37199e-09
      3880.00  7.59031e-09
      3890.00  7.80161e-09
      3900.00  7.98564e-09
      3910.00  8.11447e-09
      3920.00  8.16075e-09
      3930.00  8.11190e-09
      3940.00  7.97771e-09
      3950.00  7.78248e-09
      3960.00  7.55763e-09
      3970.00  7.34368e-09
      3980.00  7.18572e-09
      3990.00  7.11449e-09
      4000.00  7.13310e-09
      4010.00  7.22544e-09
      4020.00  7.37151e-09
      4030.00  7.55012e-09
      4040.00  7.73599e-09
      4050.00  7.90106e-09
      4060.00  8.01663e-09
      4070.00  8.05782e-09
      4080.00  8.01468e-09
      4090.00  7.89630e-09
      4100.00  7.72263e-09
      4110.00  7.51381e-09
      4120.00  7.28575e-09
      4130.00  7.05169e-09
      4140.00  6.82142e-09
      4150.00  6.59676e-09
      4160.00  6.37323e-09
      4170.00  6.14777e-09
      4180.00  5.92117e-09
      4190.00  5.69539e-09
      4200.00  5.47321e-09
      4210.00  5.25954e-09
      4220.00  5.06007e-09
      4230.00  4.87780e-09
      4240.00  4.71206e-09
      4250.00  4.56329e-09
      4260.00  4.43595e-09
      4270.00  4.33665e-09
      4280.00  4.27233e-09
      4290.00  4.25091e-09
      4300.00  4.28074e-09
      4310.00  4.36543e-09
      4320.00  4.49781e-09
      4330.00  4.65854e-09
      4340.00  4.81975e-09
      4350.00  4.95151e-09
      4360.00  5.03111e-09
      4370.00  5.05288e-09
      4380.00  5.03148e-09
      4390.00  4.99473e-09
      4400.00  4.97104e-09
      4410.00  4.97993e-09
      4420.00  5.02972e-09
      4430.00  5.11853e-09
      4440.00  5.23571e-09
      4450.00  5.36416e-09
      4460.00  5.48499e-09
      4470.00  5.58279e-09
      4480.00  5.64872e-09
      4490.00  5.68104e-09
      4500.00  5.68369e-09
      4510.00  5.66358e-09
      4520.00  5.62758e-09
      4530.00  5.58082e-09
      4540.00  5.52707e-09
      4550.00  5.46967e-09
      4560.00  5.41076e-09
      4570.00  5.34938e-09
      4580.00  5.28058e-09
      4590.00  5.19647e-09
      4600.00  5.09010e-09
      4610.00  4.96045e-09
      4620.00  4.81468e-09
      4630.00  4.66564e-09
      4640.00  4.52647e-09
      4650.00  4.40598e-09
      4660.00  4.30701e-09
      4670.00  4.22700e-09
      4680.00  4.15974e-09
      4690.00  4.09800e-09
      4700.00  4.03701e-09
      4710.00  3.97662e-09
      4720.00  3.92045e-09
      4730.00  3.87296e-09
      4740.00  3.83687e-09
      4750.00  3.81099e-09
      4760.00  3.78835e-09
      4770.00  3.75692e-09
      4780.00  3.70380e-09
      4790.00  3.62042e-09
      4800.00  3.50618e-09
      4810.00  3.36926e-09
      4820.00  3.22435e-09
      4830.00  3.08820e-09
      4840.00  2.97478e-09
      4850.00  2.89202e-09
      4860.00  2.84103e-09
      4870.00  2.81739e-09
      4880.00  2.81335e-09
      4890.00  2.81960e-09
      4900.00  2.82647e-09
      4910.00  2.82772e-09
      4920.00  2.82600e-09
      4930.00  2.83028e-09
      4940.00  2.84580e-09
      4950.00  2.87090e-09
      4960.00  2.90194e-09
      4970.00  2.93702e-09
      4980.00  2.97621e-09
      4990.00  3.02010e-09
      5000.00  3.06861e-09
      5010.00  3.12097e-09
      5020.00  3.17726e-09
      5030.00  3.23896e-09
      5040.00  3.30722e-09
      5050.00  3.38013e-09
      5060.00  3.45180e-09
      5070.00  3.51467e-09
      5080.00  3.56297e-09
      5090.00  3.59472e-09
      5100.00  3.61169e-09
      5110.00  3.61804e-09
      5120.00  3.61879e-09
      5130.00  3.61818e-09
      5140.00  3.61796e-09
      5150.00  3.61615e-09
      5160.00  3.60717e-09
      5170.00  3.58341e-09
      5180.00  3.53792e-09
      5190.00  3.46673e-09
      5200.00  3.37064e-09
      5210.00  3.25566e-09
      5220.00  3.13173e-09
      5230.00  3.01009e-09
      5240.00  2.90051e-09
      5250.00  2.80951e-09
      5260.00  2.74022e-09
      5270.00  2.69304e-09
      5280.00  2.66649e-09
      5290.00  2.65755e-09
      5300.00  2.66183e-09
      5310.00  2.67398e-09
      5320.00  2.68844e-09
      5330.00  2.70032e-09
      5340.00  2.70563e-09
      5350.00  2.70117e-09
      5360.00  2.68450e-09
      5370.00  2.65434e-09
      5380.00  2.61154e-09
      5390.00  2.55966e-09
      5400.00  2.50408e-09
      5410.00  2.45055e-09
      5420.00  2.40476e-09
      5430.00  2.37261e-09
      5440.00  2.35921e-09
      5450.00  2.36703e-09
      5460.00  2.39487e-09
      5470.00  2.43810e-09
      5480.00  2.48988e-09
      5490.00  2.54274e-09
      5500.00  2.59024e-09
      5510.00  2.62853e-09
      5520.00  2.65681e-09
      5530.00  2.67683e-09
      5540.00  2.69145e-09
      5550.00  2.70335e-09
      5560.00  2.71424e-09
      5570.00  2.72489e-09
      5580.00  2.73539e-09
      5590.00  2.74544e-09
      5600.00  2.75450e-09
      5610.00  2.76179e-09
      5620.00  2.76623e-09
      5630.00  2.76648e-09
      5640.00  2.76106e-09
      5650.00  2.74857e-09
      5660.00  2.72796e-09
      5670.00  2.69873e-09
      5680.00  2.66113e-09
      5690.00  2.61658e-09
      5700.00  2.56782e-09
      5710.00  2.51853e-09
      5720.00  2.47249e-09
      5730.00  2.43262e-09
      5740.00  2.40054e-09
      5750.00  2.37685e-09
      5760.00  2.36144e-09
      5770.00  2.35383e-09
      5780.00  2.35319e-09
      5790.00  2.35854e-09
      5800.00  2.36886e-09
      5810.00  2.38302e-09
      5820.00  2.39975e-09
      5830.00  2.41747e-09
      5840.00  2.43430e-09
      5850.00  2.44823e-09
      5860.00  2.45755e-09
      5870.00  2.46138e-09
      5880.00  2.46018e-09
      5890.00  2.45552e-09
      5900.00  2.44915e-09
      5910.00  2.44174e-09
      5920.00  2.43224e-09
      5930.00  2.41845e-09
      5940.00  2.39828e-09
      5950.00  2.37051e-09
      5960.00  2.33476e-09
      5970.00  2.29088e-09
      5980.00  2.23849e-09
      5990.00  2.17700e-09
      6000.00  2.10596e-09
      6010.00  2.02549e-09
      6020.00  1.93652e-09
      6030.00  1.84091e-09
      6040.00  1.74133e-09
      6050.00  1.64117e-09
      6060.00  1.54427e-09
      6070.00  1.45469e-09
      6080.00  1.37642e-09
      6090.00  1.31303e-09
      6100.00  1.26737e-09
      6110.00  1.24132e-09
      6120.00  1.23564e-09
      6130.00  1.24989e-09
      6140.00  1.28250e-09
      6150.00  1.33091e-09
      6160.00  1.39185e-09
      6170.00  1.46175e-09
      6180.00  1.53710e-09
      6190.00  1.61476e-09
      6200.00  1.69210e-09
      6210.00  1.76695e-09
      6220.00  1.83754e-09
      6230.00  1.90237e-09
      6240.00  1.96016e-09
      6250.00  2.00998e-09
      6260.00  2.05144e-09
      6270.00  2.08478e-09
      6280.00  2.11069e-09
      6290.00  2.12995e-09
      6300.00  2.14333e-09
      6310.00  2.15163e-09
      6320.00  2.15573e-09
      6330.00  2.15638e-09
      6340.00  2.15394e-09
      6350.00  2.14827e-09
      6360.00  2.13895e-09
      6370.00  2.12567e-09
      6380.00  2.10850e-09
      6390.00  2.08796e-09
      6400.00  2.06484e-09
      6410.00  2.04002e-09
      6420.00  2.01436e-09
      6430.00  1.98862e-09
      6440.00  1.96343e-09
      6450.00  1.93922e-09
      6460.00  1.91627e-09
      6470.00  1.89471e-09
      6480.00  1.87457e-09
      6490.00  1.85588e-09
      6500.00  1.83867e-09
      6510.00  1.82296e-09
      6520.00  1.80867e-09
      6530.00  1.79548e-09
      6540.00  1.78276e-09
      6550.00  1.76971e-09
      6560.00  1.75559e-09
      6570.00  1.74001e-09
      6580.00  1.72306e-09
      6590.00  1.70522e-09
      6600.00  1.68709e-09
      6610.00  1.66913e-09
      6620.00  1.65157e-09
      6630.00  1.63442e-09
      6640.00  1.61762e-09
      6650.00  1.60111e-09
      6660.00  1.58496e-09
      6670.00  1.56934e-09
      6680.00  1.55442e-09
      6690.00  1.54033e-09
      6700.00  1.52704e-09
      6710.00  1.51443e-09
      6720.00  1.50238e-09
      6730.00  1.49080e-09
      6740.00  1.47968e-09
      6750.00  1.46901e-09
      6760.00  1.45873e-09
      6770.00  1.44880e-09
      6780.00  1.43912e-09
      6790.00  1.42963e-09
      6800.00  1.42027e-09
      6810.00  1.41098e-09
      6820.00  1.40166e-09
      6830.00  1.39223e-09
      6840.00  1.38267e-09
      6850.00  1.37311e-09
      6860.00  1.36384e-09
      6870.00  1.35525e-09
      6880.00  1.34762e-09
      6890.00  1.34098e-09
      6900.00  1.33510e-09
      6910.00  1.32954e-09
      6920.00  1.32389e-09
      6930.00  1.31786e-09
      6940.00  1.31141e-09
      6950.00  1.30465e-09
      6960.00  1.29783e-09
      6970.00  1.29117e-09
      6980.00  1.28482e-09
      6990.00  1.27885e-09
      7000.00  1.27319e-09
      7010.00  1.26779e-09
      7020.00  1.26259e-09
      7030.00  1.25759e-09
      7040.00  1.25284e-09
      7050.00  1.24842e-09
      7060.00  1.24440e-09
      7070.00  1.24081e-09
      7080.00  1.23755e-09
      7090.00  1.23441e-09
      7100.00  1.23103e-09
      7110.00  1.22702e-09
      7120.00  1.22201e-09
      7130.00  1.21580e-09
      7140.00  1.20830e-09
      7150.00  1.19964e-09
      7160.00  1.19011e-09
      7170.00  1.18015e-09
      7180.00  1.17023e-09
      7190.00  1.16064e-09
      7200.00  1.15144e-09
      7210.00  1.14244e-09
      7220.00  1.13341e-09
      7230.00  1.12424e-09
      7240.00  1.11497e-09
      7250.00  1.10574e-09
      7260.00  1.09672e-09
      7270.00  1.08801e-09
      7280.00  1.07963e-09
      7290.00  1.07152e-09
      7300.00  1.06351e-09
      7310.00  1.05545e-09
      7320.00  1.04717e-09
      7330.00  1.03857e-09
      7340.00  1.02959e-09
      7350.00  1.02018e-09
      7360.00  1.01027e-09
      7370.00  9.99809e-10
      7380.00  9.88773e-10
      7390.00  9.77188e-10
      7400.00  9.65168e-10
      7410.00  9.52917e-10
      7420.00  9.40723e-10
      7430.00  9.28954e-10
      7440.00  9.18034e-10
      7450.00  9.08404e-10
      7460.00  9.00463e-10
      7470.00  8.94505e-10
      7480.00  8.90670e-10
      7490.00  8.88920e-10
      7500.00  8.89061e-10
      7510.00  8.90791e-10
      7520.00  8.93757e-10
      7530.00  8.97600e-10
      7540.00  9.01986e-10
      7550.00  9.06623e-10
      7560.00  9.11287e-10
      7570.00  9.15829e-10
      7580.00  9.20178e-10
      7590.00  9.24316e-10
      7600.00  9.28238e-10
      7610.00  9.31923e-10
      7620.00  9.35336e-10
      7630.00  9.38457e-10
      7640.00  9.41297e-10
      7650.00  9.43889e-10
      7660.00  9.46239e-10
      7670.00  9.48273e-10
      7680.00  9.49839e-10
      7690.00  9.50792e-10
      7700.00  9.51099e-10
      7710.00  9.50876e-10
      7720.00  9.50283e-10
      7730.00  9.49352e-10
      7740.00  9.47900e-10
      7750.00  9.45573e-10
      7760.00  9.41965e-10
      7770.00  9.36728e-10
      7780.00  9.29633e-10
      7790.00  9.20592e-10
      7800.00  9.09667e-10
      7810.00  8.97054e-10
      7820.00  8.83049e-10
      7830.00  8.67989e-10
      7840.00  8.52191e-10
      7850.00  8.35866e-10
      7860.00  8.19036e-10
      7870.00  8.01512e-10
      7880.00  7.83019e-10
      7890.00  7.63526e-10
      7900.00  7.43583e-10
      7910.00  7.24336e-10
      7920.00  7.07096e-10
      7930.00  6.92757e-10
      7940.00  6.81519e-10
      7950.00  6.73067e-10
      7960.00  6.66945e-10
      7970.00  6.62843e-10
      7980.00  6.60661e-10
      7990.00  6.60427e-10
      8000.00  6.62107e-10
      8010.00  6.65417e-10
      8020.00  6.69769e-10
      8030.00  6.74417e-10
      8040.00  6.78724e-10
      8050.00  6.82333e-10
      8060.00  6.85146e-10
      8070.00  6.87181e-10
      8080.00  6.88450e-10
      8090.00  6.88917e-10
      8100.00  6.88524e-10
      8110.00  6.87221e-10
      8120.00  6.84994e-10
      8130.00  6.81879e-10
      8140.00  6.77967e-10
      8150.00  6.73416e-10
      8160.00  6.68453e-10
      8170.00  6.63374e-10
      8180.00  6.58531e-10
      8190.00  6.54294e-10
      8200.00  6.50993e-10
      8210.00  6.48864e-10
      8220.00  6.47998e-10
      8230.00  6.48333e-10
      8240.00  6.49694e-10
      8250.00  6.51831e-10
      8260.00  6.54495e-10
      8270.00  6.57515e-10
      8280.00  6.60830e-10
      8290.00  6.64493e-10
      8300.00  6.68645e-10
      8310.00  6.73462e-10
      8320.00  6.79099e-10
      8330.00  6.85635e-10
      8340.00  6.93061e-10
      8350.00  7.01279e-10
      8360.00  7.10128e-10
      8370.00  7.19403e-10
      8380.00  7.28878e-10
      8390.00  7.38325e-10
      8400.00  7.47540e-10
      8410.00  7.56359e-10
      8420.00  7.64658e-10
      8430.00  7.72347e-10
      8440.00  7.79350e-10
      8450.00  7.85587e-10
      8460.00  7.90975e-10
      8470.00  7.95441e-10
      8480.00  7.98938e-10
      8490.00  8.01465e-10
      8500.00  8.03063e-10
      8510.00  8.03808e-10
      8520.00  8.03800e-10
      8530.00  8.03156e-10
      8540.00  8.01999e-10
      8550.00  8.00460e-10
      8560.00  7.98653e-10
      8570.00  7.96666e-10
      8580.00  7.94542e-10
      8590.00  7.92281e-10
      8600.00  7.89858e-10
      8610.00  7.87230e-10
      8620.00  7.84352e-10
      8630.00  7.81179e-10
      8640.00  7.77668e-10
      8650.00  7.73780e-10
      8660.00  7.69489e-10
      8670.00  7.64785e-10
      8680.00  7.59675e-10
      8690.00  7.54174e-10
      8700.00  7.48299e-10
      8710.00  7.42065e-10
      8720.00  7.35478e-10
      8730.00  7.28537e-10
      8740.00  7.21231e-10
      8750.00  7.13537e-10
      8760.00  7.05416e-10
      8770.00  6.96831e-10
      8780.00  6.87770e-10
      8790.00  6.78272e-10
      8800.00  6.68456e-10
      8810.00  6.58513e-10
      8820.00  6.48700e-10
      8830.00  6.39297e-10
      8840.00  6.30581e-10
      8850.00  6.22793e-10
      8860.00  6.16123e-10
      8870.00  6.10695e-10
      8880.00  6.06565e-10
      8890.00  6.03704e-10
      8900.00  6.01993e-10
      8910.00  6.01216e-10
      8920.00  6.01029e-10
      8930.00  6.01114e-10
      8940.00  6.01205e-10
      8950.00  6.01110e-10
      8960.00  6.00774e-10
      8970.00  6.00262e-10
      8980.00  5.99707e-10
      8990.00  5.99253e-10
      9000.00  5.98997e-10
      9010.00  5.98969e-10
      9020.00  5.99133e-10
      9030.00  5.99427e-10
      9040.00  5.99828e-10
      9050.00  6.00413e-10
      9060.00  6.01379e-10
      9070.00  6.03006e-10
      9080.00  6.05553e-10
      9090.00  6.09136e-10
      9100.00  6.13661e-10
      9110.00  6.18852e-10
      9120.00  6.24343e-10
      9130.00  6.29786e-10
      9140.00  6.34914e-10
      9150.00  6.39551e-10
      9160.00  6.43589e-10
      9170.00  6.46974e-10
      9180.00  6.49705e-10
      9190.00  6.51827e-10
      9200.00  6.53421e-10
      9210.00  6.54565e-10
      9220.00  6.55287e-10
      9230.00  6.55524e-10
      9240.00  6.55103e-10
      9250.00  6.53763e-10
      9260.00  6.51239e-10
      9270.00  6.47384e-10
      9280.00  6.42290e-10
      9290.00  6.36340e-10
      9300.00  6.30132e-10
      9310.00  6.24287e-10
      9320.00  6.19253e-10
      9330.00  6.15186e-10
      9340.00  6.11973e-10
      9350.00  6.09356e-10
      9360.00  6.07052e-10
      9370.00  6.04837e-10
      9380.00  6.02568e-10
      9390.00  6.00169e-10
      9400.00  5.97602e-10
      9410.00  5.94856e-10
      9420.00  5.91929e-10
      9430.00  5.88823e-10
      9440.00  5.85548e-10
      9450.00  5.82114e-10
      9460.00  5.78535e-10
      9470.00  5.74830e-10
      9480.00  5.71017e-10
      9490.00  5.67116e-10
      9500.00  5.63151e-10
      9510.00  5.59144e-10
      9520.00  5.55117e-10
      9530.00  5.51093e-10
      9540.00  5.47091e-10
      9550.00  5.43130e-10
      9560.00  5.39226e-10
      9570.00  5.35393e-10
      9580.00  5.31642e-10
      9590.00  5.27982e-10
      9600.00  5.24416e-10
      9610.00  5.20949e-10
      9620.00  5.17581e-10
      9630.00  5.14310e-10
      9640.00  5.11133e-10
      9650.00  5.08045e-10
      9660.00  5.05040e-10
      9670.00  5.02112e-10
      9680.00  4.99254e-10
      9690.00  4.96460e-10
      9700.00  4.93723e-10
      9710.00  4.91035e-10
      9720.00  4.88392e-10
      9730.00  4.85787e-10
      9740.00  4.83216e-10
      9750.00  4.80673e-10
      9760.00  4.78156e-10
      9770.00  4.75661e-10
      9780.00  4.73187e-10
      9790.00  4.70731e-10
      9800.00  4.68294e-10
      9810.00  4.65876e-10
      9820.00  4.63478e-10
      9830.00  4.61100e-10
      9840.00  4.58747e-10
      9850.00  4.56420e-10
      9860.00  4.54123e-10
      9870.00  4.51859e-10
      9880.00  4.49631e-10
      9890.00  4.47443e-10
      9900.00  4.45297e-10
      9910.00  4.43197e-10
      9920.00  4.41144e-10
      9930.00  4.39140e-10
      9940.00  4.37185e-10
      9950.00  4.35279e-10
      9960.00  4.33421e-10
      9970.00  4.31608e-10
      9980.00  4.29839e-10
      9990.00  4.28110e-10
      10000.0  4.26415e-10
      10010.0  4.24749e-10
      10020.0  4.23105e-10
      10030.0  4.21477e-10
      10040.0  4.19857e-10
      10050.0  4.18237e-10
      10060.0  4.16609e-10
      10070.0  4.14963e-10
      10080.0  4.13293e-10
      10090.0  4.11590e-10
      10100.0  4.09847e-10
      10110.0  4.08058e-10
      10120.0  4.06218e-10
      10130.0  4.04322e-10
      10140.0  4.02369e-10
      10150.0  4.00356e-10
      10160.0  3.98284e-10
      10170.0  3.96154e-10
      10180.0  3.93968e-10
      10190.0  3.91729e-10
      10200.0  3.89441e-10
      10210.0  3.87108e-10
      10220.0  3.84735e-10
      10230.0  3.82327e-10
      10240.0  3.79887e-10
      10250.0  3.77421e-10
      10260.0  3.74933e-10
      10270.0  3.72428e-10
      10280.0  3.69910e-10
      10290.0  3.67384e-10
      10300.0  3.64854e-10
      10310.0  3.62327e-10
      10320.0  3.59807e-10
      10330.0  3.57302e-10
      10340.0  3.54818e-10
      10350.0  3.52365e-10
      10360.0  3.49952e-10
      10370.0  3.47588e-10
      10380.0  3.45284e-10
      10390.0  3.43052e-10
      10400.0  3.40903e-10
      10410.0  3.38848e-10
      10420.0  3.36899e-10
      10430.0  3.35067e-10
      10440.0  3.33362e-10
      10450.0  3.31792e-10
      10460.0  3.30366e-10
      10470.0  3.29090e-10
      10480.0  3.27967e-10
      10490.0  3.26999e-10
      10500.0  3.26187e-10
      10510.0  3.25529e-10
      10520.0  3.25022e-10
      10530.0  3.24658e-10
      10540.0  3.24432e-10
      10550.0  3.24333e-10
      10560.0  3.24351e-10
      10570.0  3.24474e-10
      10580.0  3.24691e-10
      10590.0  3.24987e-10
      10600.0  3.25350e-10
      10610.0  3.25765e-10
      10620.0  3.26221e-10
      10630.0  3.26703e-10
      10640.0  3.27199e-10
      10650.0  3.27699e-10
      10660.0  3.28190e-10
      10670.0  3.28663e-10
      10680.0  3.29111e-10
      10690.0  3.29524e-10
      10700.0  3.29897e-10
      10710.0  3.30224e-10
      10720.0  3.30501e-10
      10730.0  3.30725e-10
      10740.0  3.30895e-10
      10750.0  3.31008e-10
      10760.0  3.31066e-10
      10770.0  3.31069e-10
      10780.0  3.31019e-10
      10790.0  3.30918e-10
      10800.0  3.30768e-10
      10810.0  3.30574e-10
      10820.0  3.30338e-10
      10830.0  3.30064e-10
      10840.0  3.29755e-10
      10850.0  3.29416e-10
      10860.0  3.29049e-10
      10870.0  3.28657e-10
      10880.0  3.28244e-10
      10890.0  3.27810e-10
      10900.0  3.27359e-10
      10910.0  3.26891e-10
      10920.0  3.26409e-10
      10930.0  3.25912e-10
      10940.0  3.25401e-10
      10950.0  3.24877e-10
      10960.0  3.24339e-10
      10970.0  3.23789e-10
      10980.0  3.23225e-10
      10990.0  3.22649e-10
      11000.0  3.22059e-10
      11010.0  3.21455e-10
      11020.0  3.20837e-10
      11030.0  3.20205e-10
      11040.0  3.19559e-10
      11050.0  3.18896e-10
      11060.0  3.18218e-10
      11070.0  3.17523e-10
      11080.0  3.16809e-10
      11090.0  3.16078e-10
      11100.0  3.15326e-10
      11110.0  3.14554e-10
      11120.0  3.13760e-10
      11130.0  3.12945e-10
      11140.0  3.12107e-10
      11150.0  3.11247e-10
      11160.0  3.10365e-10
      11170.0  3.09461e-10
      11180.0  3.08536e-10
      11190.0  3.07592e-10
      11200.0  3.06631e-10
      11210.0  3.05654e-10
      11220.0  3.04664e-10
      11230.0  3.03665e-10
      11240.0  3.02658e-10
      11250.0  3.01649e-10
      11260.0  3.00639e-10
      11270.0  2.99634e-10
      11280.0  2.98636e-10
      11290.0  2.97648e-10
      11300.0  2.96675e-10
      11310.0  2.95718e-10
      11320.0  2.94781e-10
      11330.0  2.93867e-10
      11340.0  2.92975e-10
      11350.0  2.92108e-10
      11360.0  2.91267e-10
      11370.0  2.90450e-10
      11380.0  2.89658e-10
      11390.0  2.88890e-10
      11400.0  2.88144e-10
      11410.0  2.87418e-10
      11420.0  2.86710e-10
      11430.0  2.86016e-10
      11440.0  2.85333e-10
      11450.0  2.84659e-10
      11460.0  2.83990e-10
      11470.0  2.83323e-10
      11480.0  2.82655e-10
      11490.0  2.81982e-10
      11500.0  2.81303e-10
      11510.0  2.80613e-10
      11520.0  2.79913e-10
      11530.0  2.79199e-10
      11540.0  2.78470e-10
      11550.0  2.77726e-10
      11560.0  2.76966e-10
      11570.0  2.76190e-10
      11580.0  2.75398e-10
      11590.0  2.74590e-10
      11600.0  2.73767e-10
      11610.0  2.72930e-10
      11620.0  2.72080e-10
      11630.0  2.71218e-10
      11640.0  2.70346e-10
      11650.0  2.69464e-10
      11660.0  2.68574e-10
      11670.0  2.67677e-10
      11680.0  2.66773e-10
      11690.0  2.65865e-10
      11700.0  2.64952e-10
      11710.0  2.64036e-10
      11720.0  2.63117e-10
      11730.0  2.62195e-10
      11740.0  2.61272e-10
      11750.0  2.60348e-10
      11760.0  2.59422e-10
      11770.0  2.58496e-10
      11780.0  2.57570e-10
      11790.0  2.56644e-10
      11800.0  2.55719e-10
      11810.0  2.54796e-10
      11820.0  2.53874e-10
      11830.0  2.52955e-10
      11840.0  2.52040e-10
      11850.0  2.51130e-10
      11860.0  2.50226e-10
      11870.0  2.49329e-10
      11880.0  2.48441e-10
      11890.0  2.47563e-10
      11900.0  2.46698e-10
      11910.0  2.45847e-10
      11920.0  2.45012e-10
      11930.0  2.44195e-10
      11940.0  2.43398e-10
      11950.0  2.42624e-10
      11960.0  2.41874e-10
      11970.0  2.41151e-10
      11980.0  2.40457e-10
      11990.0  2.39794e-10
      12000.0  2.39163e-10
      12010.0  2.38567e-10
      12020.0  2.38007e-10
      12030.0  2.37485e-10
      12040.0  2.37002e-10
      12050.0  2.36559e-10
      12060.0  2.36156e-10
      12070.0  2.35795e-10
      12080.0  2.35475e-10
      12090.0  2.35196e-10
      12100.0  2.34957e-10
      12110.0  2.34759e-10
      12120.0  2.34598e-10
      12130.0  2.34475e-10
      12140.0  2.34386e-10
      12150.0  2.34330e-10
      12160.0  2.34304e-10
      12170.0  2.34306e-10
      12180.0  2.34332e-10
      12190.0  2.34379e-10
      12200.0  2.34444e-10
      12210.0  2.34523e-10
      12220.0  2.34613e-10
      12230.0  2.34710e-10
      12240.0  2.34811e-10
      12250.0  2.34913e-10
      12260.0  2.35011e-10
      12270.0  2.35103e-10
      12280.0  2.35186e-10
      12290.0  2.35257e-10
      12300.0  2.35314e-10
      12310.0  2.35354e-10
      12320.0  2.35374e-10
      12330.0  2.35374e-10
      12340.0  2.35352e-10
      12350.0  2.35305e-10
      12360.0  2.35234e-10
      12370.0  2.35136e-10
      12380.0  2.35011e-10
      12390.0  2.34859e-10
      12400.0  2.34678e-10
      12410.0  2.34469e-10
      12420.0  2.34230e-10
      12430.0  2.33961e-10
      12440.0  2.33662e-10
      12450.0  2.33332e-10
      12460.0  2.32972e-10
      12470.0  2.32580e-10
      12480.0  2.32157e-10
      12490.0  2.31703e-10
      12500.0  2.31217e-10
      12510.0  2.30699e-10
      12520.0  2.30148e-10
      12530.0  2.29567e-10
      12540.0  2.28953e-10
      12550.0  2.28308e-10
      12560.0  2.27631e-10
      12570.0  2.26924e-10
      12580.0  2.26186e-10
      12590.0  2.25418e-10
      12600.0  2.24622e-10
      12610.0  2.23798e-10
      12620.0  2.22947e-10
      12630.0  2.22070e-10
      12640.0  2.21168e-10
      12650.0  2.20243e-10
      12660.0  2.19297e-10
      12670.0  2.18330e-10
      12680.0  2.17345e-10
      12690.0  2.16343e-10
      12700.0  2.15326e-10
      12710.0  2.14296e-10
      12720.0  2.13254e-10
      12730.0  2.12203e-10
      12740.0  2.11144e-10
      12750.0  2.10079e-10
      12760.0  2.09010e-10
      12770.0  2.07938e-10
      12780.0  2.06866e-10
      12790.0  2.05796e-10
      12800.0  2.04729e-10
      12810.0  2.03666e-10
      12820.0  2.02610e-10
      12830.0  2.01562e-10
      12840.0  2.00525e-10
      12850.0  1.99499e-10
      12860.0  1.98486e-10
      12870.0  1.97489e-10
      12880.0  1.96508e-10
      12890.0  1.95546e-10
      12900.0  1.94605e-10
      12910.0  1.93685e-10
      12920.0  1.92789e-10
      12930.0  1.91918e-10
      12940.0  1.91073e-10
      12950.0  1.90257e-10
      12960.0  1.89469e-10
      12970.0  1.88712e-10
      12980.0  1.87987e-10
      12990.0  1.87293e-10
      13000.0  1.86632e-10
      13010.0  1.86004e-10
      13020.0  1.85409e-10
      13030.0  1.84847e-10
      13040.0  1.84317e-10
      13050.0  1.83819e-10
      13060.0  1.83352e-10
      13070.0  1.82915e-10
      13080.0  1.82506e-10
      13090.0  1.82124e-10
      13100.0  1.81768e-10
      13110.0  1.81435e-10
      13120.0  1.81124e-10
      13130.0  1.80833e-10
      13140.0  1.80561e-10
      13150.0  1.80304e-10
      13160.0  1.80062e-10
      13170.0  1.79833e-10
      13180.0  1.79615e-10
      13190.0  1.79406e-10
      13200.0  1.79206e-10
      13210.0  1.79012e-10
      13220.0  1.78824e-10
      13230.0  1.78640e-10
      13240.0  1.78460e-10
      13250.0  1.78283e-10
      13260.0  1.78108e-10
      13270.0  1.77934e-10
      13280.0  1.77760e-10
      13290.0  1.77586e-10
      13300.0  1.77410e-10
      13310.0  1.77232e-10
      13320.0  1.77051e-10
      13330.0  1.76865e-10
      13340.0  1.76672e-10
      13350.0  1.76473e-10
      13360.0  1.76264e-10
      13370.0  1.76044e-10
      13380.0  1.75812e-10
      13390.0  1.75566e-10
      13400.0  1.75304e-10
      13410.0  1.75025e-10
      13420.0  1.74727e-10
      13430.0  1.74409e-10
      13440.0  1.74069e-10
      13450.0  1.73708e-10
      13460.0  1.73324e-10
      13470.0  1.72918e-10
      13480.0  1.72489e-10
      13490.0  1.72037e-10
      13500.0  1.71565e-10
      13510.0  1.71071e-10
      13520.0  1.70557e-10
      13530.0  1.70026e-10
      13540.0  1.69477e-10
      13550.0  1.68913e-10
      13560.0  1.68335e-10
      13570.0  1.67743e-10
      13580.0  1.67141e-10
      13590.0  1.66529e-10
      13600.0  1.65907e-10
      13610.0  1.65277e-10
      13620.0  1.64639e-10
      13630.0  1.63995e-10
      13640.0  1.63344e-10
      13650.0  1.62686e-10
      13660.0  1.62021e-10
      13670.0  1.61350e-10
      13680.0  1.60672e-10
      13690.0  1.59988e-10
      13700.0  1.59296e-10
      13710.0  1.58596e-10
      13720.0  1.57889e-10
      13730.0  1.57175e-10
      13740.0  1.56453e-10
      13750.0  1.55725e-10
      13760.0  1.54989e-10
      13770.0  1.54246e-10
      13780.0  1.53498e-10
      13790.0  1.52745e-10
      13800.0  1.51988e-10
      13810.0  1.51227e-10
      13820.0  1.50464e-10
      13830.0  1.49700e-10
      13840.0  1.48936e-10
      13850.0  1.48173e-10
      13860.0  1.47412e-10
      13870.0  1.46655e-10
      13880.0  1.45903e-10
      13890.0  1.45158e-10
      13900.0  1.44419e-10
      13910.0  1.43688e-10
      13920.0  1.42967e-10
      13930.0  1.42255e-10
      13940.0  1.41555e-10
      13950.0  1.40866e-10
      13960.0  1.40189e-10
      13970.0  1.39525e-10
      13980.0  1.38875e-10
      13990.0  1.38238e-10
      14000.0  1.37614e-10
      14010.0  1.37004e-10
      14020.0  1.36409e-10
      14030.0  1.35826e-10
      14040.0  1.35257e-10
      14050.0  1.34701e-10
      14060.0  1.34157e-10
      14070.0  1.33626e-10
      14080.0  1.33105e-10
      14090.0  1.32595e-10
      14100.0  1.32094e-10
      14110.0  1.31602e-10
      14120.0  1.31118e-10
      14130.0  1.30641e-10
      14140.0  1.30170e-10
      14150.0  1.29704e-10
      14160.0  1.29242e-10
      14170.0  1.28784e-10
      14180.0  1.28329e-10
      14190.0  1.27876e-10
      14200.0  1.27425e-10
      14210.0  1.26975e-10
      14220.0  1.26526e-10
      14230.0  1.26079e-10
      14240.0  1.25633e-10
      14250.0  1.25188e-10
      14260.0  1.24745e-10
      14270.0  1.24304e-10
      14280.0  1.23866e-10
      14290.0  1.23432e-10
      14300.0  1.23002e-10
      14310.0  1.22576e-10
      14320.0  1.22157e-10
      14330.0  1.21744e-10
      14340.0  1.21339e-10
      14350.0  1.20942e-10
      14360.0  1.20554e-10
      14370.0  1.20176e-10
      14380.0  1.19809e-10
      14390.0  1.19452e-10
      14400.0  1.19107e-10
      14410.0  1.18772e-10
      14420.0  1.18450e-10
      14430.0  1.18138e-10
      14440.0  1.17838e-10
      14450.0  1.17548e-10
      14460.0  1.17268e-10
      14470.0  1.16997e-10
      14480.0  1.16735e-10
      14490.0  1.16481e-10
      14500.0  1.16233e-10
      14510.0  1.15991e-10
      14520.0  1.15754e-10
      14530.0  1.15520e-10
      14540.0  1.15289e-10
      14550.0  1.15060e-10
      14560.0  1.14832e-10
      14570.0  1.14603e-10
      14580.0  1.14374e-10
      14590.0  1.14143e-10
      14600.0  1.13910e-10
      14610.0  1.13675e-10
      14620.0  1.13438e-10
      14630.0  1.13197e-10
      14640.0  1.12953e-10
      14650.0  1.12707e-10
      14660.0  1.12457e-10
      14670.0  1.12205e-10
      14680.0  1.11949e-10
      14690.0  1.11692e-10
      14700.0  1.11432e-10
      14710.0  1.11169e-10
      14720.0  1.10905e-10
      14730.0  1.10640e-10
      14740.0  1.10372e-10
      14750.0  1.10104e-10
      14760.0  1.09833e-10
      14770.0  1.09562e-10
      14780.0  1.09288e-10
      14790.0  1.09014e-10
      14800.0  1.08737e-10
      14810.0  1.08459e-10
      14820.0  1.08178e-10
      14830.0  1.07895e-10
      14840.0  1.07609e-10
      14850.0  1.07321e-10
      14860.0  1.07029e-10
      14870.0  1.06734e-10
      14880.0  1.06435e-10
      14890.0  1.06132e-10
      14900.0  1.05825e-10
      14910.0  1.05514e-10
      14920.0  1.05199e-10
      14930.0  1.04879e-10
      14940.0  1.04555e-10
      14950.0  1.04226e-10
      14960.0  1.03893e-10
      14970.0  1.03556e-10
      14980.0  1.03214e-10
      14990.0  1.02869e-10
      15000.0  1.02519e-10
      15010.0  1.02166e-10
      15020.0  1.01810e-10
      15030.0  1.01450e-10
      15040.0  1.01087e-10
      15050.0  1.00721e-10
      15060.0  1.00353e-10
      15070.0  9.99824e-11
      15080.0  9.96100e-11
      15090.0  9.92357e-11
      15100.0  9.88600e-11
      15110.0  9.84831e-11
      15120.0  9.81051e-11
      15130.0  9.77264e-11
      15140.0  9.73471e-11
      15150.0  9.69674e-11
      15160.0  9.65875e-11
      15170.0  9.62075e-11
      15180.0  9.58276e-11
      15190.0  9.54478e-11
      15200.0  9.50681e-11
      15210.0  9.46887e-11
      15220.0  9.43094e-11
      15230.0  9.39304e-11
      15240.0  9.35516e-11
      15250.0  9.31728e-11
      15260.0  9.27942e-11
      15270.0  9.24156e-11
      15280.0  9.20369e-11
      15290.0  9.16582e-11
      15300.0  9.12793e-11
      15310.0  9.09002e-11
      15320.0  9.05209e-11
      15330.0  9.01414e-11
      15340.0  8.97616e-11
      15350.0  8.93817e-11
      15360.0  8.90015e-11
      15370.0  8.86211e-11
      15380.0  8.82405e-11
      15390.0  8.78599e-11
      15400.0  8.74792e-11
      15410.0  8.70984e-11
      15420.0  8.67177e-11
      15430.0  8.63371e-11
      15440.0  8.59567e-11
      15450.0  8.55765e-11
      15460.0  8.51965e-11
      15470.0  8.48169e-11
      15480.0  8.44377e-11
      15490.0  8.40591e-11
      15500.0  8.36811e-11
      15510.0  8.33038e-11
      15520.0  8.29276e-11
      15530.0  8.25525e-11
      15540.0  8.21787e-11
      15550.0  8.18066e-11
      15560.0  8.14363e-11
      15570.0  8.10681e-11
      15580.0  8.07025e-11
      15590.0  8.03396e-11
      15600.0  7.99798e-11
      15610.0  7.96235e-11
      15620.0  7.92709e-11
      15630.0  7.89224e-11
      15640.0  7.85782e-11
      15650.0  7.82385e-11
      15660.0  7.79036e-11
      15670.0  7.75736e-11
      15680.0  7.72486e-11
      15690.0  7.69286e-11
      15700.0  7.66136e-11
      15710.0  7.63035e-11
      15720.0  7.59983e-11
      15730.0  7.56977e-11
      15740.0  7.54016e-11
      15750.0  7.51098e-11
      15760.0  7.48221e-11
      15770.0  7.45383e-11
      15780.0  7.42582e-11
      15790.0  7.39817e-11
      15800.0  7.37088e-11
      15810.0  7.34393e-11
      15820.0  7.31735e-11
      15830.0  7.29114e-11
      15840.0  7.26534e-11
      15850.0  7.23997e-11
      15860.0  7.21509e-11
      15870.0  7.19074e-11
      15880.0  7.16700e-11
      15890.0  7.14393e-11
      15900.0  7.12163e-11
      15910.0  7.10016e-11
      15920.0  7.07963e-11
      15930.0  7.06012e-11
      15940.0  7.04174e-11
      15950.0  7.02457e-11
      15960.0  7.00870e-11
      15970.0  6.99421e-11
      15980.0  6.98119e-11
      15990.0  6.96970e-11
      16000.0  6.95980e-11
      16010.0  6.95153e-11
      16020.0  6.94494e-11
      16030.0  6.94005e-11
      16040.0  6.93685e-11
      16050.0  6.93537e-11
      16060.0  6.93557e-11
      16070.0  6.93743e-11
      16080.0  6.94091e-11
      16090.0  6.94597e-11
      16100.0  6.95254e-11
      16110.0  6.96056e-11
      16120.0  6.96997e-11
      16130.0  6.98067e-11
      16140.0  6.99259e-11
      16150.0  7.00565e-11
      16160.0  7.01975e-11
      16170.0  7.03482e-11
      16180.0  7.05077e-11
      16190.0  7.06750e-11
      16200.0  7.08495e-11
      16210.0  7.10304e-11
      16220.0  7.12168e-11
      16230.0  7.14080e-11
      16240.0  7.16034e-11
      16250.0  7.18024e-11
      16260.0  7.20042e-11
      16270.0  7.22084e-11
      16280.0  7.24144e-11
      16290.0  7.26218e-11
      16300.0  7.28300e-11
      16310.0  7.30386e-11
      16320.0  7.32472e-11
      16330.0  7.34555e-11
      16340.0  7.36630e-11
      16350.0  7.38695e-11
      16360.0  7.40746e-11
      16370.0  7.42781e-11
      16380.0  7.44796e-11
      16390.0  7.46789e-11
      16400.0  7.48758e-11
      16410.0  7.50699e-11
      16420.0  7.52611e-11
      16430.0  7.54490e-11
      16440.0  7.56337e-11
      16450.0  7.58146e-11
      16460.0  7.59917e-11
      16470.0  7.61648e-11
      16480.0  7.63335e-11
      16490.0  7.64977e-11
      16500.0  7.66571e-11
      16510.0  7.68115e-11
      16520.0  7.69605e-11
      16530.0  7.71040e-11
      16540.0  7.72415e-11
      16550.0  7.73729e-11
      16560.0  7.74977e-11
      16570.0  7.76158e-11
      16580.0  7.77266e-11
      16590.0  7.78300e-11
      16600.0  7.79256e-11
      16610.0  7.80131e-11
      16620.0  7.80922e-11
      16630.0  7.81625e-11
      16640.0  7.82238e-11
      16650.0  7.82759e-11
      16660.0  7.83187e-11
      16670.0  7.83518e-11
      16680.0  7.83753e-11
      16690.0  7.83892e-11
      16700.0  7.83933e-11
      16710.0  7.83879e-11
      16720.0  7.83731e-11
      16730.0  7.83491e-11
      16740.0  7.83162e-11
      16750.0  7.82748e-11
      16760.0  7.82253e-11
      16770.0  7.81681e-11
      16780.0  7.81038e-11
      16790.0  7.80329e-11
      16800.0  7.79561e-11
      16810.0  7.78740e-11
      16820.0  7.77871e-11
      16830.0  7.76961e-11
      16840.0  7.76015e-11
      16850.0  7.75039e-11
      16860.0  7.74039e-11
      16870.0  7.73018e-11
      16880.0  7.71981e-11
      16890.0  7.70930e-11
      16900.0  7.69869e-11
      16910.0  7.68798e-11
      16920.0  7.67720e-11
      16930.0  7.66633e-11
      16940.0  7.65538e-11
      16950.0  7.64432e-11
      16960.0  7.63315e-11
      16970.0  7.62182e-11
      16980.0  7.61032e-11
      16990.0  7.59861e-11
      17000.0  7.58666e-11
      17010.0  7.57443e-11
      17020.0  7.56190e-11
      17030.0  7.54903e-11
      17040.0  7.53579e-11
      17050.0  7.52217e-11
      17060.0  7.50815e-11
      17070.0  7.49373e-11
      17080.0  7.47890e-11
      17090.0  7.46368e-11
      17100.0  7.44808e-11
      17110.0  7.43213e-11
      17120.0  7.41587e-11
      17130.0  7.39934e-11
      17140.0  7.38259e-11
      17150.0  7.36568e-11
      17160.0  7.34868e-11
      17170.0  7.33164e-11
      17180.0  7.31465e-11
      17190.0  7.29777e-11
      17200.0  7.28108e-11
      17210.0  7.26465e-11
      17220.0  7.24854e-11
      17230.0  7.23282e-11
      17240.0  7.21755e-11
      17250.0  7.20277e-11
      17260.0  7.18853e-11
      17270.0  7.17486e-11
      17280.0  7.16179e-11
      17290.0  7.14934e-11
      17300.0  7.13750e-11
      17310.0  7.12628e-11
      17320.0  7.11566e-11
      17330.0  7.10563e-11
      17340.0  7.09616e-11
      17350.0  7.08721e-11
      17360.0  7.07875e-11
      17370.0  7.07073e-11
      17380.0  7.06311e-11
      17390.0  7.05586e-11
      17400.0  7.04892e-11
      17410.0  7.04225e-11
      17420.0  7.03581e-11
      17430.0  7.02956e-11
      17440.0  7.02348e-11
      17450.0  7.01754e-11
      17460.0  7.01171e-11
      17470.0  7.00599e-11
      17480.0  7.00035e-11
      17490.0  6.99480e-11
      17500.0  6.98934e-11
      17510.0  6.98396e-11
      17520.0  6.97867e-11
      17530.0  6.97348e-11
      17540.0  6.96839e-11
      17550.0  6.96342e-11
      17560.0  6.95856e-11
      17570.0  6.95383e-11
      17580.0  6.94921e-11
      17590.0  6.94470e-11
      17600.0  6.94029e-11
      17610.0  6.93596e-11
      17620.0  6.93168e-11
      17630.0  6.92743e-11
      17640.0  6.92317e-11
      17650.0  6.91885e-11
      17660.0  6.91443e-11
      17670.0  6.90986e-11
      17680.0  6.90508e-11
      17690.0  6.90004e-11
      17700.0  6.89468e-11
      17710.0  6.88896e-11
      17720.0  6.88282e-11
      17730.0  6.87622e-11
      17740.0  6.86912e-11
      17750.0  6.86149e-11
      17760.0  6.85332e-11
      17770.0  6.84458e-11
      17780.0  6.83528e-11
      17790.0  6.82544e-11
      17800.0  6.81507e-11
      17810.0  6.80421e-11
      17820.0  6.79291e-11
      17830.0  6.78124e-11
      17840.0  6.76925e-11
      17850.0  6.75702e-11
      17860.0  6.74465e-11
      17870.0  6.73222e-11
      17880.0  6.71982e-11
      17890.0  6.70757e-11
      17900.0  6.69555e-11
      17910.0  6.68387e-11
      17920.0  6.67262e-11
      17930.0  6.66189e-11
      17940.0  6.65176e-11
      17950.0  6.64231e-11
      17960.0  6.63360e-11
      17970.0  6.62568e-11
      17980.0  6.61860e-11
      17990.0  6.61237e-11
      18000.0  6.60702e-11
      18010.0  6.60254e-11
      18020.0  6.59891e-11
      18030.0  6.59612e-11
      18040.0  6.59410e-11
      18050.0  6.59281e-11
      18060.0  6.59218e-11
      18070.0  6.59214e-11
      18080.0  6.59259e-11
      18090.0  6.59344e-11
      18100.0  6.59460e-11
      18110.0  6.59597e-11
      18120.0  6.59743e-11
      18130.0  6.59888e-11
      18140.0  6.60022e-11
      18150.0  6.60135e-11
      18160.0  6.60218e-11
      18170.0  6.60262e-11
      18180.0  6.60259e-11
      18190.0  6.60203e-11
      18200.0  6.60086e-11
      18210.0  6.59905e-11
      18220.0  6.59656e-11
      18230.0  6.59338e-11
      18240.0  6.58947e-11
      18250.0  6.58487e-11
      18260.0  6.57956e-11
      18270.0  6.57360e-11
      18280.0  6.56700e-11
      18290.0  6.55982e-11
      18300.0  6.55210e-11
      18310.0  6.54393e-11
      18320.0  6.53535e-11
      18330.0  6.52644e-11
      18340.0  6.51727e-11
      18350.0  6.50791e-11
      18360.0  6.49844e-11
      18370.0  6.48891e-11
      18380.0  6.47939e-11
      18390.0  6.46994e-11
      18400.0  6.46059e-11
      18410.0  6.45139e-11
      18420.0  6.44237e-11
      18430.0  6.43353e-11
      18440.0  6.42489e-11
      18450.0  6.41643e-11
      18460.0  6.40816e-11
      18470.0  6.40002e-11
      18480.0  6.39200e-11
      18490.0  6.38404e-11
      18500.0  6.37610e-11
      18510.0  6.36810e-11
      18520.0  6.36000e-11
      18530.0  6.35172e-11
      18540.0  6.34319e-11
      18550.0  6.33434e-11
      18560.0  6.32511e-11
      18570.0  6.31543e-11
      18580.0  6.30524e-11
      18590.0  6.29448e-11
      18600.0  6.28311e-11
      18610.0  6.27109e-11
      18620.0  6.25839e-11
      18630.0  6.24498e-11
      18640.0  6.23085e-11
      18650.0  6.21600e-11
      18660.0  6.20042e-11
      18670.0  6.18414e-11
      18680.0  6.16718e-11
      18690.0  6.14956e-11
      18700.0  6.13132e-11
      18710.0  6.11251e-11
      18720.0  6.09316e-11
      18730.0  6.07333e-11
      18740.0  6.05306e-11
      18750.0  6.03242e-11
      18760.0  6.01144e-11
      18770.0  5.99020e-11
      18780.0  5.96873e-11
      18790.0  5.94709e-11
      18800.0  5.92531e-11
      18810.0  5.90345e-11
      18820.0  5.88154e-11
      18830.0  5.85962e-11
      18840.0  5.83771e-11
      18850.0  5.81585e-11
      18860.0  5.79404e-11
      18870.0  5.77232e-11
      18880.0  5.75070e-11
      18890.0  5.72919e-11
      18900.0  5.70779e-11
      18910.0  5.68652e-11
      18920.0  5.66537e-11
      18930.0  5.64435e-11
      18940.0  5.62346e-11
      18950.0  5.60271e-11
      18960.0  5.58207e-11
      18970.0  5.56157e-11
      18980.0  5.54119e-11
      18990.0  5.52093e-11
      19000.0  5.50079e-11
      19010.0  5.48078e-11
      19020.0  5.46088e-11
      19030.0  5.44110e-11
      19040.0  5.42143e-11
      19050.0  5.40189e-11
      19060.0  5.38247e-11
      19070.0  5.36316e-11
      19080.0  5.34399e-11
      19090.0  5.32493e-11
      19100.0  5.30601e-11
      19110.0  5.28721e-11
      19120.0  5.26855e-11
      19130.0  5.25003e-11
      19140.0  5.23164e-11
      19150.0  5.21340e-11
      19160.0  5.19530e-11
      19170.0  5.17735e-11
      19180.0  5.15955e-11
      19190.0  5.14190e-11
      19200.0  5.12441e-11
      19210.0  5.10707e-11
      19220.0  5.08990e-11
      19230.0  5.07289e-11
      19240.0  5.05604e-11
      19250.0  5.03936e-11
      19260.0  5.02286e-11
      19270.0  5.00653e-11
      19280.0  4.99037e-11
      19290.0  4.97440e-11
      19300.0  4.95861e-11
      19310.0  4.94301e-11
      19320.0  4.92761e-11
      19330.0  4.91239e-11
      19340.0  4.89738e-11
      19350.0  4.88256e-11
      19360.0  4.86794e-11
      19370.0  4.85353e-11
      19380.0  4.83932e-11
      19390.0  4.82531e-11
      19400.0  4.81150e-11
      19410.0  4.79789e-11
      19420.0  4.78446e-11
      19430.0  4.77122e-11
      19440.0  4.75815e-11
      19450.0  4.74525e-11
      19460.0  4.73251e-11
      19470.0  4.71990e-11
      19480.0  4.70742e-11
      19490.0  4.69506e-11
      19500.0  4.68278e-11
      19510.0  4.67059e-11
      19520.0  4.65845e-11
      19530.0  4.64635e-11
      19540.0  4.63428e-11
      19550.0  4.62221e-11
      19560.0  4.61013e-11
      19570.0  4.59802e-11
      19580.0  4.58587e-11
      19590.0  4.57365e-11
      19600.0  4.56137e-11
      19610.0  4.54901e-11
      19620.0  4.53656e-11
      19630.0  4.52402e-11
      19640.0  4.51138e-11
      19650.0  4.49865e-11
      19660.0  4.48582e-11
      19670.0  4.47290e-11
      19680.0  4.45991e-11
      19690.0  4.44684e-11
      19700.0  4.43371e-11
      19710.0  4.42053e-11
      19720.0  4.40733e-11
      19730.0  4.39411e-11
      19740.0  4.38090e-11
      19750.0  4.36772e-11
      19760.0  4.35458e-11
      19770.0  4.34152e-11
      19780.0  4.32855e-11
      19790.0  4.31570e-11
      19800.0  4.30299e-11
      19810.0  4.29044e-11
      19820.0  4.27807e-11
      19830.0  4.26590e-11
      19840.0  4.25396e-11
      19850.0  4.24226e-11
      19860.0  4.23081e-11
      19870.0  4.21964e-11
      19880.0  4.20876e-11
      19890.0  4.19818e-11
      19900.0  4.18791e-11
      19910.0  4.17796e-11
      19920.0  4.16834e-11
      19930.0  4.15905e-11
      19940.0  4.15009e-11
      19950.0  4.14147e-11
      19960.0  4.13318e-11
      19970.0  4.12523e-11
      19980.0  4.11761e-11
      19990.0  4.11031e-11
      20000.0  4.10334e-11
      20010.0  4.09669e-11
      20020.0  4.09034e-11
      20030.0  4.08428e-11
      20040.0  4.07852e-11
      20050.0  4.07304e-11
      20060.0  4.06783e-11
      20070.0  4.06288e-11
      20080.0  4.05818e-11
      20090.0  4.05372e-11
      20100.0  4.04949e-11
      20110.0  4.04548e-11
      20120.0  4.04168e-11
      20130.0  4.03808e-11
      20140.0  4.03466e-11
      20150.0  4.03142e-11
      20160.0  4.02835e-11
      20170.0  4.02543e-11
      20180.0  4.02266e-11
      20190.0  4.02003e-11
      20200.0  4.01751e-11
      20210.0  4.01511e-11
      20220.0  4.01280e-11
      20230.0  4.01059e-11
      20240.0  4.00845e-11
      20250.0  4.00638e-11
      20260.0  4.00436e-11
      20270.0  4.00238e-11
      20280.0  4.00042e-11
      20290.0  3.99849e-11
      20300.0  3.99655e-11
      20310.0  3.99461e-11
      20320.0  3.99265e-11
      20330.0  3.99066e-11
      20340.0  3.98864e-11
      20350.0  3.98657e-11
      20360.0  3.98444e-11
      20370.0  3.98226e-11
      20380.0  3.98000e-11
      20390.0  3.97769e-11
      20400.0  3.97530e-11
      20410.0  3.97284e-11
      20420.0  3.97032e-11
      20430.0  3.96773e-11
      20440.0  3.96509e-11
      20450.0  3.96239e-11
      20460.0  3.95965e-11
      20470.0  3.95687e-11
      20480.0  3.95407e-11
      20490.0  3.95126e-11
      20500.0  3.94845e-11
      20510.0  3.94566e-11
      20520.0  3.94290e-11
      20530.0  3.94019e-11
      20540.0  3.93754e-11
      20550.0  3.93496e-11
      20560.0  3.93247e-11
      20570.0  3.93008e-11
      20580.0  3.92780e-11
      20590.0  3.92565e-11
      20600.0  3.92363e-11
      20610.0  3.92176e-11
      20620.0  3.92003e-11
      20630.0  3.91844e-11
      20640.0  3.91701e-11
      20650.0  3.91573e-11
      20660.0  3.91460e-11
      20670.0  3.91361e-11
      20680.0  3.91275e-11
      20690.0  3.91201e-11
      20700.0  3.91138e-11
      20710.0  3.91086e-11
      20720.0  3.91041e-11
      20730.0  3.91003e-11
      20740.0  3.90969e-11
      20750.0  3.90938e-11
      20760.0  3.90907e-11
      20770.0  3.90875e-11
      20780.0  3.90839e-11
      20790.0  3.90797e-11
      20800.0  3.90747e-11
      20810.0  3.90687e-11
      20820.0  3.90614e-11
      20830.0  3.90528e-11
      20840.0  3.90425e-11
      20850.0  3.90305e-11
      20860.0  3.90165e-11
      20870.0  3.90005e-11
      20880.0  3.89823e-11
      20890.0  3.89618e-11
      20900.0  3.89390e-11
      20910.0  3.89137e-11
      20920.0  3.88860e-11
      20930.0  3.88558e-11
      20940.0  3.88230e-11
      20950.0  3.87878e-11
      20960.0  3.87501e-11
      20970.0  3.87100e-11
      20980.0  3.86675e-11
      20990.0  3.86228e-11
      21000.0  3.85758e-11
      21010.0  3.85267e-11
      21020.0  3.84757e-11
      21030.0  3.84227e-11
      21040.0  3.83678e-11
      21050.0  3.83113e-11
      21060.0  3.82533e-11
      21070.0  3.81937e-11
      21080.0  3.81327e-11
      21090.0  3.80705e-11
      21100.0  3.80071e-11
      21110.0  3.79426e-11
      21120.0  3.78771e-11
      21130.0  3.78107e-11
      21140.0  3.77433e-11
      21150.0  3.76752e-11
      21160.0  3.76062e-11
      21170.0  3.75365e-11
      21180.0  3.74660e-11
      21190.0  3.73948e-11
      21200.0  3.73229e-11
      21210.0  3.72502e-11
      21220.0  3.71768e-11
      21230.0  3.71026e-11
      21240.0  3.70275e-11
      21250.0  3.69517e-11
      21260.0  3.68750e-11
      21270.0  3.67973e-11
      21280.0  3.67187e-11
      21290.0  3.66391e-11
      21300.0  3.65584e-11
      21310.0  3.64766e-11
      21320.0  3.63937e-11
      21330.0  3.63096e-11
      21340.0  3.62243e-11
      21350.0  3.61378e-11
      21360.0  3.60499e-11
      21370.0  3.59608e-11
      21380.0  3.58703e-11
      21390.0  3.57786e-11
      21400.0  3.56854e-11
      21410.0  3.55910e-11
      21420.0  3.54952e-11
      21430.0  3.53981e-11
      21440.0  3.52997e-11
      21450.0  3.52000e-11
      21460.0  3.50990e-11
      21470.0  3.49969e-11
      21480.0  3.48936e-11
      21490.0  3.47891e-11
      21500.0  3.46836e-11
      21510.0  3.45770e-11
      21520.0  3.44694e-11
      21530.0  3.43609e-11
      21540.0  3.42515e-11
      21550.0  3.41412e-11
      21560.0  3.40302e-11
      21570.0  3.39184e-11
      21580.0  3.38059e-11
      21590.0  3.36928e-11
      21600.0  3.35791e-11
      21610.0  3.34648e-11
      21620.0  3.33499e-11
      21630.0  3.32346e-11
      21640.0  3.31188e-11
      21650.0  3.30025e-11
      21660.0  3.28858e-11
      21670.0  3.27687e-11
      21680.0  3.26512e-11
      21690.0  3.25333e-11
      21700.0  3.24151e-11
      21710.0  3.22965e-11
      21720.0  3.21776e-11
      21730.0  3.20584e-11
      21740.0  3.19390e-11
      21750.0  3.18192e-11
      21760.0  3.16991e-11
      21770.0  3.15789e-11
      21780.0  3.14584e-11
      21790.0  3.13378e-11
      21800.0  3.12170e-11
      21810.0  3.10961e-11
      21820.0  3.09752e-11
      21830.0  3.08542e-11
      21840.0  3.07333e-11
      21850.0  3.06125e-11
      21860.0  3.04919e-11
      21870.0  3.03714e-11
      21880.0  3.02513e-11
      21890.0  3.01315e-11
      21900.0  3.00121e-11
      21910.0  2.98933e-11
      21920.0  2.97750e-11
      21930.0  2.96573e-11
      21940.0  2.95404e-11
      21950.0  2.94242e-11
      21960.0  2.93089e-11
      21970.0  2.91945e-11
      21980.0  2.90811e-11
      21990.0  2.89687e-11
      22000.0  2.88575e-11
      22010.0  2.87474e-11
      22020.0  2.86385e-11
      22030.0  2.85309e-11
      22040.0  2.84245e-11
      22050.0  2.83195e-11
      22060.0  2.82158e-11
      22070.0  2.81134e-11
      22080.0  2.80125e-11
      22090.0  2.79129e-11
      22100.0  2.78147e-11
      22110.0  2.77179e-11
      22120.0  2.76225e-11
      22130.0  2.75284e-11
      22140.0  2.74357e-11
      22150.0  2.73442e-11
      22160.0  2.72540e-11
      22170.0  2.71650e-11
      22180.0  2.70771e-11
      22190.0  2.69904e-11
      22200.0  2.69048e-11
      22210.0  2.68201e-11
      22220.0  2.67364e-11
      22230.0  2.66535e-11
      22240.0  2.65714e-11
      22250.0  2.64901e-11
      22260.0  2.64094e-11
      22270.0  2.63293e-11
      22280.0  2.62497e-11
      22290.0  2.61706e-11
      22300.0  2.60919e-11
      22310.0  2.60135e-11
      22320.0  2.59354e-11
      22330.0  2.58576e-11
      22340.0  2.57800e-11
      22350.0  2.57026e-11
      22360.0  2.56253e-11
      22370.0  2.55481e-11
      22380.0  2.54711e-11
      22390.0  2.53942e-11
      22400.0  2.53174e-11
      22410.0  2.52407e-11
      22420.0  2.51642e-11
      22430.0  2.50879e-11
      22440.0  2.50119e-11
      22450.0  2.49361e-11
      22460.0  2.48606e-11
      22470.0  2.47854e-11
      22480.0  2.47106e-11
      22490.0  2.46363e-11
      22500.0  2.45625e-11
      22510.0  2.44893e-11
      22520.0  2.44167e-11
      22530.0  2.43447e-11
      22540.0  2.42734e-11
      22550.0  2.42028e-11
      22560.0  2.41330e-11
      22570.0  2.40640e-11
      22580.0  2.39958e-11
      22590.0  2.39284e-11
      22600.0  2.38619e-11
      22610.0  2.37962e-11
      22620.0  2.37313e-11
      22630.0  2.36673e-11
      22640.0  2.36041e-11
      22650.0  2.35417e-11
      22660.0  2.34801e-11
      22670.0  2.34192e-11
      22680.0  2.33590e-11
      22690.0  2.32996e-11
      22700.0  2.32408e-11
      22710.0  2.31827e-11
      22720.0  2.31252e-11
      22730.0  2.30684e-11
      22740.0  2.30121e-11
      22750.0  2.29565e-11
      22760.0  2.29015e-11
      22770.0  2.28472e-11
      22780.0  2.27935e-11
      22790.0  2.27404e-11
      22800.0  2.26881e-11
      22810.0  2.26366e-11
      22820.0  2.25859e-11
      22830.0  2.25361e-11
      22840.0  2.24872e-11
      22850.0  2.24393e-11
      22860.0  2.23926e-11
      22870.0  2.23470e-11
      22880.0  2.23028e-11
      22890.0  2.22598e-11
      22900.0  2.22184e-11
      22910.0  2.21785e-11
      22920.0  2.21402e-11
      22930.0  2.21037e-11
      22940.0  2.20689e-11
      22950.0  2.20361e-11
      22960.0  2.20052e-11
      22970.0  2.19764e-11
      22980.0  2.19497e-11
      22990.0  2.19252e-11
      23000.0  2.19029e-11
      23010.0  2.18828e-11
      23020.0  2.18651e-11
      23030.0  2.18497e-11
      23040.0  2.18368e-11
      23050.0  2.18262e-11
      23060.0  2.18180e-11
      23070.0  2.18123e-11
      23080.0  2.18090e-11
      23090.0  2.18082e-11
      23100.0  2.18097e-11
      23110.0  2.18137e-11
      23120.0  2.18200e-11
      23130.0  2.18286e-11
      23140.0  2.18396e-11
      23150.0  2.18528e-11
      23160.0  2.18681e-11
      23170.0  2.18856e-11
      23180.0  2.19051e-11
      23190.0  2.19266e-11
      23200.0  2.19499e-11
      23210.0  2.19750e-11
      23220.0  2.20017e-11
      23230.0  2.20299e-11
      23240.0  2.20594e-11
      23250.0  2.20902e-11
      23260.0  2.21221e-11
      23270.0  2.21549e-11
      23280.0  2.21884e-11
      23290.0  2.22225e-11
      23300.0  2.22570e-11
      23310.0  2.22918e-11
      23320.0  2.23266e-11
      23330.0  2.23612e-11
      23340.0  2.23956e-11
      23350.0  2.24295e-11
      23360.0  2.24628e-11
      23370.0  2.24952e-11
      23380.0  2.25268e-11
      23390.0  2.25573e-11
      23400.0  2.25865e-11
      23410.0  2.26145e-11
      23420.0  2.26412e-11
      23430.0  2.26663e-11
      23440.0  2.26900e-11
      23450.0  2.27123e-11
      23460.0  2.27330e-11
      23470.0  2.27522e-11
      23480.0  2.27700e-11
      23490.0  2.27865e-11
      23500.0  2.28017e-11
      23510.0  2.28158e-11
      23520.0  2.28290e-11
      23530.0  2.28413e-11
      23540.0  2.28530e-11
      23550.0  2.28643e-11
      23560.0  2.28753e-11
      23570.0  2.28864e-11
      23580.0  2.28977e-11
      23590.0  2.29095e-11
      23600.0  2.29219e-11
      23610.0  2.29352e-11
      23620.0  2.29496e-11
      23630.0  2.29652e-11
      23640.0  2.29823e-11
      23650.0  2.30009e-11
      23660.0  2.30211e-11
      23670.0  2.30430e-11
      23680.0  2.30666e-11
      23690.0  2.30920e-11
      23700.0  2.31191e-11
      23710.0  2.31478e-11
      23720.0  2.31781e-11
      23730.0  2.32100e-11
      23740.0  2.32433e-11
      23750.0  2.32780e-11
      23760.0  2.33140e-11
      23770.0  2.33512e-11
      23780.0  2.33897e-11
      23790.0  2.34296e-11
      23800.0  2.34708e-11
      23810.0  2.35136e-11
      23820.0  2.35580e-11
      23830.0  2.36046e-11
      23840.0  2.36536e-11
      23850.0  2.37051e-11
      23860.0  2.37596e-11
      23870.0  2.38175e-11
      23880.0  2.38792e-11
      23890.0  2.39450e-11
      23900.0  2.40153e-11
      23910.0  2.40905e-11
      23920.0  2.41706e-11
      23930.0  2.42559e-11
      23940.0  2.43464e-11
      23950.0  2.44420e-11
      23960.0  2.45425e-11
      23970.0  2.46476e-11
      23980.0  2.47568e-11
      23990.0  2.48697e-11
      24000.0  2.49855e-11
      24010.0  2.51035e-11
      24020.0  2.52229e-11
      24030.0  2.53429e-11
      24040.0  2.54626e-11
      24050.0  2.55811e-11
      24060.0  2.56977e-11
      24070.0  2.58116e-11
      24080.0  2.59220e-11
      24090.0  2.60285e-11
      24100.0  2.61305e-11
      24110.0  2.62277e-11
      24120.0  2.63198e-11
      24130.0  2.64068e-11
      24140.0  2.64885e-11
      24150.0  2.65652e-11
      24160.0  2.66370e-11
      24170.0  2.67041e-11
      24180.0  2.67670e-11
      24190.0  2.68260e-11
      24200.0  2.68817e-11
      24210.0  2.69344e-11
      24220.0  2.69846e-11
      24230.0  2.70328e-11
      24240.0  2.70795e-11
      24250.0  2.71250e-11
      24260.0  2.71699e-11
      24270.0  2.72144e-11
      24280.0  2.72589e-11
      24290.0  2.73036e-11
      24300.0  2.73489e-11
      24310.0  2.73949e-11
      24320.0  2.74419e-11
      24330.0  2.74898e-11
      24340.0  2.75389e-11
      24350.0  2.75893e-11
      24360.0  2.76409e-11
      24370.0  2.76938e-11
      24380.0  2.77481e-11
      24390.0  2.78038e-11
      24400.0  2.78608e-11
      24410.0  2.79191e-11
      24420.0  2.79788e-11
      24430.0  2.80399e-11
      24440.0  2.81022e-11
      24450.0  2.81659e-11
      24460.0  2.82308e-11
      24470.0  2.82969e-11
      24480.0  2.83643e-11
      24490.0  2.84329e-11
      24500.0  2.85026e-11
      24510.0  2.85733e-11
      24520.0  2.86452e-11
      24530.0  2.87180e-11
      24540.0  2.87916e-11
      24550.0  2.88661e-11
      24560.0  2.89412e-11
      24570.0  2.90169e-11
      24580.0  2.90930e-11
      24590.0  2.91694e-11
      24600.0  2.92460e-11
      24610.0  2.93225e-11
      24620.0  2.93989e-11
      24630.0  2.94749e-11
      24640.0  2.95505e-11
      24650.0  2.96255e-11
      24660.0  2.96997e-11
      24670.0  2.97730e-11
      24680.0  2.98454e-11
      24690.0  2.99166e-11
      24700.0  2.99866e-11
      24710.0  3.00553e-11
      24720.0  3.01226e-11
      24730.0  3.01884e-11
      24740.0  3.02527e-11
      24750.0  3.03153e-11
      24760.0  3.03763e-11
      24770.0  3.04356e-11
      24780.0  3.04930e-11
      24790.0  3.05485e-11
      24800.0  3.06021e-11
      24810.0  3.06535e-11
      24820.0  3.07029e-11
      24830.0  3.07499e-11
      24840.0  3.07947e-11
      24850.0  3.08370e-11
      24860.0  3.08769e-11
      24870.0  3.09142e-11
      24880.0  3.09491e-11
      24890.0  3.09814e-11
      24900.0  3.10113e-11
      24910.0  3.10387e-11
      24920.0  3.10639e-11
      24930.0  3.10867e-11
      24940.0  3.11075e-11
      24950.0  3.11263e-11
      24960.0  3.11433e-11
      24970.0  3.11586e-11
      24980.0  3.11724e-11
      24990.0  3.11847e-11
      25000.0  3.11958e-11
