      1000.00  7.60537e-14
      1010.00  9.21476e-14
      1020.00  1.12007e-13
      1030.00  1.36393e-13
      1040.00  1.66249e-13
      1050.00  2.02652e-13
      1060.00  2.46803e-13
      1070.00  3.00006e-13
      1080.00  3.63628e-13
      1090.00  4.39054e-13
      1100.00  5.27622e-13
      1110.00  6.30553e-13
      1120.00  7.48883e-13
      1130.00  8.83393e-13
      1140.00  1.03455e-12
      1150.00  1.20247e-12
      1160.00  1.38687e-12
      1170.00  1.58709e-12
      1180.00  1.80205e-12
      1190.00  2.03029e-12
      1200.00  2.26998e-12
      1210.00  2.51900e-12
      1220.00  2.77491e-12
      1230.00  3.03510e-12
      1240.00  3.29679e-12
      1250.00  3.55713e-12
      1260.00  3.81330e-12
      1270.00  4.06255e-12
      1280.00  4.30230e-12
      1290.00  4.53020e-12
      1300.00  4.74419e-12
      1310.00  4.94256e-12
      1320.00  5.12395e-12
      1330.00  5.28740e-12
      1340.00  5.43236e-12
      1350.00  5.55872e-12
      1360.00  5.66674e-12
      1370.00  5.75712e-12
      1380.00  5.83100e-12
      1390.00  5.88995e-12
      1400.00  5.93603e-12
      1410.00  5.97185e-12
      1420.00  6.00067e-12
      1430.00  6.02647e-12
      1440.00  6.05407e-12
      1450.00  6.08920e-12
      1460.00  6.13849e-12
      1470.00  6.20939e-12
      1480.00  6.30980e-12
      1490.00  6.44771e-12
      1500.00  6.63038e-12
      1510.00  6.86354e-12
      1520.00  7.15039e-12
      1530.00  7.49064e-12
      1540.00  7.87981e-12
      1550.00  8.30886e-12
      1560.00  8.76436e-12
      1570.00  9.22925e-12
      1580.00  9.68426e-12
      1590.00  1.01096e-11
      1600.00  1.04873e-11
      1610.00  1.08026e-11
      1620.00  1.10462e-11
      1630.00  1.12150e-11
      1640.00  1.13122e-11
      1650.00  1.13473e-11
      1660.00  1.13349e-11
      1670.00  1.12931e-11
      1680.00  1.12421e-11
      1690.00  1.12022e-11
      1700.00  1.11927e-11
      1710.00  1.12306e-11
      1720.00  1.13296e-11
      1730.00  1.14995e-11
      1740.00  1.17458e-11
      1750.00  1.20695e-11
      1760.00  1.24671e-11
      1770.00  1.29303e-11
      1780.00  1.34472e-11
      1790.00  1.40018e-11
      1800.00  1.45760e-11
      1810.00  1.51499e-11
      1820.00  1.57037e-11
      1830.00  1.62187e-11
      1840.00  1.66788e-11
      1850.00  1.70715e-11
      1860.00  1.73890e-11
      1870.00  1.76278e-11
      1880.00  1.77893e-11
      1890.00  1.78790e-11
      1900.00  1.79057e-11
      1910.00  1.78803e-11
      1920.00  1.78150e-11
      1930.00  1.77221e-11
      1940.00  1.76132e-11
      1950.00  1.74984e-11
      1960.00  1.73857e-11
      1970.00  1.72811e-11
      1980.00  1.71883e-11
      1990.00  1.71090e-11
      2000.00  1.70434e-11
      2010.00  1.69903e-11
      2020.00  1.69478e-11
      2030.00  1.69139e-11
      2040.00  1.68866e-11
      2050.00  1.68641e-11
      2060.00  1.68455e-11
      2070.00  1.68303e-11
      2080.00  1.68188e-11
      2090.00  1.68118e-11
      2100.00  1.68104e-11
      2110.00  1.68162e-11
      2120.00  1.68307e-11
      2130.00  1.68557e-11
      2140.00  1.68926e-11
      2150.00  1.69427e-11
      2160.00  1.70069e-11
      2170.00  1.70856e-11
      2180.00  1.71789e-11
      2190.00  1.72863e-11
      2200.00  1.74071e-11
      2210.00  1.75404e-11
      2220.00  1.76854e-11
      2230.00  1.78416e-11
      2240.00  1.80091e-11
      2250.00  1.81885e-11
      2260.00  1.83812e-11
      2270.00  1.85888e-11
      2280.00  1.88132e-11
      2290.00  1.90554e-11
      2300.00  1.93155e-11
      2310.00  1.95918e-11
      2320.00  1.98806e-11
      2330.00  2.01759e-11
      2340.00  2.04696e-11
      2350.00  2.07522e-11
      2360.00  2.10135e-11
      2370.00  2.12436e-11
      2380.00  2.14344e-11
      2390.00  2.15802e-11
      2400.00  2.16794e-11
      2410.00  2.17345e-11
      2420.00  2.17526e-11
      2430.00  2.17449e-11
      2440.00  2.17255e-11
      2450.00  2.17106e-11
      2460.00  2.17163e-11
      2470.00  2.17566e-11
      2480.00  2.18421e-11
      2490.00  2.19784e-11
      2500.00  2.21651e-11
      2510.00  2.23962e-11
      2520.00  2.26608e-11
      2530.00  2.29448e-11
      2540.00  2.32323e-11
      2550.00  2.35086e-11
      2560.00  2.37614e-11
      2570.00  2.39824e-11
      2580.00  2.41679e-11
      2590.00  2.43188e-11
      2600.00  2.44395e-11
      2610.00  2.45373e-11
      2620.00  2.46206e-11
      2630.00  2.46980e-11
      2640.00  2.47775e-11
      2650.00  2.48752e-11
      2660.00  2.54897e-11
      2670.00  3.12412e-11
      2680.00  4.59009e-11
      2690.00  5.91220e-11
      2700.00  6.73831e-11
      2710.00  7.22884e-11
      2720.00  7.53973e-11
      2730.00  7.67032e-11
      2740.00  7.65536e-11
      2750.00  7.70324e-11
      2760.00  7.89252e-11
      2770.00  8.07908e-11
      2780.00  8.13662e-11
      2790.00  8.05758e-11
      2800.00  7.86650e-11
      2810.00  7.69954e-11
      2820.00  7.68253e-11
      2830.00  7.72998e-11
      2840.00  7.83060e-11
      2850.00  8.06583e-11
      2860.00  8.44122e-11
      2870.00  9.04267e-11
      2880.00  9.73014e-11
      2890.00  1.03373e-10
      2900.00  1.07888e-10
      2910.00  1.07863e-10
      2920.00  1.02637e-10
      2930.00  9.96140e-11
      2940.00  9.91883e-11
      2950.00  9.81055e-11
      2960.00  9.60709e-11
      2970.00  9.40533e-11
      2980.00  9.18457e-11
      2990.00  8.90221e-11
      3000.00  8.57001e-11
      3010.00  8.26496e-11
      3020.00  8.07739e-11
      3030.00  8.09071e-11
      3040.00  8.15543e-11
      3050.00  8.16207e-11
      3060.00  8.26564e-11
      3070.00  8.45319e-11
      3080.00  8.56164e-11
      3090.00  8.58771e-11
      3100.00  8.63167e-11
      3110.00  8.77360e-11
      3120.00  9.02132e-11
      3130.00  9.23557e-11
      3140.00  9.39104e-11
      3150.00  9.67310e-11
      3160.00  1.00843e-10
      3170.00  1.04940e-10
      3180.00  1.08350e-10
      3190.00  1.10630e-10
      3200.00  1.10763e-10
      3210.00  1.08075e-10
      3220.00  1.03525e-10
      3230.00  9.87130e-11
      3240.00  9.43457e-11
      3250.00  9.09890e-11
      3260.00  8.93711e-11
      3270.00  8.91975e-11
      3280.00  8.94309e-11
      3290.00  8.92969e-11
      3300.00  8.97415e-11
      3310.00  9.14226e-11
      3320.00  9.32969e-11
      3330.00  9.46376e-11
      3340.00  9.53789e-11
      3350.00  9.62638e-11
      3360.00  9.84431e-11
      3370.00  1.01570e-10
      3380.00  1.05456e-10
      3390.00  1.10663e-10
      3400.00  1.17053e-10
      3410.00  1.23555e-10
      3420.00  1.28761e-10
      3430.00  1.32156e-10
      3440.00  1.34417e-10
      3450.00  1.36498e-10
      3460.00  1.38703e-10
      3470.00  1.41018e-10
      3480.00  1.44056e-10
      3490.00  1.48945e-10
      3500.00  1.56128e-10
      3510.00  1.65075e-10
      3520.00  1.74767e-10
      3530.00  1.83723e-10
      3540.00  1.90890e-10
      3550.00  1.96656e-10
      3560.00  2.01930e-10
      3570.00  2.06808e-10
      3580.00  2.10606e-10
      3590.00  2.12724e-10
      3600.00  2.11643e-10
      3610.00  2.05764e-10
      3620.00  1.98342e-10
      3630.00  1.96024e-10
      3640.00  2.01951e-10
      3650.00  2.15185e-10
      3660.00  2.33070e-10
      3670.00  2.52170e-10
      3680.00  2.69014e-10
      3690.00  2.80971e-10
      3700.00  2.86440e-10
      3710.00  2.84894e-10
      3720.00  2.77227e-10
      3730.00  2.65121e-10
      3740.00  2.49911e-10
      3750.00  2.32018e-10
      3760.00  2.12331e-10
      3770.00  1.93085e-10
      3780.00  1.76415e-10
      3790.00  1.63894e-10
      3800.00  1.56963e-10
      3810.00  1.56923e-10
      3820.00  1.65441e-10
      3830.00  1.84722e-10
      3840.00  2.15337e-10
      3850.00  2.54389e-10
      3860.00  2.97125e-10
      3870.00  3.39783e-10
      3880.00  3.80427e-10
      3890.00  4.18029e-10
      3900.00  4.51689e-10
      3910.00  4.80997e-10
      3920.00  5.06576e-10
      3930.00  5.29160e-10
      3940.00  5.48438e-10
      3950.00  5.63127e-10
      3960.00  5.71225e-10
      3970.00  5.70585e-10
      3980.00  5.59938e-10
      3990.00  5.39700e-10
      4000.00  5.12275e-10
      4010.00  4.81383e-10
      4020.00  4.50834e-10
      4030.00  4.23610e-10
      4040.00  4.01360e-10
      4050.00  3.84267e-10
      4060.00  3.71215e-10
      4070.00  3.60245e-10
      4080.00  3.49611e-10
      4090.00  3.38917e-10
      4100.00  3.29104e-10
      4110.00  3.21295e-10
      4120.00  3.15854e-10
      4130.00  3.12679e-10
      4140.00  3.11870e-10
      4150.00  3.13679e-10
      4160.00  3.18128e-10
      4170.00  3.24776e-10
      4180.00  3.32552e-10
      4190.00  3.39946e-10
      4200.00  3.45758e-10
      4210.00  3.49710e-10
      4220.00  3.52262e-10
      4230.00  3.53961e-10
      4240.00  3.55136e-10
      4250.00  3.56147e-10
      4260.00  3.57508e-10
      4270.00  3.59813e-10
      4280.00  3.63594e-10
      4290.00  3.68926e-10
      4300.00  3.74797e-10
      4310.00  3.78893e-10
      4320.00  3.78280e-10
      4330.00  3.70646e-10
      4340.00  3.55496e-10
      4350.00  3.34608e-10
      4360.00  3.11110e-10
      4370.00  2.87801e-10
      4380.00  2.66313e-10
      4390.00  2.47425e-10
      4400.00  2.31732e-10
      4410.00  2.19977e-10
      4420.00  2.12935e-10
      4430.00  2.10989e-10
      4440.00  2.13827e-10
      4450.00  2.20689e-10
      4460.00  2.30912e-10
      4470.00  2.44209e-10
      4480.00  2.60614e-10
      4490.00  2.80407e-10
      4500.00  3.04076e-10
      4510.00  3.32178e-10
      4520.00  3.65132e-10
      4530.00  4.02997e-10
      4540.00  4.45163e-10
      4550.00  4.90030e-10
      4560.00  5.35091e-10
      4570.00  5.77539e-10
      4580.00  6.14965e-10
      4590.00  6.45719e-10
      4600.00  6.68923e-10
      4610.00  6.84201e-10
      4620.00  6.90873e-10
      4630.00  6.87398e-10
      4640.00  6.71779e-10
      4650.00  6.42886e-10
      4660.00  6.01800e-10
      4670.00  5.52103e-10
      4680.00  4.98887e-10
      4690.00  4.47221e-10
      4700.00  4.00958e-10
      4710.00  3.62218e-10
      4720.00  3.31470e-10
      4730.00  3.08107e-10
      4740.00  2.91297e-10
      4750.00  2.80632e-10
      4760.00  2.76203e-10
      4770.00  2.78175e-10
      4780.00  2.86181e-10
      4790.00  2.98881e-10
      4800.00  3.13906e-10
      4810.00  3.28276e-10
      4820.00  3.39307e-10
      4830.00  3.45685e-10
      4840.00  3.48138e-10
      4850.00  3.49225e-10
      4860.00  3.52311e-10
      4870.00  3.60354e-10
      4880.00  3.75110e-10
      4890.00  3.96904e-10
      4900.00  4.24675e-10
      4910.00  4.56019e-10
      4920.00  4.87313e-10
      4930.00  5.14112e-10
      4940.00  5.31953e-10
      4950.00  5.37404e-10
      4960.00  5.29040e-10
      4970.00  5.08001e-10
      4980.00  4.77795e-10
      4990.00  4.43232e-10
      5000.00  4.09021e-10
      5010.00  3.78646e-10
      5020.00  3.53888e-10
      5030.00  3.34980e-10
      5040.00  3.21144e-10
      5050.00  3.11215e-10
      5060.00  3.04107e-10
      5070.00  2.98995e-10
      5080.00  2.95305e-10
      5090.00  2.92648e-10
      5100.00  2.90804e-10
      5110.00  2.89720e-10
      5120.00  2.89514e-10
      5130.00  2.90445e-10
      5140.00  2.92878e-10
      5150.00  2.97230e-10
      5160.00  3.03923e-10
      5170.00  3.13292e-10
      5180.00  3.25481e-10
      5190.00  3.40345e-10
      5200.00  3.57450e-10
      5210.00  3.76186e-10
      5220.00  3.95905e-10
      5230.00  4.16038e-10
      5240.00  4.36164e-10
      5250.00  4.56048e-10
      5260.00  4.75571e-10
      5270.00  4.94568e-10
      5280.00  5.12630e-10
      5290.00  5.29064e-10
      5300.00  5.43078e-10
      5310.00  5.54095e-10
      5320.00  5.62032e-10
      5330.00  5.67424e-10
      5340.00  5.71342e-10
      5350.00  5.75114e-10
      5360.00  5.79970e-10
      5370.00  5.86796e-10
      5380.00  5.96074e-10
      5390.00  6.07988e-10
      5400.00  6.22614e-10
      5410.00  6.40090e-10
      5420.00  6.60632e-10
      5430.00  6.84376e-10
      5440.00  7.11160e-10
      5450.00  7.40388e-10
      5460.00  7.71050e-10
      5470.00  8.01857e-10
      5480.00  8.31399e-10
      5490.00  8.58325e-10
      5500.00  8.81567e-10
      5510.00  9.00421e-10
      5520.00  9.14290e-10
      5530.00  9.22329e-10
      5540.00  9.23635e-10
      5550.00  9.17858e-10
      5560.00  9.05357e-10
      5570.00  8.86802e-10
      5580.00  8.62859e-10
      5590.00  8.34180e-10
      5600.00  8.01503e-10
      5610.00  7.65656e-10
      5620.00  7.27537e-10
      5630.00  6.88169e-10
      5640.00  6.48794e-10
      5650.00  6.10892e-10
      5660.00  5.76067e-10
      5670.00  5.45844e-10
      5680.00  5.21497e-10
      5690.00  5.03966e-10
      5700.00  4.93861e-10
      5710.00  4.91482e-10
      5720.00  4.96794e-10
      5730.00  5.09359e-10
      5740.00  5.28273e-10
      5750.00  5.52190e-10
      5760.00  5.79421e-10
      5770.00  6.08102e-10
      5780.00  6.36353e-10
      5790.00  6.62441e-10
      5800.00  6.84899e-10
      5810.00  7.02615e-10
      5820.00  7.14841e-10
      5830.00  7.21161e-10
      5840.00  7.21446e-10
      5850.00  7.15879e-10
      5860.00  7.05032e-10
      5870.00  6.89870e-10
      5880.00  6.71619e-10
      5890.00  6.51475e-10
      5900.00  6.30278e-10
      5910.00  6.08350e-10
      5920.00  5.85582e-10
      5930.00  5.61752e-10
      5940.00  5.36859e-10
      5950.00  5.11315e-10
      5960.00  4.85930e-10
      5970.00  4.61723e-10
      5980.00  4.39670e-10
      5990.00  4.20463e-10
      6000.00  4.04414e-10
      6010.00  3.91485e-10
      6020.00  3.81419e-10
      6030.00  3.73858e-10
      6040.00  3.68408e-10
      6050.00  3.64680e-10
      6060.00  3.62316e-10
      6070.00  3.61009e-10
      6080.00  3.60485e-10
      6090.00  3.60478e-10
      6100.00  3.60730e-10
      6110.00  3.61046e-10
      6120.00  3.61385e-10
      6130.00  3.61905e-10
      6140.00  3.62950e-10
      6150.00  3.64922e-10
      6160.00  3.68085e-10
      6170.00  3.72372e-10
      6180.00  3.77284e-10
      6190.00  3.81947e-10
      6200.00  3.85346e-10
      6210.00  3.86633e-10
      6220.00  3.85352e-10
      6230.00  3.81450e-10
      6240.00  3.75183e-10
      6250.00  3.67132e-10
      6260.00  3.58280e-10
      6270.00  3.49917e-10
      6280.00  3.43350e-10
      6290.00  3.39674e-10
      6300.00  3.39697e-10
      6310.00  3.43886e-10
      6320.00  3.52200e-10
      6330.00  3.64002e-10
      6340.00  3.78344e-10
      6350.00  3.94474e-10
      6360.00  4.12057e-10
      6370.00  4.30992e-10
      6380.00  4.51129e-10
      6390.00  4.72170e-10
      6400.00  4.93745e-10
      6410.00  5.15514e-10
      6420.00  5.37165e-10
      6430.00  5.58324e-10
      6440.00  5.78530e-10
      6450.00  5.97303e-10
      6460.00  6.14222e-10
      6470.00  6.28946e-10
      6480.00  6.41165e-10
      6490.00  6.50572e-10
      6500.00  6.56868e-10
      6510.00  6.59821e-10
      6520.00  6.59326e-10
      6530.00  6.55437e-10
      6540.00  6.48343e-10
      6550.00  6.38291e-10
      6560.00  6.25515e-10
      6570.00  6.10221e-10
      6580.00  5.92577e-10
      6590.00  5.72765e-10
      6600.00  5.51038e-10
      6610.00  5.27747e-10
      6620.00  5.03322e-10
      6630.00  4.78227e-10
      6640.00  4.52923e-10
      6650.00  4.27848e-10
      6660.00  4.03405e-10
      6670.00  3.79956e-10
      6680.00  3.57829e-10
      6690.00  3.37317e-10
      6700.00  3.18675e-10
      6710.00  3.02099e-10
      6720.00  2.87703e-10
      6730.00  2.75496e-10
      6740.00  2.65381e-10
      6750.00  2.57166e-10
      6760.00  2.50590e-10
      6770.00  2.45362e-10
      6780.00  2.41194e-10
      6790.00  2.37836e-10
      6800.00  2.35103e-10
      6810.00  2.32886e-10
      6820.00  2.31137e-10
      6830.00  2.29842e-10
      6840.00  2.28981e-10
      6850.00  2.28494e-10
      6860.00  2.28289e-10
      6870.00  2.28253e-10
      6880.00  2.28286e-10
      6890.00  2.28315e-10
      6900.00  2.28299e-10
      6910.00  2.28217e-10
      6920.00  2.28050e-10
      6930.00  2.27772e-10
      6940.00  2.27353e-10
      6950.00  2.26759e-10
      6960.00  2.25965e-10
      6970.00  2.24961e-10
      6980.00  2.23762e-10
      6990.00  2.22415e-10
      7000.00  2.21005e-10
      7010.00  2.19650e-10
      7020.00  2.18494e-10
      7030.00  2.17687e-10
      7040.00  2.17367e-10
      7050.00  2.17641e-10
      7060.00  2.18576e-10
      7070.00  2.20193e-10
      7080.00  2.22487e-10
      7090.00  2.25441e-10
      7100.00  2.29036e-10
      7110.00  2.33246e-10
      7120.00  2.38025e-10
      7130.00  2.43295e-10
      7140.00  2.48945e-10
      7150.00  2.54830e-10
      7160.00  2.60783e-10
      7170.00  2.66621e-10
      7180.00  2.72159e-10
      7190.00  2.77222e-10
      7200.00  2.81673e-10
      7210.00  2.85433e-10
      7220.00  2.88493e-10
      7230.00  2.90911e-10
      7240.00  2.92782e-10
      7250.00  2.94205e-10
      7260.00  2.95275e-10
      7270.00  2.96082e-10
      7280.00  2.96739e-10
      7290.00  2.97393e-10
      7300.00  2.98224e-10
      7310.00  2.99419e-10
      7320.00  3.01144e-10
      7330.00  3.03517e-10
      7340.00  3.06587e-10
      7350.00  3.10322e-10
      7360.00  3.14603e-10
      7370.00  3.19229e-10
      7380.00  3.23938e-10
      7390.00  3.28427e-10
      7400.00  3.32379e-10
      7410.00  3.35487e-10
      7420.00  3.37482e-10
      7430.00  3.38157e-10
      7440.00  3.37398e-10
      7450.00  3.35198e-10
      7460.00  3.31674e-10
      7470.00  3.27062e-10
      7480.00  3.21713e-10
      7490.00  3.16051e-10
      7500.00  3.10516e-10
      7510.00  3.05486e-10
      7520.00  3.01242e-10
      7530.00  2.97967e-10
      7540.00  2.95801e-10
      7550.00  2.94872e-10
      7560.00  2.95291e-10
      7570.00  2.97103e-10
      7580.00  3.00250e-10
      7590.00  3.04585e-10
      7600.00  3.09930e-10
      7610.00  3.16128e-10
      7620.00  3.23060e-10
      7630.00  3.30618e-10
      7640.00  3.38665e-10
      7650.00  3.47007e-10
      7660.00  3.55393e-10
      7670.00  3.63522e-10
      7680.00  3.71074e-10
      7690.00  3.77734e-10
      7700.00  3.83231e-10
      7710.00  3.87355e-10
      7720.00  3.89988e-10
      7730.00  3.91101e-10
      7740.00  3.90756e-10
      7750.00  3.89076e-10
      7760.00  3.86218e-10
      7770.00  3.82337e-10
      7780.00  3.77560e-10
      7790.00  3.71975e-10
      7800.00  3.65627e-10
      7810.00  3.58534e-10
      7820.00  3.50707e-10
      7830.00  3.42176e-10
      7840.00  3.33001e-10
      7850.00  3.23285e-10
      7860.00  3.13157e-10
      7870.00  3.02765e-10
      7880.00  2.92261e-10
      7890.00  2.81792e-10
      7900.00  2.71497e-10
      7910.00  2.61509e-10
      7920.00  2.51953e-10
      7930.00  2.42941e-10
      7940.00  2.34573e-10
      7950.00  2.26926e-10
      7960.00  2.20050e-10
      7970.00  2.13953e-10
      7980.00  2.08598e-10
      7990.00  2.03903e-10
      8000.00  1.99750e-10
      8010.00  1.96010e-10
      8020.00  1.92559e-10
      8030.00  1.89288e-10
      8040.00  1.86102e-10
      8050.00  1.82900e-10
      8060.00  1.79553e-10
      8070.00  1.75901e-10
      8080.00  1.71764e-10
      8090.00  1.66973e-10
      8100.00  1.61395e-10
      8110.00  1.54951e-10
      8120.00  1.47616e-10
      8130.00  1.39432e-10
      8140.00  1.30522e-10
      8150.00  1.21093e-10
      8160.00  1.11430e-10
      8170.00  1.01877e-10
      8180.00  9.27961e-11
      8190.00  8.45331e-11
      8200.00  7.73784e-11
      8210.00  7.15427e-11
      8220.00  6.71436e-11
      8230.00  6.42033e-11
      8240.00  6.26586e-11
      8250.00  6.23768e-11
      8260.00  6.31784e-11
      8270.00  6.48630e-11
      8280.00  6.72351e-11
      8290.00  7.01274e-11
      8300.00  7.34182e-11
      8310.00  7.70414e-11
      8320.00  8.09882e-11
      8330.00  8.53010e-11
      8340.00  9.00623e-11
      8350.00  9.53797e-11
      8360.00  1.01370e-10
      8370.00  1.08142e-10
      8380.00  1.15781e-10
      8390.00  1.24337e-10
      8400.00  1.33810e-10
      8410.00  1.44148e-10
      8420.00  1.55248e-10
      8430.00  1.66964e-10
      8440.00  1.79119e-10
      8450.00  1.91511e-10
      8460.00  2.03923e-10
      8470.00  2.16125e-10
      8480.00  2.27887e-10
      8490.00  2.38983e-10
      8500.00  2.49212e-10
      8510.00  2.58416e-10
      8520.00  2.66505e-10
      8530.00  2.73473e-10
      8540.00  2.79407e-10
      8550.00  2.84477e-10
      8560.00  2.88909e-10
      8570.00  2.92943e-10
      8580.00  2.96797e-10
      8590.00  3.00631e-10
      8600.00  3.04538e-10
      8610.00  3.08546e-10
      8620.00  3.12634e-10
      8630.00  3.16757e-10
      8640.00  3.20857e-10
      8650.00  3.24878e-10
      8660.00  3.28761e-10
      8670.00  3.32448e-10
      8680.00  3.35876e-10
      8690.00  3.38978e-10
      8700.00  3.41691e-10
      8710.00  3.43968e-10
      8720.00  3.45776e-10
      8730.00  3.47097e-10
      8740.00  3.47925e-10
      8750.00  3.48257e-10
      8760.00  3.48085e-10
      8770.00  3.47394e-10
      8780.00  3.46158e-10
      8790.00  3.44345e-10
      8800.00  3.41927e-10
      8810.00  3.38886e-10
      8820.00  3.35219e-10
      8830.00  3.30947e-10
      8840.00  3.26107e-10
      8850.00  3.20757e-10
      8860.00  3.14958e-10
      8870.00  3.08776e-10
      8880.00  3.02275e-10
      8890.00  2.95517e-10
      8900.00  2.88566e-10
      8910.00  2.81494e-10
      8920.00  2.74662e-10
      8930.00  2.67963e-10
      8940.00  2.61426e-10
      8950.00  2.55160e-10
      8960.00  2.49275e-10
      8970.00  2.43871e-10
      8980.00  2.39024e-10
      8990.00  2.34774e-10
      9000.00  2.31115e-10
      9010.00  2.27997e-10
      9020.00  2.25344e-10
      9030.00  2.23084e-10
      9040.00  2.21160e-10
      9050.00  2.19535e-10
      9060.00  2.18185e-10
      9070.00  2.17088e-10
      9080.00  2.16218e-10
      9090.00  2.15545e-10
      9100.00  2.15040e-10
      9110.00  2.14675e-10
      9120.00  2.14430e-10
      9130.00  2.14291e-10
      9140.00  2.14249e-10
      9150.00  2.14294e-10
      9160.00  2.14408e-10
      9170.00  2.14561e-10
      9180.00  2.14713e-10
      9190.00  2.14818e-10
      9200.00  2.14842e-10
      9210.00  2.14766e-10
      9220.00  2.14596e-10
      9230.00  2.14361e-10
      9240.00  2.14110e-10
      9250.00  2.13897e-10
      9260.00  2.13770e-10
      9270.00  2.13760e-10
      9280.00  2.13872e-10
      9290.00  2.14088e-10
      9300.00  2.14375e-10
      9310.00  2.14701e-10
      9320.00  2.15047e-10
      9330.00  2.15401e-10
      9340.00  2.15763e-10
      9350.00  2.16137e-10
      9360.00  2.16521e-10
      9370.00  2.16916e-10
      9380.00  2.17316e-10
      9390.00  2.17715e-10
      9400.00  2.18104e-10
      9410.00  2.18472e-10
      9420.00  2.18808e-10
      9430.00  2.19098e-10
      9440.00  2.19328e-10
      9450.00  2.19484e-10
      9460.00  2.19551e-10
      9470.00  2.19515e-10
      9480.00  2.19364e-10
      9490.00  2.19088e-10
      9500.00  2.18680e-10
      9510.00  2.18136e-10
      9520.00  2.17457e-10
      9530.00  2.16648e-10
      9540.00  2.15719e-10
      9550.00  2.14685e-10
      9560.00  2.13566e-10
      9570.00  2.12388e-10
      9580.00  2.11180e-10
      9590.00  2.09976e-10
      9600.00  2.08813e-10
      9610.00  2.07732e-10
      9620.00  2.06774e-10
      9630.00  2.05982e-10
      9640.00  2.05398e-10
      9650.00  2.05063e-10
      9660.00  2.05016e-10
      9670.00  2.05291e-10
      9680.00  2.05920e-10
      9690.00  2.06928e-10
      9700.00  2.08335e-10
      9710.00  2.10153e-10
      9720.00  2.12390e-10
      9730.00  2.15044e-10
      9740.00  2.18107e-10
      9750.00  2.21565e-10
      9760.00  2.25394e-10
      9770.00  2.29567e-10
      9780.00  2.34050e-10
      9790.00  2.38803e-10
      9800.00  2.43783e-10
      9810.00  2.48944e-10
      9820.00  2.54234e-10
      9830.00  2.59604e-10
      9840.00  2.64999e-10
      9850.00  2.70367e-10
      9860.00  2.75655e-10
      9870.00  2.80811e-10
      9880.00  2.85786e-10
      9890.00  2.90530e-10
      9900.00  2.94998e-10
      9910.00  2.99147e-10
      9920.00  3.02938e-10
      9930.00  3.06334e-10
      9940.00  3.09302e-10
      9950.00  3.11815e-10
      9960.00  3.13849e-10
      9970.00  3.15384e-10
      9980.00  3.16406e-10
      9990.00  3.16908e-10
      10000.0  3.16885e-10
      10010.0  3.16343e-10
      10020.0  3.15289e-10
      10030.0  3.13741e-10
      10040.0  3.11720e-10
      10050.0  3.09254e-10
      10060.0  3.06378e-10
      10070.0  3.03132e-10
      10080.0  2.99560e-10
      10090.0  2.95713e-10
      10100.0  2.91642e-10
      10110.0  2.87405e-10
      10120.0  2.83059e-10
      10130.0  2.78663e-10
      10140.0  2.74277e-10
      10150.0  2.69959e-10
      10160.0  2.65767e-10
      10170.0  2.61755e-10
      10180.0  2.57974e-10
      10190.0  2.54470e-10
      10200.0  2.51283e-10
      10210.0  2.48449e-10
      10220.0  2.45992e-10
      10230.0  2.43933e-10
      10240.0  2.42281e-10
      10250.0  2.41038e-10
      10260.0  2.40195e-10
      10270.0  2.39735e-10
      10280.0  2.39631e-10
      10290.0  2.39849e-10
      10300.0  2.40349e-10
      10310.0  2.41081e-10
      10320.0  2.41994e-10
      10330.0  2.43033e-10
      10340.0  2.44140e-10
      10350.0  2.45258e-10
      10360.0  2.46333e-10
      10370.0  2.47313e-10
      10380.0  2.48149e-10
      10390.0  2.48800e-10
      10400.0  2.49230e-10
      10410.0  2.49410e-10
      10420.0  2.49319e-10
      10430.0  2.48941e-10
      10440.0  2.48268e-10
      10450.0  2.47300e-10
      10460.0  2.46041e-10
      10470.0  2.44501e-10
      10480.0  2.42696e-10
      10490.0  2.40644e-10
      10500.0  2.38368e-10
      10510.0  2.35895e-10
      10520.0  2.33251e-10
      10530.0  2.30466e-10
      10540.0  2.27569e-10
      10550.0  2.24592e-10
      10560.0  2.21565e-10
      10570.0  2.18517e-10
      10580.0  2.15478e-10
      10590.0  2.12472e-10
      10600.0  2.09526e-10
      10610.0  2.06662e-10
      10620.0  2.03899e-10
      10630.0  2.01253e-10
      10640.0  1.98737e-10
      10650.0  1.96361e-10
      10660.0  1.94132e-10
      10670.0  1.92051e-10
      10680.0  1.90119e-10
      10690.0  1.88331e-10
      10700.0  1.86680e-10
      10710.0  1.85158e-10
      10720.0  1.83752e-10
      10730.0  1.82450e-10
      10740.0  1.81237e-10
      10750.0  1.80096e-10
      10760.0  1.79013e-10
      10770.0  1.77970e-10
      10780.0  1.76953e-10
      10790.0  1.75947e-10
      10800.0  1.74937e-10
      10810.0  1.73911e-10
      10820.0  1.72859e-10
      10830.0  1.71770e-10
      10840.0  1.70637e-10
      10850.0  1.69454e-10
      10860.0  1.68215e-10
      10870.0  1.66920e-10
      10880.0  1.65564e-10
      10890.0  1.64148e-10
      10900.0  1.62673e-10
      10910.0  1.61138e-10
      10920.0  1.59546e-10
      10930.0  1.57898e-10
      10940.0  1.56197e-10
      10950.0  1.54443e-10
      10960.0  1.52639e-10
      10970.0  1.50785e-10
      10980.0  1.48884e-10
      10990.0  1.46935e-10
      11000.0  1.44939e-10
      11010.0  1.42897e-10
      11020.0  1.40809e-10
      11030.0  1.38674e-10
      11040.0  1.36493e-10
      11050.0  1.34267e-10
      11060.0  1.31998e-10
      11070.0  1.29685e-10
      11080.0  1.27333e-10
      11090.0  1.24944e-10
      11100.0  1.22522e-10
      11110.0  1.20073e-10
      11120.0  1.17602e-10
      11130.0  1.15115e-10
      11140.0  1.12622e-10
      11150.0  1.10131e-10
      11160.0  1.07650e-10
      11170.0  1.05189e-10
      11180.0  1.02760e-10
      11190.0  1.00372e-10
      11200.0  9.80358e-11
      11210.0  9.57615e-11
      11220.0  9.35590e-11
      11230.0  9.14375e-11
      11240.0  8.94053e-11
      11250.0  8.74700e-11
      11260.0  8.56378e-11
      11270.0  8.39136e-11
      11280.0  8.23010e-11
      11290.0  8.08021e-11
      11300.0  7.94174e-11
      11310.0  7.81459e-11
      11320.0  7.69851e-11
      11330.0  7.59310e-11
      11340.0  7.49781e-11
      11350.0  7.41198e-11
      11360.0  7.33480e-11
      11370.0  7.26539e-11
      11380.0  7.20277e-11
      11390.0  7.14590e-11
      11400.0  7.09369e-11
      11410.0  7.04503e-11
      11420.0  6.99879e-11
      11430.0  6.95389e-11
      11440.0  6.90925e-11
      11450.0  6.86387e-11
      11460.0  6.81680e-11
      11470.0  6.76720e-11
      11480.0  6.71431e-11
      11490.0  6.65751e-11
      11500.0  6.59627e-11
      11510.0  6.53021e-11
      11520.0  6.45905e-11
      11530.0  6.38268e-11
      11540.0  6.30108e-11
      11550.0  6.21438e-11
      11560.0  6.12280e-11
      11570.0  6.02669e-11
      11580.0  5.92648e-11
      11590.0  5.82268e-11
      11600.0  5.71588e-11
      11610.0  5.60672e-11
      11620.0  5.49587e-11
      11630.0  5.38403e-11
      11640.0  5.27193e-11
      11650.0  5.16025e-11
      11660.0  5.04971e-11
      11670.0  4.94096e-11
      11680.0  4.83462e-11
      11690.0  4.73128e-11
      11700.0  4.63144e-11
      11710.0  4.53557e-11
      11720.0  4.44405e-11
      11730.0  4.35720e-11
      11740.0  4.27527e-11
      11750.0  4.19843e-11
      11760.0  4.12677e-11
      11770.0  4.06031e-11
      11780.0  3.99901e-11
      11790.0  3.94276e-11
      11800.0  3.89139e-11
      11810.0  3.84465e-11
      11820.0  3.80226e-11
      11830.0  3.76390e-11
      11840.0  3.72918e-11
      11850.0  3.69770e-11
      11860.0  3.66902e-11
      11870.0  3.64270e-11
      11880.0  3.61825e-11
      11890.0  3.59521e-11
      11900.0  3.57311e-11
      11910.0  3.55149e-11
      11920.0  3.52992e-11
      11930.0  3.50797e-11
      11940.0  3.48527e-11
      11950.0  3.46146e-11
      11960.0  3.43626e-11
      11970.0  3.40941e-11
      11980.0  3.38072e-11
      11990.0  3.35004e-11
      12000.0  3.31731e-11
      12010.0  3.28248e-11
      12020.0  3.24561e-11
      12030.0  3.20679e-11
      12040.0  3.16617e-11
      12050.0  3.12395e-11
      12060.0  3.08038e-11
      12070.0  3.03576e-11
      12080.0  2.99042e-11
      12090.0  2.94471e-11
      12100.0  2.89903e-11
      12110.0  2.85377e-11
      12120.0  2.80937e-11
      12130.0  2.76622e-11
      12140.0  2.72477e-11
      12150.0  2.68542e-11
      12160.0  2.64858e-11
      12170.0  2.61463e-11
      12180.0  2.58394e-11
      12190.0  2.55685e-11
      12200.0  2.53368e-11
      12210.0  2.51469e-11
      12220.0  2.50014e-11
      12230.0  2.49023e-11
      12240.0  2.48513e-11
      12250.0  2.48496e-11
      12260.0  2.48980e-11
      12270.0  2.49970e-11
      12280.0  2.51465e-11
      12290.0  2.53458e-11
      12300.0  2.55942e-11
      12310.0  2.58901e-11
      12320.0  2.62318e-11
      12330.0  2.66170e-11
      12340.0  2.70430e-11
      12350.0  2.75070e-11
      12360.0  2.80055e-11
      12370.0  2.85351e-11
      12380.0  2.90919e-11
      12390.0  2.96718e-11
      12400.0  3.02706e-11
      12410.0  3.08842e-11
      12420.0  3.15081e-11
      12430.0  3.21379e-11
      12440.0  3.27693e-11
      12450.0  3.33981e-11
      12460.0  3.40200e-11
      12470.0  3.46311e-11
      12480.0  3.52274e-11
      12490.0  3.58054e-11
      12500.0  3.63615e-11
      12510.0  3.68927e-11
      12520.0  3.73958e-11
      12530.0  3.78682e-11
      12540.0  3.83075e-11
      12550.0  3.87116e-11
      12560.0  3.90785e-11
      12570.0  3.94069e-11
      12580.0  3.96954e-11
      12590.0  3.99433e-11
      12600.0  4.01498e-11
      12610.0  4.03147e-11
      12620.0  4.04382e-11
      12630.0  4.05207e-11
      12640.0  4.05628e-11
      12650.0  4.05656e-11
      12660.0  4.05305e-11
      12670.0  4.04589e-11
      12680.0  4.03529e-11
      12690.0  4.02143e-11
      12700.0  4.00455e-11
      12710.0  3.98488e-11
      12720.0  3.96266e-11
      12730.0  3.93814e-11
      12740.0  3.91157e-11
      12750.0  3.88320e-11
      12760.0  3.85325e-11
      12770.0  3.82196e-11
      12780.0  3.78952e-11
      12790.0  3.75612e-11
      12800.0  3.72193e-11
      12810.0  3.68707e-11
      12820.0  3.65168e-11
      12830.0  3.61583e-11
      12840.0  3.57959e-11
      12850.0  3.54301e-11
      12860.0  3.50610e-11
      12870.0  3.46887e-11
      12880.0  3.43129e-11
      12890.0  3.39334e-11
      12900.0  3.35497e-11
      12910.0  3.31614e-11
      12920.0  3.27680e-11
      12930.0  3.23690e-11
      12940.0  3.19638e-11
      12950.0  3.15520e-11
      12960.0  3.11333e-11
      12970.0  3.07076e-11
      12980.0  3.02747e-11
      12990.0  2.98347e-11
      13000.0  2.93880e-11
      13010.0  2.89350e-11
      13020.0  2.84763e-11
      13030.0  2.80130e-11
      13040.0  2.75459e-11
      13050.0  2.70764e-11
      13060.0  2.66058e-11
      13070.0  2.61358e-11
      13080.0  2.56681e-11
      13090.0  2.52045e-11
      13100.0  2.47470e-11
      13110.0  2.42976e-11
      13120.0  2.38584e-11
      13130.0  2.34314e-11
      13140.0  2.30189e-11
      13150.0  2.26228e-11
      13160.0  2.22451e-11
      13170.0  2.18880e-11
      13180.0  2.15531e-11
      13190.0  2.12424e-11
      13200.0  2.09573e-11
      13210.0  2.06995e-11
      13220.0  2.04702e-11
      13230.0  2.02707e-11
      13240.0  2.01020e-11
      13250.0  1.99649e-11
      13260.0  1.98601e-11
      13270.0  1.97880e-11
      13280.0  1.97488e-11
      13290.0  1.97427e-11
      13300.0  1.97693e-11
      13310.0  1.98284e-11
      13320.0  1.99192e-11
      13330.0  2.00410e-11
      13340.0  2.01926e-11
      13350.0  2.03728e-11
      13360.0  2.05799e-11
      13370.0  2.08123e-11
      13380.0  2.10681e-11
      13390.0  2.13450e-11
      13400.0  2.16409e-11
      13410.0  2.19534e-11
      13420.0  2.22799e-11
      13430.0  2.26179e-11
      13440.0  2.29648e-11
      13450.0  2.33180e-11
      13460.0  2.36748e-11
      13470.0  2.40329e-11
      13480.0  2.43897e-11
      13490.0  2.47430e-11
      13500.0  2.50906e-11
      13510.0  2.54305e-11
      13520.0  2.57609e-11
      13530.0  2.60802e-11
      13540.0  2.63869e-11
      13550.0  2.66799e-11
      13560.0  2.69580e-11
      13570.0  2.72205e-11
      13580.0  2.74667e-11
      13590.0  2.76961e-11
      13600.0  2.79085e-11
      13610.0  2.81037e-11
      13620.0  2.82816e-11
      13630.0  2.84423e-11
      13640.0  2.85862e-11
      13650.0  2.87134e-11
      13660.0  2.88244e-11
      13670.0  2.89197e-11
      13680.0  2.89998e-11
      13690.0  2.90652e-11
      13700.0  2.91166e-11
      13710.0  2.91547e-11
      13720.0  2.91800e-11
      13730.0  2.91932e-11
      13740.0  2.91948e-11
      13750.0  2.91857e-11
      13760.0  2.91661e-11
      13770.0  2.91368e-11
      13780.0  2.90982e-11
      13790.0  2.90507e-11
      13800.0  2.89946e-11
      13810.0  2.89304e-11
      13820.0  2.88582e-11
      13830.0  2.87782e-11
      13840.0  2.86906e-11
      13850.0  2.85955e-11
      13860.0  2.84931e-11
      13870.0  2.83832e-11
      13880.0  2.82661e-11
      13890.0  2.81418e-11
      13900.0  2.80103e-11
      13910.0  2.78718e-11
      13920.0  2.77264e-11
      13930.0  2.75742e-11
      13940.0  2.74157e-11
      13950.0  2.72511e-11
      13960.0  2.70809e-11
      13970.0  2.69055e-11
      13980.0  2.67255e-11
      13990.0  2.65416e-11
      14000.0  2.63546e-11
      14010.0  2.61652e-11
      14020.0  2.59743e-11
      14030.0  2.57829e-11
      14040.0  2.55919e-11
      14050.0  2.54024e-11
      14060.0  2.52152e-11
      14070.0  2.50315e-11
      14080.0  2.48523e-11
      14090.0  2.46785e-11
      14100.0  2.45112e-11
      14110.0  2.43513e-11
      14120.0  2.41997e-11
      14130.0  2.40572e-11
      14140.0  2.39247e-11
      14150.0  2.38029e-11
      14160.0  2.36925e-11
      14170.0  2.35942e-11
      14180.0  2.35086e-11
      14190.0  2.34361e-11
      14200.0  2.33773e-11
      14210.0  2.33325e-11
      14220.0  2.33021e-11
      14230.0  2.32864e-11
      14240.0  2.32855e-11
      14250.0  2.32995e-11
      14260.0  2.33284e-11
      14270.0  2.33722e-11
      14280.0  2.34306e-11
      14290.0  2.35033e-11
      14300.0  2.35900e-11
      14310.0  2.36901e-11
      14320.0  2.38029e-11
      14330.0  2.39277e-11
      14340.0  2.40636e-11
      14350.0  2.42096e-11
      14360.0  2.43647e-11
      14370.0  2.45278e-11
      14380.0  2.46975e-11
      14390.0  2.48728e-11
      14400.0  2.50523e-11
      14410.0  2.52347e-11
      14420.0  2.54190e-11
      14430.0  2.56039e-11
      14440.0  2.57885e-11
      14450.0  2.59718e-11
      14460.0  2.61531e-11
      14470.0  2.63318e-11
      14480.0  2.65076e-11
      14490.0  2.66804e-11
      14500.0  2.68502e-11
      14510.0  2.70174e-11
      14520.0  2.71826e-11
      14530.0  2.73466e-11
      14540.0  2.75104e-11
      14550.0  2.76755e-11
      14560.0  2.78432e-11
      14570.0  2.80151e-11
      14580.0  2.81932e-11
      14590.0  2.83792e-11
      14600.0  2.85751e-11
      14610.0  2.87830e-11
      14620.0  2.90046e-11
      14630.0  2.92419e-11
      14640.0  2.94966e-11
      14650.0  2.97704e-11
      14660.0  3.00646e-11
      14670.0  3.03805e-11
      14680.0  3.07188e-11
      14690.0  3.10802e-11
      14700.0  3.14650e-11
      14710.0  3.18731e-11
      14720.0  3.23041e-11
      14730.0  3.27573e-11
      14740.0  3.32315e-11
      14750.0  3.37255e-11
      14760.0  3.42373e-11
      14770.0  3.47649e-11
      14780.0  3.53061e-11
      14790.0  3.58582e-11
      14800.0  3.64184e-11
      14810.0  3.69838e-11
      14820.0  3.75514e-11
      14830.0  3.81178e-11
      14840.0  3.86799e-11
      14850.0  3.92345e-11
      14860.0  3.97783e-11
      14870.0  4.03082e-11
      14880.0  4.08211e-11
      14890.0  4.13143e-11
      14900.0  4.17850e-11
      14910.0  4.22308e-11
      14920.0  4.26495e-11
      14930.0  4.30390e-11
      14940.0  4.33978e-11
      14950.0  4.37243e-11
      14960.0  4.40176e-11
      14970.0  4.42768e-11
      14980.0  4.45015e-11
      14990.0  4.46913e-11
      15000.0  4.48465e-11
      15010.0  4.49673e-11
      15020.0  4.50542e-11
      15030.0  4.51081e-11
      15040.0  4.51300e-11
      15050.0  4.51208e-11
      15060.0  4.50820e-11
      15070.0  4.50149e-11
      15080.0  4.49210e-11
      15090.0  4.48017e-11
      15100.0  4.46587e-11
      15110.0  4.44936e-11
      15120.0  4.43080e-11
      15130.0  4.41035e-11
      15140.0  4.38816e-11
      15150.0  4.36440e-11
      15160.0  4.33923e-11
      15170.0  4.31281e-11
      15180.0  4.28528e-11
      15190.0  4.25682e-11
      15200.0  4.22756e-11
      15210.0  4.19768e-11
      15220.0  4.16734e-11
      15230.0  4.13668e-11
      15240.0  4.10588e-11
      15250.0  4.07511e-11
      15260.0  4.04452e-11
      15270.0  4.01429e-11
      15280.0  3.98458e-11
      15290.0  3.95556e-11
      15300.0  3.92739e-11
      15310.0  3.90024e-11
      15320.0  3.87425e-11
      15330.0  3.84957e-11
      15340.0  3.82633e-11
      15350.0  3.80466e-11
      15360.0  3.78467e-11
      15370.0  3.76645e-11
      15380.0  3.75008e-11
      15390.0  3.73562e-11
      15400.0  3.72310e-11
      15410.0  3.71255e-11
      15420.0  3.70397e-11
      15430.0  3.69735e-11
      15440.0  3.69263e-11
      15450.0  3.68978e-11
      15460.0  3.68871e-11
      15470.0  3.68935e-11
      15480.0  3.69159e-11
      15490.0  3.69531e-11
      15500.0  3.70041e-11
      15510.0  3.70674e-11
      15520.0  3.71419e-11
      15530.0  3.72262e-11
      15540.0  3.73189e-11
      15550.0  3.74187e-11
      15560.0  3.75244e-11
      15570.0  3.76348e-11
      15580.0  3.77488e-11
      15590.0  3.78653e-11
      15600.0  3.79834e-11
      15610.0  3.81023e-11
      15620.0  3.82212e-11
      15630.0  3.83396e-11
      15640.0  3.84568e-11
      15650.0  3.85725e-11
      15660.0  3.86863e-11
      15670.0  3.87980e-11
      15680.0  3.89073e-11
      15690.0  3.90141e-11
      15700.0  3.91182e-11
      15710.0  3.92195e-11
      15720.0  3.93179e-11
      15730.0  3.94134e-11
      15740.0  3.95058e-11
      15750.0  3.95950e-11
      15760.0  3.96808e-11
      15770.0  3.97632e-11
      15780.0  3.98418e-11
      15790.0  3.99167e-11
      15800.0  3.99874e-11
      15810.0  4.00539e-11
      15820.0  4.01159e-11
      15830.0  4.01732e-11
      15840.0  4.02258e-11
      15850.0  4.02734e-11
      15860.0  4.03161e-11
      15870.0  4.03539e-11
      15880.0  4.03867e-11
      15890.0  4.04147e-11
      15900.0  4.04383e-11
      15910.0  4.04575e-11
      15920.0  4.04728e-11
      15930.0  4.04847e-11
      15940.0  4.04937e-11
      15950.0  4.05003e-11
      15960.0  4.05051e-11
      15970.0  4.05088e-11
      15980.0  4.05120e-11
      15990.0  4.05154e-11
      16000.0  4.05196e-11
      16010.0  4.05251e-11
      16020.0  4.05326e-11
      16030.0  4.05424e-11
      16040.0  4.05549e-11
      16050.0  4.05704e-11
      16060.0  4.05890e-11
      16070.0  4.06108e-11
      16080.0  4.06356e-11
      16090.0  4.06631e-11
      16100.0  4.06932e-11
      16110.0  4.07252e-11
      16120.0  4.07587e-11
      16130.0  4.07929e-11
      16140.0  4.08273e-11
      16150.0  4.08610e-11
      16160.0  4.08932e-11
      16170.0  4.09232e-11
      16180.0  4.09502e-11
      16190.0  4.09735e-11
      16200.0  4.09925e-11
      16210.0  4.10065e-11
      16220.0  4.10151e-11
      16230.0  4.10179e-11
      16240.0  4.10148e-11
      16250.0  4.10056e-11
      16260.0  4.09904e-11
      16270.0  4.09693e-11
      16280.0  4.09426e-11
      16290.0  4.09108e-11
      16300.0  4.08743e-11
      16310.0  4.08337e-11
      16320.0  4.07897e-11
      16330.0  4.07431e-11
      16340.0  4.06945e-11
      16350.0  4.06446e-11
      16360.0  4.05942e-11
      16370.0  4.05438e-11
      16380.0  4.04942e-11
      16390.0  4.04457e-11
      16400.0  4.03987e-11
      16410.0  4.03535e-11
      16420.0  4.03102e-11
      16430.0  4.02688e-11
      16440.0  4.02290e-11
      16450.0  4.01905e-11
      16460.0  4.01528e-11
      16470.0  4.01152e-11
      16480.0  4.00770e-11
      16490.0  4.00371e-11
      16500.0  3.99946e-11
      16510.0  3.99483e-11
      16520.0  3.98970e-11
      16530.0  3.98394e-11
      16540.0  3.97741e-11
      16550.0  3.97000e-11
      16560.0  3.96156e-11
      16570.0  3.95197e-11
      16580.0  3.94111e-11
      16590.0  3.92888e-11
      16600.0  3.91517e-11
      16610.0  3.89991e-11
      16620.0  3.88301e-11
      16630.0  3.86445e-11
      16640.0  3.84417e-11
      16650.0  3.82218e-11
      16660.0  3.79848e-11
      16670.0  3.77310e-11
      16680.0  3.74610e-11
      16690.0  3.71754e-11
      16700.0  3.68753e-11
      16710.0  3.65616e-11
      16720.0  3.62357e-11
      16730.0  3.58990e-11
      16740.0  3.55532e-11
      16750.0  3.51998e-11
      16760.0  3.48406e-11
      16770.0  3.44776e-11
      16780.0  3.41124e-11
      16790.0  3.37471e-11
      16800.0  3.33835e-11
      16810.0  3.30233e-11
      16820.0  3.26682e-11
      16830.0  3.23201e-11
      16840.0  3.19802e-11
      16850.0  3.16501e-11
      16860.0  3.13309e-11
      16870.0  3.10239e-11
      16880.0  3.07298e-11
      16890.0  3.04494e-11
      16900.0  3.01833e-11
      16910.0  2.99320e-11
      16920.0  2.96955e-11
      16930.0  2.94741e-11
      16940.0  2.92677e-11
      16950.0  2.90760e-11
      16960.0  2.88988e-11
      16970.0  2.87355e-11
      16980.0  2.85856e-11
      16990.0  2.84486e-11
      17000.0  2.83237e-11
      17010.0  2.82103e-11
      17020.0  2.81075e-11
      17030.0  2.80145e-11
      17040.0  2.79307e-11
      17050.0  2.78552e-11
      17060.0  2.77872e-11
      17070.0  2.77260e-11
      17080.0  2.76710e-11
      17090.0  2.76214e-11
      17100.0  2.75767e-11
      17110.0  2.75364e-11
      17120.0  2.74998e-11
      17130.0  2.74668e-11
      17140.0  2.74368e-11
      17150.0  2.74096e-11
      17160.0  2.73851e-11
      17170.0  2.73630e-11
      17180.0  2.73435e-11
      17190.0  2.73263e-11
      17200.0  2.73117e-11
      17210.0  2.72998e-11
      17220.0  2.72908e-11
      17230.0  2.72850e-11
      17240.0  2.72828e-11
      17250.0  2.72844e-11
      17260.0  2.72903e-11
      17270.0  2.73009e-11
      17280.0  2.73167e-11
      17290.0  2.73381e-11
      17300.0  2.73657e-11
      17310.0  2.73999e-11
      17320.0  2.74410e-11
      17330.0  2.74896e-11
      17340.0  2.75459e-11
      17350.0  2.76104e-11
      17360.0  2.76831e-11
      17370.0  2.77643e-11
      17380.0  2.78542e-11
      17390.0  2.79526e-11
      17400.0  2.80596e-11
      17410.0  2.81750e-11
      17420.0  2.82984e-11
      17430.0  2.84297e-11
      17440.0  2.85683e-11
      17450.0  2.87138e-11
      17460.0  2.88654e-11
      17470.0  2.90226e-11
      17480.0  2.91847e-11
      17490.0  2.93508e-11
      17500.0  2.95201e-11
      17510.0  2.96917e-11
      17520.0  2.98647e-11
      17530.0  3.00382e-11
      17540.0  3.02112e-11
      17550.0  3.03829e-11
      17560.0  3.05524e-11
      17570.0  3.07186e-11
      17580.0  3.08809e-11
      17590.0  3.10384e-11
      17600.0  3.11902e-11
      17610.0  3.13358e-11
      17620.0  3.14743e-11
      17630.0  3.16053e-11
      17640.0  3.17282e-11
      17650.0  3.18424e-11
      17660.0  3.19475e-11
      17670.0  3.20433e-11
      17680.0  3.21293e-11
      17690.0  3.22053e-11
      17700.0  3.22711e-11
      17710.0  3.23266e-11
      17720.0  3.23717e-11
      17730.0  3.24063e-11
      17740.0  3.24305e-11
      17750.0  3.24441e-11
      17760.0  3.24474e-11
      17770.0  3.24405e-11
      17780.0  3.24234e-11
      17790.0  3.23964e-11
      17800.0  3.23597e-11
      17810.0  3.23134e-11
      17820.0  3.22579e-11
      17830.0  3.21935e-11
      17840.0  3.21205e-11
      17850.0  3.20392e-11
      17860.0  3.19499e-11
      17870.0  3.18532e-11
      17880.0  3.17492e-11
      17890.0  3.16385e-11
      17900.0  3.15215e-11
      17910.0  3.13985e-11
      17920.0  3.12701e-11
      17930.0  3.11366e-11
      17940.0  3.09984e-11
      17950.0  3.08559e-11
      17960.0  3.07096e-11
      17970.0  3.05597e-11
      17980.0  3.04066e-11
      17990.0  3.02507e-11
      18000.0  3.00921e-11
      18010.0  2.99313e-11
      18020.0  2.97683e-11
      18030.0  2.96034e-11
      18040.0  2.94367e-11
      18050.0  2.92684e-11
      18060.0  2.90986e-11
      18070.0  2.89273e-11
      18080.0  2.87547e-11
      18090.0  2.85807e-11
      18100.0  2.84055e-11
      18110.0  2.82289e-11
      18120.0  2.80511e-11
      18130.0  2.78720e-11
      18140.0  2.76917e-11
      18150.0  2.75101e-11
      18160.0  2.73272e-11
      18170.0  2.71431e-11
      18180.0  2.69578e-11
      18190.0  2.67712e-11
      18200.0  2.65835e-11
      18210.0  2.63946e-11
      18220.0  2.62045e-11
      18230.0  2.60133e-11
      18240.0  2.58210e-11
      18250.0  2.56276e-11
      18260.0  2.54332e-11
      18270.0  2.52378e-11
      18280.0  2.50414e-11
      18290.0  2.48440e-11
      18300.0  2.46457e-11
      18310.0  2.44465e-11
      18320.0  2.42464e-11
      18330.0  2.40454e-11
      18340.0  2.38437e-11
      18350.0  2.36414e-11
      18360.0  2.34384e-11
      18370.0  2.32349e-11
      18380.0  2.30310e-11
      18390.0  2.28269e-11
      18400.0  2.26229e-11
      18410.0  2.24190e-11
      18420.0  2.22155e-11
      18430.0  2.20128e-11
      18440.0  2.18112e-11
      18450.0  2.16109e-11
      18460.0  2.14123e-11
      18470.0  2.12159e-11
      18480.0  2.10220e-11
      18490.0  2.08312e-11
      18500.0  2.06437e-11
      18510.0  2.04600e-11
      18520.0  2.02807e-11
      18530.0  2.01060e-11
      18540.0  1.99365e-11
      18550.0  1.97724e-11
      18560.0  1.96141e-11
      18570.0  1.94620e-11
      18580.0  1.93162e-11
      18590.0  1.91770e-11
      18600.0  1.90446e-11
      18610.0  1.89189e-11
      18620.0  1.88002e-11
      18630.0  1.86882e-11
      18640.0  1.85829e-11
      18650.0  1.84841e-11
      18660.0  1.83917e-11
      18670.0  1.83052e-11
      18680.0  1.82244e-11
      18690.0  1.81489e-11
      18700.0  1.80782e-11
      18710.0  1.80119e-11
      18720.0  1.79494e-11
      18730.0  1.78902e-11
      18740.0  1.78339e-11
      18750.0  1.77799e-11
      18760.0  1.77276e-11
      18770.0  1.76766e-11
      18780.0  1.76264e-11
      18790.0  1.75765e-11
      18800.0  1.75266e-11
      18810.0  1.74763e-11
      18820.0  1.74252e-11
      18830.0  1.73732e-11
      18840.0  1.73199e-11
      18850.0  1.72653e-11
      18860.0  1.72092e-11
      18870.0  1.71516e-11
      18880.0  1.70925e-11
      18890.0  1.70319e-11
      18900.0  1.69700e-11
      18910.0  1.69068e-11
      18920.0  1.68426e-11
      18930.0  1.67775e-11
      18940.0  1.67116e-11
      18950.0  1.66454e-11
      18960.0  1.65788e-11
      18970.0  1.65123e-11
      18980.0  1.64460e-11
      18990.0  1.63801e-11
      19000.0  1.63148e-11
      19010.0  1.62504e-11
      19020.0  1.61871e-11
      19030.0  1.61249e-11
      19040.0  1.60641e-11
      19050.0  1.60048e-11
      19060.0  1.59470e-11
      19070.0  1.58909e-11
      19080.0  1.58365e-11
      19090.0  1.57839e-11
      19100.0  1.57331e-11
      19110.0  1.56842e-11
      19120.0  1.56371e-11
      19130.0  1.55918e-11
      19140.0  1.55484e-11
      19150.0  1.55067e-11
      19160.0  1.54668e-11
      19170.0  1.54286e-11
      19180.0  1.53920e-11
      19190.0  1.53570e-11
      19200.0  1.53235e-11
      19210.0  1.52914e-11
      19220.0  1.52607e-11
      19230.0  1.52313e-11
      19240.0  1.52030e-11
      19250.0  1.51759e-11
      19260.0  1.51498e-11
      19270.0  1.51247e-11
      19280.0  1.51005e-11
      19290.0  1.50772e-11
      19300.0  1.50548e-11
      19310.0  1.50331e-11
      19320.0  1.50122e-11
      19330.0  1.49922e-11
      19340.0  1.49730e-11
      19350.0  1.49548e-11
      19360.0  1.49376e-11
      19370.0  1.49214e-11
      19380.0  1.49065e-11
      19390.0  1.48929e-11
      19400.0  1.48808e-11
      19410.0  1.48704e-11
      19420.0  1.48619e-11
      19430.0  1.48553e-11
      19440.0  1.48510e-11
      19450.0  1.48491e-11
      19460.0  1.48498e-11
      19470.0  1.48531e-11
      19480.0  1.48593e-11
      19490.0  1.48685e-11
      19500.0  1.48806e-11
      19510.0  1.48958e-11
      19520.0  1.49140e-11
      19530.0  1.49352e-11
      19540.0  1.49593e-11
      19550.0  1.49860e-11
      19560.0  1.50153e-11
      19570.0  1.50469e-11
      19580.0  1.50804e-11
      19590.0  1.51155e-11
      19600.0  1.51518e-11
      19610.0  1.51889e-11
      19620.0  1.52262e-11
      19630.0  1.52634e-11
      19640.0  1.52998e-11
      19650.0  1.53349e-11
      19660.0  1.53681e-11
      19670.0  1.53988e-11
      19680.0  1.54266e-11
      19690.0  1.54507e-11
      19700.0  1.54706e-11
      19710.0  1.54859e-11
      19720.0  1.54960e-11
      19730.0  1.55004e-11
      19740.0  1.54987e-11
      19750.0  1.54904e-11
      19760.0  1.54753e-11
      19770.0  1.54531e-11
      19780.0  1.54234e-11
      19790.0  1.53861e-11
      19800.0  1.53411e-11
      19810.0  1.52882e-11
      19820.0  1.52275e-11
      19830.0  1.51590e-11
      19840.0  1.50828e-11
      19850.0  1.49990e-11
      19860.0  1.49079e-11
      19870.0  1.48096e-11
      19880.0  1.47044e-11
      19890.0  1.45928e-11
      19900.0  1.44750e-11
      19910.0  1.43514e-11
      19920.0  1.42224e-11
      19930.0  1.40886e-11
      19940.0  1.39503e-11
      19950.0  1.38081e-11
      19960.0  1.36623e-11
      19970.0  1.35135e-11
      19980.0  1.33622e-11
      19990.0  1.32087e-11
      20000.0  1.30537e-11
      20010.0  1.28974e-11
      20020.0  1.27404e-11
      20030.0  1.25831e-11
      20040.0  1.24258e-11
      20050.0  1.22690e-11
      20060.0  1.21129e-11
      20070.0  1.19580e-11
      20080.0  1.18044e-11
      20090.0  1.16526e-11
      20100.0  1.15028e-11
      20110.0  1.13552e-11
      20120.0  1.12101e-11
      20130.0  1.10677e-11
      20140.0  1.09282e-11
      20150.0  1.07919e-11
      20160.0  1.06588e-11
      20170.0  1.05293e-11
      20180.0  1.04034e-11
      20190.0  1.02814e-11
      20200.0  1.01634e-11
      20210.0  1.00495e-11
      20220.0  9.94001e-12
      20230.0  9.83494e-12
      20240.0  9.73447e-12
      20250.0  9.63875e-12
      20260.0  9.54789e-12
      20270.0  9.46204e-12
      20280.0  9.38128e-12
      20290.0  9.30575e-12
      20300.0  9.23552e-12
      20310.0  9.17068e-12
      20320.0  9.11131e-12
      20330.0  9.05747e-12
      20340.0  9.00920e-12
      20350.0  8.96654e-12
      20360.0  8.92951e-12
      20370.0  8.89812e-12
      20380.0  8.87235e-12
      20390.0  8.85220e-12
      20400.0  8.83761e-12
      20410.0  8.82855e-12
      20420.0  8.82494e-12
      20430.0  8.82670e-12
      20440.0  8.83374e-12
      20450.0  8.84595e-12
      20460.0  8.86321e-12
      20470.0  8.88537e-12
      20480.0  8.91230e-12
      20490.0  8.94382e-12
      20500.0  8.97976e-12
      20510.0  9.01994e-12
      20520.0  9.06414e-12
      20530.0  9.11217e-12
      20540.0  9.16379e-12
      20550.0  9.21877e-12
      20560.0  9.27688e-12
      20570.0  9.33786e-12
      20580.0  9.40145e-12
      20590.0  9.46739e-12
      20600.0  9.53543e-12
      20610.0  9.60529e-12
      20620.0  9.67670e-12
      20630.0  9.74941e-12
      20640.0  9.82315e-12
      20650.0  9.89768e-12
      20660.0  9.97275e-12
      20670.0  1.00481e-11
      20680.0  1.01236e-11
      20690.0  1.01990e-11
      20700.0  1.02742e-11
      20710.0  1.03489e-11
      20720.0  1.04230e-11
      20730.0  1.04965e-11
      20740.0  1.05693e-11
      20750.0  1.06413e-11
      20760.0  1.07125e-11
      20770.0  1.07829e-11
      20780.0  1.08526e-11
      20790.0  1.09215e-11
      20800.0  1.09900e-11
      20810.0  1.10579e-11
      20820.0  1.11256e-11
      20830.0  1.11931e-11
      20840.0  1.12606e-11
      20850.0  1.13283e-11
      20860.0  1.13964e-11
      20870.0  1.14652e-11
      20880.0  1.15347e-11
      20890.0  1.16052e-11
      20900.0  1.16769e-11
      20910.0  1.17498e-11
      20920.0  1.18241e-11
      20930.0  1.18999e-11
      20940.0  1.19772e-11
      20950.0  1.20560e-11
      20960.0  1.21363e-11
      20970.0  1.22181e-11
      20980.0  1.23011e-11
      20990.0  1.23853e-11
      21000.0  1.24704e-11
      21010.0  1.25563e-11
      21020.0  1.26427e-11
      21030.0  1.27292e-11
      21040.0  1.28156e-11
      21050.0  1.29015e-11
      21060.0  1.29867e-11
      21070.0  1.30708e-11
      21080.0  1.31535e-11
      21090.0  1.32344e-11
      21100.0  1.33132e-11
      21110.0  1.33897e-11
      21120.0  1.34635e-11
      21130.0  1.35343e-11
      21140.0  1.36020e-11
      21150.0  1.36663e-11
      21160.0  1.37269e-11
      21170.0  1.37837e-11
      21180.0  1.38366e-11
      21190.0  1.38853e-11
      21200.0  1.39297e-11
      21210.0  1.39698e-11
      21220.0  1.40054e-11
      21230.0  1.40364e-11
      21240.0  1.40627e-11
      21250.0  1.40844e-11
      21260.0  1.41013e-11
      21270.0  1.41134e-11
      21280.0  1.41207e-11
      21290.0  1.41230e-11
      21300.0  1.41205e-11
      21310.0  1.41131e-11
      21320.0  1.41007e-11
      21330.0  1.40834e-11
      21340.0  1.40612e-11
      21350.0  1.40340e-11
      21360.0  1.40019e-11
      21370.0  1.39650e-11
      21380.0  1.39231e-11
      21390.0  1.38765e-11
      21400.0  1.38250e-11
      21410.0  1.37689e-11
      21420.0  1.37082e-11
      21430.0  1.36429e-11
      21440.0  1.35732e-11
      21450.0  1.34993e-11
      21460.0  1.34213e-11
      21470.0  1.33393e-11
      21480.0  1.32536e-11
      21490.0  1.31644e-11
      21500.0  1.30719e-11
      21510.0  1.29765e-11
      21520.0  1.28784e-11
      21530.0  1.27779e-11
      21540.0  1.26754e-11
      21550.0  1.25713e-11
      21560.0  1.24660e-11
      21570.0  1.23598e-11
      21580.0  1.22531e-11
      21590.0  1.21465e-11
      21600.0  1.20403e-11
      21610.0  1.19350e-11
      21620.0  1.18311e-11
      21630.0  1.17290e-11
      21640.0  1.16292e-11
      21650.0  1.15320e-11
      21660.0  1.14380e-11
      21670.0  1.13476e-11
      21680.0  1.12611e-11
      21690.0  1.11790e-11
      21700.0  1.11016e-11
      21710.0  1.10293e-11
      21720.0  1.09624e-11
      21730.0  1.09010e-11
      21740.0  1.08456e-11
      21750.0  1.07964e-11
      21760.0  1.07534e-11
      21770.0  1.07169e-11
      21780.0  1.06871e-11
      21790.0  1.06639e-11
      21800.0  1.06475e-11
      21810.0  1.06379e-11
      21820.0  1.06351e-11
      21830.0  1.06390e-11
      21840.0  1.06498e-11
      21850.0  1.06671e-11
      21860.0  1.06911e-11
      21870.0  1.07214e-11
      21880.0  1.07581e-11
      21890.0  1.08010e-11
      21900.0  1.08498e-11
      21910.0  1.09045e-11
      21920.0  1.09648e-11
      21930.0  1.10305e-11
      21940.0  1.11013e-11
      21950.0  1.11772e-11
      21960.0  1.12578e-11
      21970.0  1.13429e-11
      21980.0  1.14322e-11
      21990.0  1.15256e-11
      22000.0  1.16227e-11
      22010.0  1.17232e-11
      22020.0  1.18270e-11
      22030.0  1.19337e-11
      22040.0  1.20430e-11
      22050.0  1.21547e-11
      22060.0  1.22684e-11
      22070.0  1.23839e-11
      22080.0  1.25008e-11
      22090.0  1.26189e-11
      22100.0  1.27377e-11
      22110.0  1.28570e-11
      22120.0  1.29765e-11
      22130.0  1.30957e-11
      22140.0  1.32143e-11
      22150.0  1.33321e-11
      22160.0  1.34485e-11
      22170.0  1.35633e-11
      22180.0  1.36760e-11
      22190.0  1.37863e-11
      22200.0  1.38939e-11
      22210.0  1.39983e-11
      22220.0  1.40992e-11
      22230.0  1.41962e-11
      22240.0  1.42890e-11
      22250.0  1.43771e-11
      22260.0  1.44603e-11
      22270.0  1.45382e-11
      22280.0  1.46105e-11
      22290.0  1.46768e-11
      22300.0  1.47369e-11
      22310.0  1.47905e-11
      22320.0  1.48373e-11
      22330.0  1.48771e-11
      22340.0  1.49096e-11
      22350.0  1.49347e-11
      22360.0  1.49522e-11
      22370.0  1.49620e-11
      22380.0  1.49638e-11
      22390.0  1.49577e-11
      22400.0  1.49436e-11
      22410.0  1.49213e-11
      22420.0  1.48910e-11
      22430.0  1.48526e-11
      22440.0  1.48062e-11
      22450.0  1.47517e-11
      22460.0  1.46894e-11
      22470.0  1.46193e-11
      22480.0  1.45416e-11
      22490.0  1.44564e-11
      22500.0  1.43638e-11
      22510.0  1.42642e-11
      22520.0  1.41576e-11
      22530.0  1.40444e-11
      22540.0  1.39247e-11
      22550.0  1.37989e-11
      22560.0  1.36671e-11
      22570.0  1.35297e-11
      22580.0  1.33870e-11
      22590.0  1.32392e-11
      22600.0  1.30867e-11
      22610.0  1.29298e-11
      22620.0  1.27687e-11
      22630.0  1.26039e-11
      22640.0  1.24355e-11
      22650.0  1.22641e-11
      22660.0  1.20898e-11
      22670.0  1.19131e-11
      22680.0  1.17343e-11
      22690.0  1.15537e-11
      22700.0  1.13717e-11
      22710.0  1.11886e-11
      22720.0  1.10048e-11
      22730.0  1.08207e-11
      22740.0  1.06366e-11
      22750.0  1.04528e-11
      22760.0  1.02698e-11
      22770.0  1.00879e-11
      22780.0  9.90745e-12
      22790.0  9.72887e-12
      22800.0  9.55251e-12
      22810.0  9.37876e-12
      22820.0  9.20798e-12
      22830.0  9.04055e-12
      22840.0  8.87686e-12
      22850.0  8.71727e-12
      22860.0  8.56216e-12
      22870.0  8.41190e-12
      22880.0  8.26685e-12
      22890.0  8.12739e-12
      22900.0  7.99386e-12
      22910.0  7.86662e-12
      22920.0  7.74602e-12
      22930.0  7.63239e-12
      22940.0  7.52604e-12
      22950.0  7.42730e-12
      22960.0  7.33644e-12
      22970.0  7.25376e-12
      22980.0  7.17951e-12
      22990.0  7.11393e-12
      23000.0  7.05722e-12
      23010.0  7.00959e-12
      23020.0  6.97119e-12
      23030.0  6.94214e-12
      23040.0  6.92255e-12
      23050.0  6.91248e-12
      23060.0  6.91195e-12
      23070.0  6.92096e-12
      23080.0  6.93944e-12
      23090.0  6.96731e-12
      23100.0  7.00442e-12
      23110.0  7.05060e-12
      23120.0  7.10562e-12
      23130.0  7.16921e-12
      23140.0  7.24107e-12
      23150.0  7.32083e-12
      23160.0  7.40811e-12
      23170.0  7.50246e-12
      23180.0  7.60341e-12
      23190.0  7.71045e-12
      23200.0  7.82304e-12
      23210.0  7.94061e-12
      23220.0  8.06256e-12
      23230.0  8.18826e-12
      23240.0  8.31707e-12
      23250.0  8.44835e-12
      23260.0  8.58141e-12
      23270.0  8.71560e-12
      23280.0  8.85023e-12
      23290.0  8.98465e-12
      23300.0  9.11817e-12
      23310.0  9.25015e-12
      23320.0  9.37996e-12
      23330.0  9.50698e-12
      23340.0  9.63060e-12
      23350.0  9.75027e-12
      23360.0  9.86544e-12
      23370.0  9.97560e-12
      23380.0  1.00803e-11
      23390.0  1.01790e-11
      23400.0  1.02715e-11
      23410.0  1.03572e-11
      23420.0  1.04360e-11
      23430.0  1.05074e-11
      23440.0  1.05713e-11
      23450.0  1.06275e-11
      23460.0  1.06757e-11
      23470.0  1.07159e-11
      23480.0  1.07479e-11
      23490.0  1.07718e-11
      23500.0  1.07873e-11
      23510.0  1.07947e-11
      23520.0  1.07938e-11
      23530.0  1.07848e-11
      23540.0  1.07677e-11
      23550.0  1.07426e-11
      23560.0  1.07098e-11
      23570.0  1.06693e-11
      23580.0  1.06213e-11
      23590.0  1.05660e-11
      23600.0  1.05037e-11
      23610.0  1.04346e-11
      23620.0  1.03590e-11
      23630.0  1.02770e-11
      23640.0  1.01891e-11
      23650.0  1.00955e-11
      23660.0  9.99665e-12
      23670.0  9.89279e-12
      23680.0  9.78435e-12
      23690.0  9.67173e-12
      23700.0  9.55534e-12
      23710.0  9.43564e-12
      23720.0  9.31309e-12
      23730.0  9.18821e-12
      23740.0  9.06150e-12
      23750.0  8.93353e-12
      23760.0  8.80488e-12
      23770.0  8.67614e-12
      23780.0  8.54796e-12
      23790.0  8.42098e-12
      23800.0  8.29589e-12
      23810.0  8.17337e-12
      23820.0  8.05415e-12
      23830.0  7.93908e-12
      23840.0  7.82876e-12
      23850.0  7.72387e-12
      23860.0  7.62510e-12
      23870.0  7.53312e-12
      23880.0  7.44855e-12
      23890.0  7.37200e-12
      23900.0  7.30399e-12
      23910.0  7.24499e-12
      23920.0  7.19541e-12
      23930.0  7.15556e-12
      23940.0  7.12567e-12
      23950.0  7.10590e-12
      23960.0  7.09629e-12
      23970.0  7.09683e-12
      23980.0  7.10737e-12
      23990.0  7.12773e-12
      24000.0  7.15763e-12
      24010.0  7.19674e-12
      24020.0  7.24464e-12
      24030.0  7.30092e-12
      24040.0  7.36509e-12
      24050.0  7.43668e-12
      24060.0  7.51517e-12
      24070.0  7.60007e-12
      24080.0  7.69089e-12
      24090.0  7.78716e-12
      24100.0  7.88844e-12
      24110.0  7.99431e-12
      24120.0  8.10439e-12
      24130.0  8.21831e-12
      24140.0  8.33575e-12
      24150.0  8.45642e-12
      24160.0  8.58004e-12
      24170.0  8.70637e-12
      24180.0  8.83517e-12
      24190.0  8.96621e-12
      24200.0  9.09929e-12
      24210.0  9.23418e-12
      24220.0  9.37066e-12
      24230.0  9.50853e-12
      24240.0  9.64753e-12
      24250.0  9.78742e-12
      24260.0  9.92794e-12
      24270.0  1.00688e-11
      24280.0  1.02097e-11
      24290.0  1.03504e-11
      24300.0  1.04904e-11
      24310.0  1.06295e-11
      24320.0  1.07672e-11
      24330.0  1.09032e-11
      24340.0  1.10370e-11
      24350.0  1.11682e-11
      24360.0  1.12963e-11
      24370.0  1.14208e-11
      24380.0  1.15413e-11
      24390.0  1.16571e-11
      24400.0  1.17679e-11
      24410.0  1.18730e-11
      24420.0  1.19719e-11
      24430.0  1.20641e-11
      24440.0  1.21491e-11
      24450.0  1.22263e-11
      24460.0  1.22953e-11
      24470.0  1.23558e-11
      24480.0  1.24073e-11
      24490.0  1.24496e-11
      24500.0  1.24825e-11
      24510.0  1.25060e-11
      24520.0  1.25199e-11
      24530.0  1.25245e-11
      24540.0  1.25200e-11
      24550.0  1.25068e-11
      24560.0  1.24853e-11
      24570.0  1.24563e-11
      24580.0  1.24202e-11
      24590.0  1.23781e-11
      24600.0  1.23306e-11
      24610.0  1.22789e-11
      24620.0  1.22238e-11
      24630.0  1.21663e-11
      24640.0  1.21075e-11
      24650.0  1.20482e-11
      24660.0  1.19894e-11
      24670.0  1.19319e-11
      24680.0  1.18766e-11
      24690.0  1.18240e-11
      24700.0  1.17748e-11
      24710.0  1.17293e-11
      24720.0  1.16881e-11
      24730.0  1.16512e-11
      24740.0  1.16188e-11
      24750.0  1.15910e-11
      24760.0  1.15677e-11
      24770.0  1.15486e-11
      24780.0  1.15337e-11
      24790.0  1.15225e-11
      24800.0  1.15149e-11
      24810.0  1.15103e-11
      24820.0  1.15084e-11
      24830.0  1.15088e-11
      24840.0  1.15111e-11
      24850.0  1.15150e-11
      24860.0  1.15200e-11
      24870.0  1.15259e-11
      24880.0  1.15323e-11
      24890.0  1.15390e-11
      24900.0  1.15458e-11
      24910.0  1.15525e-11
      24920.0  1.15589e-11
      24930.0  1.15651e-11
      24940.0  1.15709e-11
      24950.0  1.15763e-11
      24960.0  1.15813e-11
      24970.0  1.15858e-11
      24980.0  1.15900e-11
      24990.0  1.15937e-11
      25000.0  1.15970e-11
