      1000.00  3.80634e-14
      1010.00  4.61218e-14
      1020.00  5.60679e-14
      1030.00  6.82835e-14
      1040.00  8.32432e-14
      1050.00  1.01489e-13
      1060.00  1.23627e-13
      1070.00  1.50313e-13
      1080.00  1.82241e-13
      1090.00  2.20111e-13
      1100.00  2.64607e-13
      1110.00  3.16353e-13
      1120.00  3.75885e-13
      1130.00  4.43614e-13
      1140.00  5.19799e-13
      1150.00  6.04522e-13
      1160.00  6.97675e-13
      1170.00  7.98953e-13
      1180.00  9.07851e-13
      1190.00  1.02367e-12
      1200.00  1.14554e-12
      1210.00  1.27241e-12
      1220.00  1.40311e-12
      1230.00  1.53635e-12
      1240.00  1.67077e-12
      1250.00  1.80495e-12
      1260.00  1.93750e-12
      1270.00  2.06705e-12
      1280.00  2.19229e-12
      1290.00  2.31205e-12
      1300.00  2.42528e-12
      1310.00  2.53108e-12
      1320.00  2.62876e-12
      1330.00  2.71778e-12
      1340.00  2.79782e-12
      1350.00  2.86875e-12
      1360.00  2.93063e-12
      1370.00  2.98369e-12
      1380.00  3.02834e-12
      1390.00  3.06512e-12
      1400.00  3.09472e-12
      1410.00  3.11791e-12
      1420.00  3.13559e-12
      1430.00  3.14868e-12
      1440.00  3.15817e-12
      1450.00  3.16507e-12
      1460.00  3.17037e-12
      1470.00  3.17506e-12
      1480.00  3.18007e-12
      1490.00  3.18628e-12
      1500.00  3.19451e-12
      1510.00  3.20546e-12
      1520.00  3.21977e-12
      1530.00  3.23797e-12
      1540.00  3.26050e-12
      1550.00  3.28768e-12
      1560.00  3.31978e-12
      1570.00  3.35695e-12
      1580.00  3.39932e-12
      1590.00  3.44694e-12
      1600.00  3.49985e-12
      1610.00  3.55805e-12
      1620.00  3.62155e-12
      1630.00  3.69034e-12
      1640.00  3.76446e-12
      1650.00  3.84391e-12
      1660.00  3.92871e-12
      1670.00  4.01891e-12
      1680.00  4.11452e-12
      1690.00  4.21556e-12
      1700.00  4.32202e-12
      1710.00  4.43389e-12
      1720.00  4.55111e-12
      1730.00  4.67361e-12
      1740.00  4.80128e-12
      1750.00  4.93396e-12
      1760.00  5.07148e-12
      1770.00  5.21360e-12
      1780.00  5.36006e-12
      1790.00  5.51054e-12
      1800.00  5.66470e-12
      1810.00  5.82216e-12
      1820.00  5.98248e-12
      1830.00  6.14522e-12
      1840.00  6.30991e-12
      1850.00  6.47603e-12
      1860.00  6.64306e-12
      1870.00  6.81046e-12
      1880.00  6.97767e-12
      1890.00  7.14410e-12
      1900.00  7.30916e-12
      1910.00  7.47225e-12
      1920.00  7.63274e-12
      1930.00  7.79001e-12
      1940.00  7.94342e-12
      1950.00  8.09236e-12
      1960.00  8.23622e-12
      1970.00  8.37443e-12
      1980.00  8.50645e-12
      1990.00  8.63179e-12
      2000.00  8.75001e-12
      2010.00  8.86076e-12
      2020.00  8.96375e-12
      2030.00  9.05877e-12
      2040.00  9.14569e-12
      2050.00  9.22446e-12
      2060.00  9.29512e-12
      2070.00  9.35776e-12
      2080.00  9.41256e-12
      2090.00  9.45976e-12
      2100.00  9.49964e-12
      2110.00  9.53254e-12
      2120.00  9.55885e-12
      2130.00  9.57897e-12
      2140.00  9.59336e-12
      2150.00  9.60248e-12
      2160.00  9.60681e-12
      2170.00  9.60688e-12
      2180.00  9.60319e-12
      2190.00  9.59628e-12
      2200.00  9.58670e-12
      2210.00  9.57499e-12
      2220.00  9.56171e-12
      2230.00  9.54742e-12
      2240.00  9.53269e-12
      2250.00  9.51809e-12
      2260.00  9.50419e-12
      2270.00  9.49157e-12
      2280.00  9.48081e-12
      2290.00  9.47248e-12
      2300.00  9.46715e-12
      2310.00  9.46539e-12
      2320.00  9.46777e-12
      2330.00  9.47488e-12
      2340.00  9.48732e-12
      2350.00  9.50579e-12
      2360.00  9.53108e-12
      2370.00  9.56421e-12
      2380.00  9.60648e-12
      2390.00  9.65965e-12
      2400.00  9.72605e-12
      2410.00  9.80872e-12
      2420.00  9.91150e-12
      2430.00  1.00391e-11
      2440.00  1.01968e-11
      2450.00  1.03904e-11
      2460.00  1.06256e-11
      2470.00  1.09073e-11
      2480.00  1.12389e-11
      2490.00  1.16213e-11
      2500.00  1.20521e-11
      2510.00  1.25251e-11
      2520.00  1.30300e-11
      2530.00  1.35528e-11
      2540.00  1.40766e-11
      2550.00  1.45830e-11
      2560.00  1.50536e-11
      2570.00  1.54715e-11
      2580.00  1.58233e-11
      2590.00  1.60995e-11
      2600.00  1.62953e-11
      2610.00  1.64105e-11
      2620.00  1.64490e-11
      2630.00  1.64176e-11
      2640.00  1.63255e-11
      2650.00  1.61809e-11
      2660.00  1.59008e-11
      2670.00  1.47804e-11
      2680.00  1.40481e-11
      2690.00  1.92750e-11
      2700.00  3.07121e-11
      2710.00  4.41970e-11
      2720.00  5.35347e-11
      2730.00  5.66955e-11
      2740.00  5.76843e-11
      2750.00  5.89531e-11
      2760.00  5.94433e-11
      2770.00  5.94336e-11
      2780.00  6.09794e-11
      2790.00  6.54535e-11
      2800.00  6.75146e-11
      2810.00  6.72741e-11
      2820.00  6.61845e-11
      2830.00  6.31844e-11
      2840.00  6.04934e-11
      2850.00  6.04284e-11
      2860.00  6.07961e-11
      2870.00  6.10020e-11
      2880.00  6.17910e-11
      2890.00  6.56023e-11
      2900.00  7.23464e-11
      2910.00  7.93699e-11
      2920.00  8.59057e-11
      2930.00  9.03741e-11
      2940.00  8.98718e-11
      2950.00  8.37755e-11
      2960.00  7.89468e-11
      2970.00  7.68840e-11
      2980.00  7.53331e-11
      2990.00  7.20245e-11
      3000.00  6.66809e-11
      3010.00  6.18954e-11
      3020.00  5.89945e-11
      3030.00  5.86773e-11
      3040.00  5.79616e-11
      3050.00  5.50242e-11
      3060.00  5.34141e-11
      3070.00  5.32664e-11
      3080.00  5.38233e-11
      3090.00  5.37085e-11
      3100.00  5.31177e-11
      3110.00  5.48074e-11
      3120.00  5.84438e-11
      3130.00  6.12458e-11
      3140.00  6.23193e-11
      3150.00  6.25264e-11
      3160.00  6.42707e-11
      3170.00  6.85153e-11
      3180.00  7.38730e-11
      3190.00  7.81958e-11
      3200.00  8.07084e-11
      3210.00  8.06138e-11
      3220.00  7.81032e-11
      3230.00  7.37367e-11
      3240.00  6.90894e-11
      3250.00  6.48458e-11
      3260.00  6.16835e-11
      3270.00  6.05384e-11
      3280.00  6.03934e-11
      3290.00  5.98683e-11
      3300.00  5.95591e-11
      3310.00  6.02428e-11
      3320.00  6.16756e-11
      3330.00  6.29652e-11
      3340.00  6.38032e-11
      3350.00  6.46637e-11
      3360.00  6.63902e-11
      3370.00  6.90442e-11
      3380.00  7.19778e-11
      3390.00  7.47041e-11
      3400.00  7.70883e-11
      3410.00  7.97768e-11
      3420.00  8.29905e-11
      3430.00  8.58692e-11
      3440.00  8.79493e-11
      3450.00  8.91614e-11
      3460.00  8.95690e-11
      3470.00  8.98756e-11
      3480.00  9.05728e-11
      3490.00  9.19787e-11
      3500.00  9.47064e-11
      3510.00  9.92021e-11
      3520.00  1.04847e-10
      3530.00  1.10834e-10
      3540.00  1.16613e-10
      3550.00  1.21713e-10
      3560.00  1.26022e-10
      3570.00  1.29872e-10
      3580.00  1.33162e-10
      3590.00  1.35280e-10
      3600.00  1.35959e-10
      3610.00  1.35339e-10
      3620.00  1.34378e-10
      3630.00  1.34212e-10
      3640.00  1.35850e-10
      3650.00  1.40080e-10
      3660.00  1.47480e-10
      3670.00  1.57939e-10
      3680.00  1.70055e-10
      3690.00  1.82425e-10
      3700.00  1.94511e-10
      3710.00  2.06321e-10
      3720.00  2.15854e-10
      3730.00  2.18818e-10
      3740.00  2.14276e-10
      3750.00  2.04296e-10
      3760.00  1.90089e-10
      3770.00  1.72227e-10
      3780.00  1.52280e-10
      3790.00  1.32797e-10
      3800.00  1.16026e-10
      3810.00  1.04018e-10
      3820.00  9.92639e-11
      3830.00  1.03529e-10
      3840.00  1.17219e-10
      3850.00  1.39100e-10
      3860.00  1.66388e-10
      3870.00  1.96007e-10
      3880.00  2.25888e-10
      3890.00  2.55349e-10
      3900.00  2.84449e-10
      3910.00  3.12764e-10
      3920.00  3.38756e-10
      3930.00  3.60491e-10
      3940.00  3.76816e-10
      3950.00  3.87618e-10
      3960.00  3.93412e-10
      3970.00  3.94885e-10
      3980.00  3.92420e-10
      3990.00  3.85669e-10
      4000.00  3.73812e-10
      4010.00  3.56709e-10
      4020.00  3.35873e-10
      4030.00  3.13985e-10
      4040.00  2.93564e-10
      4050.00  2.76304e-10
      4060.00  2.63043e-10
      4070.00  2.53497e-10
      4080.00  2.46188e-10
      4090.00  2.39421e-10
      4100.00  2.32636e-10
      4110.00  2.26653e-10
      4120.00  2.22579e-10
      4130.00  2.20739e-10
      4140.00  2.20570e-10
      4150.00  2.21287e-10
      4160.00  2.22579e-10
      4170.00  2.24742e-10
      4180.00  2.28170e-10
      4190.00  2.32675e-10
      4200.00  2.37369e-10
      4210.00  2.41256e-10
      4220.00  2.43919e-10
      4230.00  2.45673e-10
      4240.00  2.47182e-10
      4250.00  2.48954e-10
      4260.00  2.51163e-10
      4270.00  2.53902e-10
      4280.00  2.57422e-10
      4290.00  2.61912e-10
      4300.00  2.67047e-10
      4310.00  2.71884e-10
      4320.00  2.75106e-10
      4330.00  2.75253e-10
      4340.00  2.71004e-10
      4350.00  2.61724e-10
      4360.00  2.47943e-10
      4370.00  2.31250e-10
      4380.00  2.13600e-10
      4390.00  1.96665e-10
      4400.00  1.81667e-10
      4410.00  1.69501e-10
      4420.00  1.60794e-10
      4430.00  1.55913e-10
      4440.00  1.55006e-10
      4450.00  1.58046e-10
      4460.00  1.64811e-10
      4470.00  1.74853e-10
      4480.00  1.87624e-10
      4490.00  2.02749e-10
      4500.00  2.20194e-10
      4510.00  2.40169e-10
      4520.00  2.62851e-10
      4530.00  2.88157e-10
      4540.00  3.15671e-10
      4550.00  3.44678e-10
      4560.00  3.74171e-10
      4570.00  4.02885e-10
      4580.00  4.29517e-10
      4590.00  4.53021e-10
      4600.00  4.72679e-10
      4610.00  4.87914e-10
      4620.00  4.98108e-10
      4630.00  5.02580e-10
      4640.00  5.00615e-10
      4650.00  4.91514e-10
      4660.00  4.74860e-10
      4670.00  4.51046e-10
      4680.00  4.21600e-10
      4690.00  3.88933e-10
      4700.00  3.55701e-10
      4710.00  3.24231e-10
      4720.00  2.96173e-10
      4730.00  2.72294e-10
      4740.00  2.52515e-10
      4750.00  2.36324e-10
      4760.00  2.23407e-10
      4770.00  2.13990e-10
      4780.00  2.08625e-10
      4790.00  2.07628e-10
      4800.00  2.10622e-10
      4810.00  2.16431e-10
      4820.00  2.23295e-10
      4830.00  2.29337e-10
      4840.00  2.33244e-10
      4850.00  2.34938e-10
      4860.00  2.35760e-10
      4870.00  2.37888e-10
      4880.00  2.43337e-10
      4890.00  2.53188e-10
      4900.00  2.67395e-10
      4910.00  2.84976e-10
      4920.00  3.04280e-10
      4930.00  3.23171e-10
      4940.00  3.39200e-10
      4950.00  3.49894e-10
      4960.00  3.53209e-10
      4970.00  3.48066e-10
      4980.00  3.34829e-10
      4990.00  3.15390e-10
      5000.00  2.92779e-10
      5010.00  2.70323e-10
      5020.00  2.50705e-10
      5030.00  2.35384e-10
      5040.00  2.24571e-10
      5050.00  2.17642e-10
      5060.00  2.13666e-10
      5070.00  2.11790e-10
      5080.00  2.11365e-10
      5090.00  2.11916e-10
      5100.00  2.13061e-10
      5110.00  2.14477e-10
      5120.00  2.15914e-10
      5130.00  2.17252e-10
      5140.00  2.18583e-10
      5150.00  2.20229e-10
      5160.00  2.22649e-10
      5170.00  2.26271e-10
      5180.00  2.31371e-10
      5190.00  2.38055e-10
      5200.00  2.46280e-10
      5210.00  2.55855e-10
      5220.00  2.66425e-10
      5230.00  2.77539e-10
      5240.00  2.88800e-10
      5250.00  2.99988e-10
      5260.00  3.11043e-10
      5270.00  3.21933e-10
      5280.00  3.32509e-10
      5290.00  3.42489e-10
      5300.00  3.51538e-10
      5310.00  3.59329e-10
      5320.00  3.65587e-10
      5330.00  3.70271e-10
      5340.00  3.73776e-10
      5350.00  3.76670e-10
      5360.00  3.79134e-10
      5370.00  3.80849e-10
      5380.00  3.81404e-10
      5390.00  3.80652e-10
      5400.00  3.78872e-10
      5410.00  3.76773e-10
      5420.00  3.75322e-10
      5430.00  3.75457e-10
      5440.00  3.77816e-10
      5450.00  3.82575e-10
      5460.00  3.89439e-10
      5470.00  3.97738e-10
      5480.00  4.06586e-10
      5490.00  4.15038e-10
      5500.00  4.22175e-10
      5510.00  4.27158e-10
      5520.00  4.29277e-10
      5530.00  4.28035e-10
      5540.00  4.23217e-10
      5550.00  4.14874e-10
      5560.00  4.03254e-10
      5570.00  3.88711e-10
      5580.00  3.71668e-10
      5590.00  3.52620e-10
      5600.00  3.32119e-10
      5610.00  3.10720e-10
      5620.00  2.88968e-10
      5630.00  2.67420e-10
      5640.00  2.46687e-10
      5650.00  2.27470e-10
      5660.00  2.10571e-10
      5670.00  1.96841e-10
      5680.00  1.87087e-10
      5690.00  1.81959e-10
      5700.00  1.81859e-10
      5710.00  1.86894e-10
      5720.00  1.96873e-10
      5730.00  2.11342e-10
      5740.00  2.29624e-10
      5750.00  2.50860e-10
      5760.00  2.74055e-10
      5770.00  2.98124e-10
      5780.00  3.21962e-10
      5790.00  3.44512e-10
      5800.00  3.64819e-10
      5810.00  3.82081e-10
      5820.00  3.95694e-10
      5830.00  4.05321e-10
      5840.00  4.10929e-10
      5850.00  4.12767e-10
      5860.00  4.11278e-10
      5870.00  4.07022e-10
      5880.00  4.00580e-10
      5890.00  3.92465e-10
      5900.00  3.83039e-10
      5910.00  3.72469e-10
      5920.00  3.60755e-10
      5930.00  3.47822e-10
      5940.00  3.33656e-10
      5950.00  3.18401e-10
      5960.00  3.02405e-10
      5970.00  2.86188e-10
      5980.00  2.70369e-10
      5990.00  2.55564e-10
      6000.00  2.42294e-10
      6010.00  2.30922e-10
      6020.00  2.21635e-10
      6030.00  2.14447e-10
      6040.00  2.09232e-10
      6050.00  2.05745e-10
      6060.00  2.03661e-10
      6070.00  2.02634e-10
      6080.00  2.02373e-10
      6090.00  2.02713e-10
      6100.00  2.03624e-10
      6110.00  2.05159e-10
      6120.00  2.07367e-10
      6130.00  2.10232e-10
      6140.00  2.13662e-10
      6150.00  2.17510e-10
      6160.00  2.21588e-10
      6170.00  2.25659e-10
      6180.00  2.29411e-10
      6190.00  2.32441e-10
      6200.00  2.34274e-10
      6210.00  2.34439e-10
      6220.00  2.32570e-10
      6230.00  2.28517e-10
      6240.00  2.22402e-10
      6250.00  2.14623e-10
      6260.00  2.05804e-10
      6270.00  1.96704e-10
      6280.00  1.88119e-10
      6290.00  1.80780e-10
      6300.00  1.75304e-10
      6310.00  1.72162e-10
      6320.00  1.71630e-10
      6330.00  1.73710e-10
      6340.00  1.78092e-10
      6350.00  1.84298e-10
      6360.00  1.91915e-10
      6370.00  2.00701e-10
      6380.00  2.10525e-10
      6390.00  2.21259e-10
      6400.00  2.32706e-10
      6410.00  2.44555e-10
      6420.00  2.56377e-10
      6430.00  2.67691e-10
      6440.00  2.78081e-10
      6450.00  2.87239e-10
      6460.00  2.94932e-10
      6470.00  3.00956e-10
      6480.00  3.05120e-10
      6490.00  3.07272e-10
      6500.00  3.07320e-10
      6510.00  3.05254e-10
      6520.00  3.01136e-10
      6530.00  2.95093e-10
      6540.00  2.87297e-10
      6550.00  2.77950e-10
      6560.00  2.67277e-10
      6570.00  2.55513e-10
      6580.00  2.42896e-10
      6590.00  2.29669e-10
      6600.00  2.16089e-10
      6610.00  2.02424e-10
      6620.00  1.88947e-10
      6630.00  1.75910e-10
      6640.00  1.63522e-10
      6650.00  1.51931e-10
      6660.00  1.41225e-10
      6670.00  1.31444e-10
      6680.00  1.22596e-10
      6690.00  1.14677e-10
      6700.00  1.07676e-10
      6710.00  1.01574e-10
      6720.00  9.63402e-11
      6730.00  9.19282e-11
      6740.00  8.82778e-11
      6750.00  8.53229e-11
      6760.00  8.29985e-11
      6770.00  8.12460e-11
      6780.00  8.00128e-11
      6790.00  7.92528e-11
      6800.00  7.89265e-11
      6810.00  7.90010e-11
      6820.00  7.94477e-11
      6830.00  8.02385e-11
      6840.00  8.13424e-11
      6850.00  8.27265e-11
      6860.00  8.43591e-11
      6870.00  8.62071e-11
      6880.00  8.82268e-11
      6890.00  9.03527e-11
      6900.00  9.24910e-11
      6910.00  9.45270e-11
      6920.00  9.63472e-11
      6930.00  9.78657e-11
      6940.00  9.90442e-11
      6950.00  9.98965e-11
      6960.00  1.00480e-10
      6970.00  1.00877e-10
      6980.00  1.01182e-10
      6990.00  1.01487e-10
      7000.00  1.01871e-10
      7010.00  1.02399e-10
      7020.00  1.03114e-10
      7030.00  1.04040e-10
      7040.00  1.05187e-10
      7050.00  1.06555e-10
      7060.00  1.08139e-10
      7070.00  1.09934e-10
      7080.00  1.11931e-10
      7090.00  1.14116e-10
      7100.00  1.16475e-10
      7110.00  1.18994e-10
      7120.00  1.21663e-10
      7130.00  1.24475e-10
      7140.00  1.27424e-10
      7150.00  1.30496e-10
      7160.00  1.33671e-10
      7170.00  1.36917e-10
      7180.00  1.40190e-10
      7190.00  1.43428e-10
      7200.00  1.46556e-10
      7210.00  1.49485e-10
      7220.00  1.52115e-10
      7230.00  1.54347e-10
      7240.00  1.56093e-10
      7250.00  1.57290e-10
      7260.00  1.57919e-10
      7270.00  1.58012e-10
      7280.00  1.57659e-10
      7290.00  1.56992e-10
      7300.00  1.56168e-10
      7310.00  1.55319e-10
      7320.00  1.54565e-10
      7330.00  1.54041e-10
      7340.00  1.53808e-10
      7350.00  1.53883e-10
      7360.00  1.54246e-10
      7370.00  1.54845e-10
      7380.00  1.55601e-10
      7390.00  1.56419e-10
      7400.00  1.57192e-10
      7410.00  1.57803e-10
      7420.00  1.58135e-10
      7430.00  1.58068e-10
      7440.00  1.57492e-10
      7450.00  1.56323e-10
      7460.00  1.54514e-10
      7470.00  1.52083e-10
      7480.00  1.49124e-10
      7490.00  1.45825e-10
      7500.00  1.42459e-10
      7510.00  1.39340e-10
      7520.00  1.36740e-10
      7530.00  1.34803e-10
      7540.00  1.33526e-10
      7550.00  1.32804e-10
      7560.00  1.32513e-10
      7570.00  1.32551e-10
      7580.00  1.32835e-10
      7590.00  1.33290e-10
      7600.00  1.33873e-10
      7610.00  1.34597e-10
      7620.00  1.35532e-10
      7630.00  1.36767e-10
      7640.00  1.38369e-10
      7650.00  1.40332e-10
      7660.00  1.42564e-10
      7670.00  1.44896e-10
      7680.00  1.47110e-10
      7690.00  1.48987e-10
      7700.00  1.50339e-10
      7710.00  1.51037e-10
      7720.00  1.51019e-10
      7730.00  1.50281e-10
      7740.00  1.48873e-10
      7750.00  1.46890e-10
      7760.00  1.44461e-10
      7770.00  1.41733e-10
      7780.00  1.38847e-10
      7790.00  1.35913e-10
      7800.00  1.32984e-10
      7810.00  1.30057e-10
      7820.00  1.27086e-10
      7830.00  1.24009e-10
      7840.00  1.20778e-10
      7850.00  1.17365e-10
      7860.00  1.13771e-10
      7870.00  1.10012e-10
      7880.00  1.06110e-10
      7890.00  1.02094e-10
      7900.00  9.80019e-11
      7910.00  9.38860e-11
      7920.00  8.97887e-11
      7930.00  8.58183e-11
      7940.00  8.20547e-11
      7950.00  7.85643e-11
      7960.00  7.53887e-11
      7970.00  7.25411e-11
      7980.00  7.00102e-11
      7990.00  6.77716e-11
      8000.00  6.57986e-11
      8010.00  6.40693e-11
      8020.00  6.25649e-11
      8030.00  6.12623e-11
      8040.00  6.01244e-11
      8050.00  5.90952e-11
      8060.00  5.81009e-11
      8070.00  5.70581e-11
      8080.00  5.58850e-11
      8090.00  5.45111e-11
      8100.00  5.28836e-11
      8110.00  5.09705e-11
      8120.00  4.87632e-11
      8130.00  4.62819e-11
      8140.00  4.35812e-11
      8150.00  4.07535e-11
      8160.00  3.79239e-11
      8170.00  3.52341e-11
      8180.00  3.28177e-11
      8190.00  3.07744e-11
      8200.00  2.91529e-11
      8210.00  2.79475e-11
      8220.00  2.71115e-11
      8230.00  2.65782e-11
      8240.00  2.62849e-11
      8250.00  2.61878e-11
      8260.00  2.62678e-11
      8270.00  2.65237e-11
      8280.00  2.69609e-11
      8290.00  2.75793e-11
      8300.00  2.83692e-11
      8310.00  2.93135e-11
      8320.00  3.03971e-11
      8330.00  3.16163e-11
      8340.00  3.29846e-11
      8350.00  3.45341e-11
      8360.00  3.63103e-11
      8370.00  3.83642e-11
      8380.00  4.07423e-11
      8390.00  4.34762e-11
      8400.00  4.65737e-11
      8410.00  5.00136e-11
      8420.00  5.37451e-11
      8430.00  5.76908e-11
      8440.00  6.17520e-11
      8450.00  6.58149e-11
      8460.00  6.97572e-11
      8470.00  7.34573e-11
      8480.00  7.68051e-11
      8490.00  7.97163e-11
      8500.00  8.21458e-11
      8510.00  8.40966e-11
      8520.00  8.56212e-11
      8530.00  8.68113e-11
      8540.00  8.77791e-11
      8550.00  8.86343e-11
      8560.00  8.94643e-11
      8570.00  9.03224e-11
      8580.00  9.12284e-11
      8590.00  9.21779e-11
      8600.00  9.31578e-11
      8610.00  9.41602e-11
      8620.00  9.51890e-11
      8630.00  9.62585e-11
      8640.00  9.73828e-11
      8650.00  9.85644e-11
      8660.00  9.97859e-11
      8670.00  1.01012e-10
      8680.00  1.02200e-10
      8690.00  1.03316e-10
      8700.00  1.04346e-10
      8710.00  1.05300e-10
      8720.00  1.06196e-10
      8730.00  1.07051e-10
      8740.00  1.07859e-10
      8750.00  1.08585e-10
      8760.00  1.09175e-10
      8770.00  1.09565e-10
      8780.00  1.09701e-10
      8790.00  1.09547e-10
      8800.00  1.09088e-10
      8810.00  1.08332e-10
      8820.00  1.07299e-10
      8830.00  1.06019e-10
      8840.00  1.04529e-10
      8850.00  1.02869e-10
      8860.00  1.01081e-10
      8870.00  9.92079e-11
      8880.00  9.72839e-11
      8890.00  9.53367e-11
      8900.00  9.33837e-11
      8910.00  9.14344e-11
      8920.00  8.94939e-11
      8930.00  8.75678e-11
      8940.00  8.56655e-11
      8950.00  8.38030e-11
      8960.00  8.20023e-11
      8970.00  8.02905e-11
      8980.00  7.86965e-11
      8990.00  7.72480e-11
      9000.00  7.59691e-11
      9010.00  7.48786e-11
      9020.00  7.39911e-11
      9030.00  7.33186e-11
      9040.00  7.28729e-11
      9050.00  7.26662e-11
      9060.00  7.27101e-11
      9070.00  7.30122e-11
      9080.00  7.35726e-11
      9090.00  7.43796e-11
      9100.00  7.54085e-11
      9110.00  7.66223e-11
      9120.00  7.79753e-11
      9130.00  7.94204e-11
      9140.00  8.09174e-11
      9150.00  8.24415e-11
      9160.00  8.39879e-11
      9170.00  8.55710e-11
      9180.00  8.72157e-11
      9190.00  8.89431e-11
      9200.00  9.07557e-11
      9210.00  9.26269e-11
      9220.00  9.45007e-11
      9230.00  9.63038e-11
      9240.00  9.79656e-11
      9250.00  9.94389e-11
      9260.00  1.00711e-10
      9270.00  1.01801e-10
      9280.00  1.02738e-10
      9290.00  1.03543e-10
      9300.00  1.04216e-10
      9310.00  1.04744e-10
      9320.00  1.05113e-10
      9330.00  1.05327e-10
      9340.00  1.05404e-10
      9350.00  1.05373e-10
      9360.00  1.05263e-10
      9370.00  1.05095e-10
      9380.00  1.04884e-10
      9390.00  1.04634e-10
      9400.00  1.04346e-10
      9410.00  1.04020e-10
      9420.00  1.03654e-10
      9430.00  1.03245e-10
      9440.00  1.02791e-10
      9450.00  1.02289e-10
      9460.00  1.01737e-10
      9470.00  1.01132e-10
      9480.00  1.00473e-10
      9490.00  9.97600e-11
      9500.00  9.89919e-11
      9510.00  9.81704e-11
      9520.00  9.72979e-11
      9530.00  9.63784e-11
      9540.00  9.54170e-11
      9550.00  9.44205e-11
      9560.00  9.33970e-11
      9570.00  9.23557e-11
      9580.00  9.13068e-11
      9590.00  9.02614e-11
      9600.00  8.92308e-11
      9610.00  8.82268e-11
      9620.00  8.72610e-11
      9630.00  8.63445e-11
      9640.00  8.54881e-11
      9650.00  8.47015e-11
      9660.00  8.39934e-11
      9670.00  8.33716e-11
      9680.00  8.28424e-11
      9690.00  8.24108e-11
      9700.00  8.20806e-11
      9710.00  8.18542e-11
      9720.00  8.17324e-11
      9730.00  8.17149e-11
      9740.00  8.18001e-11
      9750.00  8.19848e-11
      9760.00  8.22650e-11
      9770.00  8.26349e-11
      9780.00  8.30879e-11
      9790.00  8.36162e-11
      9800.00  8.42110e-11
      9810.00  8.48626e-11
      9820.00  8.55607e-11
      9830.00  8.62945e-11
      9840.00  8.70531e-11
      9850.00  8.78256e-11
      9860.00  8.86015e-11
      9870.00  8.93711e-11
      9880.00  9.01255e-11
      9890.00  9.08571e-11
      9900.00  9.15592e-11
      9910.00  9.22269e-11
      9920.00  9.28562e-11
      9930.00  9.34444e-11
      9940.00  9.39899e-11
      9950.00  9.44917e-11
      9960.00  9.49495e-11
      9970.00  9.53631e-11
      9980.00  9.57323e-11
      9990.00  9.60570e-11
      10000.0  9.63365e-11
      10010.0  9.65700e-11
      10020.0  9.67562e-11
      10030.0  9.68938e-11
      10040.0  9.69814e-11
      10050.0  9.70179e-11
      10060.0  9.70027e-11
      10070.0  9.69358e-11
      10080.0  9.68186e-11
      10090.0  9.66534e-11
      10100.0  9.64440e-11
      10110.0  9.61956e-11
      10120.0  9.59150e-11
      10130.0  9.56102e-11
      10140.0  9.52902e-11
      10150.0  9.49649e-11
      10160.0  9.46446e-11
      10170.0  9.43393e-11
      10180.0  9.40588e-11
      10190.0  9.38117e-11
      10200.0  9.36053e-11
      10210.0  9.34450e-11
      10220.0  9.33342e-11
      10230.0  9.32742e-11
      10240.0  9.32639e-11
      10250.0  9.32999e-11
      10260.0  9.33771e-11
      10270.0  9.34885e-11
      10280.0  9.36260e-11
      10290.0  9.37805e-11
      10300.0  9.39425e-11
      10310.0  9.41023e-11
      10320.0  9.42509e-11
      10330.0  9.43795e-11
      10340.0  9.44805e-11
      10350.0  9.45469e-11
      10360.0  9.45729e-11
      10370.0  9.45535e-11
      10380.0  9.44846e-11
      10390.0  9.43628e-11
      10400.0  9.41850e-11
      10410.0  9.39487e-11
      10420.0  9.36516e-11
      10430.0  9.32914e-11
      10440.0  9.28661e-11
      10450.0  9.23736e-11
      10460.0  9.18121e-11
      10470.0  9.11799e-11
      10480.0  9.04758e-11
      10490.0  8.96989e-11
      10500.0  8.88488e-11
      10510.0  8.79263e-11
      10520.0  8.69327e-11
      10530.0  8.58703e-11
      10540.0  8.47428e-11
      10550.0  8.35546e-11
      10560.0  8.23116e-11
      10570.0  8.10204e-11
      10580.0  7.96889e-11
      10590.0  7.83256e-11
      10600.0  7.69401e-11
      10610.0  7.55421e-11
      10620.0  7.41421e-11
      10630.0  7.27503e-11
      10640.0  7.13770e-11
      10650.0  7.00323e-11
      10660.0  6.87256e-11
      10670.0  6.74654e-11
      10680.0  6.62596e-11
      10690.0  6.51148e-11
      10700.0  6.40362e-11
      10710.0  6.30280e-11
      10720.0  6.20927e-11
      10730.0  6.12315e-11
      10740.0  6.04442e-11
      10750.0  5.97291e-11
      10760.0  5.90832e-11
      10770.0  5.85025e-11
      10780.0  5.79816e-11
      10790.0  5.75145e-11
      10800.0  5.70943e-11
      10810.0  5.67137e-11
      10820.0  5.63648e-11
      10830.0  5.60399e-11
      10840.0  5.57311e-11
      10850.0  5.54309e-11
      10860.0  5.51321e-11
      10870.0  5.48279e-11
      10880.0  5.45126e-11
      10890.0  5.41808e-11
      10900.0  5.38283e-11
      10910.0  5.34517e-11
      10920.0  5.30484e-11
      10930.0  5.26167e-11
      10940.0  5.21558e-11
      10950.0  5.16658e-11
      10960.0  5.11472e-11
      10970.0  5.06013e-11
      10980.0  5.00297e-11
      10990.0  4.94346e-11
      11000.0  4.88180e-11
      11010.0  4.81824e-11
      11020.0  4.75299e-11
      11030.0  4.68627e-11
      11040.0  4.61827e-11
      11050.0  4.54916e-11
      11060.0  4.47904e-11
      11070.0  4.40803e-11
      11080.0  4.33616e-11
      11090.0  4.26347e-11
      11100.0  4.18994e-11
      11110.0  4.11554e-11
      11120.0  4.04023e-11
      11130.0  3.96395e-11
      11140.0  3.88667e-11
      11150.0  3.80833e-11
      11160.0  3.72893e-11
      11170.0  3.64849e-11
      11180.0  3.56704e-11
      11190.0  3.48469e-11
      11200.0  3.40156e-11
      11210.0  3.31785e-11
      11220.0  3.23376e-11
      11230.0  3.14958e-11
      11240.0  3.06562e-11
      11250.0  2.98220e-11
      11260.0  2.89969e-11
      11270.0  2.81847e-11
      11280.0  2.73893e-11
      11290.0  2.66144e-11
      11300.0  2.58637e-11
      11310.0  2.51406e-11
      11320.0  2.44482e-11
      11330.0  2.37893e-11
      11340.0  2.31660e-11
      11350.0  2.25801e-11
      11360.0  2.20328e-11
      11370.0  2.15245e-11
      11380.0  2.10554e-11
      11390.0  2.06248e-11
      11400.0  2.02314e-11
      11410.0  1.98738e-11
      11420.0  1.95496e-11
      11430.0  1.92564e-11
      11440.0  1.89911e-11
      11450.0  1.87505e-11
      11460.0  1.85312e-11
      11470.0  1.83295e-11
      11480.0  1.81418e-11
      11490.0  1.79644e-11
      11500.0  1.77937e-11
      11510.0  1.76262e-11
      11520.0  1.74588e-11
      11530.0  1.72883e-11
      11540.0  1.71121e-11
      11550.0  1.69279e-11
      11560.0  1.67335e-11
      11570.0  1.65275e-11
      11580.0  1.63086e-11
      11590.0  1.60760e-11
      11600.0  1.58294e-11
      11610.0  1.55688e-11
      11620.0  1.52945e-11
      11630.0  1.50075e-11
      11640.0  1.47087e-11
      11650.0  1.43995e-11
      11660.0  1.40816e-11
      11670.0  1.37569e-11
      11680.0  1.34272e-11
      11690.0  1.30949e-11
      11700.0  1.27619e-11
      11710.0  1.24306e-11
      11720.0  1.21030e-11
      11730.0  1.17814e-11
      11740.0  1.14676e-11
      11750.0  1.11636e-11
      11760.0  1.08709e-11
      11770.0  1.05911e-11
      11780.0  1.03254e-11
      11790.0  1.00748e-11
      11800.0  9.84013e-12
      11810.0  9.62184e-12
      11820.0  9.42025e-12
      11830.0  9.23539e-12
      11840.0  9.06709e-12
      11850.0  8.91495e-12
      11860.0  8.77840e-12
      11870.0  8.65665e-12
      11880.0  8.54880e-12
      11890.0  8.45380e-12
      11900.0  8.37049e-12
      11910.0  8.29762e-12
      11920.0  8.23391e-12
      11930.0  8.17800e-12
      11940.0  8.12856e-12
      11950.0  8.08425e-12
      11960.0  8.04376e-12
      11970.0  8.00584e-12
      11980.0  7.96932e-12
      11990.0  7.93310e-12
      12000.0  7.89621e-12
      12010.0  7.85778e-12
      12020.0  7.81708e-12
      12030.0  7.77352e-12
      12040.0  7.72668e-12
      12050.0  7.67627e-12
      12060.0  7.62217e-12
      12070.0  7.56441e-12
      12080.0  7.50319e-12
      12090.0  7.43885e-12
      12100.0  7.37189e-12
      12110.0  7.30292e-12
      12120.0  7.23270e-12
      12130.0  7.16210e-12
      12140.0  7.09206e-12
      12150.0  7.02363e-12
      12160.0  6.95791e-12
      12170.0  6.89605e-12
      12180.0  6.83921e-12
      12190.0  6.78858e-12
      12200.0  6.74534e-12
      12210.0  6.71062e-12
      12220.0  6.68552e-12
      12230.0  6.67107e-12
      12240.0  6.66824e-12
      12250.0  6.67788e-12
      12260.0  6.70075e-12
      12270.0  6.73750e-12
      12280.0  6.78864e-12
      12290.0  6.85457e-12
      12300.0  6.93554e-12
      12310.0  7.03166e-12
      12320.0  7.14292e-12
      12330.0  7.26914e-12
      12340.0  7.41005e-12
      12350.0  7.56522e-12
      12360.0  7.73411e-12
      12370.0  7.91604e-12
      12380.0  8.11027e-12
      12390.0  8.31591e-12
      12400.0  8.53204e-12
      12410.0  8.75760e-12
      12420.0  8.99152e-12
      12430.0  9.23264e-12
      12440.0  9.47975e-12
      12450.0  9.73164e-12
      12460.0  9.98702e-12
      12470.0  1.02446e-11
      12480.0  1.05031e-11
      12490.0  1.07612e-11
      12500.0  1.10177e-11
      12510.0  1.12711e-11
      12520.0  1.15202e-11
      12530.0  1.17638e-11
      12540.0  1.20007e-11
      12550.0  1.22295e-11
      12560.0  1.24492e-11
      12570.0  1.26586e-11
      12580.0  1.28567e-11
      12590.0  1.30424e-11
      12600.0  1.32147e-11
      12610.0  1.33729e-11
      12620.0  1.35161e-11
      12630.0  1.36436e-11
      12640.0  1.37548e-11
      12650.0  1.38493e-11
      12660.0  1.39266e-11
      12670.0  1.39865e-11
      12680.0  1.40289e-11
      12690.0  1.40537e-11
      12700.0  1.40609e-11
      12710.0  1.40510e-11
      12720.0  1.40241e-11
      12730.0  1.39808e-11
      12740.0  1.39215e-11
      12750.0  1.38470e-11
      12760.0  1.37580e-11
      12770.0  1.36554e-11
      12780.0  1.35398e-11
      12790.0  1.34124e-11
      12800.0  1.32741e-11
      12810.0  1.31257e-11
      12820.0  1.29684e-11
      12830.0  1.28030e-11
      12840.0  1.26305e-11
      12850.0  1.24518e-11
      12860.0  1.22679e-11
      12870.0  1.20794e-11
      12880.0  1.18873e-11
      12890.0  1.16922e-11
      12900.0  1.14947e-11
      12910.0  1.12955e-11
      12920.0  1.10952e-11
      12930.0  1.08941e-11
      12940.0  1.06927e-11
      12950.0  1.04913e-11
      12960.0  1.02904e-11
      12970.0  1.00902e-11
      12980.0  9.89081e-12
      12990.0  9.69262e-12
      13000.0  9.49576e-12
      13010.0  9.30043e-12
      13020.0  9.10680e-12
      13030.0  8.91502e-12
      13040.0  8.72527e-12
      13050.0  8.53771e-12
      13060.0  8.35252e-12
      13070.0  8.16988e-12
      13080.0  7.98999e-12
      13090.0  7.81306e-12
      13100.0  7.63931e-12
      13110.0  7.46899e-12
      13120.0  7.30236e-12
      13130.0  7.13968e-12
      13140.0  6.98126e-12
      13150.0  6.82740e-12
      13160.0  6.67842e-12
      13170.0  6.53467e-12
      13180.0  6.39649e-12
      13190.0  6.26426e-12
      13200.0  6.13835e-12
      13210.0  6.01915e-12
      13220.0  5.90708e-12
      13230.0  5.80253e-12
      13240.0  5.70593e-12
      13250.0  5.61771e-12
      13260.0  5.53830e-12
      13270.0  5.46812e-12
      13280.0  5.40760e-12
      13290.0  5.35716e-12
      13300.0  5.31720e-12
      13310.0  5.28811e-12
      13320.0  5.27023e-12
      13330.0  5.26389e-12
      13340.0  5.26936e-12
      13350.0  5.28686e-12
      13360.0  5.31653e-12
      13370.0  5.35845e-12
      13380.0  5.41260e-12
      13390.0  5.47888e-12
      13400.0  5.55706e-12
      13410.0  5.64681e-12
      13420.0  5.74769e-12
      13430.0  5.85913e-12
      13440.0  5.98043e-12
      13450.0  6.11080e-12
      13460.0  6.24931e-12
      13470.0  6.39495e-12
      13480.0  6.54660e-12
      13490.0  6.70308e-12
      13500.0  6.86315e-12
      13510.0  7.02553e-12
      13520.0  7.18894e-12
      13530.0  7.35208e-12
      13540.0  7.51370e-12
      13550.0  7.67261e-12
      13560.0  7.82765e-12
      13570.0  7.97780e-12
      13580.0  8.12211e-12
      13590.0  8.25976e-12
      13600.0  8.39004e-12
      13610.0  8.51239e-12
      13620.0  8.62637e-12
      13630.0  8.73166e-12
      13640.0  8.82807e-12
      13650.0  8.91553e-12
      13660.0  8.99407e-12
      13670.0  9.06379e-12
      13680.0  9.12490e-12
      13690.0  9.17764e-12
      13700.0  9.22231e-12
      13710.0  9.25925e-12
      13720.0  9.28880e-12
      13730.0  9.31134e-12
      13740.0  9.32721e-12
      13750.0  9.33676e-12
      13760.0  9.34033e-12
      13770.0  9.33820e-12
      13780.0  9.33066e-12
      13790.0  9.31796e-12
      13800.0  9.30031e-12
      13810.0  9.27789e-12
      13820.0  9.25087e-12
      13830.0  9.21936e-12
      13840.0  9.18348e-12
      13850.0  9.14331e-12
      13860.0  9.09891e-12
      13870.0  9.05032e-12
      13880.0  8.99760e-12
      13890.0  8.94076e-12
      13900.0  8.87986e-12
      13910.0  8.81491e-12
      13920.0  8.74596e-12
      13930.0  8.67306e-12
      13940.0  8.59628e-12
      13950.0  8.51570e-12
      13960.0  8.43144e-12
      13970.0  8.34363e-12
      13980.0  8.25244e-12
      13990.0  8.15806e-12
      14000.0  8.06074e-12
      14010.0  7.96073e-12
      14020.0  7.85835e-12
      14030.0  7.75394e-12
      14040.0  7.64788e-12
      14050.0  7.54059e-12
      14060.0  7.43253e-12
      14070.0  7.32418e-12
      14080.0  7.21607e-12
      14090.0  7.10871e-12
      14100.0  7.00269e-12
      14110.0  6.89858e-12
      14120.0  6.79697e-12
      14130.0  6.69844e-12
      14140.0  6.60360e-12
      14150.0  6.51303e-12
      14160.0  6.42729e-12
      14170.0  6.34693e-12
      14180.0  6.27249e-12
      14190.0  6.20443e-12
      14200.0  6.14323e-12
      14210.0  6.08927e-12
      14220.0  6.04293e-12
      14230.0  6.00449e-12
      14240.0  5.97422e-12
      14250.0  5.95229e-12
      14260.0  5.93883e-12
      14270.0  5.93392e-12
      14280.0  5.93755e-12
      14290.0  5.94967e-12
      14300.0  5.97015e-12
      14310.0  5.99881e-12
      14320.0  6.03543e-12
      14330.0  6.07970e-12
      14340.0  6.13130e-12
      14350.0  6.18982e-12
      14360.0  6.25483e-12
      14370.0  6.32587e-12
      14380.0  6.40243e-12
      14390.0  6.48396e-12
      14400.0  6.56992e-12
      14410.0  6.65972e-12
      14420.0  6.75276e-12
      14430.0  6.84845e-12
      14440.0  6.94618e-12
      14450.0  7.04535e-12
      14460.0  7.14538e-12
      14470.0  7.24568e-12
      14480.0  7.34570e-12
      14490.0  7.44493e-12
      14500.0  7.54287e-12
      14510.0  7.63908e-12
      14520.0  7.73317e-12
      14530.0  7.82478e-12
      14540.0  7.91362e-12
      14550.0  7.99946e-12
      14560.0  8.08215e-12
      14570.0  8.16157e-12
      14580.0  8.23771e-12
      14590.0  8.31059e-12
      14600.0  8.38034e-12
      14610.0  8.44712e-12
      14620.0  8.51118e-12
      14630.0  8.57282e-12
      14640.0  8.63240e-12
      14650.0  8.69034e-12
      14660.0  8.74711e-12
      14670.0  8.80320e-12
      14680.0  8.85916e-12
      14690.0  8.91555e-12
      14700.0  8.97295e-12
      14710.0  9.03198e-12
      14720.0  9.09322e-12
      14730.0  9.15728e-12
      14740.0  9.22475e-12
      14750.0  9.29621e-12
      14760.0  9.37219e-12
      14770.0  9.45323e-12
      14780.0  9.53981e-12
      14790.0  9.63236e-12
      14800.0  9.73128e-12
      14810.0  9.83693e-12
      14820.0  9.94959e-12
      14830.0  1.00695e-11
      14840.0  1.01968e-11
      14850.0  1.03317e-11
      14860.0  1.04741e-11
      14870.0  1.06240e-11
      14880.0  1.07814e-11
      14890.0  1.09461e-11
      14900.0  1.11178e-11
      14910.0  1.12962e-11
      14920.0  1.14809e-11
      14930.0  1.16714e-11
      14940.0  1.18673e-11
      14950.0  1.20678e-11
      14960.0  1.22723e-11
      14970.0  1.24800e-11
      14980.0  1.26901e-11
      14990.0  1.29016e-11
      15000.0  1.31138e-11
      15010.0  1.33255e-11
      15020.0  1.35358e-11
      15030.0  1.37436e-11
      15040.0  1.39479e-11
      15050.0  1.41476e-11
      15060.0  1.43417e-11
      15070.0  1.45292e-11
      15080.0  1.47091e-11
      15090.0  1.48805e-11
      15100.0  1.50427e-11
      15110.0  1.51949e-11
      15120.0  1.53365e-11
      15130.0  1.54668e-11
      15140.0  1.55857e-11
      15150.0  1.56927e-11
      15160.0  1.57876e-11
      15170.0  1.58706e-11
      15180.0  1.59416e-11
      15190.0  1.60008e-11
      15200.0  1.60487e-11
      15210.0  1.60856e-11
      15220.0  1.61120e-11
      15230.0  1.61285e-11
      15240.0  1.61359e-11
      15250.0  1.61349e-11
      15260.0  1.61261e-11
      15270.0  1.61104e-11
      15280.0  1.60887e-11
      15290.0  1.60616e-11
      15300.0  1.60300e-11
      15310.0  1.59947e-11
      15320.0  1.59564e-11
      15330.0  1.59159e-11
      15340.0  1.58737e-11
      15350.0  1.58305e-11
      15360.0  1.57868e-11
      15370.0  1.57433e-11
      15380.0  1.57003e-11
      15390.0  1.56582e-11
      15400.0  1.56175e-11
      15410.0  1.55784e-11
      15420.0  1.55412e-11
      15430.0  1.55061e-11
      15440.0  1.54734e-11
      15450.0  1.54430e-11
      15460.0  1.54151e-11
      15470.0  1.53898e-11
      15480.0  1.53670e-11
      15490.0  1.53467e-11
      15500.0  1.53289e-11
      15510.0  1.53134e-11
      15520.0  1.53001e-11
      15530.0  1.52888e-11
      15540.0  1.52793e-11
      15550.0  1.52715e-11
      15560.0  1.52651e-11
      15570.0  1.52597e-11
      15580.0  1.52553e-11
      15590.0  1.52515e-11
      15600.0  1.52481e-11
      15610.0  1.52449e-11
      15620.0  1.52415e-11
      15630.0  1.52378e-11
      15640.0  1.52337e-11
      15650.0  1.52290e-11
      15660.0  1.52235e-11
      15670.0  1.52173e-11
      15680.0  1.52102e-11
      15690.0  1.52023e-11
      15700.0  1.51936e-11
      15710.0  1.51843e-11
      15720.0  1.51744e-11
      15730.0  1.51641e-11
      15740.0  1.51537e-11
      15750.0  1.51432e-11
      15760.0  1.51331e-11
      15770.0  1.51235e-11
      15780.0  1.51147e-11
      15790.0  1.51070e-11
      15800.0  1.51007e-11
      15810.0  1.50959e-11
      15820.0  1.50931e-11
      15830.0  1.50923e-11
      15840.0  1.50938e-11
      15850.0  1.50977e-11
      15860.0  1.51043e-11
      15870.0  1.51135e-11
      15880.0  1.51255e-11
      15890.0  1.51404e-11
      15900.0  1.51580e-11
      15910.0  1.51785e-11
      15920.0  1.52016e-11
      15930.0  1.52272e-11
      15940.0  1.52554e-11
      15950.0  1.52858e-11
      15960.0  1.53183e-11
      15970.0  1.53527e-11
      15980.0  1.53888e-11
      15990.0  1.54263e-11
      16000.0  1.54650e-11
      16010.0  1.55047e-11
      16020.0  1.55452e-11
      16030.0  1.55862e-11
      16040.0  1.56275e-11
      16050.0  1.56690e-11
      16060.0  1.57104e-11
      16070.0  1.57517e-11
      16080.0  1.57928e-11
      16090.0  1.58334e-11
      16100.0  1.58737e-11
      16110.0  1.59135e-11
      16120.0  1.59528e-11
      16130.0  1.59916e-11
      16140.0  1.60300e-11
      16150.0  1.60680e-11
      16160.0  1.61057e-11
      16170.0  1.61431e-11
      16180.0  1.61803e-11
      16190.0  1.62174e-11
      16200.0  1.62544e-11
      16210.0  1.62915e-11
      16220.0  1.63286e-11
      16230.0  1.63659e-11
      16240.0  1.64032e-11
      16250.0  1.64406e-11
      16260.0  1.64781e-11
      16270.0  1.65156e-11
      16280.0  1.65531e-11
      16290.0  1.65903e-11
      16300.0  1.66273e-11
      16310.0  1.66638e-11
      16320.0  1.66998e-11
      16330.0  1.67351e-11
      16340.0  1.67695e-11
      16350.0  1.68029e-11
      16360.0  1.68353e-11
      16370.0  1.68665e-11
      16380.0  1.68965e-11
      16390.0  1.69253e-11
      16400.0  1.69528e-11
      16410.0  1.69791e-11
      16420.0  1.70043e-11
      16430.0  1.70285e-11
      16440.0  1.70519e-11
      16450.0  1.70746e-11
      16460.0  1.70969e-11
      16470.0  1.71189e-11
      16480.0  1.71409e-11
      16490.0  1.71631e-11
      16500.0  1.71855e-11
      16510.0  1.72085e-11
      16520.0  1.72322e-11
      16530.0  1.72565e-11
      16540.0  1.72817e-11
      16550.0  1.73075e-11
      16560.0  1.73340e-11
      16570.0  1.73610e-11
      16580.0  1.73884e-11
      16590.0  1.74158e-11
      16600.0  1.74429e-11
      16610.0  1.74694e-11
      16620.0  1.74948e-11
      16630.0  1.75186e-11
      16640.0  1.75404e-11
      16650.0  1.75595e-11
      16660.0  1.75755e-11
      16670.0  1.75877e-11
      16680.0  1.75955e-11
      16690.0  1.75984e-11
      16700.0  1.75958e-11
      16710.0  1.75872e-11
      16720.0  1.75722e-11
      16730.0  1.75502e-11
      16740.0  1.75209e-11
      16750.0  1.74840e-11
      16760.0  1.74392e-11
      16770.0  1.73864e-11
      16780.0  1.73255e-11
      16790.0  1.72565e-11
      16800.0  1.71796e-11
      16810.0  1.70947e-11
      16820.0  1.70023e-11
      16830.0  1.69027e-11
      16840.0  1.67963e-11
      16850.0  1.66836e-11
      16860.0  1.65651e-11
      16870.0  1.64415e-11
      16880.0  1.63135e-11
      16890.0  1.61817e-11
      16900.0  1.60470e-11
      16910.0  1.59100e-11
      16920.0  1.57716e-11
      16930.0  1.56326e-11
      16940.0  1.54938e-11
      16950.0  1.53559e-11
      16960.0  1.52197e-11
      16970.0  1.50858e-11
      16980.0  1.49551e-11
      16990.0  1.48280e-11
      17000.0  1.47052e-11
      17010.0  1.45871e-11
      17020.0  1.44743e-11
      17030.0  1.43670e-11
      17040.0  1.42656e-11
      17050.0  1.41703e-11
      17060.0  1.40812e-11
      17070.0  1.39984e-11
      17080.0  1.39220e-11
      17090.0  1.38518e-11
      17100.0  1.37878e-11
      17110.0  1.37298e-11
      17120.0  1.36775e-11
      17130.0  1.36306e-11
      17140.0  1.35889e-11
      17150.0  1.35521e-11
      17160.0  1.35196e-11
      17170.0  1.34913e-11
      17180.0  1.34667e-11
      17190.0  1.34454e-11
      17200.0  1.34270e-11
      17210.0  1.34113e-11
      17220.0  1.33978e-11
      17230.0  1.33863e-11
      17240.0  1.33764e-11
      17250.0  1.33680e-11
      17260.0  1.33608e-11
      17270.0  1.33548e-11
      17280.0  1.33496e-11
      17290.0  1.33453e-11
      17300.0  1.33418e-11
      17310.0  1.33392e-11
      17320.0  1.33373e-11
      17330.0  1.33363e-11
      17340.0  1.33363e-11
      17350.0  1.33373e-11
      17360.0  1.33395e-11
      17370.0  1.33431e-11
      17380.0  1.33481e-11
      17390.0  1.33548e-11
      17400.0  1.33633e-11
      17410.0  1.33738e-11
      17420.0  1.33864e-11
      17430.0  1.34013e-11
      17440.0  1.34186e-11
      17450.0  1.34384e-11
      17460.0  1.34608e-11
      17470.0  1.34860e-11
      17480.0  1.35138e-11
      17490.0  1.35444e-11
      17500.0  1.35777e-11
      17510.0  1.36137e-11
      17520.0  1.36522e-11
      17530.0  1.36932e-11
      17540.0  1.37364e-11
      17550.0  1.37818e-11
      17560.0  1.38290e-11
      17570.0  1.38779e-11
      17580.0  1.39282e-11
      17590.0  1.39794e-11
      17600.0  1.40314e-11
      17610.0  1.40837e-11
      17620.0  1.41361e-11
      17630.0  1.41880e-11
      17640.0  1.42392e-11
      17650.0  1.42892e-11
      17660.0  1.43377e-11
      17670.0  1.43843e-11
      17680.0  1.44285e-11
      17690.0  1.44701e-11
      17700.0  1.45087e-11
      17710.0  1.45440e-11
      17720.0  1.45756e-11
      17730.0  1.46033e-11
      17740.0  1.46269e-11
      17750.0  1.46460e-11
      17760.0  1.46606e-11
      17770.0  1.46705e-11
      17780.0  1.46755e-11
      17790.0  1.46755e-11
      17800.0  1.46705e-11
      17810.0  1.46603e-11
      17820.0  1.46451e-11
      17830.0  1.46248e-11
      17840.0  1.45995e-11
      17850.0  1.45691e-11
      17860.0  1.45338e-11
      17870.0  1.44937e-11
      17880.0  1.44489e-11
      17890.0  1.43995e-11
      17900.0  1.43457e-11
      17910.0  1.42877e-11
      17920.0  1.42256e-11
      17930.0  1.41597e-11
      17940.0  1.40901e-11
      17950.0  1.40171e-11
      17960.0  1.39410e-11
      17970.0  1.38619e-11
      17980.0  1.37801e-11
      17990.0  1.36960e-11
      18000.0  1.36097e-11
      18010.0  1.35216e-11
      18020.0  1.34319e-11
      18030.0  1.33409e-11
      18040.0  1.32489e-11
      18050.0  1.31562e-11
      18060.0  1.30631e-11
      18070.0  1.29697e-11
      18080.0  1.28763e-11
      18090.0  1.27832e-11
      18100.0  1.26905e-11
      18110.0  1.25984e-11
      18120.0  1.25070e-11
      18130.0  1.24164e-11
      18140.0  1.23267e-11
      18150.0  1.22379e-11
      18160.0  1.21501e-11
      18170.0  1.20631e-11
      18180.0  1.19770e-11
      18190.0  1.18915e-11
      18200.0  1.18066e-11
      18210.0  1.17221e-11
      18220.0  1.16378e-11
      18230.0  1.15536e-11
      18240.0  1.14691e-11
      18250.0  1.13842e-11
      18260.0  1.12987e-11
      18270.0  1.12123e-11
      18280.0  1.11248e-11
      18290.0  1.10361e-11
      18300.0  1.09459e-11
      18310.0  1.08542e-11
      18320.0  1.07608e-11
      18330.0  1.06657e-11
      18340.0  1.05689e-11
      18350.0  1.04702e-11
      18360.0  1.03699e-11
      18370.0  1.02679e-11
      18380.0  1.01644e-11
      18390.0  1.00596e-11
      18400.0  9.95361e-12
      18410.0  9.84668e-12
      18420.0  9.73906e-12
      18430.0  9.63101e-12
      18440.0  9.52280e-12
      18450.0  9.41473e-12
      18460.0  9.30707e-12
      18470.0  9.20013e-12
      18480.0  9.09419e-12
      18490.0  8.98953e-12
      18500.0  8.88640e-12
      18510.0  8.78507e-12
      18520.0  8.68576e-12
      18530.0  8.58869e-12
      18540.0  8.49405e-12
      18550.0  8.40201e-12
      18560.0  8.31272e-12
      18570.0  8.22632e-12
      18580.0  8.14291e-12
      18590.0  8.06260e-12
      18600.0  7.98545e-12
      18610.0  7.91153e-12
      18620.0  7.84088e-12
      18630.0  7.77353e-12
      18640.0  7.70949e-12
      18650.0  7.64876e-12
      18660.0  7.59133e-12
      18670.0  7.53717e-12
      18680.0  7.48623e-12
      18690.0  7.43846e-12
      18700.0  7.39379e-12
      18710.0  7.35213e-12
      18720.0  7.31337e-12
      18730.0  7.27738e-12
      18740.0  7.24404e-12
      18750.0  7.21317e-12
      18760.0  7.18462e-12
      18770.0  7.15818e-12
      18780.0  7.13367e-12
      18790.0  7.11084e-12
      18800.0  7.08950e-12
      18810.0  7.06938e-12
      18820.0  7.05026e-12
      18830.0  7.03188e-12
      18840.0  7.01399e-12
      18850.0  6.99636e-12
      18860.0  6.97874e-12
      18870.0  6.96089e-12
      18880.0  6.94261e-12
      18890.0  6.92368e-12
      18900.0  6.90392e-12
      18910.0  6.88315e-12
      18920.0  6.86123e-12
      18930.0  6.83802e-12
      18940.0  6.81344e-12
      18950.0  6.78739e-12
      18960.0  6.75983e-12
      18970.0  6.73073e-12
      18980.0  6.70008e-12
      18990.0  6.66791e-12
      19000.0  6.63426e-12
      19010.0  6.59921e-12
      19020.0  6.56284e-12
      19030.0  6.52527e-12
      19040.0  6.48662e-12
      19050.0  6.44705e-12
      19060.0  6.40672e-12
      19070.0  6.36582e-12
      19080.0  6.32454e-12
      19090.0  6.28308e-12
      19100.0  6.24166e-12
      19110.0  6.20051e-12
      19120.0  6.15985e-12
      19130.0  6.11992e-12
      19140.0  6.08096e-12
      19150.0  6.04321e-12
      19160.0  6.00691e-12
      19170.0  5.97230e-12
      19180.0  5.93962e-12
      19190.0  5.90909e-12
      19200.0  5.88095e-12
      19210.0  5.85540e-12
      19220.0  5.83266e-12
      19230.0  5.81291e-12
      19240.0  5.79635e-12
      19250.0  5.78313e-12
      19260.0  5.77341e-12
      19270.0  5.76732e-12
      19280.0  5.76497e-12
      19290.0  5.76646e-12
      19300.0  5.77186e-12
      19310.0  5.78122e-12
      19320.0  5.79456e-12
      19330.0  5.81187e-12
      19340.0  5.83314e-12
      19350.0  5.85831e-12
      19360.0  5.88728e-12
      19370.0  5.91996e-12
      19380.0  5.95619e-12
      19390.0  5.99582e-12
      19400.0  6.03864e-12
      19410.0  6.08444e-12
      19420.0  6.13296e-12
      19430.0  6.18393e-12
      19440.0  6.23707e-12
      19450.0  6.29205e-12
      19460.0  6.34855e-12
      19470.0  6.40621e-12
      19480.0  6.46469e-12
      19490.0  6.52362e-12
      19500.0  6.58262e-12
      19510.0  6.64134e-12
      19520.0  6.69939e-12
      19530.0  6.75643e-12
      19540.0  6.81211e-12
      19550.0  6.86608e-12
      19560.0  6.91803e-12
      19570.0  6.96766e-12
      19580.0  7.01470e-12
      19590.0  7.05890e-12
      19600.0  7.10004e-12
      19610.0  7.13792e-12
      19620.0  7.17238e-12
      19630.0  7.20330e-12
      19640.0  7.23057e-12
      19650.0  7.25412e-12
      19660.0  7.27392e-12
      19670.0  7.28995e-12
      19680.0  7.30224e-12
      19690.0  7.31083e-12
      19700.0  7.31579e-12
      19710.0  7.31720e-12
      19720.0  7.31517e-12
      19730.0  7.30984e-12
      19740.0  7.30133e-12
      19750.0  7.28979e-12
      19760.0  7.27537e-12
      19770.0  7.25823e-12
      19780.0  7.23853e-12
      19790.0  7.21642e-12
      19800.0  7.19206e-12
      19810.0  7.16558e-12
      19820.0  7.13713e-12
      19830.0  7.10683e-12
      19840.0  7.07478e-12
      19850.0  7.04110e-12
      19860.0  7.00586e-12
      19870.0  6.96912e-12
      19880.0  6.93095e-12
      19890.0  6.89138e-12
      19900.0  6.85044e-12
      19910.0  6.80812e-12
      19920.0  6.76445e-12
      19930.0  6.71939e-12
      19940.0  6.67293e-12
      19950.0  6.62503e-12
      19960.0  6.57566e-12
      19970.0  6.52479e-12
      19980.0  6.47237e-12
      19990.0  6.41837e-12
      20000.0  6.36275e-12
      20010.0  6.30549e-12
      20020.0  6.24657e-12
      20030.0  6.18598e-12
      20040.0  6.12372e-12
      20050.0  6.05981e-12
      20060.0  5.99430e-12
      20070.0  5.92722e-12
      20080.0  5.85865e-12
      20090.0  5.78868e-12
      20100.0  5.71740e-12
      20110.0  5.64493e-12
      20120.0  5.57143e-12
      20130.0  5.49703e-12
      20140.0  5.42192e-12
      20150.0  5.34629e-12
      20160.0  5.27032e-12
      20170.0  5.19423e-12
      20180.0  5.11824e-12
      20190.0  5.04257e-12
      20200.0  4.96746e-12
      20210.0  4.89314e-12
      20220.0  4.81984e-12
      20230.0  4.74780e-12
      20240.0  4.67723e-12
      20250.0  4.60838e-12
      20260.0  4.54143e-12
      20270.0  4.47661e-12
      20280.0  4.41409e-12
      20290.0  4.35405e-12
      20300.0  4.29666e-12
      20310.0  4.24204e-12
      20320.0  4.19033e-12
      20330.0  4.14164e-12
      20340.0  4.09604e-12
      20350.0  4.05360e-12
      20360.0  4.01437e-12
      20370.0  3.97838e-12
      20380.0  3.94563e-12
      20390.0  3.91612e-12
      20400.0  3.88981e-12
      20410.0  3.86665e-12
      20420.0  3.84660e-12
      20430.0  3.82957e-12
      20440.0  3.81548e-12
      20450.0  3.80422e-12
      20460.0  3.79568e-12
      20470.0  3.78976e-12
      20480.0  3.78632e-12
      20490.0  3.78524e-12
      20500.0  3.78637e-12
      20510.0  3.78960e-12
      20520.0  3.79478e-12
      20530.0  3.80177e-12
      20540.0  3.81045e-12
      20550.0  3.82068e-12
      20560.0  3.83234e-12
      20570.0  3.84531e-12
      20580.0  3.85947e-12
      20590.0  3.87471e-12
      20600.0  3.89093e-12
      20610.0  3.90803e-12
      20620.0  3.92594e-12
      20630.0  3.94456e-12
      20640.0  3.96383e-12
      20650.0  3.98368e-12
      20660.0  4.00405e-12
      20670.0  4.02491e-12
      20680.0  4.04619e-12
      20690.0  4.06788e-12
      20700.0  4.08993e-12
      20710.0  4.11233e-12
      20720.0  4.13506e-12
      20730.0  4.15811e-12
      20740.0  4.18146e-12
      20750.0  4.20512e-12
      20760.0  4.22908e-12
      20770.0  4.25334e-12
      20780.0  4.27791e-12
      20790.0  4.30280e-12
      20800.0  4.32800e-12
      20810.0  4.35353e-12
      20820.0  4.37939e-12
      20830.0  4.40558e-12
      20840.0  4.43212e-12
      20850.0  4.45899e-12
      20860.0  4.48622e-12
      20870.0  4.51378e-12
      20880.0  4.54168e-12
      20890.0  4.56991e-12
      20900.0  4.59845e-12
      20910.0  4.62731e-12
      20920.0  4.65644e-12
      20930.0  4.68584e-12
      20940.0  4.71549e-12
      20950.0  4.74534e-12
      20960.0  4.77538e-12
      20970.0  4.80556e-12
      20980.0  4.83586e-12
      20990.0  4.86622e-12
      21000.0  4.89661e-12
      21010.0  4.92697e-12
      21020.0  4.95727e-12
      21030.0  4.98745e-12
      21040.0  5.01746e-12
      21050.0  5.04724e-12
      21060.0  5.07673e-12
      21070.0  5.10589e-12
      21080.0  5.13464e-12
      21090.0  5.16293e-12
      21100.0  5.19069e-12
      21110.0  5.21785e-12
      21120.0  5.24436e-12
      21130.0  5.27013e-12
      21140.0  5.29510e-12
      21150.0  5.31920e-12
      21160.0  5.34234e-12
      21170.0  5.36445e-12
      21180.0  5.38545e-12
      21190.0  5.40525e-12
      21200.0  5.42378e-12
      21210.0  5.44093e-12
      21220.0  5.45663e-12
      21230.0  5.47078e-12
      21240.0  5.48329e-12
      21250.0  5.49407e-12
      21260.0  5.50301e-12
      21270.0  5.51003e-12
      21280.0  5.51503e-12
      21290.0  5.51792e-12
      21300.0  5.51860e-12
      21310.0  5.51699e-12
      21320.0  5.51300e-12
      21330.0  5.50654e-12
      21340.0  5.49755e-12
      21350.0  5.48595e-12
      21360.0  5.47168e-12
      21370.0  5.45470e-12
      21380.0  5.43494e-12
      21390.0  5.41239e-12
      21400.0  5.38703e-12
      21410.0  5.35884e-12
      21420.0  5.32784e-12
      21430.0  5.29404e-12
      21440.0  5.25749e-12
      21450.0  5.21824e-12
      21460.0  5.17637e-12
      21470.0  5.13196e-12
      21480.0  5.08512e-12
      21490.0  5.03600e-12
      21500.0  4.98472e-12
      21510.0  4.93146e-12
      21520.0  4.87640e-12
      21530.0  4.81974e-12
      21540.0  4.76170e-12
      21550.0  4.70251e-12
      21560.0  4.64242e-12
      21570.0  4.58169e-12
      21580.0  4.52059e-12
      21590.0  4.45940e-12
      21600.0  4.39841e-12
      21610.0  4.33792e-12
      21620.0  4.27821e-12
      21630.0  4.21960e-12
      21640.0  4.16237e-12
      21650.0  4.10681e-12
      21660.0  4.05322e-12
      21670.0  4.00186e-12
      21680.0  3.95301e-12
      21690.0  3.90692e-12
      21700.0  3.86381e-12
      21710.0  3.82392e-12
      21720.0  3.78745e-12
      21730.0  3.75457e-12
      21740.0  3.72544e-12
      21750.0  3.70020e-12
      21760.0  3.67895e-12
      21770.0  3.66179e-12
      21780.0  3.64878e-12
      21790.0  3.63995e-12
      21800.0  3.63531e-12
      21810.0  3.63486e-12
      21820.0  3.63855e-12
      21830.0  3.64633e-12
      21840.0  3.65812e-12
      21850.0  3.67381e-12
      21860.0  3.69328e-12
      21870.0  3.71639e-12
      21880.0  3.74299e-12
      21890.0  3.77290e-12
      21900.0  3.80595e-12
      21910.0  3.84194e-12
      21920.0  3.88066e-12
      21930.0  3.92192e-12
      21940.0  3.96548e-12
      21950.0  4.01114e-12
      21960.0  4.05868e-12
      21970.0  4.10787e-12
      21980.0  4.15850e-12
      21990.0  4.21035e-12
      22000.0  4.26321e-12
      22010.0  4.31687e-12
      22020.0  4.37114e-12
      22030.0  4.42583e-12
      22040.0  4.48075e-12
      22050.0  4.53572e-12
      22060.0  4.59059e-12
      22070.0  4.64519e-12
      22080.0  4.69938e-12
      22090.0  4.75302e-12
      22100.0  4.80600e-12
      22110.0  4.85819e-12
      22120.0  4.90948e-12
      22130.0  4.95978e-12
      22140.0  5.00901e-12
      22150.0  5.05707e-12
      22160.0  5.10390e-12
      22170.0  5.14944e-12
      22180.0  5.19362e-12
      22190.0  5.23638e-12
      22200.0  5.27770e-12
      22210.0  5.31751e-12
      22220.0  5.35578e-12
      22230.0  5.39247e-12
      22240.0  5.42755e-12
      22250.0  5.46098e-12
      22260.0  5.49274e-12
      22270.0  5.52279e-12
      22280.0  5.55109e-12
      22290.0  5.57762e-12
      22300.0  5.60234e-12
      22310.0  5.62522e-12
      22320.0  5.64621e-12
      22330.0  5.66527e-12
      22340.0  5.68237e-12
      22350.0  5.69745e-12
      22360.0  5.71047e-12
      22370.0  5.72138e-12
      22380.0  5.73012e-12
      22390.0  5.73663e-12
      22400.0  5.74087e-12
      22410.0  5.74277e-12
      22420.0  5.74228e-12
      22430.0  5.73934e-12
      22440.0  5.73388e-12
      22450.0  5.72586e-12
      22460.0  5.71522e-12
      22470.0  5.70190e-12
      22480.0  5.68587e-12
      22490.0  5.66709e-12
      22500.0  5.64551e-12
      22510.0  5.62111e-12
      22520.0  5.59387e-12
      22530.0  5.56377e-12
      22540.0  5.53081e-12
      22550.0  5.49501e-12
      22560.0  5.45636e-12
      22570.0  5.41491e-12
      22580.0  5.37069e-12
      22590.0  5.32374e-12
      22600.0  5.27413e-12
      22610.0  5.22192e-12
      22620.0  5.16721e-12
      22630.0  5.11008e-12
      22640.0  5.05063e-12
      22650.0  4.98898e-12
      22660.0  4.92525e-12
      22670.0  4.85957e-12
      22680.0  4.79208e-12
      22690.0  4.72293e-12
      22700.0  4.65227e-12
      22710.0  4.58025e-12
      22720.0  4.50705e-12
      22730.0  4.43282e-12
      22740.0  4.35775e-12
      22750.0  4.28199e-12
      22760.0  4.20573e-12
      22770.0  4.12915e-12
      22780.0  4.05241e-12
      22790.0  3.97570e-12
      22800.0  3.89919e-12
      22810.0  3.82305e-12
      22820.0  3.74746e-12
      22830.0  3.67258e-12
      22840.0  3.59858e-12
      22850.0  3.52564e-12
      22860.0  3.45390e-12
      22870.0  3.38353e-12
      22880.0  3.31468e-12
      22890.0  3.24751e-12
      22900.0  3.18216e-12
      22910.0  3.11878e-12
      22920.0  3.05751e-12
      22930.0  2.99848e-12
      22940.0  2.94182e-12
      22950.0  2.88767e-12
      22960.0  2.83613e-12
      22970.0  2.78734e-12
      22980.0  2.74140e-12
      22990.0  2.69841e-12
      23000.0  2.65848e-12
      23010.0  2.62169e-12
      23020.0  2.58813e-12
      23030.0  2.55787e-12
      23040.0  2.53099e-12
      23050.0  2.50755e-12
      23060.0  2.48759e-12
      23070.0  2.47117e-12
      23080.0  2.45830e-12
      23090.0  2.44902e-12
      23100.0  2.44333e-12
      23110.0  2.44123e-12
      23120.0  2.44272e-12
      23130.0  2.44776e-12
      23140.0  2.45633e-12
      23150.0  2.46837e-12
      23160.0  2.48383e-12
      23170.0  2.50263e-12
      23180.0  2.52468e-12
      23190.0  2.54990e-12
      23200.0  2.57817e-12
      23210.0  2.60936e-12
      23220.0  2.64335e-12
      23230.0  2.67998e-12
      23240.0  2.71911e-12
      23250.0  2.76055e-12
      23260.0  2.80414e-12
      23270.0  2.84969e-12
      23280.0  2.89700e-12
      23290.0  2.94586e-12
      23300.0  2.99608e-12
      23310.0  3.04742e-12
      23320.0  3.09968e-12
      23330.0  3.15262e-12
      23340.0  3.20603e-12
      23350.0  3.25967e-12
      23360.0  3.31332e-12
      23370.0  3.36676e-12
      23380.0  3.41977e-12
      23390.0  3.47212e-12
      23400.0  3.52361e-12
      23410.0  3.57405e-12
      23420.0  3.62322e-12
      23430.0  3.67096e-12
      23440.0  3.71708e-12
      23450.0  3.76142e-12
      23460.0  3.80384e-12
      23470.0  3.84419e-12
      23480.0  3.88236e-12
      23490.0  3.91823e-12
      23500.0  3.95171e-12
      23510.0  3.98273e-12
      23520.0  4.01121e-12
      23530.0  4.03710e-12
      23540.0  4.06037e-12
      23550.0  4.08099e-12
      23560.0  4.09896e-12
      23570.0  4.11426e-12
      23580.0  4.12692e-12
      23590.0  4.13696e-12
      23600.0  4.14441e-12
      23610.0  4.14931e-12
      23620.0  4.15171e-12
      23630.0  4.15167e-12
      23640.0  4.14925e-12
      23650.0  4.14452e-12
      23660.0  4.13755e-12
      23670.0  4.12842e-12
      23680.0  4.11722e-12
      23690.0  4.10402e-12
      23700.0  4.08892e-12
      23710.0  4.07200e-12
      23720.0  4.05337e-12
      23730.0  4.03312e-12
      23740.0  4.01136e-12
      23750.0  3.98819e-12
      23760.0  3.96373e-12
      23770.0  3.93809e-12
      23780.0  3.91139e-12
      23790.0  3.88376e-12
      23800.0  3.85534e-12
      23810.0  3.82627e-12
      23820.0  3.79669e-12
      23830.0  3.76683e-12
      23840.0  3.73680e-12
      23850.0  3.70672e-12
      23860.0  3.67678e-12
      23870.0  3.64712e-12
      23880.0  3.61791e-12
      23890.0  3.58932e-12
      23900.0  3.56150e-12
      23910.0  3.53460e-12
      23920.0  3.50877e-12
      23930.0  3.48414e-12
      23940.0  3.46084e-12
      23950.0  3.43898e-12
      23960.0  3.41866e-12
      23970.0  3.39996e-12
      23980.0  3.38295e-12
      23990.0  3.36770e-12
      24000.0  3.35425e-12
      24010.0  3.34262e-12
      24020.0  3.33285e-12
      24030.0  3.32493e-12
      24040.0  3.31888e-12
      24050.0  3.31469e-12
      24060.0  3.31234e-12
      24070.0  3.31182e-12
      24080.0  3.31311e-12
      24090.0  3.31620e-12
      24100.0  3.32104e-12
      24110.0  3.32763e-12
      24120.0  3.33593e-12
      24130.0  3.34592e-12
      24140.0  3.35756e-12
      24150.0  3.37082e-12
      24160.0  3.38567e-12
      24170.0  3.40207e-12
      24180.0  3.41998e-12
      24190.0  3.43935e-12
      24200.0  3.46013e-12
      24210.0  3.48226e-12
      24220.0  3.50569e-12
      24230.0  3.53036e-12
      24240.0  3.55619e-12
      24250.0  3.58312e-12
      24260.0  3.61106e-12
      24270.0  3.63994e-12
      24280.0  3.66967e-12
      24290.0  3.70017e-12
      24300.0  3.73136e-12
      24310.0  3.76315e-12
      24320.0  3.79545e-12
      24330.0  3.82817e-12
      24340.0  3.86124e-12
      24350.0  3.89456e-12
      24360.0  3.92805e-12
      24370.0  3.96163e-12
      24380.0  3.99523e-12
      24390.0  4.02875e-12
      24400.0  4.06212e-12
      24410.0  4.09528e-12
      24420.0  4.12813e-12
      24430.0  4.16061e-12
      24440.0  4.19265e-12
      24450.0  4.22417e-12
      24460.0  4.25510e-12
      24470.0  4.28536e-12
      24480.0  4.31489e-12
      24490.0  4.34361e-12
      24500.0  4.37145e-12
      24510.0  4.39833e-12
      24520.0  4.42419e-12
      24530.0  4.44894e-12
      24540.0  4.47251e-12
      24550.0  4.49483e-12
      24560.0  4.51584e-12
      24570.0  4.53545e-12
      24580.0  4.55360e-12
      24590.0  4.57023e-12
      24600.0  4.58527e-12
      24610.0  4.59868e-12
      24620.0  4.61038e-12
      24630.0  4.62035e-12
      24640.0  4.62854e-12
      24650.0  4.63493e-12
      24660.0  4.63949e-12
      24670.0  4.64222e-12
      24680.0  4.64311e-12
      24690.0  4.64219e-12
      24700.0  4.63947e-12
      24710.0  4.63500e-12
      24720.0  4.62883e-12
      24730.0  4.62104e-12
      24740.0  4.61171e-12
      24750.0  4.60093e-12
      24760.0  4.58882e-12
      24770.0  4.57551e-12
      24780.0  4.56115e-12
      24790.0  4.54588e-12
      24800.0  4.52988e-12
      24810.0  4.51331e-12
      24820.0  4.49636e-12
      24830.0  4.47921e-12
      24840.0  4.46204e-12
      24850.0  4.44502e-12
      24860.0  4.42832e-12
      24870.0  4.41208e-12
      24880.0  4.39644e-12
      24890.0  4.38150e-12
      24900.0  4.36735e-12
      24910.0  4.35404e-12
      24920.0  4.34161e-12
      24930.0  4.33008e-12
      24940.0  4.31944e-12
      24950.0  4.30967e-12
      24960.0  4.30075e-12
      24970.0  4.29262e-12
      24980.0  4.28524e-12
      24990.0  4.27855e-12
      25000.0  4.27250e-12
