      1000.00  8.24159e-14
      1010.00  9.98535e-14
      1020.00  1.21370e-13
      1030.00  1.47789e-13
      1040.00  1.80132e-13
      1050.00  2.19565e-13
      1060.00  2.67388e-13
      1070.00  3.25009e-13
      1080.00  3.93909e-13
      1090.00  4.75584e-13
      1100.00  5.71477e-13
      1110.00  6.82908e-13
      1120.00  8.10990e-13
      1130.00  9.56562e-13
      1140.00  1.12012e-12
      1150.00  1.30178e-12
      1160.00  1.50123e-12
      1170.00  1.71773e-12
      1180.00  1.95010e-12
      1190.00  2.19675e-12
      1200.00  2.45569e-12
      1210.00  2.72459e-12
      1220.00  3.00082e-12
      1230.00  3.28150e-12
      1240.00  3.56364e-12
      1250.00  3.84413e-12
      1260.00  4.11991e-12
      1270.00  4.38798e-12
      1280.00  4.64555e-12
      1290.00  4.89006e-12
      1300.00  5.11929e-12
      1310.00  5.33135e-12
      1320.00  5.52479e-12
      1330.00  5.69857e-12
      1340.00  5.85206e-12
      1350.00  5.98511e-12
      1360.00  6.09796e-12
      1370.00  6.19127e-12
      1380.00  6.26609e-12
      1390.00  6.32383e-12
      1400.00  6.36626e-12
      1410.00  6.39549e-12
      1420.00  6.41397e-12
      1430.00  6.42446e-12
      1440.00  6.43010e-12
      1450.00  6.43431e-12
      1460.00  6.44084e-12
      1470.00  6.45364e-12
      1480.00  6.47678e-12
      1490.00  6.51424e-12
      1500.00  6.56966e-12
      1510.00  6.64600e-12
      1520.00  6.74525e-12
      1530.00  6.86809e-12
      1540.00  7.01359e-12
      1550.00  7.17919e-12
      1560.00  7.36066e-12
      1570.00  7.55249e-12
      1580.00  7.74829e-12
      1590.00  7.94145e-12
      1600.00  8.12585e-12
      1610.00  8.29657e-12
      1620.00  8.45041e-12
      1630.00  8.58629e-12
      1640.00  8.70536e-12
      1650.00  8.81083e-12
      1660.00  8.90767e-12
      1670.00  9.00209e-12
      1680.00  9.10096e-12
      1690.00  9.21127e-12
      1700.00  9.33961e-12
      1710.00  9.49176e-12
      1720.00  9.67237e-12
      1730.00  9.88474e-12
      1740.00  1.01307e-11
      1750.00  1.04103e-11
      1760.00  1.07223e-11
      1770.00  1.10634e-11
      1780.00  1.14293e-11
      1790.00  1.18142e-11
      1800.00  1.22111e-11
      1810.00  1.26128e-11
      1820.00  1.30119e-11
      1830.00  1.34013e-11
      1840.00  1.37747e-11
      1850.00  1.41272e-11
      1860.00  1.44553e-11
      1870.00  1.47572e-11
      1880.00  1.50325e-11
      1890.00  1.52825e-11
      1900.00  1.55095e-11
      1910.00  1.57165e-11
      1920.00  1.59072e-11
      1930.00  1.60852e-11
      1940.00  1.62540e-11
      1950.00  1.64164e-11
      1960.00  1.65748e-11
      1970.00  1.67308e-11
      1980.00  1.68854e-11
      1990.00  1.70386e-11
      2000.00  1.71901e-11
      2010.00  1.73390e-11
      2020.00  1.74844e-11
      2030.00  1.76248e-11
      2040.00  1.77592e-11
      2050.00  1.78862e-11
      2060.00  1.80052e-11
      2070.00  1.81153e-11
      2080.00  1.82161e-11
      2090.00  1.83077e-11
      2100.00  1.83899e-11
      2110.00  1.84632e-11
      2120.00  1.85281e-11
      2130.00  1.85849e-11
      2140.00  1.86345e-11
      2150.00  1.86775e-11
      2160.00  1.87146e-11
      2170.00  1.87464e-11
      2180.00  1.87736e-11
      2190.00  1.87968e-11
      2200.00  1.88165e-11
      2210.00  1.88335e-11
      2220.00  1.88482e-11
      2230.00  1.88614e-11
      2240.00  1.88739e-11
      2250.00  1.88868e-11
      2260.00  1.89009e-11
      2270.00  1.89177e-11
      2280.00  1.89381e-11
      2290.00  1.89634e-11
      2300.00  1.89944e-11
      2310.00  1.90317e-11
      2320.00  1.90756e-11
      2330.00  1.91260e-11
      2340.00  1.91826e-11
      2350.00  1.92452e-11
      2360.00  1.93135e-11
      2370.00  1.93880e-11
      2380.00  1.94698e-11
      2390.00  1.95609e-11
      2400.00  1.96646e-11
      2410.00  1.97852e-11
      2420.00  1.99276e-11
      2430.00  2.00971e-11
      2440.00  2.02985e-11
      2450.00  2.05355e-11
      2460.00  2.08092e-11
      2470.00  2.11183e-11
      2480.00  2.14580e-11
      2490.00  2.18204e-11
      2500.00  2.21947e-11
      2510.00  2.25684e-11
      2520.00  2.29292e-11
      2530.00  2.32656e-11
      2540.00  2.35696e-11
      2550.00  2.38368e-11
      2560.00  2.40680e-11
      2570.00  2.42679e-11
      2580.00  2.44452e-11
      2590.00  2.46111e-11
      2600.00  2.47775e-11
      2610.00  2.49556e-11
      2620.00  2.51553e-11
      2630.00  2.53838e-11
      2640.00  2.56455e-11
      2650.00  2.59542e-11
      2660.00  2.69334e-11
      2670.00  3.43079e-11
      2680.00  5.16820e-11
      2690.00  6.51894e-11
      2700.00  7.33131e-11
      2710.00  7.81225e-11
      2720.00  8.08640e-11
      2730.00  8.36539e-11
      2740.00  8.61904e-11
      2750.00  8.86654e-11
      2760.00  9.13455e-11
      2770.00  9.21913e-11
      2780.00  9.13154e-11
      2790.00  9.03046e-11
      2800.00  8.93228e-11
      2810.00  8.91846e-11
      2820.00  9.11921e-11
      2830.00  9.28434e-11
      2840.00  9.25939e-11
      2850.00  9.44347e-11
      2860.00  1.01555e-10
      2870.00  1.13614e-10
      2880.00  1.25640e-10
      2890.00  1.34487e-10
      2900.00  1.39930e-10
      2910.00  1.39551e-10
      2920.00  1.33140e-10
      2930.00  1.29148e-10
      2940.00  1.27906e-10
      2950.00  1.25147e-10
      2960.00  1.20745e-10
      2970.00  1.16683e-10
      2980.00  1.13717e-10
      2990.00  1.11176e-10
      3000.00  1.07794e-10
      3010.00  1.04185e-10
      3020.00  1.02656e-10
      3030.00  1.03500e-10
      3040.00  1.01791e-10
      3050.00  9.72748e-11
      3060.00  9.92078e-11
      3070.00  1.08577e-10
      3080.00  1.15627e-10
      3090.00  1.16125e-10
      3100.00  1.12899e-10
      3110.00  1.10539e-10
      3120.00  1.11128e-10
      3130.00  1.12173e-10
      3140.00  1.12366e-10
      3150.00  1.14798e-10
      3160.00  1.18901e-10
      3170.00  1.22839e-10
      3180.00  1.27498e-10
      3190.00  1.33801e-10
      3200.00  1.37821e-10
      3210.00  1.35009e-10
      3220.00  1.26933e-10
      3230.00  1.17643e-10
      3240.00  1.10297e-10
      3250.00  1.06844e-10
      3260.00  1.06626e-10
      3270.00  1.08532e-10
      3280.00  1.10087e-10
      3290.00  1.08207e-10
      3300.00  1.06706e-10
      3310.00  1.08299e-10
      3320.00  1.10551e-10
      3330.00  1.12212e-10
      3340.00  1.12661e-10
      3350.00  1.12797e-10
      3360.00  1.15061e-10
      3370.00  1.18757e-10
      3380.00  1.23458e-10
      3390.00  1.29193e-10
      3400.00  1.35045e-10
      3410.00  1.40301e-10
      3420.00  1.44180e-10
      3430.00  1.46360e-10
      3440.00  1.47721e-10
      3450.00  1.49517e-10
      3460.00  1.52242e-10
      3470.00  1.56042e-10
      3480.00  1.61457e-10
      3490.00  1.69061e-10
      3500.00  1.78352e-10
      3510.00  1.87932e-10
      3520.00  1.96317e-10
      3530.00  2.01486e-10
      3540.00  2.03663e-10
      3550.00  2.06325e-10
      3560.00  2.10645e-10
      3570.00  2.15894e-10
      3580.00  2.21305e-10
      3590.00  2.25512e-10
      3600.00  2.25659e-10
      3610.00  2.19880e-10
      3620.00  2.13661e-10
      3630.00  2.15133e-10
      3640.00  2.25750e-10
      3650.00  2.42553e-10
      3660.00  2.62434e-10
      3670.00  2.82506e-10
      3680.00  2.99658e-10
      3690.00  3.10874e-10
      3700.00  3.14002e-10
      3710.00  3.08350e-10
      3720.00  2.95543e-10
      3730.00  2.78836e-10
      3740.00  2.60559e-10
      3750.00  2.40841e-10
      3760.00  2.19797e-10
      3770.00  1.99465e-10
      3780.00  1.82496e-10
      3790.00  1.70675e-10
      3800.00  1.65296e-10
      3810.00  1.67941e-10
      3820.00  1.80777e-10
      3830.00  2.05678e-10
      3840.00  2.41862e-10
      3850.00  2.85055e-10
      3860.00  3.29792e-10
      3870.00  3.72482e-10
      3880.00  4.12354e-10
      3890.00  4.49724e-10
      3900.00  4.84031e-10
      3910.00  5.14167e-10
      3920.00  5.40006e-10
      3930.00  5.62356e-10
      3940.00  5.81557e-10
      3950.00  5.96662e-10
      3960.00  6.05620e-10
      3970.00  6.06190e-10
      3980.00  5.97051e-10
      3990.00  5.78496e-10
      4000.00  5.52620e-10
      4010.00  5.22907e-10
      4020.00  4.93381e-10
      4030.00  4.67611e-10
      4040.00  4.47587e-10
      4050.00  4.33026e-10
      4060.00  4.21887e-10
      4070.00  4.11742e-10
      4080.00  4.01111e-10
      4090.00  3.90197e-10
      4100.00  3.80514e-10
      4110.00  3.73557e-10
      4120.00  3.69706e-10
      4130.00  3.68546e-10
      4140.00  3.69867e-10
      4150.00  3.73741e-10
      4160.00  3.79924e-10
      4170.00  3.87668e-10
      4180.00  3.95848e-10
      4190.00  4.03203e-10
      4200.00  4.08840e-10
      4210.00  4.12674e-10
      4220.00  4.15234e-10
      4230.00  4.17218e-10
      4240.00  4.19390e-10
      4250.00  4.22586e-10
      4260.00  4.27269e-10
      4270.00  4.33269e-10
      4280.00  4.40191e-10
      4290.00  4.47660e-10
      4300.00  4.54630e-10
      4310.00  4.58713e-10
      4320.00  4.56780e-10
      4330.00  4.46621e-10
      4340.00  4.28335e-10
      4350.00  4.04415e-10
      4360.00  3.78418e-10
      4370.00  3.53227e-10
      4380.00  3.30333e-10
      4390.00  3.10361e-10
      4400.00  2.93874e-10
      4410.00  2.81601e-10
      4420.00  2.74287e-10
      4430.00  2.72446e-10
      4440.00  2.76113e-10
      4450.00  2.84820e-10
      4460.00  2.97856e-10
      4470.00  3.14633e-10
      4480.00  3.34961e-10
      4490.00  3.59153e-10
      4500.00  3.87906e-10
      4510.00  4.22005e-10
      4520.00  4.62013e-10
      4530.00  5.08022e-10
      4540.00  5.59299e-10
      4550.00  6.13858e-10
      4560.00  6.68469e-10
      4570.00  7.19425e-10
      4580.00  7.63486e-10
      4590.00  7.98382e-10
      4600.00  8.22847e-10
      4610.00  8.36414e-10
      4620.00  8.38663e-10
      4630.00  8.28620e-10
      4640.00  8.05057e-10
      4650.00  7.67742e-10
      4660.00  7.18626e-10
      4670.00  6.61854e-10
      4680.00  6.02614e-10
      4690.00  5.45752e-10
      4700.00  4.94887e-10
      4710.00  4.52109e-10
      4720.00  4.18062e-10
      4730.00  3.92425e-10
      4740.00  3.74638e-10
      4750.00  3.64433e-10
      4760.00  3.61804e-10
      4770.00  3.66586e-10
      4780.00  3.77935e-10
      4790.00  3.93992e-10
      4800.00  4.11916e-10
      4810.00  4.28421e-10
      4820.00  4.40852e-10
      4830.00  4.48354e-10
      4840.00  4.52383e-10
      4850.00  4.56149e-10
      4860.00  4.63375e-10
      4870.00  4.77178e-10
      4880.00  4.99351e-10
      4890.00  5.29975e-10
      4900.00  5.67245e-10
      4910.00  6.07517e-10
      4920.00  6.45667e-10
      4930.00  6.75871e-10
      4940.00  6.92791e-10
      4950.00  6.92917e-10
      4960.00  6.75647e-10
      4970.00  6.43655e-10
      4980.00  6.02234e-10
      4990.00  5.57684e-10
      5000.00  5.15530e-10
      5010.00  4.79306e-10
      5020.00  4.50337e-10
      5030.00  4.28298e-10
      5040.00  4.11973e-10
      5050.00  3.99877e-10
      5060.00  3.90679e-10
      5070.00  3.83415e-10
      5080.00  3.77504e-10
      5090.00  3.72695e-10
      5100.00  3.69017e-10
      5110.00  3.66715e-10
      5120.00  3.66138e-10
      5130.00  3.67637e-10
      5140.00  3.71524e-10
      5150.00  3.78097e-10
      5160.00  3.87668e-10
      5170.00  4.00481e-10
      5180.00  4.16568e-10
      5190.00  4.35641e-10
      5200.00  4.57118e-10
      5210.00  4.80276e-10
      5220.00  5.04398e-10
      5230.00  5.28859e-10
      5240.00  5.53136e-10
      5250.00  5.76784e-10
      5260.00  5.99380e-10
      5270.00  6.20476e-10
      5280.00  6.39558e-10
      5290.00  6.56072e-10
      5300.00  6.69544e-10
      5310.00  6.79803e-10
      5320.00  6.87183e-10
      5330.00  6.92552e-10
      5340.00  6.97110e-10
      5350.00  7.02077e-10
      5360.00  7.08443e-10
      5370.00  7.16923e-10
      5380.00  7.28071e-10
      5390.00  7.42425e-10
      5400.00  7.60583e-10
      5410.00  7.83166e-10
      5420.00  8.10650e-10
      5430.00  8.43109e-10
      5440.00  8.79920e-10
      5450.00  9.19652e-10
      5460.00  9.60249e-10
      5470.00  9.99475e-10
      5480.00  1.03534e-09
      5490.00  1.06632e-09
      5500.00  1.09138e-09
      5510.00  1.10987e-09
      5520.00  1.12135e-09
      5530.00  1.12549e-09
      5540.00  1.12215e-09
      5550.00  1.11153e-09
      5560.00  1.09423e-09
      5570.00  1.07093e-09
      5580.00  1.04227e-09
      5590.00  1.00882e-09
      5600.00  9.71201e-10
      5610.00  9.30143e-10
      5620.00  8.86545e-10
      5630.00  8.41497e-10
      5640.00  7.96341e-10
      5650.00  7.52675e-10
      5660.00  7.12249e-10
      5670.00  6.76776e-10
      5680.00  6.47738e-10
      5690.00  6.26242e-10
      5700.00  6.12967e-10
      5710.00  6.08192e-10
      5720.00  6.11833e-10
      5730.00  6.23428e-10
      5740.00  6.42057e-10
      5750.00  6.66279e-10
      5760.00  6.94172e-10
      5770.00  7.23518e-10
      5780.00  7.52061e-10
      5790.00  7.77757e-10
      5800.00  7.98940e-10
      5810.00  8.14439e-10
      5820.00  8.23619e-10
      5830.00  8.26349e-10
      5840.00  8.22902e-10
      5850.00  8.13837e-10
      5860.00  7.99940e-10
      5870.00  7.82195e-10
      5880.00  7.61703e-10
      5890.00  7.39511e-10
      5900.00  7.16368e-10
      5910.00  6.92583e-10
      5920.00  6.68080e-10
      5930.00  6.42674e-10
      5940.00  6.16379e-10
      5950.00  5.89591e-10
      5960.00  5.63071e-10
      5970.00  5.37791e-10
      5980.00  5.14721e-10
      5990.00  4.94635e-10
      6000.00  4.77980e-10
      6010.00  4.64837e-10
      6020.00  4.54968e-10
      6030.00  4.47910e-10
      6040.00  4.43081e-10
      6050.00  4.39874e-10
      6060.00  4.37740e-10
      6070.00  4.36238e-10
      6080.00  4.35048e-10
      6090.00  4.33957e-10
      6100.00  4.32863e-10
      6110.00  4.31798e-10
      6120.00  4.30974e-10
      6130.00  4.30773e-10
      6140.00  4.31673e-10
      6150.00  4.34093e-10
      6160.00  4.38192e-10
      6170.00  4.43717e-10
      6180.00  4.49968e-10
      6190.00  4.55934e-10
      6200.00  4.60621e-10
      6210.00  4.63412e-10
      6220.00  4.64184e-10
      6230.00  4.63003e-10
      6240.00  4.59785e-10
      6250.00  4.54524e-10
      6260.00  4.47867e-10
      6270.00  4.41222e-10
      6280.00  4.36252e-10
      6290.00  4.34308e-10
      6300.00  4.36216e-10
      6310.00  4.42319e-10
      6320.00  4.52557e-10
      6330.00  4.66552e-10
      6340.00  4.83772e-10
      6350.00  5.03737e-10
      6360.00  5.26082e-10
      6370.00  5.50490e-10
      6380.00  5.76563e-10
      6390.00  6.03779e-10
      6400.00  6.31545e-10
      6410.00  6.59267e-10
      6420.00  6.86357e-10
      6430.00  7.12197e-10
      6440.00  7.36173e-10
      6450.00  7.57785e-10
      6460.00  7.76707e-10
      6470.00  7.92747e-10
      6480.00  8.05740e-10
      6490.00  8.15483e-10
      6500.00  8.21757e-10
      6510.00  8.24400e-10
      6520.00  8.23377e-10
      6530.00  8.18794e-10
      6540.00  8.10859e-10
      6550.00  7.99798e-10
      6560.00  7.85786e-10
      6570.00  7.68949e-10
      6580.00  7.49369e-10
      6590.00  7.27146e-10
      6600.00  7.02474e-10
      6610.00  6.75686e-10
      6620.00  6.47247e-10
      6630.00  6.17719e-10
      6640.00  5.87724e-10
      6650.00  5.57900e-10
      6660.00  5.28868e-10
      6670.00  5.01195e-10
      6680.00  4.75366e-10
      6690.00  4.51763e-10
      6700.00  4.30656e-10
      6710.00  4.12192e-10
      6720.00  3.96393e-10
      6730.00  3.83159e-10
      6740.00  3.72286e-10
      6750.00  3.63491e-10
      6760.00  3.56445e-10
      6770.00  3.50809e-10
      6780.00  3.46269e-10
      6790.00  3.42553e-10
      6800.00  3.39447e-10
      6810.00  3.36800e-10
      6820.00  3.34519e-10
      6830.00  3.32554e-10
      6840.00  3.30877e-10
      6850.00  3.29452e-10
      6860.00  3.28225e-10
      6870.00  3.27129e-10
      6880.00  3.26101e-10
      6890.00  3.25096e-10
      6900.00  3.24096e-10
      6910.00  3.23097e-10
      6920.00  3.22098e-10
      6930.00  3.21074e-10
      6940.00  3.19964e-10
      6950.00  3.18666e-10
      6960.00  3.17063e-10
      6970.00  3.15058e-10
      6980.00  3.12618e-10
      6990.00  3.09798e-10
      7000.00  3.06743e-10
      7010.00  3.03667e-10
      7020.00  3.00817e-10
      7030.00  2.98436e-10
      7040.00  2.96733e-10
      7050.00  2.95873e-10
      7060.00  2.95970e-10
      7070.00  2.97095e-10
      7080.00  2.99282e-10
      7090.00  3.02532e-10
      7100.00  3.06818e-10
      7110.00  3.12084e-10
      7120.00  3.18242e-10
      7130.00  3.25167e-10
      7140.00  3.32693e-10
      7150.00  3.40614e-10
      7160.00  3.48691e-10
      7170.00  3.56664e-10
      7180.00  3.64264e-10
      7190.00  3.71232e-10
      7200.00  3.77346e-10
      7210.00  3.82448e-10
      7220.00  3.86481e-10
      7230.00  3.89493e-10
      7240.00  3.91619e-10
      7250.00  3.93050e-10
      7260.00  3.93999e-10
      7270.00  3.94704e-10
      7280.00  3.95429e-10
      7290.00  3.96462e-10
      7300.00  3.98072e-10
      7310.00  4.00461e-10
      7320.00  4.03750e-10
      7330.00  4.07982e-10
      7340.00  4.13134e-10
      7350.00  4.19111e-10
      7360.00  4.25725e-10
      7370.00  4.32690e-10
      7380.00  4.39629e-10
      7390.00  4.46089e-10
      7400.00  4.51575e-10
      7410.00  4.55594e-10
      7420.00  4.57725e-10
      7430.00  4.57691e-10
      7440.00  4.55419e-10
      7450.00  4.51060e-10
      7460.00  4.44971e-10
      7470.00  4.37670e-10
      7480.00  4.29788e-10
      7490.00  4.21987e-10
      7500.00  4.14858e-10
      7510.00  4.08805e-10
      7520.00  4.04028e-10
      7530.00  4.00627e-10
      7540.00  3.98753e-10
      7550.00  3.98662e-10
      7560.00  4.00626e-10
      7570.00  4.04783e-10
      7580.00  4.11052e-10
      7590.00  4.19166e-10
      7600.00  4.28750e-10
      7610.00  4.39401e-10
      7620.00  4.50737e-10
      7630.00  4.62402e-10
      7640.00  4.74072e-10
      7650.00  4.85444e-10
      7660.00  4.96230e-10
      7670.00  5.06145e-10
      7680.00  5.14904e-10
      7690.00  5.22240e-10
      7700.00  5.27921e-10
      7710.00  5.31783e-10
      7720.00  5.33759e-10
      7730.00  5.33880e-10
      7740.00  5.32265e-10
      7750.00  5.29090e-10
      7760.00  5.24540e-10
      7770.00  5.18777e-10
      7780.00  5.11915e-10
      7790.00  5.04021e-10
      7800.00  4.95133e-10
      7810.00  4.85288e-10
      7820.00  4.74547e-10
      7830.00  4.63002e-10
      7840.00  4.50784e-10
      7850.00  4.38046e-10
      7860.00  4.24957e-10
      7870.00  4.11690e-10
      7880.00  3.98424e-10
      7890.00  3.85333e-10
      7900.00  3.72580e-10
      7910.00  3.60316e-10
      7920.00  3.48687e-10
      7930.00  3.37793e-10
      7940.00  3.27728e-10
      7950.00  3.18574e-10
      7960.00  3.10386e-10
      7970.00  3.03180e-10
      7980.00  2.96917e-10
      7990.00  2.91502e-10
      8000.00  2.86785e-10
      8010.00  2.82580e-10
      8020.00  2.78680e-10
      8030.00  2.74871e-10
      8040.00  2.70940e-10
      8050.00  2.66682e-10
      8060.00  2.61888e-10
      8070.00  2.56342e-10
      8080.00  2.49815e-10
      8090.00  2.42083e-10
      8100.00  2.32954e-10
      8110.00  2.22316e-10
      8120.00  2.10184e-10
      8130.00  1.96739e-10
      8140.00  1.82339e-10
      8150.00  1.67496e-10
      8160.00  1.52820e-10
      8170.00  1.38947e-10
      8180.00  1.26450e-10
      8190.00  1.15778e-10
      8200.00  1.07210e-10
      8210.00  1.00845e-10
      8220.00  9.66231e-11
      8230.00  9.43575e-11
      8240.00  9.37854e-11
      8250.00  9.46130e-11
      8260.00  9.65564e-11
      8270.00  9.93758e-11
      8280.00  1.02899e-10
      8290.00  1.07033e-10
      8300.00  1.11756e-10
      8310.00  1.17104e-10
      8320.00  1.23140e-10
      8330.00  1.29938e-10
      8340.00  1.37579e-10
      8350.00  1.46153e-10
      8360.00  1.55768e-10
      8370.00  1.66544e-10
      8380.00  1.78591e-10
      8390.00  1.91974e-10
      8400.00  2.06674e-10
      8410.00  2.22575e-10
      8420.00  2.39475e-10
      8430.00  2.57128e-10
      8440.00  2.75275e-10
      8450.00  2.93668e-10
      8460.00  3.12057e-10
      8470.00  3.30168e-10
      8480.00  3.47672e-10
      8490.00  3.64184e-10
      8500.00  3.79303e-10
      8510.00  3.92684e-10
      8520.00  4.04107e-10
      8530.00  4.13545e-10
      8540.00  4.21169e-10
      8550.00  4.27324e-10
      8560.00  4.32449e-10
      8570.00  4.36993e-10
      8580.00  4.41333e-10
      8590.00  4.45725e-10
      8600.00  4.50292e-10
      8610.00  4.55053e-10
      8620.00  4.59956e-10
      8630.00  4.64918e-10
      8640.00  4.69842e-10
      8650.00  4.74621e-10
      8660.00  4.79141e-10
      8670.00  4.83285e-10
      8680.00  4.86954e-10
      8690.00  4.90084e-10
      8700.00  4.92661e-10
      8710.00  4.94725e-10
      8720.00  4.96337e-10
      8730.00  4.97550e-10
      8740.00  4.98378e-10
      8750.00  4.98791e-10
      8760.00  4.98719e-10
      8770.00  4.98078e-10
      8780.00  4.96788e-10
      8790.00  4.94776e-10
      8800.00  4.91985e-10
      8810.00  4.88366e-10
      8820.00  4.83882e-10
      8830.00  4.78517e-10
      8840.00  4.72280e-10
      8850.00  4.65210e-10
      8860.00  4.57369e-10
      8870.00  4.48837e-10
      8880.00  4.39711e-10
      8890.00  4.30098e-10
      8900.00  4.20128e-10
      8910.00  4.09953e-10
      8920.00  3.99911e-10
      8930.00  3.90054e-10
      8940.00  3.80500e-10
      8950.00  3.71386e-10
      8960.00  3.62812e-10
      8970.00  3.54831e-10
      8980.00  3.47457e-10
      8990.00  3.40680e-10
      9000.00  3.34476e-10
      9010.00  3.28817e-10
      9020.00  3.23673e-10
      9030.00  3.19013e-10
      9040.00  3.14807e-10
      9050.00  3.11024e-10
      9060.00  3.07645e-10
      9070.00  3.04654e-10
      9080.00  3.02040e-10
      9090.00  2.99788e-10
      9100.00  2.97874e-10
      9110.00  2.96265e-10
      9120.00  2.94919e-10
      9130.00  2.93794e-10
      9140.00  2.92842e-10
      9150.00  2.92004e-10
      9160.00  2.91204e-10
      9170.00  2.90346e-10
      9180.00  2.89327e-10
      9190.00  2.88054e-10
      9200.00  2.86478e-10
      9210.00  2.84619e-10
      9220.00  2.82599e-10
      9230.00  2.80651e-10
      9240.00  2.79116e-10
      9250.00  2.78391e-10
      9260.00  2.78832e-10
      9270.00  2.80616e-10
      9280.00  2.83634e-10
      9290.00  2.87484e-10
      9300.00  2.91592e-10
      9310.00  2.95417e-10
      9320.00  2.98612e-10
      9330.00  3.01088e-10
      9340.00  3.02946e-10
      9350.00  3.04375e-10
      9360.00  3.05556e-10
      9370.00  3.06613e-10
      9380.00  3.07615e-10
      9390.00  3.08585e-10
      9400.00  3.09523e-10
      9410.00  3.10415e-10
      9420.00  3.11238e-10
      9430.00  3.11971e-10
      9440.00  3.12585e-10
      9450.00  3.13057e-10
      9460.00  3.13359e-10
      9470.00  3.13470e-10
      9480.00  3.13369e-10
      9490.00  3.13042e-10
      9500.00  3.12477e-10
      9510.00  3.11673e-10
      9520.00  3.10634e-10
      9530.00  3.09371e-10
      9540.00  3.07907e-10
      9550.00  3.06268e-10
      9560.00  3.04493e-10
      9570.00  3.02624e-10
      9580.00  3.00712e-10
      9590.00  2.98813e-10
      9600.00  2.96986e-10
      9610.00  2.95294e-10
      9620.00  2.93801e-10
      9630.00  2.92571e-10
      9640.00  2.91665e-10
      9650.00  2.91144e-10
      9660.00  2.91060e-10
      9670.00  2.91461e-10
      9680.00  2.92389e-10
      9690.00  2.93876e-10
      9700.00  2.95943e-10
      9710.00  2.98605e-10
      9720.00  3.01862e-10
      9730.00  3.05707e-10
      9740.00  3.10121e-10
      9750.00  3.15075e-10
      9760.00  3.20528e-10
      9770.00  3.26434e-10
      9780.00  3.32734e-10
      9790.00  3.39367e-10
      9800.00  3.46261e-10
      9810.00  3.53341e-10
      9820.00  3.60530e-10
      9830.00  3.67746e-10
      9840.00  3.74905e-10
      9850.00  3.81927e-10
      9860.00  3.88728e-10
      9870.00  3.95229e-10
      9880.00  4.01353e-10
      9890.00  4.07026e-10
      9900.00  4.12181e-10
      9910.00  4.16754e-10
      9920.00  4.20690e-10
      9930.00  4.23938e-10
      9940.00  4.26458e-10
      9950.00  4.28216e-10
      9960.00  4.29187e-10
      9970.00  4.29356e-10
      9980.00  4.28718e-10
      9990.00  4.27276e-10
      10000.0  4.25043e-10
      10010.0  4.22043e-10
      10020.0  4.18306e-10
      10030.0  4.13874e-10
      10040.0  4.08797e-10
      10050.0  4.03132e-10
      10060.0  3.96944e-10
      10070.0  3.90305e-10
      10080.0  3.83292e-10
      10090.0  3.75989e-10
      10100.0  3.68483e-10
      10110.0  3.60864e-10
      10120.0  3.53226e-10
      10130.0  3.45664e-10
      10140.0  3.38271e-10
      10150.0  3.31139e-10
      10160.0  3.24358e-10
      10170.0  3.18013e-10
      10180.0  3.12180e-10
      10190.0  3.06929e-10
      10200.0  3.02319e-10
      10210.0  2.98399e-10
      10220.0  2.95202e-10
      10230.0  2.92751e-10
      10240.0  2.91051e-10
      10250.0  2.90094e-10
      10260.0  2.89857e-10
      10270.0  2.90303e-10
      10280.0  2.91380e-10
      10290.0  2.93028e-10
      10300.0  2.95172e-10
      10310.0  2.97731e-10
      10320.0  3.00620e-10
      10330.0  3.03746e-10
      10340.0  3.07017e-10
      10350.0  3.10341e-10
      10360.0  3.13629e-10
      10370.0  3.16798e-10
      10380.0  3.19769e-10
      10390.0  3.22475e-10
      10400.0  3.24854e-10
      10410.0  3.26858e-10
      10420.0  3.28447e-10
      10430.0  3.29594e-10
      10440.0  3.30281e-10
      10450.0  3.30500e-10
      10460.0  3.30255e-10
      10470.0  3.29558e-10
      10480.0  3.28426e-10
      10490.0  3.26887e-10
      10500.0  3.24973e-10
      10510.0  3.22719e-10
      10520.0  3.20166e-10
      10530.0  3.17357e-10
      10540.0  3.14336e-10
      10550.0  3.11146e-10
      10560.0  3.07832e-10
      10570.0  3.04437e-10
      10580.0  3.01000e-10
      10590.0  2.97561e-10
      10600.0  2.94153e-10
      10610.0  2.90806e-10
      10620.0  2.87547e-10
      10630.0  2.84398e-10
      10640.0  2.81374e-10
      10650.0  2.78487e-10
      10660.0  2.75744e-10
      10670.0  2.73147e-10
      10680.0  2.70695e-10
      10690.0  2.68380e-10
      10700.0  2.66194e-10
      10710.0  2.64124e-10
      10720.0  2.62154e-10
      10730.0  2.60270e-10
      10740.0  2.58452e-10
      10750.0  2.56684e-10
      10760.0  2.54946e-10
      10770.0  2.53221e-10
      10780.0  2.51492e-10
      10790.0  2.49744e-10
      10800.0  2.47963e-10
      10810.0  2.46137e-10
      10820.0  2.44254e-10
      10830.0  2.42308e-10
      10840.0  2.40290e-10
      10850.0  2.38198e-10
      10860.0  2.36027e-10
      10870.0  2.33776e-10
      10880.0  2.31445e-10
      10890.0  2.29034e-10
      10900.0  2.26547e-10
      10910.0  2.23984e-10
      10920.0  2.21349e-10
      10930.0  2.18645e-10
      10940.0  2.15874e-10
      10950.0  2.13038e-10
      10960.0  2.10142e-10
      10970.0  2.07186e-10
      10980.0  2.04174e-10
      10990.0  2.01106e-10
      11000.0  1.97984e-10
      11010.0  1.94811e-10
      11020.0  1.91588e-10
      11030.0  1.88316e-10
      11040.0  1.85000e-10
      11050.0  1.81642e-10
      11060.0  1.78247e-10
      11070.0  1.74819e-10
      11080.0  1.71366e-10
      11090.0  1.67894e-10
      11100.0  1.64413e-10
      11110.0  1.60934e-10
      11120.0  1.57466e-10
      11130.0  1.54023e-10
      11140.0  1.50617e-10
      11150.0  1.47263e-10
      11160.0  1.43974e-10
      11170.0  1.40764e-10
      11180.0  1.37649e-10
      11190.0  1.34641e-10
      11200.0  1.31752e-10
      11210.0  1.28996e-10
      11220.0  1.26381e-10
      11230.0  1.23916e-10
      11240.0  1.21609e-10
      11250.0  1.19462e-10
      11260.0  1.17480e-10
      11270.0  1.15661e-10
      11280.0  1.14004e-10
      11290.0  1.12505e-10
      11300.0  1.11156e-10
      11310.0  1.09950e-10
      11320.0  1.08876e-10
      11330.0  1.07922e-10
      11340.0  1.07075e-10
      11350.0  1.06320e-10
      11360.0  1.05641e-10
      11370.0  1.05023e-10
      11380.0  1.04451e-10
      11390.0  1.03906e-10
      11400.0  1.03375e-10
      11410.0  1.02843e-10
      11420.0  1.02294e-10
      11430.0  1.01716e-10
      11440.0  1.01097e-10
      11450.0  1.00428e-10
      11460.0  9.97002e-11
      11470.0  9.89064e-11
      11480.0  9.80421e-11
      11490.0  9.71042e-11
      11500.0  9.60915e-11
      11510.0  9.50046e-11
      11520.0  9.38458e-11
      11530.0  9.26188e-11
      11540.0  9.13287e-11
      11550.0  8.99818e-11
      11560.0  8.85856e-11
      11570.0  8.71481e-11
      11580.0  8.56782e-11
      11590.0  8.41849e-11
      11600.0  8.26776e-11
      11610.0  8.11655e-11
      11620.0  7.96578e-11
      11630.0  7.81630e-11
      11640.0  7.66894e-11
      11650.0  7.52444e-11
      11660.0  7.38350e-11
      11670.0  7.24669e-11
      11680.0  7.11452e-11
      11690.0  6.98742e-11
      11700.0  6.86570e-11
      11710.0  6.74961e-11
      11720.0  6.63927e-11
      11730.0  6.53477e-11
      11740.0  6.43608e-11
      11750.0  6.34310e-11
      11760.0  6.25569e-11
      11770.0  6.17363e-11
      11780.0  6.09664e-11
      11790.0  6.02441e-11
      11800.0  5.95659e-11
      11810.0  5.89276e-11
      11820.0  5.83253e-11
      11830.0  5.77543e-11
      11840.0  5.72102e-11
      11850.0  5.66882e-11
      11860.0  5.61836e-11
      11870.0  5.56917e-11
      11880.0  5.52076e-11
      11890.0  5.47269e-11
      11900.0  5.42451e-11
      11910.0  5.37583e-11
      11920.0  5.32624e-11
      11930.0  5.27542e-11
      11940.0  5.22305e-11
      11950.0  5.16890e-11
      11960.0  5.11277e-11
      11970.0  5.05451e-11
      11980.0  4.99407e-11
      11990.0  4.93142e-11
      12000.0  4.86663e-11
      12010.0  4.79982e-11
      12020.0  4.73118e-11
      12030.0  4.66096e-11
      12040.0  4.58945e-11
      12050.0  4.51702e-11
      12060.0  4.44407e-11
      12070.0  4.37103e-11
      12080.0  4.29838e-11
      12090.0  4.22661e-11
      12100.0  4.15623e-11
      12110.0  4.08777e-11
      12120.0  4.02174e-11
      12130.0  3.95866e-11
      12140.0  3.89905e-11
      12150.0  3.84340e-11
      12160.0  3.79218e-11
      12170.0  3.74587e-11
      12180.0  3.70489e-11
      12190.0  3.66964e-11
      12200.0  3.64051e-11
      12210.0  3.61782e-11
      12220.0  3.60189e-11
      12230.0  3.59297e-11
      12240.0  3.59127e-11
      12250.0  3.59697e-11
      12260.0  3.61017e-11
      12270.0  3.63093e-11
      12280.0  3.65924e-11
      12290.0  3.69501e-11
      12300.0  3.73811e-11
      12310.0  3.78831e-11
      12320.0  3.84531e-11
      12330.0  3.90876e-11
      12340.0  3.97821e-11
      12350.0  4.05317e-11
      12360.0  4.13307e-11
      12370.0  4.21730e-11
      12380.0  4.30518e-11
      12390.0  4.39604e-11
      12400.0  4.48913e-11
      12410.0  4.58374e-11
      12420.0  4.67912e-11
      12430.0  4.77456e-11
      12440.0  4.86933e-11
      12450.0  4.96278e-11
      12460.0  5.05425e-11
      12470.0  5.14316e-11
      12480.0  5.22895e-11
      12490.0  5.31114e-11
      12500.0  5.38929e-11
      12510.0  5.46301e-11
      12520.0  5.53198e-11
      12530.0  5.59592e-11
      12540.0  5.65461e-11
      12550.0  5.70786e-11
      12560.0  5.75556e-11
      12570.0  5.79760e-11
      12580.0  5.83394e-11
      12590.0  5.86456e-11
      12600.0  5.88948e-11
      12610.0  5.90875e-11
      12620.0  5.92245e-11
      12630.0  5.93070e-11
      12640.0  5.93363e-11
      12650.0  5.93143e-11
      12660.0  5.92427e-11
      12670.0  5.91239e-11
      12680.0  5.89602e-11
      12690.0  5.87545e-11
      12700.0  5.85094e-11
      12710.0  5.82280e-11
      12720.0  5.79135e-11
      12730.0  5.75690e-11
      12740.0  5.71976e-11
      12750.0  5.68025e-11
      12760.0  5.63867e-11
      12770.0  5.59532e-11
      12780.0  5.55045e-11
      12790.0  5.50431e-11
      12800.0  5.45711e-11
      12810.0  5.40904e-11
      12820.0  5.36022e-11
      12830.0  5.31076e-11
      12840.0  5.26074e-11
      12850.0  5.21017e-11
      12860.0  5.15905e-11
      12870.0  5.10734e-11
      12880.0  5.05496e-11
      12890.0  5.00182e-11
      12900.0  4.94779e-11
      12910.0  4.89275e-11
      12920.0  4.83656e-11
      12930.0  4.77908e-11
      12940.0  4.72018e-11
      12950.0  4.65975e-11
      12960.0  4.59767e-11
      12970.0  4.53390e-11
      12980.0  4.46838e-11
      12990.0  4.40113e-11
      13000.0  4.33218e-11
      13010.0  4.26162e-11
      13020.0  4.18959e-11
      13030.0  4.11627e-11
      13040.0  4.04188e-11
      13050.0  3.96669e-11
      13060.0  3.89101e-11
      13070.0  3.81517e-11
      13080.0  3.73957e-11
      13090.0  3.66458e-11
      13100.0  3.59062e-11
      13110.0  3.51813e-11
      13120.0  3.44751e-11
      13130.0  3.37919e-11
      13140.0  3.31358e-11
      13150.0  3.25106e-11
      13160.0  3.19200e-11
      13170.0  3.13673e-11
      13180.0  3.08555e-11
      13190.0  3.03872e-11
      13200.0  2.99645e-11
      13210.0  2.95893e-11
      13220.0  2.92629e-11
      13230.0  2.89862e-11
      13240.0  2.87596e-11
      13250.0  2.85832e-11
      13260.0  2.84567e-11
      13270.0  2.83792e-11
      13280.0  2.83496e-11
      13290.0  2.83664e-11
      13300.0  2.84277e-11
      13310.0  2.85313e-11
      13320.0  2.86747e-11
      13330.0  2.88551e-11
      13340.0  2.90694e-11
      13350.0  2.93144e-11
      13360.0  2.95866e-11
      13370.0  2.98823e-11
      13380.0  3.01979e-11
      13390.0  3.05294e-11
      13400.0  3.08732e-11
      13410.0  3.12253e-11
      13420.0  3.15821e-11
      13430.0  3.19401e-11
      13440.0  3.22960e-11
      13450.0  3.26466e-11
      13460.0  3.29893e-11
      13470.0  3.33215e-11
      13480.0  3.36412e-11
      13490.0  3.39469e-11
      13500.0  3.42370e-11
      13510.0  3.45108e-11
      13520.0  3.47678e-11
      13530.0  3.50078e-11
      13540.0  3.52308e-11
      13550.0  3.54374e-11
      13560.0  3.56282e-11
      13570.0  3.58040e-11
      13580.0  3.59659e-11
      13590.0  3.61149e-11
      13600.0  3.62522e-11
      13610.0  3.63789e-11
      13620.0  3.64961e-11
      13630.0  3.66050e-11
      13640.0  3.67066e-11
      13650.0  3.68016e-11
      13660.0  3.68910e-11
      13670.0  3.69753e-11
      13680.0  3.70551e-11
      13690.0  3.71309e-11
      13700.0  3.72030e-11
      13710.0  3.72714e-11
      13720.0  3.73363e-11
      13730.0  3.73977e-11
      13740.0  3.74552e-11
      13750.0  3.75087e-11
      13760.0  3.75578e-11
      13770.0  3.76019e-11
      13780.0  3.76404e-11
      13790.0  3.76727e-11
      13800.0  3.76980e-11
      13810.0  3.77153e-11
      13820.0  3.77239e-11
      13830.0  3.77227e-11
      13840.0  3.77108e-11
      13850.0  3.76873e-11
      13860.0  3.76512e-11
      13870.0  3.76017e-11
      13880.0  3.75382e-11
      13890.0  3.74600e-11
      13900.0  3.73670e-11
      13910.0  3.72588e-11
      13920.0  3.71357e-11
      13930.0  3.69979e-11
      13940.0  3.68462e-11
      13950.0  3.66813e-11
      13960.0  3.65046e-11
      13970.0  3.63174e-11
      13980.0  3.61213e-11
      13990.0  3.59181e-11
      14000.0  3.57099e-11
      14010.0  3.54985e-11
      14020.0  3.52862e-11
      14030.0  3.50749e-11
      14040.0  3.48667e-11
      14050.0  3.46633e-11
      14060.0  3.44666e-11
      14070.0  3.42778e-11
      14080.0  3.40985e-11
      14090.0  3.39295e-11
      14100.0  3.37716e-11
      14110.0  3.36254e-11
      14120.0  3.34912e-11
      14130.0  3.33690e-11
      14140.0  3.32589e-11
      14150.0  3.31607e-11
      14160.0  3.30740e-11
      14170.0  3.29985e-11
      14180.0  3.29341e-11
      14190.0  3.28802e-11
      14200.0  3.28369e-11
      14210.0  3.28039e-11
      14220.0  3.27813e-11
      14230.0  3.27692e-11
      14240.0  3.27678e-11
      14250.0  3.27776e-11
      14260.0  3.27989e-11
      14270.0  3.28323e-11
      14280.0  3.28782e-11
      14290.0  3.29373e-11
      14300.0  3.30100e-11
      14310.0  3.30965e-11
      14320.0  3.31973e-11
      14330.0  3.33123e-11
      14340.0  3.34415e-11
      14350.0  3.35845e-11
      14360.0  3.37407e-11
      14370.0  3.39095e-11
      14380.0  3.40899e-11
      14390.0  3.42808e-11
      14400.0  3.44809e-11
      14410.0  3.46888e-11
      14420.0  3.49031e-11
      14430.0  3.51224e-11
      14440.0  3.53451e-11
      14450.0  3.55701e-11
      14460.0  3.57961e-11
      14470.0  3.60223e-11
      14480.0  3.62478e-11
      14490.0  3.64724e-11
      14500.0  3.66960e-11
      14510.0  3.69188e-11
      14520.0  3.71416e-11
      14530.0  3.73652e-11
      14540.0  3.75911e-11
      14550.0  3.78210e-11
      14560.0  3.80569e-11
      14570.0  3.83011e-11
      14580.0  3.85559e-11
      14590.0  3.88241e-11
      14600.0  3.91084e-11
      14610.0  3.94115e-11
      14620.0  3.97361e-11
      14630.0  4.00849e-11
      14640.0  4.04602e-11
      14650.0  4.08642e-11
      14660.0  4.12987e-11
      14670.0  4.17652e-11
      14680.0  4.22648e-11
      14690.0  4.27982e-11
      14700.0  4.33654e-11
      14710.0  4.39661e-11
      14720.0  4.45995e-11
      14730.0  4.52641e-11
      14740.0  4.59580e-11
      14750.0  4.66789e-11
      14760.0  4.74239e-11
      14770.0  4.81898e-11
      14780.0  4.89729e-11
      14790.0  4.97692e-11
      14800.0  5.05745e-11
      14810.0  5.13842e-11
      14820.0  5.21936e-11
      14830.0  5.29981e-11
      14840.0  5.37926e-11
      14850.0  5.45725e-11
      14860.0  5.53330e-11
      14870.0  5.60693e-11
      14880.0  5.67771e-11
      14890.0  5.74522e-11
      14900.0  5.80906e-11
      14910.0  5.86887e-11
      14920.0  5.92434e-11
      14930.0  5.97518e-11
      14940.0  6.02116e-11
      14950.0  6.06208e-11
      14960.0  6.09780e-11
      14970.0  6.12824e-11
      14980.0  6.15333e-11
      14990.0  6.17308e-11
      15000.0  6.18755e-11
      15010.0  6.19683e-11
      15020.0  6.20104e-11
      15030.0  6.20037e-11
      15040.0  6.19503e-11
      15050.0  6.18524e-11
      15060.0  6.17128e-11
      15070.0  6.15342e-11
      15080.0  6.13197e-11
      15090.0  6.10724e-11
      15100.0  6.07954e-11
      15110.0  6.04919e-11
      15120.0  6.01650e-11
      15130.0  5.98177e-11
      15140.0  5.94531e-11
      15150.0  5.90738e-11
      15160.0  5.86827e-11
      15170.0  5.82822e-11
      15180.0  5.78747e-11
      15190.0  5.74623e-11
      15200.0  5.70471e-11
      15210.0  5.66310e-11
      15220.0  5.62157e-11
      15230.0  5.58028e-11
      15240.0  5.53938e-11
      15250.0  5.49903e-11
      15260.0  5.45936e-11
      15270.0  5.42051e-11
      15280.0  5.38262e-11
      15290.0  5.34583e-11
      15300.0  5.31028e-11
      15310.0  5.27612e-11
      15320.0  5.24348e-11
      15330.0  5.21252e-11
      15340.0  5.18339e-11
      15350.0  5.15624e-11
      15360.0  5.13122e-11
      15370.0  5.10846e-11
      15380.0  5.08811e-11
      15390.0  5.07030e-11
      15400.0  5.05514e-11
      15410.0  5.04272e-11
      15420.0  5.03312e-11
      15430.0  5.02640e-11
      15440.0  5.02259e-11
      15450.0  5.02170e-11
      15460.0  5.02369e-11
      15470.0  5.02852e-11
      15480.0  5.03610e-11
      15490.0  5.04631e-11
      15500.0  5.05901e-11
      15510.0  5.07403e-11
      15520.0  5.09118e-11
      15530.0  5.11025e-11
      15540.0  5.13098e-11
      15550.0  5.15315e-11
      15560.0  5.17648e-11
      15570.0  5.20071e-11
      15580.0  5.22557e-11
      15590.0  5.25078e-11
      15600.0  5.27610e-11
      15610.0  5.30126e-11
      15620.0  5.32603e-11
      15630.0  5.35018e-11
      15640.0  5.37351e-11
      15650.0  5.39583e-11
      15660.0  5.41697e-11
      15670.0  5.43680e-11
      15680.0  5.45520e-11
      15690.0  5.47207e-11
      15700.0  5.48734e-11
      15710.0  5.50095e-11
      15720.0  5.51288e-11
      15730.0  5.52311e-11
      15740.0  5.53163e-11
      15750.0  5.53847e-11
      15760.0  5.54365e-11
      15770.0  5.54722e-11
      15780.0  5.54922e-11
      15790.0  5.54971e-11
      15800.0  5.54876e-11
      15810.0  5.54643e-11
      15820.0  5.54281e-11
      15830.0  5.53797e-11
      15840.0  5.53200e-11
      15850.0  5.52499e-11
      15860.0  5.51703e-11
      15870.0  5.50822e-11
      15880.0  5.49866e-11
      15890.0  5.48847e-11
      15900.0  5.47776e-11
      15910.0  5.46664e-11
      15920.0  5.45523e-11
      15930.0  5.44366e-11
      15940.0  5.43205e-11
      15950.0  5.42053e-11
      15960.0  5.40922e-11
      15970.0  5.39825e-11
      15980.0  5.38773e-11
      15990.0  5.37776e-11
      16000.0  5.36844e-11
      16010.0  5.35986e-11
      16020.0  5.35209e-11
      16030.0  5.34517e-11
      16040.0  5.33914e-11
      16050.0  5.33401e-11
      16060.0  5.32977e-11
      16070.0  5.32638e-11
      16080.0  5.32379e-11
      16090.0  5.32192e-11
      16100.0  5.32068e-11
      16110.0  5.31994e-11
      16120.0  5.31958e-11
      16130.0  5.31947e-11
      16140.0  5.31944e-11
      16150.0  5.31934e-11
      16160.0  5.31902e-11
      16170.0  5.31833e-11
      16180.0  5.31713e-11
      16190.0  5.31527e-11
      16200.0  5.31266e-11
      16210.0  5.30919e-11
      16220.0  5.30478e-11
      16230.0  5.29938e-11
      16240.0  5.29296e-11
      16250.0  5.28551e-11
      16260.0  5.27704e-11
      16270.0  5.26760e-11
      16280.0  5.25724e-11
      16290.0  5.24603e-11
      16300.0  5.23406e-11
      16310.0  5.22143e-11
      16320.0  5.20825e-11
      16330.0  5.19463e-11
      16340.0  5.18067e-11
      16350.0  5.16648e-11
      16360.0  5.15215e-11
      16370.0  5.13778e-11
      16380.0  5.12344e-11
      16390.0  5.10917e-11
      16400.0  5.09503e-11
      16410.0  5.08102e-11
      16420.0  5.06717e-11
      16430.0  5.05343e-11
      16440.0  5.03979e-11
      16450.0  5.02618e-11
      16460.0  5.01253e-11
      16470.0  4.99875e-11
      16480.0  4.98475e-11
      16490.0  4.97042e-11
      16500.0  4.95563e-11
      16510.0  4.94026e-11
      16520.0  4.92419e-11
      16530.0  4.90729e-11
      16540.0  4.88944e-11
      16550.0  4.87051e-11
      16560.0  4.85041e-11
      16570.0  4.82902e-11
      16580.0  4.80626e-11
      16590.0  4.78207e-11
      16600.0  4.75639e-11
      16610.0  4.72919e-11
      16620.0  4.70045e-11
      16630.0  4.67018e-11
      16640.0  4.63840e-11
      16650.0  4.60518e-11
      16660.0  4.57057e-11
      16670.0  4.53469e-11
      16680.0  4.49764e-11
      16690.0  4.45956e-11
      16700.0  4.42061e-11
      16710.0  4.38095e-11
      16720.0  4.34078e-11
      16730.0  4.30028e-11
      16740.0  4.25967e-11
      16750.0  4.21917e-11
      16760.0  4.17897e-11
      16770.0  4.13930e-11
      16780.0  4.10038e-11
      16790.0  4.06239e-11
      16800.0  4.02555e-11
      16810.0  3.99002e-11
      16820.0  3.95597e-11
      16830.0  3.92355e-11
      16840.0  3.89287e-11
      16850.0  3.86405e-11
      16860.0  3.83715e-11
      16870.0  3.81222e-11
      16880.0  3.78928e-11
      16890.0  3.76834e-11
      16900.0  3.74935e-11
      16910.0  3.73227e-11
      16920.0  3.71701e-11
      16930.0  3.70347e-11
      16940.0  3.69153e-11
      16950.0  3.68105e-11
      16960.0  3.67188e-11
      16970.0  3.66385e-11
      16980.0  3.65680e-11
      16990.0  3.65056e-11
      17000.0  3.64494e-11
      17010.0  3.63979e-11
      17020.0  3.63494e-11
      17030.0  3.63024e-11
      17040.0  3.62556e-11
      17050.0  3.62078e-11
      17060.0  3.61580e-11
      17070.0  3.61055e-11
      17080.0  3.60497e-11
      17090.0  3.59903e-11
      17100.0  3.59272e-11
      17110.0  3.58606e-11
      17120.0  3.57909e-11
      17130.0  3.57186e-11
      17140.0  3.56447e-11
      17150.0  3.55701e-11
      17160.0  3.54959e-11
      17170.0  3.54235e-11
      17180.0  3.53542e-11
      17190.0  3.52895e-11
      17200.0  3.52309e-11
      17210.0  3.51799e-11
      17220.0  3.51381e-11
      17230.0  3.51069e-11
      17240.0  3.50876e-11
      17250.0  3.50815e-11
      17260.0  3.50899e-11
      17270.0  3.51136e-11
      17280.0  3.51537e-11
      17290.0  3.52106e-11
      17300.0  3.52851e-11
      17310.0  3.53773e-11
      17320.0  3.54875e-11
      17330.0  3.56156e-11
      17340.0  3.57613e-11
      17350.0  3.59243e-11
      17360.0  3.61039e-11
      17370.0  3.62995e-11
      17380.0  3.65101e-11
      17390.0  3.67347e-11
      17400.0  3.69723e-11
      17410.0  3.72215e-11
      17420.0  3.74811e-11
      17430.0  3.77496e-11
      17440.0  3.80257e-11
      17450.0  3.83078e-11
      17460.0  3.85944e-11
      17470.0  3.88841e-11
      17480.0  3.91752e-11
      17490.0  3.94663e-11
      17500.0  3.97560e-11
      17510.0  4.00427e-11
      17520.0  4.03251e-11
      17530.0  4.06018e-11
      17540.0  4.08715e-11
      17550.0  4.11330e-11
      17560.0  4.13852e-11
      17570.0  4.16269e-11
      17580.0  4.18571e-11
      17590.0  4.20748e-11
      17600.0  4.22792e-11
      17610.0  4.24695e-11
      17620.0  4.26449e-11
      17630.0  4.28047e-11
      17640.0  4.29483e-11
      17650.0  4.30752e-11
      17660.0  4.31848e-11
      17670.0  4.32766e-11
      17680.0  4.33503e-11
      17690.0  4.34053e-11
      17700.0  4.34415e-11
      17710.0  4.34584e-11
      17720.0  4.34557e-11
      17730.0  4.34333e-11
      17740.0  4.33907e-11
      17750.0  4.33278e-11
      17760.0  4.32445e-11
      17770.0  4.31406e-11
      17780.0  4.30161e-11
      17790.0  4.28709e-11
      17800.0  4.27051e-11
      17810.0  4.25188e-11
      17820.0  4.23123e-11
      17830.0  4.20859e-11
      17840.0  4.18401e-11
      17850.0  4.15756e-11
      17860.0  4.12929e-11
      17870.0  4.09931e-11
      17880.0  4.06771e-11
      17890.0  4.03460e-11
      17900.0  4.00012e-11
      17910.0  3.96440e-11
      17920.0  3.92759e-11
      17930.0  3.88986e-11
      17940.0  3.85137e-11
      17950.0  3.81228e-11
      17960.0  3.77278e-11
      17970.0  3.73302e-11
      17980.0  3.69319e-11
      17990.0  3.65343e-11
      18000.0  3.61391e-11
      18010.0  3.57477e-11
      18020.0  3.53613e-11
      18030.0  3.49810e-11
      18040.0  3.46080e-11
      18050.0  3.42431e-11
      18060.0  3.38868e-11
      18070.0  3.35397e-11
      18080.0  3.32021e-11
      18090.0  3.28743e-11
      18100.0  3.25561e-11
      18110.0  3.22477e-11
      18120.0  3.19486e-11
      18130.0  3.16587e-11
      18140.0  3.13775e-11
      18150.0  3.11046e-11
      18160.0  3.08395e-11
      18170.0  3.05818e-11
      18180.0  3.03308e-11
      18190.0  3.00862e-11
      18200.0  2.98474e-11
      18210.0  2.96140e-11
      18220.0  2.93856e-11
      18230.0  2.91619e-11
      18240.0  2.89425e-11
      18250.0  2.87273e-11
      18260.0  2.85160e-11
      18270.0  2.83086e-11
      18280.0  2.81049e-11
      18290.0  2.79049e-11
      18300.0  2.77086e-11
      18310.0  2.75160e-11
      18320.0  2.73272e-11
      18330.0  2.71422e-11
      18340.0  2.69609e-11
      18350.0  2.67836e-11
      18360.0  2.66101e-11
      18370.0  2.64405e-11
      18380.0  2.62748e-11
      18390.0  2.61129e-11
      18400.0  2.59546e-11
      18410.0  2.58000e-11
      18420.0  2.56488e-11
      18430.0  2.55008e-11
      18440.0  2.53559e-11
      18450.0  2.52138e-11
      18460.0  2.50743e-11
      18470.0  2.49371e-11
      18480.0  2.48021e-11
      18490.0  2.46688e-11
      18500.0  2.45372e-11
      18510.0  2.44070e-11
      18520.0  2.42780e-11
      18530.0  2.41500e-11
      18540.0  2.40230e-11
      18550.0  2.38968e-11
      18560.0  2.37713e-11
      18570.0  2.36467e-11
      18580.0  2.35228e-11
      18590.0  2.33997e-11
      18600.0  2.32775e-11
      18610.0  2.31563e-11
      18620.0  2.30362e-11
      18630.0  2.29173e-11
      18640.0  2.27996e-11
      18650.0  2.26834e-11
      18660.0  2.25687e-11
      18670.0  2.24556e-11
      18680.0  2.23442e-11
      18690.0  2.22344e-11
      18700.0  2.21264e-11
      18710.0  2.20200e-11
      18720.0  2.19152e-11
      18730.0  2.18120e-11
      18740.0  2.17102e-11
      18750.0  2.16099e-11
      18760.0  2.15108e-11
      18770.0  2.14129e-11
      18780.0  2.13160e-11
      18790.0  2.12201e-11
      18800.0  2.11252e-11
      18810.0  2.10312e-11
      18820.0  2.09381e-11
      18830.0  2.08460e-11
      18840.0  2.07550e-11
      18850.0  2.06652e-11
      18860.0  2.05768e-11
      18870.0  2.04900e-11
      18880.0  2.04051e-11
      18890.0  2.03223e-11
      18900.0  2.02420e-11
      18910.0  2.01646e-11
      18920.0  2.00903e-11
      18930.0  2.00194e-11
      18940.0  1.99523e-11
      18950.0  1.98893e-11
      18960.0  1.98305e-11
      18970.0  1.97763e-11
      18980.0  1.97268e-11
      18990.0  1.96820e-11
      19000.0  1.96419e-11
      19010.0  1.96067e-11
      19020.0  1.95760e-11
      19030.0  1.95499e-11
      19040.0  1.95279e-11
      19050.0  1.95099e-11
      19060.0  1.94955e-11
      19070.0  1.94843e-11
      19080.0  1.94758e-11
      19090.0  1.94696e-11
      19100.0  1.94652e-11
      19110.0  1.94621e-11
      19120.0  1.94597e-11
      19130.0  1.94577e-11
      19140.0  1.94554e-11
      19150.0  1.94524e-11
      19160.0  1.94482e-11
      19170.0  1.94426e-11
      19180.0  1.94350e-11
      19190.0  1.94253e-11
      19200.0  1.94131e-11
      19210.0  1.93982e-11
      19220.0  1.93805e-11
      19230.0  1.93598e-11
      19240.0  1.93363e-11
      19250.0  1.93097e-11
      19260.0  1.92804e-11
      19270.0  1.92483e-11
      19280.0  1.92138e-11
      19290.0  1.91769e-11
      19300.0  1.91381e-11
      19310.0  1.90978e-11
      19320.0  1.90562e-11
      19330.0  1.90139e-11
      19340.0  1.89713e-11
      19350.0  1.89290e-11
      19360.0  1.88876e-11
      19370.0  1.88477e-11
      19380.0  1.88098e-11
      19390.0  1.87746e-11
      19400.0  1.87427e-11
      19410.0  1.87149e-11
      19420.0  1.86917e-11
      19430.0  1.86738e-11
      19440.0  1.86617e-11
      19450.0  1.86560e-11
      19460.0  1.86573e-11
      19470.0  1.86659e-11
      19480.0  1.86822e-11
      19490.0  1.87066e-11
      19500.0  1.87393e-11
      19510.0  1.87802e-11
      19520.0  1.88296e-11
      19530.0  1.88871e-11
      19540.0  1.89527e-11
      19550.0  1.90259e-11
      19560.0  1.91063e-11
      19570.0  1.91932e-11
      19580.0  1.92860e-11
      19590.0  1.93838e-11
      19600.0  1.94857e-11
      19610.0  1.95906e-11
      19620.0  1.96974e-11
      19630.0  1.98049e-11
      19640.0  1.99119e-11
      19650.0  2.00170e-11
      19660.0  2.01189e-11
      19670.0  2.02163e-11
      19680.0  2.03077e-11
      19690.0  2.03919e-11
      19700.0  2.04676e-11
      19710.0  2.05334e-11
      19720.0  2.05884e-11
      19730.0  2.06312e-11
      19740.0  2.06611e-11
      19750.0  2.06770e-11
      19760.0  2.06782e-11
      19770.0  2.06641e-11
      19780.0  2.06341e-11
      19790.0  2.05879e-11
      19800.0  2.05253e-11
      19810.0  2.04461e-11
      19820.0  2.03505e-11
      19830.0  2.02386e-11
      19840.0  2.01108e-11
      19850.0  1.99674e-11
      19860.0  1.98092e-11
      19870.0  1.96367e-11
      19880.0  1.94507e-11
      19890.0  1.92522e-11
      19900.0  1.90420e-11
      19910.0  1.88212e-11
      19920.0  1.85908e-11
      19930.0  1.83520e-11
      19940.0  1.81059e-11
      19950.0  1.78537e-11
      19960.0  1.75965e-11
      19970.0  1.73354e-11
      19980.0  1.70716e-11
      19990.0  1.68063e-11
      20000.0  1.65404e-11
      20010.0  1.62750e-11
      20020.0  1.60110e-11
      20030.0  1.57496e-11
      20040.0  1.54913e-11
      20050.0  1.52372e-11
      20060.0  1.49880e-11
      20070.0  1.47442e-11
      20080.0  1.45067e-11
      20090.0  1.42758e-11
      20100.0  1.40521e-11
      20110.0  1.38361e-11
      20120.0  1.36281e-11
      20130.0  1.34285e-11
      20140.0  1.32374e-11
      20150.0  1.30551e-11
      20160.0  1.28818e-11
      20170.0  1.27176e-11
      20180.0  1.25625e-11
      20190.0  1.24166e-11
      20200.0  1.22799e-11
      20210.0  1.21522e-11
      20220.0  1.20335e-11
      20230.0  1.19238e-11
      20240.0  1.18227e-11
      20250.0  1.17302e-11
      20260.0  1.16461e-11
      20270.0  1.15701e-11
      20280.0  1.15020e-11
      20290.0  1.14415e-11
      20300.0  1.13885e-11
      20310.0  1.13427e-11
      20320.0  1.13038e-11
      20330.0  1.12715e-11
      20340.0  1.12457e-11
      20350.0  1.12262e-11
      20360.0  1.12127e-11
      20370.0  1.12051e-11
      20380.0  1.12032e-11
      20390.0  1.12069e-11
      20400.0  1.12162e-11
      20410.0  1.12309e-11
      20420.0  1.12511e-11
      20430.0  1.12766e-11
      20440.0  1.13076e-11
      20450.0  1.13440e-11
      20460.0  1.13859e-11
      20470.0  1.14333e-11
      20480.0  1.14863e-11
      20490.0  1.15449e-11
      20500.0  1.16092e-11
      20510.0  1.16790e-11
      20520.0  1.17545e-11
      20530.0  1.18356e-11
      20540.0  1.19222e-11
      20550.0  1.20141e-11
      20560.0  1.21113e-11
      20570.0  1.22134e-11
      20580.0  1.23203e-11
      20590.0  1.24315e-11
      20600.0  1.25467e-11
      20610.0  1.26655e-11
      20620.0  1.27875e-11
      20630.0  1.29121e-11
      20640.0  1.30389e-11
      20650.0  1.31671e-11
      20660.0  1.32964e-11
      20670.0  1.34261e-11
      20680.0  1.35556e-11
      20690.0  1.36844e-11
      20700.0  1.38119e-11
      20710.0  1.39377e-11
      20720.0  1.40613e-11
      20730.0  1.41824e-11
      20740.0  1.43004e-11
      20750.0  1.44154e-11
      20760.0  1.45270e-11
      20770.0  1.46351e-11
      20780.0  1.47399e-11
      20790.0  1.48413e-11
      20800.0  1.49396e-11
      20810.0  1.50351e-11
      20820.0  1.51281e-11
      20830.0  1.52191e-11
      20840.0  1.53086e-11
      20850.0  1.53972e-11
      20860.0  1.54854e-11
      20870.0  1.55740e-11
      20880.0  1.56635e-11
      20890.0  1.57545e-11
      20900.0  1.58477e-11
      20910.0  1.59435e-11
      20920.0  1.60424e-11
      20930.0  1.61446e-11
      20940.0  1.62505e-11
      20950.0  1.63601e-11
      20960.0  1.64734e-11
      20970.0  1.65902e-11
      20980.0  1.67102e-11
      20990.0  1.68332e-11
      21000.0  1.69584e-11
      21010.0  1.70853e-11
      21020.0  1.72132e-11
      21030.0  1.73413e-11
      21040.0  1.74689e-11
      21050.0  1.75950e-11
      21060.0  1.77188e-11
      21070.0  1.78396e-11
      21080.0  1.79564e-11
      21090.0  1.80687e-11
      21100.0  1.81756e-11
      21110.0  1.82767e-11
      21120.0  1.83713e-11
      21130.0  1.84589e-11
      21140.0  1.85393e-11
      21150.0  1.86120e-11
      21160.0  1.86768e-11
      21170.0  1.87335e-11
      21180.0  1.87821e-11
      21190.0  1.88223e-11
      21200.0  1.88543e-11
      21210.0  1.88779e-11
      21220.0  1.88933e-11
      21230.0  1.89005e-11
      21240.0  1.88996e-11
      21250.0  1.88907e-11
      21260.0  1.88740e-11
      21270.0  1.88496e-11
      21280.0  1.88177e-11
      21290.0  1.87785e-11
      21300.0  1.87321e-11
      21310.0  1.86788e-11
      21320.0  1.86188e-11
      21330.0  1.85524e-11
      21340.0  1.84797e-11
      21350.0  1.84011e-11
      21360.0  1.83168e-11
      21370.0  1.82270e-11
      21380.0  1.81322e-11
      21390.0  1.80326e-11
      21400.0  1.79285e-11
      21410.0  1.78202e-11
      21420.0  1.77082e-11
      21430.0  1.75928e-11
      21440.0  1.74743e-11
      21450.0  1.73531e-11
      21460.0  1.72297e-11
      21470.0  1.71045e-11
      21480.0  1.69779e-11
      21490.0  1.68503e-11
      21500.0  1.67222e-11
      21510.0  1.65940e-11
      21520.0  1.64662e-11
      21530.0  1.63393e-11
      21540.0  1.62137e-11
      21550.0  1.60900e-11
      21560.0  1.59685e-11
      21570.0  1.58498e-11
      21580.0  1.57343e-11
      21590.0  1.56226e-11
      21600.0  1.55149e-11
      21610.0  1.54118e-11
      21620.0  1.53137e-11
      21630.0  1.52209e-11
      21640.0  1.51339e-11
      21650.0  1.50530e-11
      21660.0  1.49786e-11
      21670.0  1.49109e-11
      21680.0  1.48502e-11
      21690.0  1.47969e-11
      21700.0  1.47509e-11
      21710.0  1.47127e-11
      21720.0  1.46822e-11
      21730.0  1.46597e-11
      21740.0  1.46452e-11
      21750.0  1.46388e-11
      21760.0  1.46405e-11
      21770.0  1.46502e-11
      21780.0  1.46679e-11
      21790.0  1.46936e-11
      21800.0  1.47272e-11
      21810.0  1.47684e-11
      21820.0  1.48173e-11
      21830.0  1.48736e-11
      21840.0  1.49371e-11
      21850.0  1.50075e-11
      21860.0  1.50848e-11
      21870.0  1.51686e-11
      21880.0  1.52586e-11
      21890.0  1.53547e-11
      21900.0  1.54565e-11
      21910.0  1.55637e-11
      21920.0  1.56760e-11
      21930.0  1.57931e-11
      21940.0  1.59148e-11
      21950.0  1.60407e-11
      21960.0  1.61704e-11
      21970.0  1.63037e-11
      21980.0  1.64402e-11
      21990.0  1.65796e-11
      22000.0  1.67216e-11
      22010.0  1.68657e-11
      22020.0  1.70117e-11
      22030.0  1.71592e-11
      22040.0  1.73079e-11
      22050.0  1.74573e-11
      22060.0  1.76071e-11
      22070.0  1.77570e-11
      22080.0  1.79066e-11
      22090.0  1.80554e-11
      22100.0  1.82031e-11
      22110.0  1.83492e-11
      22120.0  1.84935e-11
      22130.0  1.86354e-11
      22140.0  1.87745e-11
      22150.0  1.89105e-11
      22160.0  1.90428e-11
      22170.0  1.91712e-11
      22180.0  1.92950e-11
      22190.0  1.94140e-11
      22200.0  1.95277e-11
      22210.0  1.96356e-11
      22220.0  1.97373e-11
      22230.0  1.98324e-11
      22240.0  1.99205e-11
      22250.0  2.00013e-11
      22260.0  2.00742e-11
      22270.0  2.01389e-11
      22280.0  2.01952e-11
      22290.0  2.02426e-11
      22300.0  2.02808e-11
      22310.0  2.03096e-11
      22320.0  2.03286e-11
      22330.0  2.03377e-11
      22340.0  2.03367e-11
      22350.0  2.03253e-11
      22360.0  2.03034e-11
      22370.0  2.02711e-11
      22380.0  2.02280e-11
      22390.0  2.01744e-11
      22400.0  2.01101e-11
      22410.0  2.00352e-11
      22420.0  1.99498e-11
      22430.0  1.98541e-11
      22440.0  1.97481e-11
      22450.0  1.96322e-11
      22460.0  1.95065e-11
      22470.0  1.93714e-11
      22480.0  1.92271e-11
      22490.0  1.90739e-11
      22500.0  1.89122e-11
      22510.0  1.87425e-11
      22520.0  1.85651e-11
      22530.0  1.83804e-11
      22540.0  1.81890e-11
      22550.0  1.79912e-11
      22560.0  1.77876e-11
      22570.0  1.75787e-11
      22580.0  1.73649e-11
      22590.0  1.71467e-11
      22600.0  1.69247e-11
      22610.0  1.66993e-11
      22620.0  1.64712e-11
      22630.0  1.62407e-11
      22640.0  1.60084e-11
      22650.0  1.57747e-11
      22660.0  1.55402e-11
      22670.0  1.53054e-11
      22680.0  1.50707e-11
      22690.0  1.48366e-11
      22700.0  1.46035e-11
      22710.0  1.43718e-11
      22720.0  1.41421e-11
      22730.0  1.39148e-11
      22740.0  1.36902e-11
      22750.0  1.34687e-11
      22760.0  1.32509e-11
      22770.0  1.30369e-11
      22780.0  1.28273e-11
      22790.0  1.26224e-11
      22800.0  1.24226e-11
      22810.0  1.22282e-11
      22820.0  1.20396e-11
      22830.0  1.18571e-11
      22840.0  1.16811e-11
      22850.0  1.15119e-11
      22860.0  1.13499e-11
      22870.0  1.11953e-11
      22880.0  1.10485e-11
      22890.0  1.09098e-11
      22900.0  1.07796e-11
      22910.0  1.06581e-11
      22920.0  1.05455e-11
      22930.0  1.04423e-11
      22940.0  1.03487e-11
      22950.0  1.02648e-11
      22960.0  1.01910e-11
      22970.0  1.01275e-11
      22980.0  1.00744e-11
      22990.0  1.00320e-11
      23000.0  1.00004e-11
      23010.0  9.97969e-12
      23020.0  9.96996e-12
      23030.0  9.97127e-12
      23040.0  9.98363e-12
      23050.0  1.00070e-11
      23060.0  1.00413e-11
      23070.0  1.00864e-11
      23080.0  1.01422e-11
      23090.0  1.02083e-11
      23100.0  1.02847e-11
      23110.0  1.03708e-11
      23120.0  1.04664e-11
      23130.0  1.05711e-11
      23140.0  1.06842e-11
      23150.0  1.08055e-11
      23160.0  1.09341e-11
      23170.0  1.10696e-11
      23180.0  1.12113e-11
      23190.0  1.13585e-11
      23200.0  1.15104e-11
      23210.0  1.16663e-11
      23220.0  1.18254e-11
      23230.0  1.19869e-11
      23240.0  1.21501e-11
      23250.0  1.23140e-11
      23260.0  1.24778e-11
      23270.0  1.26407e-11
      23280.0  1.28020e-11
      23290.0  1.29607e-11
      23300.0  1.31162e-11
      23310.0  1.32676e-11
      23320.0  1.34143e-11
      23330.0  1.35555e-11
      23340.0  1.36907e-11
      23350.0  1.38191e-11
      23360.0  1.39404e-11
      23370.0  1.40539e-11
      23380.0  1.41592e-11
      23390.0  1.42559e-11
      23400.0  1.43437e-11
      23410.0  1.44222e-11
      23420.0  1.44913e-11
      23430.0  1.45507e-11
      23440.0  1.46003e-11
      23450.0  1.46401e-11
      23460.0  1.46700e-11
      23470.0  1.46900e-11
      23480.0  1.47001e-11
      23490.0  1.47006e-11
      23500.0  1.46914e-11
      23510.0  1.46728e-11
      23520.0  1.46450e-11
      23530.0  1.46082e-11
      23540.0  1.45627e-11
      23550.0  1.45087e-11
      23560.0  1.44466e-11
      23570.0  1.43766e-11
      23580.0  1.42991e-11
      23590.0  1.42144e-11
      23600.0  1.41230e-11
      23610.0  1.40251e-11
      23620.0  1.39212e-11
      23630.0  1.38116e-11
      23640.0  1.36968e-11
      23650.0  1.35773e-11
      23660.0  1.34534e-11
      23670.0  1.33256e-11
      23680.0  1.31945e-11
      23690.0  1.30604e-11
      23700.0  1.29240e-11
      23710.0  1.27858e-11
      23720.0  1.26464e-11
      23730.0  1.25064e-11
      23740.0  1.23665e-11
      23750.0  1.22274e-11
      23760.0  1.20898e-11
      23770.0  1.19546e-11
      23780.0  1.18225e-11
      23790.0  1.16944e-11
      23800.0  1.15713e-11
      23810.0  1.14540e-11
      23820.0  1.13435e-11
      23830.0  1.12409e-11
      23840.0  1.11472e-11
      23850.0  1.10630e-11
      23860.0  1.09894e-11
      23870.0  1.09271e-11
      23880.0  1.08768e-11
      23890.0  1.08393e-11
      23900.0  1.08150e-11
      23910.0  1.08043e-11
      23920.0  1.08076e-11
      23930.0  1.08248e-11
      23940.0  1.08558e-11
      23950.0  1.09005e-11
      23960.0  1.09583e-11
      23970.0  1.10288e-11
      23980.0  1.11110e-11
      23990.0  1.12041e-11
      24000.0  1.13072e-11
      24010.0  1.14190e-11
      24020.0  1.15386e-11
      24030.0  1.16646e-11
      24040.0  1.17958e-11
      24050.0  1.19311e-11
      24060.0  1.20694e-11
      24070.0  1.22096e-11
      24080.0  1.23507e-11
      24090.0  1.24918e-11
      24100.0  1.26322e-11
      24110.0  1.27713e-11
      24120.0  1.29084e-11
      24130.0  1.30433e-11
      24140.0  1.31757e-11
      24150.0  1.33052e-11
      24160.0  1.34319e-11
      24170.0  1.35556e-11
      24180.0  1.36765e-11
      24190.0  1.37945e-11
      24200.0  1.39098e-11
      24210.0  1.40224e-11
      24220.0  1.41326e-11
      24230.0  1.42403e-11
      24240.0  1.43458e-11
      24250.0  1.44490e-11
      24260.0  1.45502e-11
      24270.0  1.46492e-11
      24280.0  1.47461e-11
      24290.0  1.48410e-11
      24300.0  1.49337e-11
      24310.0  1.50242e-11
      24320.0  1.51124e-11
      24330.0  1.51982e-11
      24340.0  1.52814e-11
      24350.0  1.53619e-11
      24360.0  1.54396e-11
      24370.0  1.55141e-11
      24380.0  1.55855e-11
      24390.0  1.56533e-11
      24400.0  1.57175e-11
      24410.0  1.57778e-11
      24420.0  1.58341e-11
      24430.0  1.58860e-11
      24440.0  1.59335e-11
      24450.0  1.59764e-11
      24460.0  1.60144e-11
      24470.0  1.60476e-11
      24480.0  1.60757e-11
      24490.0  1.60987e-11
      24500.0  1.61167e-11
      24510.0  1.61295e-11
      24520.0  1.61374e-11
      24530.0  1.61405e-11
      24540.0  1.61389e-11
      24550.0  1.61328e-11
      24560.0  1.61227e-11
      24570.0  1.61087e-11
      24580.0  1.60914e-11
      24590.0  1.60711e-11
      24600.0  1.60483e-11
      24610.0  1.60235e-11
      24620.0  1.59973e-11
      24630.0  1.59701e-11
      24640.0  1.59424e-11
      24650.0  1.59148e-11
      24660.0  1.58877e-11
      24670.0  1.58616e-11
      24680.0  1.58369e-11
      24690.0  1.58139e-11
      24700.0  1.57929e-11
      24710.0  1.57743e-11
      24720.0  1.57581e-11
      24730.0  1.57445e-11
      24740.0  1.57336e-11
      24750.0  1.57253e-11
      24760.0  1.57197e-11
      24770.0  1.57166e-11
      24780.0  1.57158e-11
      24790.0  1.57172e-11
      24800.0  1.57206e-11
      24810.0  1.57256e-11
      24820.0  1.57321e-11
      24830.0  1.57398e-11
      24840.0  1.57483e-11
      24850.0  1.57575e-11
      24860.0  1.57670e-11
      24870.0  1.57767e-11
      24880.0  1.57864e-11
      24890.0  1.57958e-11
      24900.0  1.58049e-11
      24910.0  1.58136e-11
      24920.0  1.58217e-11
      24930.0  1.58292e-11
      24940.0  1.58362e-11
      24950.0  1.58426e-11
      24960.0  1.58484e-11
      24970.0  1.58536e-11
      24980.0  1.58583e-11
      24990.0  1.58625e-11
      25000.0  1.58663e-11
