      1000.00  3.18757e-13
      1010.00  3.86515e-13
      1020.00  4.70300e-13
      1030.00  5.73426e-13
      1040.00  7.00037e-13
      1050.00  8.54908e-13
      1060.00  1.04343e-12
      1070.00  1.27156e-12
      1080.00  1.54568e-12
      1090.00  1.87241e-12
      1100.00  2.25842e-12
      1110.00  2.71015e-12
      1120.00  3.23350e-12
      1130.00  3.83362e-12
      1140.00  4.51463e-12
      1150.00  5.27943e-12
      1160.00  6.12958e-12
      1170.00  7.06517e-12
      1180.00  8.08478e-12
      1190.00  9.18546e-12
      1200.00  1.03628e-11
      1210.00  1.16109e-11
      1220.00  1.29225e-11
      1230.00  1.42893e-11
      1240.00  1.57018e-11
      1250.00  1.71498e-11
      1260.00  1.86225e-11
      1270.00  2.01087e-11
      1280.00  2.15974e-11
      1290.00  2.30773e-11
      1300.00  2.45382e-11
      1310.00  2.59700e-11
      1320.00  2.73637e-11
      1330.00  2.87113e-11
      1340.00  3.00060e-11
      1350.00  3.12421e-11
      1360.00  3.24153e-11
      1370.00  3.35227e-11
      1380.00  3.45626e-11
      1390.00  3.55347e-11
      1400.00  3.64400e-11
      1410.00  3.72805e-11
      1420.00  3.80596e-11
      1430.00  3.87813e-11
      1440.00  3.94505e-11
      1450.00  4.00728e-11
      1460.00  4.06540e-11
      1470.00  4.12004e-11
      1480.00  4.17183e-11
      1490.00  4.22136e-11
      1500.00  4.26923e-11
      1510.00  4.31594e-11
      1520.00  4.36197e-11
      1530.00  4.40769e-11
      1540.00  4.45338e-11
      1550.00  4.49921e-11
      1560.00  4.54526e-11
      1570.00  4.59149e-11
      1580.00  4.63777e-11
      1590.00  4.68389e-11
      1600.00  4.72960e-11
      1610.00  4.77467e-11
      1620.00  4.81891e-11
      1630.00  4.86227e-11
      1640.00  4.90487e-11
      1650.00  4.94704e-11
      1660.00  4.98936e-11
      1670.00  5.03261e-11
      1680.00  5.07771e-11
      1690.00  5.12566e-11
      1700.00  5.17739e-11
      1710.00  5.23369e-11
      1720.00  5.29506e-11
      1730.00  5.36167e-11
      1740.00  5.43340e-11
      1750.00  5.50985e-11
      1760.00  5.59045e-11
      1770.00  5.67467e-11
      1780.00  5.76212e-11
      1790.00  5.85270e-11
      1800.00  5.94664e-11
      1810.00  6.04453e-11
      1820.00  6.14721e-11
      1830.00  6.25564e-11
      1840.00  6.37073e-11
      1850.00  6.49317e-11
      1860.00  6.62332e-11
      1870.00  6.76113e-11
      1880.00  6.90616e-11
      1890.00  7.05760e-11
      1900.00  7.21436e-11
      1910.00  7.37513e-11
      1920.00  7.53846e-11
      1930.00  7.70270e-11
      1940.00  7.86607e-11
      1950.00  8.02657e-11
      1960.00  8.18202e-11
      1970.00  8.33012e-11
      1980.00  8.46852e-11
      1990.00  8.59502e-11
      2000.00  8.70770e-11
      2010.00  8.80511e-11
      2020.00  8.88633e-11
      2030.00  8.95101e-11
      2040.00  8.99927e-11
      2050.00  9.03160e-11
      2060.00  9.04876e-11
      2070.00  9.05163e-11
      2080.00  9.04131e-11
      2090.00  9.01913e-11
      2100.00  8.98689e-11
      2110.00  8.94703e-11
      2120.00  8.90281e-11
      2130.00  8.85843e-11
      2140.00  8.81890e-11
      2150.00  8.78988e-11
      2160.00  8.77727e-11
      2170.00  8.78682e-11
      2180.00  8.82358e-11
      2190.00  8.89155e-11
      2200.00  8.99331e-11
      2210.00  9.12985e-11
      2220.00  9.30059e-11
      2230.00  9.50350e-11
      2240.00  9.73529e-11
      2250.00  9.99171e-11
      2260.00  1.02678e-10
      2270.00  1.05582e-10
      2280.00  1.08571e-10
      2290.00  1.11589e-10
      2300.00  1.14577e-10
      2310.00  1.17482e-10
      2320.00  1.20250e-10
      2330.00  1.22839e-10
      2340.00  1.25215e-10
      2350.00  1.27356e-10
      2360.00  1.29259e-10
      2370.00  1.30942e-10
      2380.00  1.32441e-10
      2390.00  1.33813e-10
      2400.00  1.35132e-10
      2410.00  1.36485e-10
      2420.00  1.37959e-10
      2430.00  1.39641e-10
      2440.00  1.41599e-10
      2450.00  1.43880e-10
      2460.00  1.46500e-10
      2470.00  1.49440e-10
      2480.00  1.52644e-10
      2490.00  1.56028e-10
      2500.00  1.59481e-10
      2510.00  1.62883e-10
      2520.00  1.66113e-10
      2530.00  1.69068e-10
      2540.00  1.71668e-10
      2550.00  1.73870e-10
      2560.00  1.75665e-10
      2570.00  1.77080e-10
      2580.00  1.78169e-10
      2590.00  1.79005e-10
      2600.00  1.79669e-10
      2610.00  1.80241e-10
      2620.00  1.80793e-10
      2630.00  1.81381e-10
      2640.00  1.82050e-10
      2650.00  1.82870e-10
      2660.00  1.86212e-10
      2670.00  2.14159e-10
      2680.00  2.84923e-10
      2690.00  3.48368e-10
      2700.00  3.88512e-10
      2710.00  4.18566e-10
      2720.00  4.44594e-10
      2730.00  4.70202e-10
      2740.00  4.97925e-10
      2750.00  5.23505e-10
      2760.00  5.44795e-10
      2770.00  5.63312e-10
      2780.00  5.64552e-10
      2790.00  5.52464e-10
      2800.00  5.52621e-10
      2810.00  5.77194e-10
      2820.00  6.03232e-10
      2830.00  6.27919e-10
      2840.00  6.64010e-10
      2850.00  7.16089e-10
      2860.00  7.80678e-10
      2870.00  8.37645e-10
      2880.00  8.91590e-10
      2890.00  9.51683e-10
      2900.00  1.00597e-09
      2910.00  1.03360e-09
      2920.00  1.03725e-09
      2930.00  1.04907e-09
      2940.00  1.07024e-09
      2950.00  1.07038e-09
      2960.00  1.04834e-09
      2970.00  1.01992e-09
      2980.00  9.87669e-10
      2990.00  9.46922e-10
      3000.00  8.98409e-10
      3010.00  8.51899e-10
      3020.00  8.06425e-10
      3030.00  7.64115e-10
      3040.00  7.39229e-10
      3050.00  7.47056e-10
      3060.00  7.77952e-10
      3070.00  8.05592e-10
      3080.00  8.21003e-10
      3090.00  8.43380e-10
      3100.00  8.90036e-10
      3110.00  9.54181e-10
      3120.00  1.02102e-09
      3130.00  1.08396e-09
      3140.00  1.14756e-09
      3150.00  1.21178e-09
      3160.00  1.26562e-09
      3170.00  1.29890e-09
      3180.00  1.29983e-09
      3190.00  1.26310e-09
      3200.00  1.20014e-09
      3210.00  1.12626e-09
      3220.00  1.05457e-09
      3230.00  9.95961e-10
      3240.00  9.54650e-10
      3250.00  9.24819e-10
      3260.00  9.02651e-10
      3270.00  8.94160e-10
      3280.00  9.08951e-10
      3290.00  9.44152e-10
      3300.00  9.83501e-10
      3310.00  1.01388e-09
      3320.00  1.03154e-09
      3330.00  1.03737e-09
      3340.00  1.04101e-09
      3350.00  1.05488e-09
      3360.00  1.06807e-09
      3370.00  1.07623e-09
      3380.00  1.10779e-09
      3390.00  1.15265e-09
      3400.00  1.18796e-09
      3410.00  1.21722e-09
      3420.00  1.24900e-09
      3430.00  1.28269e-09
      3440.00  1.31663e-09
      3450.00  1.35262e-09
      3460.00  1.39286e-09
      3470.00  1.44292e-09
      3480.00  1.51342e-09
      3490.00  1.61342e-09
      3500.00  1.74022e-09
      3510.00  1.87517e-09
      3520.00  2.01656e-09
      3530.00  2.18534e-09
      3540.00  2.36667e-09
      3550.00  2.51870e-09
      3560.00  2.61302e-09
      3570.00  2.65420e-09
      3580.00  2.65664e-09
      3590.00  2.62926e-09
      3600.00  2.58848e-09
      3610.00  2.56212e-09
      3620.00  2.57560e-09
      3630.00  2.62906e-09
      3640.00  2.71489e-09
      3650.00  2.81835e-09
      3660.00  2.91493e-09
      3670.00  2.97937e-09
      3680.00  2.97620e-09
      3690.00  2.88576e-09
      3700.00  2.72666e-09
      3710.00  2.53976e-09
      3720.00  2.36389e-09
      3730.00  2.22161e-09
      3740.00  2.11578e-09
      3750.00  2.03710e-09
      3760.00  1.97615e-09
      3770.00  1.93255e-09
      3780.00  1.91636e-09
      3790.00  1.94193e-09
      3800.00  2.02016e-09
      3810.00  2.15667e-09
      3820.00  2.35552e-09
      3830.00  2.62082e-09
      3840.00  2.95123e-09
      3850.00  3.32851e-09
      3860.00  3.71664e-09
      3870.00  4.10050e-09
      3880.00  4.48729e-09
      3890.00  4.84728e-09
      3900.00  5.13867e-09
      3910.00  5.35299e-09
      3920.00  5.50116e-09
      3930.00  5.58945e-09
      3940.00  5.60672e-09
      3950.00  5.52806e-09
      3960.00  5.33573e-09
      3970.00  5.04258e-09
      3980.00  4.69417e-09
      3990.00  4.34774e-09
      4000.00  4.04961e-09
      4010.00  3.82661e-09
      4020.00  3.68682e-09
      4030.00  3.62172e-09
      4040.00  3.60924e-09
      4050.00  3.62119e-09
      4060.00  3.63336e-09
      4070.00  3.63233e-09
      4080.00  3.61519e-09
      4090.00  3.58696e-09
      4100.00  3.55746e-09
      4110.00  3.53798e-09
      4120.00  3.53839e-09
      4130.00  3.56414e-09
      4140.00  3.61357e-09
      4150.00  3.67720e-09
      4160.00  3.74048e-09
      4170.00  3.78897e-09
      4180.00  3.81316e-09
      4190.00  3.80997e-09
      4200.00  3.78114e-09
      4210.00  3.73142e-09
      4220.00  3.66686e-09
      4230.00  3.59353e-09
      4240.00  3.51694e-09
      4250.00  3.44095e-09
      4260.00  3.36635e-09
      4270.00  3.29125e-09
      4280.00  3.21260e-09
      4290.00  3.12742e-09
      4300.00  3.03326e-09
      4310.00  2.92859e-09
      4320.00  2.81319e-09
      4330.00  2.68885e-09
      4340.00  2.55997e-09
      4350.00  2.43299e-09
      4360.00  2.31466e-09
      4370.00  2.21049e-09
      4380.00  2.12487e-09
      4390.00  2.06248e-09
      4400.00  2.02870e-09
      4410.00  2.02826e-09
      4420.00  2.06336e-09
      4430.00  2.13272e-09
      4440.00  2.23167e-09
      4450.00  2.35385e-09
      4460.00  2.49370e-09
      4470.00  2.64800e-09
      4480.00  2.81584e-09
      4490.00  2.99831e-09
      4500.00  3.19797e-09
      4510.00  3.41667e-09
      4520.00  3.65214e-09
      4530.00  3.89603e-09
      4540.00  4.13487e-09
      4550.00  4.35341e-09
      4560.00  4.53868e-09
      4570.00  4.68295e-09
      4580.00  4.78340e-09
      4590.00  4.83843e-09
      4600.00  4.84406e-09
      4610.00  4.79309e-09
      4620.00  4.67954e-09
      4630.00  4.50486e-09
      4640.00  4.28054e-09
      4650.00  4.02596e-09
      4660.00  3.76336e-09
      4670.00  3.51211e-09
      4680.00  3.28387e-09
      4690.00  3.08091e-09
      4700.00  2.89872e-09
      4710.00  2.73114e-09
      4720.00  2.57530e-09
      4730.00  2.43410e-09
      4740.00  2.31512e-09
      4750.00  2.22711e-09
      4760.00  2.17515e-09
      4770.00  2.15685e-09
      4780.00  2.16152e-09
      4790.00  2.17398e-09
      4800.00  2.18062e-09
      4810.00  2.17436e-09
      4820.00  2.15605e-09
      4830.00  2.13289e-09
      4840.00  2.11517e-09
      4850.00  2.11301e-09
      4860.00  2.13398e-09
      4870.00  2.18169e-09
      4880.00  2.25530e-09
      4890.00  2.34861e-09
      4900.00  2.44936e-09
      4910.00  2.54048e-09
      4920.00  2.60443e-09
      4930.00  2.62889e-09
      4940.00  2.61069e-09
      4950.00  2.55586e-09
      4960.00  2.47648e-09
      4970.00  2.38631e-09
      4980.00  2.29772e-09
      4990.00  2.22017e-09
      5000.00  2.16009e-09
      5010.00  2.12098e-09
      5020.00  2.10364e-09
      5030.00  2.10654e-09
      5040.00  2.12645e-09
      5050.00  2.15920e-09
      5060.00  2.20048e-09
      5070.00  2.24663e-09
      5080.00  2.29538e-09
      5090.00  2.34627e-09
      5100.00  2.40062e-09
      5110.00  2.46104e-09
      5120.00  2.53064e-09
      5130.00  2.61228e-09
      5140.00  2.70764e-09
      5150.00  2.81630e-09
      5160.00  2.93548e-09
      5170.00  3.06052e-09
      5180.00  3.18563e-09
      5190.00  3.30444e-09
      5200.00  3.41062e-09
      5210.00  3.49836e-09
      5220.00  3.56253e-09
      5230.00  3.59881e-09
      5240.00  3.60449e-09
      5250.00  3.58005e-09
      5260.00  3.53041e-09
      5270.00  3.46450e-09
      5280.00  3.39307e-09
      5290.00  3.32564e-09
      5300.00  3.26824e-09
      5310.00  3.22253e-09
      5320.00  3.18668e-09
      5330.00  3.15734e-09
      5340.00  3.13156e-09
      5350.00  3.10780e-09
      5360.00  3.08552e-09
      5370.00  3.06434e-09
      5380.00  3.04333e-09
      5390.00  3.02081e-09
      5400.00  2.99460e-09
      5410.00  2.96243e-09
      5420.00  2.92236e-09
      5430.00  2.87334e-09
      5440.00  2.81596e-09
      5450.00  2.75313e-09
      5460.00  2.69000e-09
      5470.00  2.63277e-09
      5480.00  2.58691e-09
      5490.00  2.55556e-09
      5500.00  2.53879e-09
      5510.00  2.53403e-09
      5520.00  2.53675e-09
      5530.00  2.54044e-09
      5540.00  2.53709e-09
      5550.00  2.51998e-09
      5560.00  2.48708e-09
      5570.00  2.44137e-09
      5580.00  2.38781e-09
      5590.00  2.33059e-09
      5600.00  2.27202e-09
      5610.00  2.21284e-09
      5620.00  2.15299e-09
      5630.00  2.09254e-09
      5640.00  2.03207e-09
      5650.00  1.97274e-09
      5660.00  1.91608e-09
      5670.00  1.86391e-09
      5680.00  1.81840e-09
      5690.00  1.78189e-09
      5700.00  1.75657e-09
      5710.00  1.74412e-09
      5720.00  1.74539e-09
      5730.00  1.76058e-09
      5740.00  1.78945e-09
      5750.00  1.83171e-09
      5760.00  1.88711e-09
      5770.00  1.95528e-09
      5780.00  2.03531e-09
      5790.00  2.12510e-09
      5800.00  2.22102e-09
      5810.00  2.31791e-09
      5820.00  2.40972e-09
      5830.00  2.49041e-09
      5840.00  2.55503e-09
      5850.00  2.60039e-09
      5860.00  2.62531e-09
      5870.00  2.63058e-09
      5880.00  2.61844e-09
      5890.00  2.59198e-09
      5900.00  2.55448e-09
      5910.00  2.50886e-09
      5920.00  2.45748e-09
      5930.00  2.40234e-09
      5940.00  2.34527e-09
      5950.00  2.28784e-09
      5960.00  2.23105e-09
      5970.00  2.17513e-09
      5980.00  2.11978e-09
      5990.00  2.06461e-09
      6000.00  2.00936e-09
      6010.00  1.95363e-09
      6020.00  1.89631e-09
      6030.00  1.83506e-09
      6040.00  1.76651e-09
      6050.00  1.68706e-09
      6060.00  1.59437e-09
      6070.00  1.48894e-09
      6080.00  1.37489e-09
      6090.00  1.25955e-09
      6100.00  1.15173e-09
      6110.00  1.05952e-09
      6120.00  9.88638e-10
      6130.00  9.42000e-10
      6140.00  9.20198e-10
      6150.00  9.22374e-10
      6160.00  9.46806e-10
      6170.00  9.91037e-10
      6180.00  1.05175e-09
      6190.00  1.12477e-09
      6200.00  1.20526e-09
      6210.00  1.28839e-09
      6220.00  1.36991e-09
      6230.00  1.44664e-09
      6240.00  1.51652e-09
      6250.00  1.57842e-09
      6260.00  1.63192e-09
      6270.00  1.67723e-09
      6280.00  1.71496e-09
      6290.00  1.74596e-09
      6300.00  1.77090e-09
      6310.00  1.79016e-09
      6320.00  1.80380e-09
      6330.00  1.81189e-09
      6340.00  1.81497e-09
      6350.00  1.81421e-09
      6360.00  1.81113e-09
      6370.00  1.80702e-09
      6380.00  1.80268e-09
      6390.00  1.79851e-09
      6400.00  1.79467e-09
      6410.00  1.79105e-09
      6420.00  1.78720e-09
      6430.00  1.78248e-09
      6440.00  1.77628e-09
      6450.00  1.76811e-09
      6460.00  1.75779e-09
      6470.00  1.74531e-09
      6480.00  1.73075e-09
      6490.00  1.71406e-09
      6500.00  1.69496e-09
      6510.00  1.67304e-09
      6520.00  1.64799e-09
      6530.00  1.61987e-09
      6540.00  1.58910e-09
      6550.00  1.55631e-09
      6560.00  1.52215e-09
      6570.00  1.48710e-09
      6580.00  1.45151e-09
      6590.00  1.41553e-09
      6600.00  1.37920e-09
      6610.00  1.34247e-09
      6620.00  1.30539e-09
      6630.00  1.26822e-09
      6640.00  1.23148e-09
      6650.00  1.19577e-09
      6660.00  1.16155e-09
      6670.00  1.12902e-09
      6680.00  1.09811e-09
      6690.00  1.06876e-09
      6700.00  1.04105e-09
      6710.00  1.01527e-09
      6720.00  9.91870e-10
      6730.00  9.71236e-10
      6740.00  9.53474e-10
      6750.00  9.38242e-10
      6760.00  9.24703e-10
      6770.00  9.11690e-10
      6780.00  8.98110e-10
      6790.00  8.83446e-10
      6800.00  8.68043e-10
      6810.00  8.52897e-10
      6820.00  8.38998e-10
      6830.00  8.26755e-10
      6840.00  8.15954e-10
      6850.00  8.06122e-10
      6860.00  7.96921e-10
      6870.00  7.88292e-10
      6880.00  7.80367e-10
      6890.00  7.73282e-10
      6900.00  7.67013e-10
      6910.00  7.61326e-10
      6920.00  7.55846e-10
      6930.00  7.50210e-10
      6940.00  7.44199e-10
      6950.00  7.37796e-10
      6960.00  7.31147e-10
      6970.00  7.24466e-10
      6980.00  7.17953e-10
      6990.00  7.11762e-10
      7000.00  7.06014e-10
      7010.00  7.00830e-10
      7020.00  6.96332e-10
      7030.00  6.92619e-10
      7040.00  6.89716e-10
      7050.00  6.87541e-10
      7060.00  6.85911e-10
      7070.00  6.84575e-10
      7080.00  6.83266e-10
      7090.00  6.81753e-10
      7100.00  6.79863e-10
      7110.00  6.77505e-10
      7120.00  6.74661e-10
      7130.00  6.71373e-10
      7140.00  6.67728e-10
      7150.00  6.63845e-10
      7160.00  6.59861e-10
      7170.00  6.55945e-10
      7180.00  6.52303e-10
      7190.00  6.49156e-10
      7200.00  6.46668e-10
      7210.00  6.44879e-10
      7220.00  6.43653e-10
      7230.00  6.42706e-10
      7240.00  6.41674e-10
      7250.00  6.40201e-10
      7260.00  6.38019e-10
      7270.00  6.34992e-10
      7280.00  6.31106e-10
      7290.00  6.26419e-10
      7300.00  6.20989e-10
      7310.00  6.14817e-10
      7320.00  6.07850e-10
      7330.00  6.00018e-10
      7340.00  5.91291e-10
      7350.00  5.81731e-10
      7360.00  5.71515e-10
      7370.00  5.60905e-10
      7380.00  5.50175e-10
      7390.00  5.39519e-10
      7400.00  5.28993e-10
      7410.00  5.18516e-10
      7420.00  5.07947e-10
      7430.00  4.97200e-10
      7440.00  4.86380e-10
      7450.00  4.75834e-10
      7460.00  4.66077e-10
      7470.00  4.57629e-10
      7480.00  4.50856e-10
      7490.00  4.45898e-10
      7500.00  4.42691e-10
      7510.00  4.41044e-10
      7520.00  4.40708e-10
      7530.00  4.41428e-10
      7540.00  4.42965e-10
      7550.00  4.45092e-10
      7560.00  4.47584e-10
      7570.00  4.50219e-10
      7580.00  4.52794e-10
      7590.00  4.55135e-10
      7600.00  4.57121e-10
      7610.00  4.59096e-10
      7620.00  4.61022e-10
      7630.00  4.62740e-10
      7640.00  4.64446e-10
      7650.00  4.66379e-10
      7660.00  4.68771e-10
      7670.00  4.71790e-10
      7680.00  4.75514e-10
      7690.00  4.79922e-10
      7700.00  4.84919e-10
      7710.00  4.90360e-10
      7720.00  4.96088e-10
      7730.00  5.01958e-10
      7740.00  5.07859e-10
      7750.00  5.13722e-10
      7760.00  5.19523e-10
      7770.00  5.25262e-10
      7780.00  5.30936e-10
      7790.00  5.36505e-10
      7800.00  5.41874e-10
      7810.00  5.46884e-10
      7820.00  5.51330e-10
      7830.00  5.54996e-10
      7840.00  5.57689e-10
      7850.00  5.59260e-10
      7860.00  5.59620e-10
      7870.00  5.58737e-10
      7880.00  5.56630e-10
      7890.00  5.53360e-10
      7900.00  5.49037e-10
      7910.00  5.43816e-10
      7920.00  5.37895e-10
      7930.00  5.31499e-10
      7940.00  5.24845e-10
      7950.00  5.18114e-10
      7960.00  5.11441e-10
      7970.00  5.04916e-10
      7980.00  4.98594e-10
      7990.00  4.92465e-10
      8000.00  4.86418e-10
      8010.00  4.80231e-10
      8020.00  4.73630e-10
      8030.00  4.66384e-10
      8040.00  4.58364e-10
      8050.00  4.49529e-10
      8060.00  4.39862e-10
      8070.00  4.29315e-10
      8080.00  4.17791e-10
      8090.00  4.05185e-10
      8100.00  3.91448e-10
      8110.00  3.76642e-10
      8120.00  3.60970e-10
      8130.00  3.44756e-10
      8140.00  3.28412e-10
      8150.00  3.12389e-10
      8160.00  2.97138e-10
      8170.00  2.83086e-10
      8180.00  2.70614e-10
      8190.00  2.60047e-10
      8200.00  2.51641e-10
      8210.00  2.45569e-10
      8220.00  2.41897e-10
      8230.00  2.40568e-10
      8240.00  2.41389e-10
      8250.00  2.44049e-10
      8260.00  2.48156e-10
      8270.00  2.53296e-10
      8280.00  2.59102e-10
      8290.00  2.65312e-10
      8300.00  2.71802e-10
      8310.00  2.78594e-10
      8320.00  2.85829e-10
      8330.00  2.93741e-10
      8340.00  3.02625e-10
      8350.00  3.12811e-10
      8360.00  3.24647e-10
      8370.00  3.38461e-10
      8380.00  3.54526e-10
      8390.00  3.73002e-10
      8400.00  3.93883e-10
      8410.00  4.16961e-10
      8420.00  4.41830e-10
      8430.00  4.67929e-10
      8440.00  4.94617e-10
      8450.00  5.21263e-10
      8460.00  5.47315e-10
      8470.00  5.72343e-10
      8480.00  5.96050e-10
      8490.00  6.18253e-10
      8500.00  6.38863e-10
      8510.00  6.57863e-10
      8520.00  6.75298e-10
      8530.00  6.91267e-10
      8540.00  7.05913e-10
      8550.00  7.19408e-10
      8560.00  7.31933e-10
      8570.00  7.43651e-10
      8580.00  7.54685e-10
      8590.00  7.65099e-10
      8600.00  7.74883e-10
      8610.00  7.83960e-10
      8620.00  7.92191e-10
      8630.00  7.99407e-10
      8640.00  8.05450e-10
      8650.00  8.10210e-10
      8660.00  8.13654e-10
      8670.00  8.15826e-10
      8680.00  8.16824e-10
      8690.00  8.16776e-10
      8700.00  8.15807e-10
      8710.00  8.14032e-10
      8720.00  8.11527e-10
      8730.00  8.08328e-10
      8740.00  8.04412e-10
      8750.00  7.99703e-10
      8760.00  7.94081e-10
      8770.00  7.87401e-10
      8780.00  7.79534e-10
      8790.00  7.70392e-10
      8800.00  7.59963e-10
      8810.00  7.48315e-10
      8820.00  7.35600e-10
      8830.00  7.22031e-10
      8840.00  7.07860e-10
      8850.00  6.93352e-10
      8860.00  6.78757e-10
      8870.00  6.64291e-10
      8880.00  6.50123e-10
      8890.00  6.36374e-10
      8900.00  6.23127e-10
      8910.00  6.10440e-10
      8920.00  5.98420e-10
      8930.00  5.87077e-10
      8940.00  5.76446e-10
      8950.00  5.66577e-10
      8960.00  5.57500e-10
      8970.00  5.49205e-10
      8980.00  5.41628e-10
      8990.00  5.34636e-10
      9000.00  5.28045e-10
      9010.00  5.21637e-10
      9020.00  5.15210e-10
      9030.00  5.08618e-10
      9040.00  5.01801e-10
      9050.00  4.94798e-10
      9060.00  4.87731e-10
      9070.00  4.80770e-10
      9080.00  4.74092e-10
      9090.00  4.67841e-10
      9100.00  4.62114e-10
      9110.00  4.56953e-10
      9120.00  4.52368e-10
      9130.00  4.48341e-10
      9140.00  4.44835e-10
      9150.00  4.41779e-10
      9160.00  4.39066e-10
      9170.00  4.36547e-10
      9180.00  4.34051e-10
      9190.00  4.31395e-10
      9200.00  4.28411e-10
      9210.00  4.24953e-10
      9220.00  4.20905e-10
      9230.00  4.16167e-10
      9240.00  4.10655e-10
      9250.00  4.04301e-10
      9260.00  3.97090e-10
      9270.00  3.89126e-10
      9280.00  3.80700e-10
      9290.00  3.72293e-10
      9300.00  3.64486e-10
      9310.00  3.57792e-10
      9320.00  3.52495e-10
      9330.00  3.48579e-10
      9340.00  3.45794e-10
      9350.00  3.43781e-10
      9360.00  3.42201e-10
      9370.00  3.40802e-10
      9380.00  3.39427e-10
      9390.00  3.37995e-10
      9400.00  3.36468e-10
      9410.00  3.34831e-10
      9420.00  3.33079e-10
      9430.00  3.31212e-10
      9440.00  3.29233e-10
      9450.00  3.27149e-10
      9460.00  3.24968e-10
      9470.00  3.22701e-10
      9480.00  3.20360e-10
      9490.00  3.17958e-10
      9500.00  3.15510e-10
      9510.00  3.13032e-10
      9520.00  3.10538e-10
      9530.00  3.08044e-10
      9540.00  3.05561e-10
      9550.00  3.03103e-10
      9560.00  3.00679e-10
      9570.00  2.98297e-10
      9580.00  2.95963e-10
      9590.00  2.93682e-10
      9600.00  2.91457e-10
      9610.00  2.89289e-10
      9620.00  2.87181e-10
      9630.00  2.85132e-10
      9640.00  2.83144e-10
      9650.00  2.81219e-10
      9660.00  2.79360e-10
      9670.00  2.77569e-10
      9680.00  2.75852e-10
      9690.00  2.74212e-10
      9700.00  2.72655e-10
      9710.00  2.71188e-10
      9720.00  2.69814e-10
      9730.00  2.68539e-10
      9740.00  2.67365e-10
      9750.00  2.66294e-10
      9760.00  2.65326e-10
      9770.00  2.64460e-10
      9780.00  2.63691e-10
      9790.00  2.63015e-10
      9800.00  2.62423e-10
      9810.00  2.61909e-10
      9820.00  2.61462e-10
      9830.00  2.61074e-10
      9840.00  2.60735e-10
      9850.00  2.60437e-10
      9860.00  2.60170e-10
      9870.00  2.59927e-10
      9880.00  2.59700e-10
      9890.00  2.59485e-10
      9900.00  2.59274e-10
      9910.00  2.59062e-10
      9920.00  2.58845e-10
      9930.00  2.58617e-10
      9940.00  2.58373e-10
      9950.00  2.58108e-10
      9960.00  2.57814e-10
      9970.00  2.57485e-10
      9980.00  2.57114e-10
      9990.00  2.56693e-10
      10000.0  2.56215e-10
      10010.0  2.55671e-10
      10020.0  2.55056e-10
      10030.0  2.54364e-10
      10040.0  2.53588e-10
      10050.0  2.52726e-10
      10060.0  2.51775e-10
      10070.0  2.50735e-10
      10080.0  2.49608e-10
      10090.0  2.48397e-10
      10100.0  2.47106e-10
      10110.0  2.45742e-10
      10120.0  2.44313e-10
      10130.0  2.42826e-10
      10140.0  2.41291e-10
      10150.0  2.39719e-10
      10160.0  2.38119e-10
      10170.0  2.36502e-10
      10180.0  2.34879e-10
      10190.0  2.33258e-10
      10200.0  2.31652e-10
      10210.0  2.30067e-10
      10220.0  2.28512e-10
      10230.0  2.26995e-10
      10240.0  2.25522e-10
      10250.0  2.24097e-10
      10260.0  2.22723e-10
      10270.0  2.21403e-10
      10280.0  2.20135e-10
      10290.0  2.18919e-10
      10300.0  2.17751e-10
      10310.0  2.16628e-10
      10320.0  2.15543e-10
      10330.0  2.14490e-10
      10340.0  2.13462e-10
      10350.0  2.12451e-10
      10360.0  2.11450e-10
      10370.0  2.10451e-10
      10380.0  2.09446e-10
      10390.0  2.08431e-10
      10400.0  2.07397e-10
      10410.0  2.06341e-10
      10420.0  2.05258e-10
      10430.0  2.04144e-10
      10440.0  2.02998e-10
      10450.0  2.01816e-10
      10460.0  2.00598e-10
      10470.0  1.99342e-10
      10480.0  1.98049e-10
      10490.0  1.96718e-10
      10500.0  1.95349e-10
      10510.0  1.93942e-10
      10520.0  1.92498e-10
      10530.0  1.91017e-10
      10540.0  1.89501e-10
      10550.0  1.87950e-10
      10560.0  1.86365e-10
      10570.0  1.84747e-10
      10580.0  1.83100e-10
      10590.0  1.81423e-10
      10600.0  1.79720e-10
      10610.0  1.77993e-10
      10620.0  1.76246e-10
      10630.0  1.74482e-10
      10640.0  1.72704e-10
      10650.0  1.70918e-10
      10660.0  1.69127e-10
      10670.0  1.67336e-10
      10680.0  1.65550e-10
      10690.0  1.63773e-10
      10700.0  1.62011e-10
      10710.0  1.60268e-10
      10720.0  1.58547e-10
      10730.0  1.56853e-10
      10740.0  1.55188e-10
      10750.0  1.53556e-10
      10760.0  1.51957e-10
      10770.0  1.50393e-10
      10780.0  1.48865e-10
      10790.0  1.47372e-10
      10800.0  1.45913e-10
      10810.0  1.44487e-10
      10820.0  1.43093e-10
      10830.0  1.41727e-10
      10840.0  1.40388e-10
      10850.0  1.39073e-10
      10860.0  1.37779e-10
      10870.0  1.36503e-10
      10880.0  1.35243e-10
      10890.0  1.33996e-10
      10900.0  1.32760e-10
      10910.0  1.31533e-10
      10920.0  1.30313e-10
      10930.0  1.29099e-10
      10940.0  1.27890e-10
      10950.0  1.26686e-10
      10960.0  1.25486e-10
      10970.0  1.24291e-10
      10980.0  1.23100e-10
      10990.0  1.21916e-10
      11000.0  1.20739e-10
      11010.0  1.19571e-10
      11020.0  1.18414e-10
      11030.0  1.17271e-10
      11040.0  1.16144e-10
      11050.0  1.15037e-10
      11060.0  1.13952e-10
      11070.0  1.12893e-10
      11080.0  1.11863e-10
      11090.0  1.10866e-10
      11100.0  1.09903e-10
      11110.0  1.08979e-10
      11120.0  1.08096e-10
      11130.0  1.07256e-10
      11140.0  1.06462e-10
      11150.0  1.05714e-10
      11160.0  1.05013e-10
      11170.0  1.04360e-10
      11180.0  1.03756e-10
      11190.0  1.03198e-10
      11200.0  1.02686e-10
      11210.0  1.02218e-10
      11220.0  1.01793e-10
      11230.0  1.01407e-10
      11240.0  1.01059e-10
      11250.0  1.00745e-10
      11260.0  1.00462e-10
      11270.0  1.00206e-10
      11280.0  9.99745e-11
      11290.0  9.97634e-11
      11300.0  9.95690e-11
      11310.0  9.93881e-11
      11320.0  9.92169e-11
      11330.0  9.90522e-11
      11340.0  9.88906e-11
      11350.0  9.87288e-11
      11360.0  9.85639e-11
      11370.0  9.83930e-11
      11380.0  9.82133e-11
      11390.0  9.80223e-11
      11400.0  9.78177e-11
      11410.0  9.75973e-11
      11420.0  9.73593e-11
      11430.0  9.71019e-11
      11440.0  9.68237e-11
      11450.0  9.65235e-11
      11460.0  9.62003e-11
      11470.0  9.58535e-11
      11480.0  9.54825e-11
      11490.0  9.50872e-11
      11500.0  9.46677e-11
      11510.0  9.42241e-11
      11520.0  9.37571e-11
      11530.0  9.32672e-11
      11540.0  9.27554e-11
      11550.0  9.22228e-11
      11560.0  9.16704e-11
      11570.0  9.10997e-11
      11580.0  9.05120e-11
      11590.0  8.99088e-11
      11600.0  8.92916e-11
      11610.0  8.86619e-11
      11620.0  8.80212e-11
      11630.0  8.73711e-11
      11640.0  8.67129e-11
      11650.0  8.60480e-11
      11660.0  8.53777e-11
      11670.0  8.47030e-11
      11680.0  8.40251e-11
      11690.0  8.33446e-11
      11700.0  8.26624e-11
      11710.0  8.19790e-11
      11720.0  8.12947e-11
      11730.0  8.06096e-11
      11740.0  7.99239e-11
      11750.0  7.92375e-11
      11760.0  7.85500e-11
      11770.0  7.78612e-11
      11780.0  7.71705e-11
      11790.0  7.64776e-11
      11800.0  7.57819e-11
      11810.0  7.50829e-11
      11820.0  7.43802e-11
      11830.0  7.36732e-11
      11840.0  7.29619e-11
      11850.0  7.22459e-11
      11860.0  7.15252e-11
      11870.0  7.08001e-11
      11880.0  7.00708e-11
      11890.0  6.93378e-11
      11900.0  6.86018e-11
      11910.0  6.78636e-11
      11920.0  6.71243e-11
      11930.0  6.63849e-11
      11940.0  6.56469e-11
      11950.0  6.49115e-11
      11960.0  6.41803e-11
      11970.0  6.34547e-11
      11980.0  6.27364e-11
      11990.0  6.20269e-11
      12000.0  6.13277e-11
      12010.0  6.06403e-11
      12020.0  5.99663e-11
      12030.0  5.93070e-11
      12040.0  5.86637e-11
      12050.0  5.80376e-11
      12060.0  5.74300e-11
      12070.0  5.68418e-11
      12080.0  5.62740e-11
      12090.0  5.57277e-11
      12100.0  5.52035e-11
      12110.0  5.47023e-11
      12120.0  5.42249e-11
      12130.0  5.37719e-11
      12140.0  5.33441e-11
      12150.0  5.29421e-11
      12160.0  5.25666e-11
      12170.0  5.22182e-11
      12180.0  5.18977e-11
      12190.0  5.16056e-11
      12200.0  5.13426e-11
      12210.0  5.11092e-11
      12220.0  5.09060e-11
      12230.0  5.07335e-11
      12240.0  5.05919e-11
      12250.0  5.04816e-11
      12260.0  5.04026e-11
      12270.0  5.03549e-11
      12280.0  5.03384e-11
      12290.0  5.03526e-11
      12300.0  5.03971e-11
      12310.0  5.04711e-11
      12320.0  5.05738e-11
      12330.0  5.07041e-11
      12340.0  5.08610e-11
      12350.0  5.10431e-11
      12360.0  5.12492e-11
      12370.0  5.14779e-11
      12380.0  5.17279e-11
      12390.0  5.19977e-11
      12400.0  5.22860e-11
      12410.0  5.25916e-11
      12420.0  5.29133e-11
      12430.0  5.32499e-11
      12440.0  5.36003e-11
      12450.0  5.39636e-11
      12460.0  5.43389e-11
      12470.0  5.47253e-11
      12480.0  5.51220e-11
      12490.0  5.55281e-11
      12500.0  5.59428e-11
      12510.0  5.63652e-11
      12520.0  5.67942e-11
      12530.0  5.72288e-11
      12540.0  5.76679e-11
      12550.0  5.81099e-11
      12560.0  5.85536e-11
      12570.0  5.89973e-11
      12580.0  5.94392e-11
      12590.0  5.98774e-11
      12600.0  6.03101e-11
      12610.0  6.07349e-11
      12620.0  6.11498e-11
      12630.0  6.15526e-11
      12640.0  6.19409e-11
      12650.0  6.23125e-11
      12660.0  6.26651e-11
      12670.0  6.29964e-11
      12680.0  6.33045e-11
      12690.0  6.35872e-11
      12700.0  6.38427e-11
      12710.0  6.40693e-11
      12720.0  6.42653e-11
      12730.0  6.44294e-11
      12740.0  6.45606e-11
      12750.0  6.46578e-11
      12760.0  6.47206e-11
      12770.0  6.47484e-11
      12780.0  6.47413e-11
      12790.0  6.46993e-11
      12800.0  6.46229e-11
      12810.0  6.45129e-11
      12820.0  6.43703e-11
      12830.0  6.41963e-11
      12840.0  6.39924e-11
      12850.0  6.37603e-11
      12860.0  6.35018e-11
      12870.0  6.32190e-11
      12880.0  6.29140e-11
      12890.0  6.25889e-11
      12900.0  6.22461e-11
      12910.0  6.18877e-11
      12920.0  6.15159e-11
      12930.0  6.11327e-11
      12940.0  6.07400e-11
      12950.0  6.03396e-11
      12960.0  5.99330e-11
      12970.0  5.95217e-11
      12980.0  5.91067e-11
      12990.0  5.86890e-11
      13000.0  5.82693e-11
      13010.0  5.78480e-11
      13020.0  5.74256e-11
      13030.0  5.70021e-11
      13040.0  5.65775e-11
      13050.0  5.61519e-11
      13060.0  5.57251e-11
      13070.0  5.52970e-11
      13080.0  5.48675e-11
      13090.0  5.44365e-11
      13100.0  5.40040e-11
      13110.0  5.35702e-11
      13120.0  5.31354e-11
      13130.0  5.26998e-11
      13140.0  5.22641e-11
      13150.0  5.18286e-11
      13160.0  5.13942e-11
      13170.0  5.09617e-11
      13180.0  5.05318e-11
      13190.0  5.01055e-11
      13200.0  4.96835e-11
      13210.0  4.92667e-11
      13220.0  4.88560e-11
      13230.0  4.84520e-11
      13240.0  4.80553e-11
      13250.0  4.76666e-11
      13260.0  4.72863e-11
      13270.0  4.69147e-11
      13280.0  4.65523e-11
      13290.0  4.61991e-11
      13300.0  4.58554e-11
      13310.0  4.55214e-11
      13320.0  4.51972e-11
      13330.0  4.48830e-11
      13340.0  4.45789e-11
      13350.0  4.42851e-11
      13360.0  4.40018e-11
      13370.0  4.37294e-11
      13380.0  4.34681e-11
      13390.0  4.32181e-11
      13400.0  4.29798e-11
      13410.0  4.27533e-11
      13420.0  4.25391e-11
      13430.0  4.23371e-11
      13440.0  4.21475e-11
      13450.0  4.19704e-11
      13460.0  4.18055e-11
      13470.0  4.16527e-11
      13480.0  4.15116e-11
      13490.0  4.13818e-11
      13500.0  4.12628e-11
      13510.0  4.11539e-11
      13520.0  4.10543e-11
      13530.0  4.09633e-11
      13540.0  4.08800e-11
      13550.0  4.08035e-11
      13560.0  4.07331e-11
      13570.0  4.06677e-11
      13580.0  4.06065e-11
      13590.0  4.05488e-11
      13600.0  4.04938e-11
      13610.0  4.04409e-11
      13620.0  4.03893e-11
      13630.0  4.03386e-11
      13640.0  4.02883e-11
      13650.0  4.02380e-11
      13660.0  4.01874e-11
      13670.0  4.01362e-11
      13680.0  4.00842e-11
      13690.0  4.00314e-11
      13700.0  3.99775e-11
      13710.0  3.99225e-11
      13720.0  3.98664e-11
      13730.0  3.98093e-11
      13740.0  3.97510e-11
      13750.0  3.96918e-11
      13760.0  3.96315e-11
      13770.0  3.95703e-11
      13780.0  3.95081e-11
      13790.0  3.94451e-11
      13800.0  3.93813e-11
      13810.0  3.93166e-11
      13820.0  3.92510e-11
      13830.0  3.91846e-11
      13840.0  3.91172e-11
      13850.0  3.90487e-11
      13860.0  3.89791e-11
      13870.0  3.89081e-11
      13880.0  3.88355e-11
      13890.0  3.87611e-11
      13900.0  3.86847e-11
      13910.0  3.86058e-11
      13920.0  3.85243e-11
      13930.0  3.84397e-11
      13940.0  3.83517e-11
      13950.0  3.82599e-11
      13960.0  3.81641e-11
      13970.0  3.80638e-11
      13980.0  3.79589e-11
      13990.0  3.78490e-11
      14000.0  3.77339e-11
      14010.0  3.76136e-11
      14020.0  3.74880e-11
      14030.0  3.73570e-11
      14040.0  3.72207e-11
      14050.0  3.70792e-11
      14060.0  3.69329e-11
      14070.0  3.67818e-11
      14080.0  3.66265e-11
      14090.0  3.64672e-11
      14100.0  3.63044e-11
      14110.0  3.61386e-11
      14120.0  3.59703e-11
      14130.0  3.58000e-11
      14140.0  3.56282e-11
      14150.0  3.54556e-11
      14160.0  3.52826e-11
      14170.0  3.51098e-11
      14180.0  3.49376e-11
      14190.0  3.47666e-11
      14200.0  3.45972e-11
      14210.0  3.44298e-11
      14220.0  3.42648e-11
      14230.0  3.41025e-11
      14240.0  3.39433e-11
      14250.0  3.37872e-11
      14260.0  3.36347e-11
      14270.0  3.34858e-11
      14280.0  3.33408e-11
      14290.0  3.31996e-11
      14300.0  3.30624e-11
      14310.0  3.29293e-11
      14320.0  3.28004e-11
      14330.0  3.26756e-11
      14340.0  3.25550e-11
      14350.0  3.24388e-11
      14360.0  3.23268e-11
      14370.0  3.22193e-11
      14380.0  3.21162e-11
      14390.0  3.20175e-11
      14400.0  3.19235e-11
      14410.0  3.18340e-11
      14420.0  3.17491e-11
      14430.0  3.16688e-11
      14440.0  3.15931e-11
      14450.0  3.15219e-11
      14460.0  3.14551e-11
      14470.0  3.13924e-11
      14480.0  3.13337e-11
      14490.0  3.12787e-11
      14500.0  3.12269e-11
      14510.0  3.11781e-11
      14520.0  3.11318e-11
      14530.0  3.10874e-11
      14540.0  3.10445e-11
      14550.0  3.10026e-11
      14560.0  3.09612e-11
      14570.0  3.09197e-11
      14580.0  3.08777e-11
      14590.0  3.08349e-11
      14600.0  3.07909e-11
      14610.0  3.07455e-11
      14620.0  3.06984e-11
      14630.0  3.06497e-11
      14640.0  3.05994e-11
      14650.0  3.05477e-11
      14660.0  3.04948e-11
      14670.0  3.04412e-11
      14680.0  3.03874e-11
      14690.0  3.03340e-11
      14700.0  3.02816e-11
      14710.0  3.02312e-11
      14720.0  3.01836e-11
      14730.0  3.01398e-11
      14740.0  3.01008e-11
      14750.0  3.00678e-11
      14760.0  3.00418e-11
      14770.0  3.00242e-11
      14780.0  3.00162e-11
      14790.0  3.00190e-11
      14800.0  3.00340e-11
      14810.0  3.00626e-11
      14820.0  3.01062e-11
      14830.0  3.01661e-11
      14840.0  3.02439e-11
      14850.0  3.03409e-11
      14860.0  3.04586e-11
      14870.0  3.05986e-11
      14880.0  3.07623e-11
      14890.0  3.09510e-11
      14900.0  3.11663e-11
      14910.0  3.14096e-11
      14920.0  3.16822e-11
      14930.0  3.19854e-11
      14940.0  3.23204e-11
      14950.0  3.26884e-11
      14960.0  3.30905e-11
      14970.0  3.35276e-11
      14980.0  3.40006e-11
      14990.0  3.45102e-11
      15000.0  3.50570e-11
      15010.0  3.56414e-11
      15020.0  3.62638e-11
      15030.0  3.69244e-11
      15040.0  3.76232e-11
      15050.0  3.83601e-11
      15060.0  3.91347e-11
      15070.0  3.99466e-11
      15080.0  4.07953e-11
      15090.0  4.16798e-11
      15100.0  4.25993e-11
      15110.0  4.35525e-11
      15120.0  4.45381e-11
      15130.0  4.55546e-11
      15140.0  4.66003e-11
      15150.0  4.76731e-11
      15160.0  4.87709e-11
      15170.0  4.98914e-11
      15180.0  5.10319e-11
      15190.0  5.21897e-11
      15200.0  5.33617e-11
      15210.0  5.45448e-11
      15220.0  5.57355e-11
      15230.0  5.69304e-11
      15240.0  5.81257e-11
      15250.0  5.93176e-11
      15260.0  6.05022e-11
      15270.0  6.16756e-11
      15280.0  6.28338e-11
      15290.0  6.39728e-11
      15300.0  6.50887e-11
      15310.0  6.61777e-11
      15320.0  6.72360e-11
      15330.0  6.82602e-11
      15340.0  6.92469e-11
      15350.0  7.01929e-11
      15360.0  7.10955e-11
      15370.0  7.19520e-11
      15380.0  7.27601e-11
      15390.0  7.35180e-11
      15400.0  7.42239e-11
      15410.0  7.48765e-11
      15420.0  7.54749e-11
      15430.0  7.60184e-11
      15440.0  7.65066e-11
      15450.0  7.69396e-11
      15460.0  7.73175e-11
      15470.0  7.76409e-11
      15480.0  7.79104e-11
      15490.0  7.81271e-11
      15500.0  7.82920e-11
      15510.0  7.84065e-11
      15520.0  7.84720e-11
      15530.0  7.84900e-11
      15540.0  7.84623e-11
      15550.0  7.83903e-11
      15560.0  7.82760e-11
      15570.0  7.81211e-11
      15580.0  7.79273e-11
      15590.0  7.76965e-11
      15600.0  7.74303e-11
      15610.0  7.71306e-11
      15620.0  7.67990e-11
      15630.0  7.64372e-11
      15640.0  7.60470e-11
      15650.0  7.56300e-11
      15660.0  7.51878e-11
      15670.0  7.47221e-11
      15680.0  7.42344e-11
      15690.0  7.37264e-11
      15700.0  7.31997e-11
      15710.0  7.26559e-11
      15720.0  7.20966e-11
      15730.0  7.15233e-11
      15740.0  7.09378e-11
      15750.0  7.03415e-11
      15760.0  6.97362e-11
      15770.0  6.91233e-11
      15780.0  6.85045e-11
      15790.0  6.78813e-11
      15800.0  6.72551e-11
      15810.0  6.66275e-11
      15820.0  6.59999e-11
      15830.0  6.53736e-11
      15840.0  6.47499e-11
      15850.0  6.41301e-11
      15860.0  6.35154e-11
      15870.0  6.29067e-11
      15880.0  6.23053e-11
      15890.0  6.17120e-11
      15900.0  6.11276e-11
      15910.0  6.05531e-11
      15920.0  5.99893e-11
      15930.0  5.94367e-11
      15940.0  5.88960e-11
      15950.0  5.83679e-11
      15960.0  5.78530e-11
      15970.0  5.73516e-11
      15980.0  5.68644e-11
      15990.0  5.63917e-11
      16000.0  5.59339e-11
      16010.0  5.54915e-11
      16020.0  5.50648e-11
      16030.0  5.46540e-11
      16040.0  5.42596e-11
      16050.0  5.38816e-11
      16060.0  5.35204e-11
      16070.0  5.31762e-11
      16080.0  5.28489e-11
      16090.0  5.25387e-11
      16100.0  5.22457e-11
      16110.0  5.19698e-11
      16120.0  5.17108e-11
      16130.0  5.14688e-11
      16140.0  5.12433e-11
      16150.0  5.10343e-11
      16160.0  5.08413e-11
      16170.0  5.06639e-11
      16180.0  5.05017e-11
      16190.0  5.03541e-11
      16200.0  5.02206e-11
      16210.0  5.01006e-11
      16220.0  4.99933e-11
      16230.0  4.98980e-11
      16240.0  4.98140e-11
      16250.0  4.97404e-11
      16260.0  4.96765e-11
      16270.0  4.96215e-11
      16280.0  4.95744e-11
      16290.0  4.95344e-11
      16300.0  4.95008e-11
      16310.0  4.94728e-11
      16320.0  4.94495e-11
      16330.0  4.94302e-11
      16340.0  4.94143e-11
      16350.0  4.94011e-11
      16360.0  4.93899e-11
      16370.0  4.93804e-11
      16380.0  4.93720e-11
      16390.0  4.93643e-11
      16400.0  4.93570e-11
      16410.0  4.93499e-11
      16420.0  4.93428e-11
      16430.0  4.93354e-11
      16440.0  4.93278e-11
      16450.0  4.93200e-11
      16460.0  4.93119e-11
      16470.0  4.93037e-11
      16480.0  4.92954e-11
      16490.0  4.92873e-11
      16500.0  4.92794e-11
      16510.0  4.92719e-11
      16520.0  4.92651e-11
      16530.0  4.92590e-11
      16540.0  4.92540e-11
      16550.0  4.92502e-11
      16560.0  4.92477e-11
      16570.0  4.92468e-11
      16580.0  4.92477e-11
      16590.0  4.92505e-11
      16600.0  4.92554e-11
      16610.0  4.92627e-11
      16620.0  4.92724e-11
      16630.0  4.92850e-11
      16640.0  4.93005e-11
      16650.0  4.93193e-11
      16660.0  4.93417e-11
      16670.0  4.93682e-11
      16680.0  4.93989e-11
      16690.0  4.94346e-11
      16700.0  4.94755e-11
      16710.0  4.95223e-11
      16720.0  4.95756e-11
      16730.0  4.96361e-11
      16740.0  4.97043e-11
      16750.0  4.97811e-11
      16760.0  4.98671e-11
      16770.0  4.99631e-11
      16780.0  5.00698e-11
      16790.0  5.01881e-11
      16800.0  5.03186e-11
      16810.0  5.04621e-11
      16820.0  5.06192e-11
      16830.0  5.07906e-11
      16840.0  5.09769e-11
      16850.0  5.11784e-11
      16860.0  5.13957e-11
      16870.0  5.16292e-11
      16880.0  5.18789e-11
      16890.0  5.21453e-11
      16900.0  5.24282e-11
      16910.0  5.27277e-11
      16920.0  5.30437e-11
      16930.0  5.33760e-11
      16940.0  5.37244e-11
      16950.0  5.40885e-11
      16960.0  5.44679e-11
      16970.0  5.48622e-11
      16980.0  5.52709e-11
      16990.0  5.56936e-11
      17000.0  5.61296e-11
      17010.0  5.65784e-11
      17020.0  5.70396e-11
      17030.0  5.75126e-11
      17040.0  5.79969e-11
      17050.0  5.84921e-11
      17060.0  5.89976e-11
      17070.0  5.95130e-11
      17080.0  6.00381e-11
      17090.0  6.05723e-11
      17100.0  6.11154e-11
      17110.0  6.16670e-11
      17120.0  6.22268e-11
      17130.0  6.27946e-11
      17140.0  6.33698e-11
      17150.0  6.39523e-11
      17160.0  6.45415e-11
      17170.0  6.51370e-11
      17180.0  6.57384e-11
      17190.0  6.63450e-11
      17200.0  6.69562e-11
      17210.0  6.75713e-11
      17220.0  6.81894e-11
      17230.0  6.88095e-11
      17240.0  6.94307e-11
      17250.0  7.00517e-11
      17260.0  7.06715e-11
      17270.0  7.12887e-11
      17280.0  7.19018e-11
      17290.0  7.25095e-11
      17300.0  7.31101e-11
      17310.0  7.37023e-11
      17320.0  7.42843e-11
      17330.0  7.48545e-11
      17340.0  7.54113e-11
      17350.0  7.59532e-11
      17360.0  7.64785e-11
      17370.0  7.69858e-11
      17380.0  7.74735e-11
      17390.0  7.79403e-11
      17400.0  7.83849e-11
      17410.0  7.88061e-11
      17420.0  7.92028e-11
      17430.0  7.95739e-11
      17440.0  7.99187e-11
      17450.0  8.02363e-11
      17460.0  8.05262e-11
      17470.0  8.07879e-11
      17480.0  8.10209e-11
      17490.0  8.12250e-11
      17500.0  8.14002e-11
      17510.0  8.15463e-11
      17520.0  8.16635e-11
      17530.0  8.17519e-11
      17540.0  8.18120e-11
      17550.0  8.18441e-11
      17560.0  8.18488e-11
      17570.0  8.18265e-11
      17580.0  8.17780e-11
      17590.0  8.17041e-11
      17600.0  8.16056e-11
      17610.0  8.14833e-11
      17620.0  8.13382e-11
      17630.0  8.11713e-11
      17640.0  8.09836e-11
      17650.0  8.07764e-11
      17660.0  8.05506e-11
      17670.0  8.03075e-11
      17680.0  8.00482e-11
      17690.0  7.97740e-11
      17700.0  7.94860e-11
      17710.0  7.91856e-11
      17720.0  7.88738e-11
      17730.0  7.85519e-11
      17740.0  7.82211e-11
      17750.0  7.78825e-11
      17760.0  7.75372e-11
      17770.0  7.71862e-11
      17780.0  7.68306e-11
      17790.0  7.64712e-11
      17800.0  7.61090e-11
      17810.0  7.57446e-11
      17820.0  7.53787e-11
      17830.0  7.50120e-11
      17840.0  7.46450e-11
      17850.0  7.42780e-11
      17860.0  7.39114e-11
      17870.0  7.35453e-11
      17880.0  7.31800e-11
      17890.0  7.28154e-11
      17900.0  7.24515e-11
      17910.0  7.20881e-11
      17920.0  7.17252e-11
      17930.0  7.13624e-11
      17940.0  7.09994e-11
      17950.0  7.06359e-11
      17960.0  7.02716e-11
      17970.0  6.99059e-11
      17980.0  6.95385e-11
      17990.0  6.91689e-11
      18000.0  6.87969e-11
      18010.0  6.84218e-11
      18020.0  6.80433e-11
      18030.0  6.76612e-11
      18040.0  6.72749e-11
      18050.0  6.68843e-11
      18060.0  6.64891e-11
      18070.0  6.60891e-11
      18080.0  6.56841e-11
      18090.0  6.52740e-11
      18100.0  6.48588e-11
      18110.0  6.44384e-11
      18120.0  6.40129e-11
      18130.0  6.35825e-11
      18140.0  6.31473e-11
      18150.0  6.27074e-11
      18160.0  6.22632e-11
      18170.0  6.18148e-11
      18180.0  6.13627e-11
      18190.0  6.09072e-11
      18200.0  6.04486e-11
      18210.0  5.99874e-11
      18220.0  5.95239e-11
      18230.0  5.90586e-11
      18240.0  5.85918e-11
      18250.0  5.81240e-11
      18260.0  5.76555e-11
      18270.0  5.71868e-11
      18280.0  5.67182e-11
      18290.0  5.62500e-11
      18300.0  5.57826e-11
      18310.0  5.53162e-11
      18320.0  5.48511e-11
      18330.0  5.43876e-11
      18340.0  5.39258e-11
      18350.0  5.34660e-11
      18360.0  5.30083e-11
      18370.0  5.25529e-11
      18380.0  5.20999e-11
      18390.0  5.16495e-11
      18400.0  5.12017e-11
      18410.0  5.07569e-11
      18420.0  5.03150e-11
      18430.0  4.98762e-11
      18440.0  4.94407e-11
      18450.0  4.90086e-11
      18460.0  4.85801e-11
      18470.0  4.81554e-11
      18480.0  4.77348e-11
      18490.0  4.73184e-11
      18500.0  4.69066e-11
      18510.0  4.64995e-11
      18520.0  4.60974e-11
      18530.0  4.57007e-11
      18540.0  4.53095e-11
      18550.0  4.49243e-11
      18560.0  4.45454e-11
      18570.0  4.41730e-11
      18580.0  4.38074e-11
      18590.0  4.34490e-11
      18600.0  4.30980e-11
      18610.0  4.27547e-11
      18620.0  4.24193e-11
      18630.0  4.20922e-11
      18640.0  4.17735e-11
      18650.0  4.14633e-11
      18660.0  4.11619e-11
      18670.0  4.08694e-11
      18680.0  4.05858e-11
      18690.0  4.03113e-11
      18700.0  4.00458e-11
      18710.0  3.97893e-11
      18720.0  3.95418e-11
      18730.0  3.93031e-11
      18740.0  3.90732e-11
      18750.0  3.88518e-11
      18760.0  3.86387e-11
      18770.0  3.84338e-11
      18780.0  3.82366e-11
      18790.0  3.80470e-11
      18800.0  3.78645e-11
      18810.0  3.76889e-11
      18820.0  3.75198e-11
      18830.0  3.73568e-11
      18840.0  3.71997e-11
      18850.0  3.70480e-11
      18860.0  3.69015e-11
      18870.0  3.67599e-11
      18880.0  3.66230e-11
      18890.0  3.64905e-11
      18900.0  3.63623e-11
      18910.0  3.62383e-11
      18920.0  3.61184e-11
      18930.0  3.60028e-11
      18940.0  3.58913e-11
      18950.0  3.57843e-11
      18960.0  3.56818e-11
      18970.0  3.55842e-11
      18980.0  3.54916e-11
      18990.0  3.54044e-11
      19000.0  3.53229e-11
      19010.0  3.52476e-11
      19020.0  3.51787e-11
      19030.0  3.51166e-11
      19040.0  3.50618e-11
      19050.0  3.50145e-11
      19060.0  3.49751e-11
      19070.0  3.49438e-11
      19080.0  3.49209e-11
      19090.0  3.49066e-11
      19100.0  3.49009e-11
      19110.0  3.49041e-11
      19120.0  3.49160e-11
      19130.0  3.49367e-11
      19140.0  3.49661e-11
      19150.0  3.50040e-11
      19160.0  3.50503e-11
      19170.0  3.51047e-11
      19180.0  3.51670e-11
      19190.0  3.52370e-11
      19200.0  3.53142e-11
      19210.0  3.53984e-11
      19220.0  3.54893e-11
      19230.0  3.55865e-11
      19240.0  3.56897e-11
      19250.0  3.57987e-11
      19260.0  3.59130e-11
      19270.0  3.60325e-11
      19280.0  3.61569e-11
      19290.0  3.62859e-11
      19300.0  3.64194e-11
      19310.0  3.65571e-11
      19320.0  3.66990e-11
      19330.0  3.68448e-11
      19340.0  3.69944e-11
      19350.0  3.71478e-11
      19360.0  3.73048e-11
      19370.0  3.74654e-11
      19380.0  3.76293e-11
      19390.0  3.77967e-11
      19400.0  3.79673e-11
      19410.0  3.81410e-11
      19420.0  3.83177e-11
      19430.0  3.84973e-11
      19440.0  3.86795e-11
      19450.0  3.88643e-11
      19460.0  3.90513e-11
      19470.0  3.92403e-11
      19480.0  3.94310e-11
      19490.0  3.96232e-11
      19500.0  3.98165e-11
      19510.0  4.00104e-11
      19520.0  4.02047e-11
      19530.0  4.03988e-11
      19540.0  4.05923e-11
      19550.0  4.07848e-11
      19560.0  4.09757e-11
      19570.0  4.11645e-11
      19580.0  4.13507e-11
      19590.0  4.15337e-11
      19600.0  4.17128e-11
      19610.0  4.18876e-11
      19620.0  4.20575e-11
      19630.0  4.22218e-11
      19640.0  4.23799e-11
      19650.0  4.25312e-11
      19660.0  4.26751e-11
      19670.0  4.28110e-11
      19680.0  4.29383e-11
      19690.0  4.30565e-11
      19700.0  4.31649e-11
      19710.0  4.32629e-11
      19720.0  4.33502e-11
      19730.0  4.34260e-11
      19740.0  4.34901e-11
      19750.0  4.35418e-11
      19760.0  4.35809e-11
      19770.0  4.36070e-11
      19780.0  4.36197e-11
      19790.0  4.36188e-11
      19800.0  4.36041e-11
      19810.0  4.35754e-11
      19820.0  4.35327e-11
      19830.0  4.34760e-11
      19840.0  4.34052e-11
      19850.0  4.33206e-11
      19860.0  4.32223e-11
      19870.0  4.31106e-11
      19880.0  4.29857e-11
      19890.0  4.28480e-11
      19900.0  4.26979e-11
      19910.0  4.25360e-11
      19920.0  4.23626e-11
      19930.0  4.21784e-11
      19940.0  4.19839e-11
      19950.0  4.17797e-11
      19960.0  4.15664e-11
      19970.0  4.13447e-11
      19980.0  4.11152e-11
      19990.0  4.08784e-11
      20000.0  4.06351e-11
      20010.0  4.03857e-11
      20020.0  4.01310e-11
      20030.0  3.98714e-11
      20040.0  3.96074e-11
      20050.0  3.93396e-11
      20060.0  3.90685e-11
      20070.0  3.87944e-11
      20080.0  3.85178e-11
      20090.0  3.82392e-11
      20100.0  3.79587e-11
      20110.0  3.76769e-11
      20120.0  3.73940e-11
      20130.0  3.71103e-11
      20140.0  3.68261e-11
      20150.0  3.65417e-11
      20160.0  3.62573e-11
      20170.0  3.59732e-11
      20180.0  3.56897e-11
      20190.0  3.54070e-11
      20200.0  3.51253e-11
      20210.0  3.48450e-11
      20220.0  3.45663e-11
      20230.0  3.42895e-11
      20240.0  3.40149e-11
      20250.0  3.37427e-11
      20260.0  3.34732e-11
      20270.0  3.32068e-11
      20280.0  3.29437e-11
      20290.0  3.26843e-11
      20300.0  3.24288e-11
      20310.0  3.21776e-11
      20320.0  3.19310e-11
      20330.0  3.16893e-11
      20340.0  3.14528e-11
      20350.0  3.12217e-11
      20360.0  3.09964e-11
      20370.0  3.07771e-11
      20380.0  3.05641e-11
      20390.0  3.03576e-11
      20400.0  3.01578e-11
      20410.0  2.99649e-11
      20420.0  2.97792e-11
      20430.0  2.96007e-11
      20440.0  2.94297e-11
      20450.0  2.92662e-11
      20460.0  2.91103e-11
      20470.0  2.89621e-11
      20480.0  2.88216e-11
      20490.0  2.86890e-11
      20500.0  2.85641e-11
      20510.0  2.84470e-11
      20520.0  2.83376e-11
      20530.0  2.82358e-11
      20540.0  2.81416e-11
      20550.0  2.80549e-11
      20560.0  2.79754e-11
      20570.0  2.79030e-11
      20580.0  2.78376e-11
      20590.0  2.77788e-11
      20600.0  2.77266e-11
      20610.0  2.76805e-11
      20620.0  2.76404e-11
      20630.0  2.76059e-11
      20640.0  2.75767e-11
      20650.0  2.75525e-11
      20660.0  2.75328e-11
      20670.0  2.75173e-11
      20680.0  2.75056e-11
      20690.0  2.74973e-11
      20700.0  2.74919e-11
      20710.0  2.74891e-11
      20720.0  2.74884e-11
      20730.0  2.74893e-11
      20740.0  2.74914e-11
      20750.0  2.74943e-11
      20760.0  2.74975e-11
      20770.0  2.75005e-11
      20780.0  2.75031e-11
      20790.0  2.75047e-11
      20800.0  2.75049e-11
      20810.0  2.75035e-11
      20820.0  2.75000e-11
      20830.0  2.74940e-11
      20840.0  2.74854e-11
      20850.0  2.74738e-11
      20860.0  2.74589e-11
      20870.0  2.74404e-11
      20880.0  2.74183e-11
      20890.0  2.73923e-11
      20900.0  2.73623e-11
      20910.0  2.73281e-11
      20920.0  2.72896e-11
      20930.0  2.72468e-11
      20940.0  2.71996e-11
      20950.0  2.71480e-11
      20960.0  2.70921e-11
      20970.0  2.70317e-11
      20980.0  2.69670e-11
      20990.0  2.68981e-11
      21000.0  2.68250e-11
      21010.0  2.67478e-11
      21020.0  2.66666e-11
      21030.0  2.65816e-11
      21040.0  2.64929e-11
      21050.0  2.64007e-11
      21060.0  2.63052e-11
      21070.0  2.62064e-11
      21080.0  2.61046e-11
      21090.0  2.60000e-11
      21100.0  2.58928e-11
      21110.0  2.57832e-11
      21120.0  2.56713e-11
      21130.0  2.55574e-11
      21140.0  2.54416e-11
      21150.0  2.53243e-11
      21160.0  2.52055e-11
      21170.0  2.50855e-11
      21180.0  2.49645e-11
      21190.0  2.48427e-11
      21200.0  2.47203e-11
      21210.0  2.45975e-11
      21220.0  2.44745e-11
      21230.0  2.43514e-11
      21240.0  2.42286e-11
      21250.0  2.41060e-11
      21260.0  2.39840e-11
      21270.0  2.38627e-11
      21280.0  2.37424e-11
      21290.0  2.36230e-11
      21300.0  2.35050e-11
      21310.0  2.33883e-11
      21320.0  2.32732e-11
      21330.0  2.31599e-11
      21340.0  2.30485e-11
      21350.0  2.29391e-11
      21360.0  2.28319e-11
      21370.0  2.27271e-11
      21380.0  2.26248e-11
      21390.0  2.25251e-11
      21400.0  2.24282e-11
      21410.0  2.23341e-11
      21420.0  2.22431e-11
      21430.0  2.21551e-11
      21440.0  2.20702e-11
      21450.0  2.19886e-11
      21460.0  2.19103e-11
      21470.0  2.18353e-11
      21480.0  2.17637e-11
      21490.0  2.16955e-11
      21500.0  2.16306e-11
      21510.0  2.15690e-11
      21520.0  2.15108e-11
      21530.0  2.14557e-11
      21540.0  2.14039e-11
      21550.0  2.13551e-11
      21560.0  2.13092e-11
      21570.0  2.12662e-11
      21580.0  2.12259e-11
      21590.0  2.11881e-11
      21600.0  2.11527e-11
      21610.0  2.11194e-11
      21620.0  2.10882e-11
      21630.0  2.10589e-11
      21640.0  2.10311e-11
      21650.0  2.10048e-11
      21660.0  2.09798e-11
      21670.0  2.09558e-11
      21680.0  2.09327e-11
      21690.0  2.09103e-11
      21700.0  2.08884e-11
      21710.0  2.08668e-11
      21720.0  2.08453e-11
      21730.0  2.08239e-11
      21740.0  2.08023e-11
      21750.0  2.07805e-11
      21760.0  2.07583e-11
      21770.0  2.07357e-11
      21780.0  2.07124e-11
      21790.0  2.06886e-11
      21800.0  2.06640e-11
      21810.0  2.06387e-11
      21820.0  2.06125e-11
      21830.0  2.05856e-11
      21840.0  2.05579e-11
      21850.0  2.05293e-11
      21860.0  2.05000e-11
      21870.0  2.04698e-11
      21880.0  2.04390e-11
      21890.0  2.04075e-11
      21900.0  2.03753e-11
      21910.0  2.03425e-11
      21920.0  2.03092e-11
      21930.0  2.02755e-11
      21940.0  2.02415e-11
      21950.0  2.02071e-11
      21960.0  2.01725e-11
      21970.0  2.01378e-11
      21980.0  2.01030e-11
      21990.0  2.00683e-11
      22000.0  2.00336e-11
      22010.0  1.99991e-11
      22020.0  1.99648e-11
      22030.0  1.99307e-11
      22040.0  1.98970e-11
      22050.0  1.98636e-11
      22060.0  1.98305e-11
      22070.0  1.97979e-11
      22080.0  1.97656e-11
      22090.0  1.97337e-11
      22100.0  1.97021e-11
      22110.0  1.96709e-11
      22120.0  1.96400e-11
      22130.0  1.96094e-11
      22140.0  1.95789e-11
      22150.0  1.95486e-11
      22160.0  1.95183e-11
      22170.0  1.94880e-11
      22180.0  1.94576e-11
      22190.0  1.94269e-11
      22200.0  1.93960e-11
      22210.0  1.93646e-11
      22220.0  1.93327e-11
      22230.0  1.93001e-11
      22240.0  1.92668e-11
      22250.0  1.92326e-11
      22260.0  1.91975e-11
      22270.0  1.91612e-11
      22280.0  1.91238e-11
      22290.0  1.90851e-11
      22300.0  1.90449e-11
      22310.0  1.90033e-11
      22320.0  1.89601e-11
      22330.0  1.89152e-11
      22340.0  1.88685e-11
      22350.0  1.88199e-11
      22360.0  1.87694e-11
      22370.0  1.87169e-11
      22380.0  1.86624e-11
      22390.0  1.86057e-11
      22400.0  1.85469e-11
      22410.0  1.84859e-11
      22420.0  1.84226e-11
      22430.0  1.83570e-11
      22440.0  1.82892e-11
      22450.0  1.82191e-11
      22460.0  1.81467e-11
      22470.0  1.80721e-11
      22480.0  1.79952e-11
      22490.0  1.79162e-11
      22500.0  1.78351e-11
      22510.0  1.77520e-11
      22520.0  1.76670e-11
      22530.0  1.75801e-11
      22540.0  1.74915e-11
      22550.0  1.74014e-11
      22560.0  1.73098e-11
      22570.0  1.72170e-11
      22580.0  1.71231e-11
      22590.0  1.70284e-11
      22600.0  1.69330e-11
      22610.0  1.68372e-11
      22620.0  1.67411e-11
      22630.0  1.66449e-11
      22640.0  1.65491e-11
      22650.0  1.64536e-11
      22660.0  1.63588e-11
      22670.0  1.62649e-11
      22680.0  1.61722e-11
      22690.0  1.60807e-11
      22700.0  1.59909e-11
      22710.0  1.59027e-11
      22720.0  1.58164e-11
      22730.0  1.57322e-11
      22740.0  1.56502e-11
      22750.0  1.55706e-11
      22760.0  1.54934e-11
      22770.0  1.54188e-11
      22780.0  1.53468e-11
      22790.0  1.52774e-11
      22800.0  1.52108e-11
      22810.0  1.51468e-11
      22820.0  1.50856e-11
      22830.0  1.50271e-11
      22840.0  1.49712e-11
      22850.0  1.49179e-11
      22860.0  1.48671e-11
      22870.0  1.48188e-11
      22880.0  1.47727e-11
      22890.0  1.47289e-11
      22900.0  1.46871e-11
      22910.0  1.46473e-11
      22920.0  1.46092e-11
      22930.0  1.45728e-11
      22940.0  1.45378e-11
      22950.0  1.45041e-11
      22960.0  1.44716e-11
      22970.0  1.44400e-11
      22980.0  1.44091e-11
      22990.0  1.43788e-11
      23000.0  1.43489e-11
      23010.0  1.43192e-11
      23020.0  1.42895e-11
      23030.0  1.42596e-11
      23040.0  1.42293e-11
      23050.0  1.41986e-11
      23060.0  1.41671e-11
      23070.0  1.41347e-11
      23080.0  1.41013e-11
      23090.0  1.40668e-11
      23100.0  1.40309e-11
      23110.0  1.39936e-11
      23120.0  1.39547e-11
      23130.0  1.39142e-11
      23140.0  1.38719e-11
      23150.0  1.38279e-11
      23160.0  1.37821e-11
      23170.0  1.37343e-11
      23180.0  1.36847e-11
      23190.0  1.36333e-11
      23200.0  1.35800e-11
      23210.0  1.35249e-11
      23220.0  1.34680e-11
      23230.0  1.34096e-11
      23240.0  1.33496e-11
      23250.0  1.32881e-11
      23260.0  1.32253e-11
      23270.0  1.31613e-11
      23280.0  1.30963e-11
      23290.0  1.30305e-11
      23300.0  1.29639e-11
      23310.0  1.28967e-11
      23320.0  1.28292e-11
      23330.0  1.27614e-11
      23340.0  1.26936e-11
      23350.0  1.26259e-11
      23360.0  1.25585e-11
      23370.0  1.24915e-11
      23380.0  1.24251e-11
      23390.0  1.23594e-11
      23400.0  1.22945e-11
      23410.0  1.22306e-11
      23420.0  1.21678e-11
      23430.0  1.21061e-11
      23440.0  1.20456e-11
      23450.0  1.19864e-11
      23460.0  1.19286e-11
      23470.0  1.18722e-11
      23480.0  1.18173e-11
      23490.0  1.17638e-11
      23500.0  1.17119e-11
      23510.0  1.16615e-11
      23520.0  1.16127e-11
      23530.0  1.15654e-11
      23540.0  1.15198e-11
      23550.0  1.14757e-11
      23560.0  1.14333e-11
      23570.0  1.13926e-11
      23580.0  1.13535e-11
      23590.0  1.13162e-11
      23600.0  1.12807e-11
      23610.0  1.12471e-11
      23620.0  1.12155e-11
      23630.0  1.11859e-11
      23640.0  1.11586e-11
      23650.0  1.11336e-11
      23660.0  1.11113e-11
      23670.0  1.10917e-11
      23680.0  1.10754e-11
      23690.0  1.10625e-11
      23700.0  1.10534e-11
      23710.0  1.10487e-11
      23720.0  1.10488e-11
      23730.0  1.10544e-11
      23740.0  1.10660e-11
      23750.0  1.10845e-11
      23760.0  1.11105e-11
      23770.0  1.11451e-11
      23780.0  1.11890e-11
      23790.0  1.12432e-11
      23800.0  1.13086e-11
      23810.0  1.13863e-11
      23820.0  1.14770e-11
      23830.0  1.15820e-11
      23840.0  1.17018e-11
      23850.0  1.18371e-11
      23860.0  1.19883e-11
      23870.0  1.21558e-11
      23880.0  1.23396e-11
      23890.0  1.25397e-11
      23900.0  1.27555e-11
      23910.0  1.29866e-11
      23920.0  1.32318e-11
      23930.0  1.34902e-11
      23940.0  1.37601e-11
      23950.0  1.40399e-11
      23960.0  1.43278e-11
      23970.0  1.46217e-11
      23980.0  1.49194e-11
      23990.0  1.52189e-11
      24000.0  1.55179e-11
      24010.0  1.58141e-11
      24020.0  1.61056e-11
      24030.0  1.63905e-11
      24040.0  1.66669e-11
      24050.0  1.69334e-11
      24060.0  1.71887e-11
      24070.0  1.74317e-11
      24080.0  1.76617e-11
      24090.0  1.78782e-11
      24100.0  1.80808e-11
      24110.0  1.82697e-11
      24120.0  1.84450e-11
      24130.0  1.86071e-11
      24140.0  1.87565e-11
      24150.0  1.88940e-11
      24160.0  1.90203e-11
      24170.0  1.91361e-11
      24180.0  1.92425e-11
      24190.0  1.93403e-11
      24200.0  1.94304e-11
      24210.0  1.95136e-11
      24220.0  1.95907e-11
      24230.0  1.96625e-11
      24240.0  1.97297e-11
      24250.0  1.97929e-11
      24260.0  1.98527e-11
      24270.0  1.99096e-11
      24280.0  1.99639e-11
      24290.0  2.00162e-11
      24300.0  2.00668e-11
      24310.0  2.01159e-11
      24320.0  2.01638e-11
      24330.0  2.02108e-11
      24340.0  2.02570e-11
      24350.0  2.03026e-11
      24360.0  2.03478e-11
      24370.0  2.03927e-11
      24380.0  2.04375e-11
      24390.0  2.04822e-11
      24400.0  2.05270e-11
      24410.0  2.05719e-11
      24420.0  2.06170e-11
      24430.0  2.06623e-11
      24440.0  2.07079e-11
      24450.0  2.07537e-11
      24460.0  2.07998e-11
      24470.0  2.08460e-11
      24480.0  2.08923e-11
      24490.0  2.09387e-11
      24500.0  2.09850e-11
      24510.0  2.10310e-11
      24520.0  2.10766e-11
      24530.0  2.11217e-11
      24540.0  2.11661e-11
      24550.0  2.12097e-11
      24560.0  2.12521e-11
      24570.0  2.12934e-11
      24580.0  2.13334e-11
      24590.0  2.13718e-11
      24600.0  2.14087e-11
      24610.0  2.14440e-11
      24620.0  2.14775e-11
      24630.0  2.15092e-11
      24640.0  2.15392e-11
      24650.0  2.15674e-11
      24660.0  2.15938e-11
      24670.0  2.16187e-11
      24680.0  2.16420e-11
      24690.0  2.16638e-11
      24700.0  2.16842e-11
      24710.0  2.17035e-11
      24720.0  2.17216e-11
      24730.0  2.17388e-11
      24740.0  2.17552e-11
      24750.0  2.17708e-11
      24760.0  2.17859e-11
      24770.0  2.18005e-11
      24780.0  2.18146e-11
      24790.0  2.18285e-11
      24800.0  2.18421e-11
      24810.0  2.18554e-11
      24820.0  2.18686e-11
      24830.0  2.18815e-11
      24840.0  2.18941e-11
      24850.0  2.19065e-11
      24860.0  2.19186e-11
      24870.0  2.19304e-11
      24880.0  2.19417e-11
      24890.0  2.19526e-11
      24900.0  2.19631e-11
      24910.0  2.19729e-11
      24920.0  2.19823e-11
      24930.0  2.19911e-11
      24940.0  2.19993e-11
      24950.0  2.20069e-11
      24960.0  2.20140e-11
      24970.0  2.20205e-11
      24980.0  2.20265e-11
      24990.0  2.20320e-11
      25000.0  2.20371e-11
