      1000.00  6.38839e-14
      1010.00  7.74065e-14
      1020.00  9.40955e-14
      1030.00  1.14591e-13
      1040.00  1.39688e-13
      1050.00  1.70294e-13
      1060.00  2.07424e-13
      1070.00  2.52177e-13
      1080.00  3.05710e-13
      1090.00  3.69196e-13
      1100.00  4.43771e-13
      1110.00  5.30478e-13
      1120.00  6.30204e-13
      1130.00  7.43627e-13
      1140.00  8.71165e-13
      1150.00  1.01294e-12
      1160.00  1.16876e-12
      1170.00  1.33808e-12
      1180.00  1.52004e-12
      1190.00  1.71345e-12
      1200.00  1.91682e-12
      1210.00  2.12838e-12
      1220.00  2.34613e-12
      1230.00  2.56789e-12
      1240.00  2.79137e-12
      1250.00  3.01418e-12
      1260.00  3.23396e-12
      1270.00  3.44842e-12
      1280.00  3.65537e-12
      1290.00  3.85283e-12
      1300.00  4.03906e-12
      1310.00  4.21258e-12
      1320.00  4.37221e-12
      1330.00  4.51711e-12
      1340.00  4.64679e-12
      1350.00  4.76106e-12
      1360.00  4.86012e-12
      1370.00  4.94448e-12
      1380.00  5.01503e-12
      1390.00  5.07300e-12
      1400.00  5.12003e-12
      1410.00  5.15818e-12
      1420.00  5.19001e-12
      1430.00  5.21866e-12
      1440.00  5.24790e-12
      1450.00  5.28218e-12
      1460.00  5.32666e-12
      1470.00  5.38707e-12
      1480.00  5.46954e-12
      1490.00  5.58020e-12
      1500.00  5.72468e-12
      1510.00  5.90744e-12
      1520.00  6.13105e-12
      1530.00  6.39545e-12
      1540.00  6.69745e-12
      1550.00  7.03041e-12
      1560.00  7.38442e-12
      1570.00  7.74682e-12
      1580.00  8.10325e-12
      1590.00  8.43901e-12
      1600.00  8.74054e-12
      1610.00  8.99693e-12
      1620.00  9.20112e-12
      1630.00  9.35068e-12
      1640.00  9.44804e-12
      1650.00  9.50020e-12
      1660.00  9.51797e-12
      1670.00  9.51485e-12
      1680.00  9.50586e-12
      1690.00  9.50623e-12
      1700.00  9.53039e-12
      1710.00  9.59101e-12
      1720.00  9.69836e-12
      1730.00  9.85979e-12
      1740.00  1.00795e-11
      1750.00  1.03581e-11
      1760.00  1.06931e-11
      1770.00  1.10782e-11
      1780.00  1.15044e-11
      1790.00  1.19597e-11
      1800.00  1.24305e-11
      1810.00  1.29017e-11
      1820.00  1.33584e-11
      1830.00  1.37862e-11
      1840.00  1.41731e-11
      1850.00  1.45095e-11
      1860.00  1.47892e-11
      1870.00  1.50094e-11
      1880.00  1.51709e-11
      1890.00  1.52776e-11
      1900.00  1.53357e-11
      1910.00  1.53532e-11
      1920.00  1.53393e-11
      1930.00  1.53029e-11
      1940.00  1.52526e-11
      1950.00  1.51962e-11
      1960.00  1.51397e-11
      1970.00  1.50877e-11
      1980.00  1.50434e-11
      1990.00  1.50083e-11
      2000.00  1.49827e-11
      2010.00  1.49661e-11
      2020.00  1.49571e-11
      2030.00  1.49543e-11
      2040.00  1.49561e-11
      2050.00  1.49611e-11
      2060.00  1.49683e-11
      2070.00  1.49771e-11
      2080.00  1.49872e-11
      2090.00  1.49990e-11
      2100.00  1.50129e-11
      2110.00  1.50297e-11
      2120.00  1.50505e-11
      2130.00  1.50761e-11
      2140.00  1.51076e-11
      2150.00  1.51459e-11
      2160.00  1.51917e-11
      2170.00  1.52455e-11
      2180.00  1.53075e-11
      2190.00  1.53775e-11
      2200.00  1.54555e-11
      2210.00  1.55411e-11
      2220.00  1.56339e-11
      2230.00  1.57341e-11
      2240.00  1.58418e-11
      2250.00  1.59578e-11
      2260.00  1.60831e-11
      2270.00  1.62193e-11
      2280.00  1.63675e-11
      2290.00  1.65288e-11
      2300.00  1.67034e-11
      2310.00  1.68905e-11
      2320.00  1.70880e-11
      2330.00  1.72921e-11
      2340.00  1.74979e-11
      2350.00  1.76994e-11
      2360.00  1.78902e-11
      2370.00  1.80642e-11
      2380.00  1.82163e-11
      2390.00  1.83437e-11
      2400.00  1.84460e-11
      2410.00  1.85261e-11
      2420.00  1.85907e-11
      2430.00  1.86497e-11
      2440.00  1.87160e-11
      2450.00  1.88043e-11
      2460.00  1.89297e-11
      2470.00  1.91062e-11
      2480.00  1.93449e-11
      2490.00  1.96519e-11
      2500.00  2.00273e-11
      2510.00  2.04647e-11
      2520.00  2.09506e-11
      2530.00  2.14659e-11
      2540.00  2.19872e-11
      2550.00  2.24897e-11
      2560.00  2.29491e-11
      2570.00  2.33444e-11
      2580.00  2.36597e-11
      2590.00  2.38851e-11
      2600.00  2.40175e-11
      2610.00  2.40595e-11
      2620.00  2.40186e-11
      2630.00  2.39056e-11
      2640.00  2.37334e-11
      2650.00  2.35168e-11
      2660.00  2.33379e-11
      2670.00  2.40425e-11
      2680.00  2.84122e-11
      2690.00  3.86926e-11
      2700.00  5.26482e-11
      2710.00  6.62776e-11
      2720.00  7.52324e-11
      2730.00  7.81917e-11
      2740.00  7.85089e-11
      2750.00  7.91194e-11
      2760.00  7.98917e-11
      2770.00  8.12154e-11
      2780.00  8.32995e-11
      2790.00  8.67066e-11
      2800.00  8.74229e-11
      2810.00  8.59295e-11
      2820.00  8.40637e-11
      2830.00  8.14008e-11
      2840.00  7.93922e-11
      2850.00  7.96029e-11
      2860.00  8.04625e-11
      2870.00  8.21560e-11
      2880.00  8.52637e-11
      2890.00  9.09376e-11
      2900.00  9.82007e-11
      2910.00  1.01177e-10
      2920.00  9.85798e-11
      2930.00  9.78183e-11
      2940.00  9.94571e-11
      2950.00  1.00397e-10
      2960.00  9.93400e-11
      2970.00  9.72165e-11
      2980.00  9.44401e-11
      2990.00  8.95267e-11
      3000.00  8.28531e-11
      3010.00  7.79026e-11
      3020.00  7.59130e-11
      3030.00  7.62337e-11
      3040.00  7.58599e-11
      3050.00  7.35968e-11
      3060.00  7.26539e-11
      3070.00  7.26723e-11
      3080.00  7.27604e-11
      3090.00  7.25327e-11
      3100.00  7.22674e-11
      3110.00  7.36965e-11
      3120.00  7.69021e-11
      3130.00  8.02753e-11
      3140.00  8.30075e-11
      3150.00  8.55932e-11
      3160.00  8.95336e-11
      3170.00  9.49162e-11
      3180.00  1.00040e-10
      3190.00  1.03209e-10
      3200.00  1.04056e-10
      3210.00  1.02388e-10
      3220.00  9.87418e-11
      3230.00  9.38866e-11
      3240.00  8.90976e-11
      3250.00  8.48576e-11
      3260.00  8.18171e-11
      3270.00  8.04431e-11
      3280.00  7.95980e-11
      3290.00  7.87012e-11
      3300.00  7.87502e-11
      3310.00  8.03019e-11
      3320.00  8.26728e-11
      3330.00  8.45879e-11
      3340.00  8.57563e-11
      3350.00  8.68196e-11
      3360.00  8.85975e-11
      3370.00  9.11148e-11
      3380.00  9.41307e-11
      3390.00  9.77601e-11
      3400.00  1.02036e-10
      3410.00  1.07128e-10
      3420.00  1.12467e-10
      3430.00  1.16759e-10
      3440.00  1.19556e-10
      3450.00  1.21187e-10
      3460.00  1.22166e-10
      3470.00  1.23220e-10
      3480.00  1.24331e-10
      3490.00  1.24750e-10
      3500.00  1.25721e-10
      3510.00  1.30445e-10
      3520.00  1.38493e-10
      3530.00  1.47205e-10
      3540.00  1.54796e-10
      3550.00  1.60657e-10
      3560.00  1.64955e-10
      3570.00  1.67387e-10
      3580.00  1.67957e-10
      3590.00  1.68002e-10
      3600.00  1.67709e-10
      3610.00  1.66772e-10
      3620.00  1.66405e-10
      3630.00  1.68367e-10
      3640.00  1.73956e-10
      3650.00  1.83775e-10
      3660.00  1.97492e-10
      3670.00  2.14095e-10
      3680.00  2.32556e-10
      3690.00  2.51898e-10
      3700.00  2.69415e-10
      3710.00  2.80833e-10
      3720.00  2.83310e-10
      3730.00  2.76890e-10
      3740.00  2.64213e-10
      3750.00  2.47456e-10
      3760.00  2.27607e-10
      3770.00  2.06106e-10
      3780.00  1.84591e-10
      3790.00  1.64745e-10
      3800.00  1.48755e-10
      3810.00  1.38861e-10
      3820.00  1.36748e-10
      3830.00  1.43552e-10
      3840.00  1.59591e-10
      3850.00  1.83814e-10
      3860.00  2.13815e-10
      3870.00  2.46343e-10
      3880.00  2.78437e-10
      3890.00  3.08704e-10
      3900.00  3.37070e-10
      3910.00  3.63490e-10
      3920.00  3.87637e-10
      3930.00  4.09248e-10
      3940.00  4.28222e-10
      3950.00  4.44268e-10
      3960.00  4.56198e-10
      3970.00  4.62145e-10
      3980.00  4.60738e-10
      3990.00  4.51862e-10
      4000.00  4.36561e-10
      4010.00  4.16597e-10
      4020.00  3.94223e-10
      4030.00  3.71982e-10
      4040.00  3.52234e-10
      4050.00  3.36555e-10
      4060.00  3.25112e-10
      4070.00  3.16483e-10
      4080.00  3.08512e-10
      4090.00  2.99799e-10
      4100.00  2.90589e-10
      4110.00  2.82213e-10
      4120.00  2.75779e-10
      4130.00  2.71611e-10
      4140.00  2.69609e-10
      4150.00  2.69643e-10
      4160.00  2.71662e-10
      4170.00  2.75608e-10
      4180.00  2.81093e-10
      4190.00  2.87180e-10
      4200.00  2.92726e-10
      4210.00  2.97073e-10
      4220.00  3.00311e-10
      4230.00  3.02875e-10
      4240.00  3.05091e-10
      4250.00  3.07169e-10
      4260.00  3.09462e-10
      4270.00  3.12574e-10
      4280.00  3.17160e-10
      4290.00  3.23485e-10
      4300.00  3.30909e-10
      4310.00  3.37752e-10
      4320.00  3.41639e-10
      4330.00  3.40141e-10
      4340.00  3.31725e-10
      4350.00  3.16815e-10
      4360.00  2.97617e-10
      4370.00  2.76596e-10
      4380.00  2.55534e-10
      4390.00  2.35677e-10
      4400.00  2.18194e-10
      4410.00  2.04334e-10
      4420.00  1.95150e-10
      4430.00  1.91183e-10
      4440.00  1.92255e-10
      4450.00  1.97580e-10
      4460.00  2.06269e-10
      4470.00  2.17773e-10
      4480.00  2.31941e-10
      4490.00  2.48919e-10
      4500.00  2.69033e-10
      4510.00  2.92640e-10
      4520.00  3.19988e-10
      4530.00  3.51092e-10
      4540.00  3.85539e-10
      4550.00  4.22297e-10
      4560.00  4.59755e-10
      4570.00  4.96061e-10
      4580.00  5.29547e-10
      4590.00  5.58992e-10
      4600.00  5.83573e-10
      4610.00  6.02539e-10
      4620.00  6.14767e-10
      4630.00  6.18579e-10
      4640.00  6.12024e-10
      4650.00  5.93645e-10
      4660.00  5.63460e-10
      4670.00  5.23597e-10
      4680.00  4.78039e-10
      4690.00  4.31490e-10
      4700.00  3.88050e-10
      4710.00  3.50376e-10
      4720.00  3.19541e-10
      4730.00  2.95419e-10
      4740.00  2.77322e-10
      4750.00  2.64623e-10
      4760.00  2.57123e-10
      4770.00  2.55014e-10
      4780.00  2.58413e-10
      4790.00  2.66758e-10
      4800.00  2.78460e-10
      4810.00  2.91110e-10
      4820.00  3.02142e-10
      4830.00  3.09679e-10
      4840.00  3.13262e-10
      4850.00  3.14138e-10
      4860.00  3.14853e-10
      4870.00  3.18273e-10
      4880.00  3.26581e-10
      4890.00  3.40747e-10
      4900.00  3.60456e-10
      4910.00  3.84221e-10
      4920.00  4.09553e-10
      4930.00  4.33249e-10
      4940.00  4.51834e-10
      4950.00  4.62133e-10
      4960.00  4.61941e-10
      4970.00  4.50691e-10
      4980.00  4.29821e-10
      4990.00  4.02474e-10
      5000.00  3.72608e-10
      5010.00  3.43939e-10
      5020.00  3.19120e-10
      5030.00  2.99415e-10
      5040.00  2.84839e-10
      5050.00  2.74638e-10
      5060.00  2.67805e-10
      5070.00  2.63424e-10
      5080.00  2.60793e-10
      5090.00  2.59402e-10
      5100.00  2.58879e-10
      5110.00  2.58943e-10
      5120.00  2.59419e-10
      5130.00  2.60318e-10
      5140.00  2.61881e-10
      5150.00  2.64536e-10
      5160.00  2.68763e-10
      5170.00  2.74960e-10
      5180.00  2.83369e-10
      5190.00  2.94048e-10
      5200.00  3.06843e-10
      5210.00  3.21372e-10
      5220.00  3.37049e-10
      5230.00  3.53212e-10
      5240.00  3.69320e-10
      5250.00  3.85128e-10
      5260.00  4.00660e-10
      5270.00  4.15954e-10
      5280.00  4.30778e-10
      5290.00  4.44546e-10
      5300.00  4.56501e-10
      5310.00  4.65984e-10
      5320.00  4.72661e-10
      5330.00  4.76769e-10
      5340.00  4.79252e-10
      5350.00  4.81381e-10
      5360.00  4.84057e-10
      5370.00  4.87554e-10
      5380.00  4.91811e-10
      5390.00  4.96770e-10
      5400.00  5.02551e-10
      5410.00  5.09525e-10
      5420.00  5.18244e-10
      5430.00  5.29266e-10
      5440.00  5.42949e-10
      5450.00  5.59293e-10
      5460.00  5.77865e-10
      5470.00  5.97800e-10
      5480.00  6.17907e-10
      5490.00  6.36857e-10
      5500.00  6.53406e-10
      5510.00  6.66524e-10
      5520.00  6.75352e-10
      5530.00  6.79134e-10
      5540.00  6.77336e-10
      5550.00  6.69870e-10
      5560.00  6.57081e-10
      5570.00  6.39497e-10
      5580.00  6.17670e-10
      5590.00  5.92204e-10
      5600.00  5.63815e-10
      5610.00  5.33295e-10
      5620.00  5.01473e-10
      5630.00  4.69207e-10
      5640.00  4.37434e-10
      5650.00  4.07227e-10
      5660.00  3.79790e-10
      5670.00  3.56364e-10
      5680.00  3.38065e-10
      5690.00  3.25753e-10
      5700.00  3.19965e-10
      5710.00  3.20889e-10
      5720.00  3.28341e-10
      5730.00  3.41753e-10
      5740.00  3.60213e-10
      5750.00  3.82567e-10
      5760.00  4.07545e-10
      5770.00  4.33837e-10
      5780.00  4.60142e-10
      5790.00  4.85223e-10
      5800.00  5.07981e-10
      5810.00  5.27503e-10
      5820.00  5.43055e-10
      5830.00  5.54071e-10
      5840.00  5.60185e-10
      5850.00  5.61302e-10
      5860.00  5.57698e-10
      5870.00  5.50018e-10
      5880.00  5.39150e-10
      5890.00  5.25986e-10
      5900.00  5.11195e-10
      5910.00  4.95099e-10
      5920.00  4.77724e-10
      5930.00  4.58993e-10
      5940.00  4.38962e-10
      5950.00  4.17970e-10
      5960.00  3.96661e-10
      5970.00  3.75869e-10
      5980.00  3.56427e-10
      5990.00  3.38992e-10
      6000.00  3.23965e-10
      6010.00  3.11507e-10
      6020.00  3.01612e-10
      6030.00  2.94155e-10
      6040.00  2.88916e-10
      6050.00  2.85586e-10
      6060.00  2.83802e-10
      6070.00  2.83189e-10
      6080.00  2.83422e-10
      6090.00  2.84256e-10
      6100.00  2.85531e-10
      6110.00  2.87162e-10
      6120.00  2.89120e-10
      6130.00  2.91433e-10
      6140.00  2.94187e-10
      6150.00  2.97491e-10
      6160.00  3.01406e-10
      6170.00  3.05830e-10
      6180.00  3.10400e-10
      6190.00  3.14470e-10
      6200.00  3.17204e-10
      6210.00  3.17785e-10
      6220.00  3.15649e-10
      6230.00  3.10664e-10
      6240.00  3.03189e-10
      6250.00  2.93992e-10
      6260.00  2.84094e-10
      6270.00  2.74578e-10
      6280.00  2.66443e-10
      6290.00  2.60525e-10
      6300.00  2.57492e-10
      6310.00  2.57792e-10
      6320.00  2.61519e-10
      6330.00  2.68299e-10
      6340.00  2.77434e-10
      6350.00  2.88247e-10
      6360.00  3.00335e-10
      6370.00  3.13550e-10
      6380.00  3.27827e-10
      6390.00  3.43057e-10
      6400.00  3.59042e-10
      6410.00  3.75500e-10
      6420.00  3.92079e-10
      6430.00  4.08386e-10
      6440.00  4.24004e-10
      6450.00  4.38518e-10
      6460.00  4.51523e-10
      6470.00  4.62640e-10
      6480.00  4.71519e-10
      6490.00  4.77853e-10
      6500.00  4.81399e-10
      6510.00  4.81999e-10
      6520.00  4.79607e-10
      6530.00  4.74291e-10
      6540.00  4.66212e-10
      6550.00  4.55592e-10
      6560.00  4.42680e-10
      6570.00  4.27740e-10
      6580.00  4.11047e-10
      6590.00  3.92912e-10
      6600.00  3.73696e-10
      6610.00  3.53804e-10
      6620.00  3.33644e-10
      6630.00  3.13585e-10
      6640.00  2.93931e-10
      6650.00  2.74917e-10
      6660.00  2.56731e-10
      6670.00  2.39539e-10
      6680.00  2.23503e-10
      6690.00  2.08788e-10
      6700.00  1.95548e-10
      6710.00  1.83900e-10
      6720.00  1.73895e-10
      6730.00  1.65499e-10
      6740.00  1.58596e-10
      6750.00  1.53011e-10
      6760.00  1.48544e-10
      6770.00  1.45004e-10
      6780.00  1.42228e-10
      6790.00  1.40093e-10
      6800.00  1.38521e-10
      6810.00  1.37473e-10
      6820.00  1.36940e-10
      6830.00  1.36917e-10
      6840.00  1.37382e-10
      6850.00  1.38276e-10
      6860.00  1.39513e-10
      6870.00  1.40996e-10
      6880.00  1.42640e-10
      6890.00  1.44373e-10
      6900.00  1.46132e-10
      6910.00  1.47841e-10
      6920.00  1.49413e-10
      6930.00  1.50764e-10
      6940.00  1.51838e-10
      6950.00  1.52630e-10
      6960.00  1.53192e-10
      6970.00  1.53609e-10
      6980.00  1.53977e-10
      6990.00  1.54376e-10
      7000.00  1.54866e-10
      7010.00  1.55498e-10
      7020.00  1.56325e-10
      7030.00  1.57409e-10
      7040.00  1.58817e-10
      7050.00  1.60611e-10
      7060.00  1.62830e-10
      7070.00  1.65477e-10
      7080.00  1.68531e-10
      7090.00  1.71958e-10
      7100.00  1.75727e-10
      7110.00  1.79828e-10
      7120.00  1.84261e-10
      7130.00  1.89022e-10
      7140.00  1.94077e-10
      7150.00  1.99338e-10
      7160.00  2.04679e-10
      7170.00  2.09970e-10
      7180.00  2.15096e-10
      7190.00  2.19966e-10
      7200.00  2.24512e-10
      7210.00  2.28680e-10
      7220.00  2.32433e-10
      7230.00  2.35744e-10
      7240.00  2.38583e-10
      7250.00  2.40925e-10
      7260.00  2.42748e-10
      7270.00  2.44061e-10
      7280.00  2.44911e-10
      7290.00  2.45400e-10
      7300.00  2.45678e-10
      7310.00  2.45926e-10
      7320.00  2.46335e-10
      7330.00  2.47067e-10
      7340.00  2.48232e-10
      7350.00  2.49856e-10
      7360.00  2.51882e-10
      7370.00  2.54177e-10
      7380.00  2.56558e-10
      7390.00  2.58821e-10
      7400.00  2.60770e-10
      7410.00  2.62226e-10
      7420.00  2.63046e-10
      7430.00  2.63101e-10
      7440.00  2.62281e-10
      7450.00  2.60502e-10
      7460.00  2.57733e-10
      7470.00  2.54026e-10
      7480.00  2.49545e-10
      7490.00  2.44577e-10
      7500.00  2.39519e-10
      7510.00  2.34825e-10
      7520.00  2.30913e-10
      7530.00  2.28046e-10
      7540.00  2.26278e-10
      7550.00  2.25491e-10
      7560.00  2.25501e-10
      7570.00  2.26147e-10
      7580.00  2.27315e-10
      7590.00  2.28945e-10
      7600.00  2.31036e-10
      7610.00  2.33655e-10
      7620.00  2.36903e-10
      7630.00  2.40859e-10
      7640.00  2.45514e-10
      7650.00  2.50740e-10
      7660.00  2.56293e-10
      7670.00  2.61857e-10
      7680.00  2.67089e-10
      7690.00  2.71673e-10
      7700.00  2.75348e-10
      7710.00  2.77939e-10
      7720.00  2.79356e-10
      7730.00  2.79589e-10
      7740.00  2.78710e-10
      7750.00  2.76850e-10
      7760.00  2.74171e-10
      7770.00  2.70840e-10
      7780.00  2.66997e-10
      7790.00  2.62739e-10
      7800.00  2.58107e-10
      7810.00  2.53090e-10
      7820.00  2.47651e-10
      7830.00  2.41751e-10
      7840.00  2.35387e-10
      7850.00  2.28603e-10
      7860.00  2.21495e-10
      7870.00  2.14187e-10
      7880.00  2.06805e-10
      7890.00  1.99459e-10
      7900.00  1.92233e-10
      7910.00  1.85195e-10
      7920.00  1.78405e-10
      7930.00  1.71926e-10
      7940.00  1.65830e-10
      7950.00  1.60188e-10
      7960.00  1.55058e-10
      7970.00  1.50476e-10
      7980.00  1.46445e-10
      7990.00  1.42930e-10
      8000.00  1.39863e-10
      8010.00  1.37164e-10
      8020.00  1.34749e-10
      8030.00  1.32536e-10
      8040.00  1.30442e-10
      8050.00  1.28376e-10
      8060.00  1.26233e-10
      8070.00  1.23895e-10
      8080.00  1.21240e-10
      8090.00  1.18161e-10
      8100.00  1.14567e-10
      8110.00  1.10389e-10
      8120.00  1.05580e-10
      8130.00  1.00121e-10
      8140.00  9.40435e-11
      8150.00  8.74501e-11
      8160.00  8.05206e-11
      8170.00  7.35044e-11
      8180.00  6.66905e-11
      8190.00  6.03661e-11
      8200.00  5.47776e-11
      8210.00  5.01021e-11
      8220.00  4.64370e-11
      8230.00  4.38042e-11
      8240.00  4.21623e-11
      8250.00  4.14231e-11
      8260.00  4.14663e-11
      8270.00  4.21525e-11
      8280.00  4.33357e-11
      8290.00  4.48743e-11
      8300.00  4.66444e-11
      8310.00  4.85522e-11
      8320.00  5.05468e-11
      8330.00  5.26268e-11
      8340.00  5.48416e-11
      8350.00  5.72826e-11
      8360.00  6.00688e-11
      8370.00  6.33257e-11
      8380.00  6.71642e-11
      8390.00  7.16625e-11
      8400.00  7.68536e-11
      8410.00  8.27206e-11
      8420.00  8.92034e-11
      8430.00  9.62078e-11
      8440.00  1.03612e-10
      8450.00  1.11273e-10
      8460.00  1.19030e-10
      8470.00  1.26707e-10
      8480.00  1.34125e-10
      8490.00  1.41116e-10
      8500.00  1.47541e-10
      8510.00  1.53315e-10
      8520.00  1.58420e-10
      8530.00  1.62906e-10
      8540.00  1.66876e-10
      8550.00  1.70458e-10
      8560.00  1.73784e-10
      8570.00  1.76808e-10
      8580.00  1.79543e-10
      8590.00  1.82237e-10
      8600.00  1.84916e-10
      8610.00  1.87584e-10
      8620.00  1.90233e-10
      8630.00  1.92847e-10
      8640.00  1.95407e-10
      8650.00  1.97885e-10
      8660.00  2.00247e-10
      8670.00  2.02451e-10
      8680.00  2.04451e-10
      8690.00  2.06206e-10
      8700.00  2.07683e-10
      8710.00  2.08870e-10
      8720.00  2.09768e-10
      8730.00  2.10392e-10
      8740.00  2.10755e-10
      8750.00  2.10864e-10
      8760.00  2.10706e-10
      8770.00  2.10253e-10
      8780.00  2.09463e-10
      8790.00  2.08290e-10
      8800.00  2.06700e-10
      8810.00  2.04676e-10
      8820.00  2.02226e-10
      8830.00  1.99381e-10
      8840.00  1.96191e-10
      8850.00  1.92719e-10
      8860.00  1.89027e-10
      8870.00  1.85172e-10
      8880.00  1.81202e-10
      8890.00  1.77152e-10
      8900.00  1.73052e-10
      8910.00  1.68929e-10
      8920.00  1.64866e-10
      8930.00  1.60864e-10
      8940.00  1.56956e-10
      8950.00  1.53198e-10
      8960.00  1.49647e-10
      8970.00  1.46359e-10
      8980.00  1.43379e-10
      8990.00  1.40741e-10
      9000.00  1.38457e-10
      9010.00  1.36522e-10
      9020.00  1.34918e-10
      9030.00  1.33625e-10
      9040.00  1.32627e-10
      9050.00  1.31912e-10
      9060.00  1.31468e-10
      9070.00  1.31280e-10
      9080.00  1.31333e-10
      9090.00  1.31607e-10
      9100.00  1.32080e-10
      9110.00  1.32734e-10
      9120.00  1.33551e-10
      9130.00  1.34517e-10
      9140.00  1.35624e-10
      9150.00  1.36866e-10
      9160.00  1.38237e-10
      9170.00  1.39728e-10
      9180.00  1.41322e-10
      9190.00  1.42998e-10
      9200.00  1.44725e-10
      9210.00  1.46464e-10
      9220.00  1.48172e-10
      9230.00  1.49799e-10
      9240.00  1.51291e-10
      9250.00  1.52599e-10
      9260.00  1.53682e-10
      9270.00  1.54523e-10
      9280.00  1.55132e-10
      9290.00  1.55544e-10
      9300.00  1.55812e-10
      9310.00  1.55994e-10
      9320.00  1.56137e-10
      9330.00  1.56269e-10
      9340.00  1.56404e-10
      9350.00  1.56542e-10
      9360.00  1.56678e-10
      9370.00  1.56805e-10
      9380.00  1.56916e-10
      9390.00  1.57007e-10
      9400.00  1.57071e-10
      9410.00  1.57104e-10
      9420.00  1.57099e-10
      9430.00  1.57050e-10
      9440.00  1.56951e-10
      9450.00  1.56793e-10
      9460.00  1.56569e-10
      9470.00  1.56273e-10
      9480.00  1.55898e-10
      9490.00  1.55437e-10
      9500.00  1.54887e-10
      9510.00  1.54244e-10
      9520.00  1.53508e-10
      9530.00  1.52680e-10
      9540.00  1.51764e-10
      9550.00  1.50768e-10
      9560.00  1.49700e-10
      9570.00  1.48574e-10
      9580.00  1.47406e-10
      9590.00  1.46212e-10
      9600.00  1.45015e-10
      9610.00  1.43836e-10
      9620.00  1.42700e-10
      9630.00  1.41632e-10
      9640.00  1.40657e-10
      9650.00  1.39802e-10
      9660.00  1.39092e-10
      9670.00  1.38550e-10
      9680.00  1.38199e-10
      9690.00  1.38059e-10
      9700.00  1.38146e-10
      9710.00  1.38475e-10
      9720.00  1.39055e-10
      9730.00  1.39894e-10
      9740.00  1.40992e-10
      9750.00  1.42350e-10
      9760.00  1.43962e-10
      9770.00  1.45818e-10
      9780.00  1.47905e-10
      9790.00  1.50208e-10
      9800.00  1.52707e-10
      9810.00  1.55383e-10
      9820.00  1.58210e-10
      9830.00  1.61166e-10
      9840.00  1.64225e-10
      9850.00  1.67360e-10
      9860.00  1.70547e-10
      9870.00  1.73759e-10
      9880.00  1.76972e-10
      9890.00  1.80161e-10
      9900.00  1.83302e-10
      9910.00  1.86370e-10
      9920.00  1.89342e-10
      9930.00  1.92194e-10
      9940.00  1.94902e-10
      9950.00  1.97442e-10
      9960.00  1.99787e-10
      9970.00  2.01914e-10
      9980.00  2.03795e-10
      9990.00  2.05406e-10
      10000.0  2.06723e-10
      10010.0  2.07723e-10
      10020.0  2.08388e-10
      10030.0  2.08699e-10
      10040.0  2.08648e-10
      10050.0  2.08227e-10
      10060.0  2.07438e-10
      10070.0  2.06287e-10
      10080.0  2.04789e-10
      10090.0  2.02966e-10
      10100.0  2.00847e-10
      10110.0  1.98468e-10
      10120.0  1.95871e-10
      10130.0  1.93105e-10
      10140.0  1.90222e-10
      10150.0  1.87278e-10
      10160.0  1.84332e-10
      10170.0  1.81442e-10
      10180.0  1.78669e-10
      10190.0  1.76070e-10
      10200.0  1.73698e-10
      10210.0  1.71602e-10
      10220.0  1.69824e-10
      10230.0  1.68399e-10
      10240.0  1.67352e-10
      10250.0  1.66699e-10
      10260.0  1.66444e-10
      10270.0  1.66582e-10
      10280.0  1.67095e-10
      10290.0  1.67956e-10
      10300.0  1.69129e-10
      10310.0  1.70568e-10
      10320.0  1.72224e-10
      10330.0  1.74039e-10
      10340.0  1.75957e-10
      10350.0  1.77919e-10
      10360.0  1.79867e-10
      10370.0  1.81748e-10
      10380.0  1.83513e-10
      10390.0  1.85118e-10
      10400.0  1.86528e-10
      10410.0  1.87711e-10
      10420.0  1.88647e-10
      10430.0  1.89319e-10
      10440.0  1.89718e-10
      10450.0  1.89840e-10
      10460.0  1.89686e-10
      10470.0  1.89263e-10
      10480.0  1.88579e-10
      10490.0  1.87646e-10
      10500.0  1.86477e-10
      10510.0  1.85089e-10
      10520.0  1.83498e-10
      10530.0  1.81723e-10
      10540.0  1.79783e-10
      10550.0  1.77697e-10
      10560.0  1.75486e-10
      10570.0  1.73171e-10
      10580.0  1.70773e-10
      10590.0  1.68314e-10
      10600.0  1.65815e-10
      10610.0  1.63297e-10
      10620.0  1.60781e-10
      10630.0  1.58288e-10
      10640.0  1.55835e-10
      10650.0  1.53441e-10
      10660.0  1.51121e-10
      10670.0  1.48889e-10
      10680.0  1.46757e-10
      10690.0  1.44734e-10
      10700.0  1.42828e-10
      10710.0  1.41042e-10
      10720.0  1.39379e-10
      10730.0  1.37838e-10
      10740.0  1.36415e-10
      10750.0  1.35107e-10
      10760.0  1.33905e-10
      10770.0  1.32801e-10
      10780.0  1.31785e-10
      10790.0  1.30845e-10
      10800.0  1.29969e-10
      10810.0  1.29145e-10
      10820.0  1.28360e-10
      10830.0  1.27601e-10
      10840.0  1.26856e-10
      10850.0  1.26114e-10
      10860.0  1.25365e-10
      10870.0  1.24597e-10
      10880.0  1.23805e-10
      10890.0  1.22979e-10
      10900.0  1.22114e-10
      10910.0  1.21207e-10
      10920.0  1.20253e-10
      10930.0  1.19250e-10
      10940.0  1.18197e-10
      10950.0  1.17095e-10
      10960.0  1.15943e-10
      10970.0  1.14743e-10
      10980.0  1.13497e-10
      10990.0  1.12207e-10
      11000.0  1.10873e-10
      11010.0  1.09500e-10
      11020.0  1.08089e-10
      11030.0  1.06641e-10
      11040.0  1.05158e-10
      11050.0  1.03643e-10
      11060.0  1.02095e-10
      11070.0  1.00516e-10
      11080.0  9.89072e-11
      11090.0  9.72685e-11
      11100.0  9.56006e-11
      11110.0  9.39045e-11
      11120.0  9.21809e-11
      11130.0  9.04310e-11
      11140.0  8.86566e-11
      11150.0  8.68597e-11
      11160.0  8.50430e-11
      11170.0  8.32099e-11
      11180.0  8.13643e-11
      11190.0  7.95109e-11
      11200.0  7.76551e-11
      11210.0  7.58028e-11
      11220.0  7.39604e-11
      11230.0  7.21349e-11
      11240.0  7.03334e-11
      11250.0  6.85634e-11
      11260.0  6.68321e-11
      11270.0  6.51468e-11
      11280.0  6.35145e-11
      11290.0  6.19415e-11
      11300.0  6.04338e-11
      11310.0  5.89963e-11
      11320.0  5.76333e-11
      11330.0  5.63481e-11
      11340.0  5.51427e-11
      11350.0  5.40183e-11
      11360.0  5.29748e-11
      11370.0  5.20112e-11
      11380.0  5.11250e-11
      11390.0  5.03131e-11
      11400.0  4.95712e-11
      11410.0  4.88941e-11
      11420.0  4.82761e-11
      11430.0  4.77106e-11
      11440.0  4.71905e-11
      11450.0  4.67086e-11
      11460.0  4.62572e-11
      11470.0  4.58287e-11
      11480.0  4.54156e-11
      11490.0  4.50106e-11
      11500.0  4.46065e-11
      11510.0  4.41970e-11
      11520.0  4.37760e-11
      11530.0  4.33382e-11
      11540.0  4.28791e-11
      11550.0  4.23948e-11
      11560.0  4.18825e-11
      11570.0  4.13401e-11
      11580.0  4.07662e-11
      11590.0  4.01605e-11
      11600.0  3.95236e-11
      11610.0  3.88564e-11
      11620.0  3.81612e-11
      11630.0  3.74403e-11
      11640.0  3.66971e-11
      11650.0  3.59351e-11
      11660.0  3.51586e-11
      11670.0  3.43718e-11
      11680.0  3.35795e-11
      11690.0  3.27863e-11
      11700.0  3.19971e-11
      11710.0  3.12164e-11
      11720.0  3.04490e-11
      11730.0  2.96990e-11
      11740.0  2.89706e-11
      11750.0  2.82675e-11
      11760.0  2.75928e-11
      11770.0  2.69495e-11
      11780.0  2.63398e-11
      11790.0  2.57656e-11
      11800.0  2.52282e-11
      11810.0  2.47284e-11
      11820.0  2.42665e-11
      11830.0  2.38422e-11
      11840.0  2.34547e-11
      11850.0  2.31030e-11
      11860.0  2.27853e-11
      11870.0  2.24997e-11
      11880.0  2.22439e-11
      11890.0  2.20151e-11
      11900.0  2.18105e-11
      11910.0  2.16271e-11
      11920.0  2.14616e-11
      11930.0  2.13108e-11
      11940.0  2.11713e-11
      11950.0  2.10399e-11
      11960.0  2.09135e-11
      11970.0  2.07890e-11
      11980.0  2.06636e-11
      11990.0  2.05348e-11
      12000.0  2.04002e-11
      12010.0  2.02579e-11
      12020.0  2.01063e-11
      12030.0  1.99440e-11
      12040.0  1.97702e-11
      12050.0  1.95845e-11
      12060.0  1.93866e-11
      12070.0  1.91770e-11
      12080.0  1.89562e-11
      12090.0  1.87254e-11
      12100.0  1.84857e-11
      12110.0  1.82390e-11
      12120.0  1.79871e-11
      12130.0  1.77323e-11
      12140.0  1.74769e-11
      12150.0  1.72235e-11
      12160.0  1.69748e-11
      12170.0  1.67334e-11
      12180.0  1.65022e-11
      12190.0  1.62840e-11
      12200.0  1.60814e-11
      12210.0  1.58971e-11
      12220.0  1.57336e-11
      12230.0  1.55933e-11
      12240.0  1.54782e-11
      12250.0  1.53904e-11
      12260.0  1.53314e-11
      12270.0  1.53027e-11
      12280.0  1.53053e-11
      12290.0  1.53402e-11
      12300.0  1.54077e-11
      12310.0  1.55081e-11
      12320.0  1.56413e-11
      12330.0  1.58068e-11
      12340.0  1.60039e-11
      12350.0  1.62317e-11
      12360.0  1.64887e-11
      12370.0  1.67736e-11
      12380.0  1.70846e-11
      12390.0  1.74197e-11
      12400.0  1.77768e-11
      12410.0  1.81536e-11
      12420.0  1.85477e-11
      12430.0  1.89565e-11
      12440.0  1.93775e-11
      12450.0  1.98080e-11
      12460.0  2.02453e-11
      12470.0  2.06867e-11
      12480.0  2.11295e-11
      12490.0  2.15710e-11
      12500.0  2.20085e-11
      12510.0  2.24396e-11
      12520.0  2.28618e-11
      12530.0  2.32725e-11
      12540.0  2.36697e-11
      12550.0  2.40511e-11
      12560.0  2.44148e-11
      12570.0  2.47589e-11
      12580.0  2.50817e-11
      12590.0  2.53818e-11
      12600.0  2.56578e-11
      12610.0  2.59086e-11
      12620.0  2.61334e-11
      12630.0  2.63313e-11
      12640.0  2.65020e-11
      12650.0  2.66451e-11
      12660.0  2.67607e-11
      12670.0  2.68487e-11
      12680.0  2.69095e-11
      12690.0  2.69436e-11
      12700.0  2.69518e-11
      12710.0  2.69346e-11
      12720.0  2.68932e-11
      12730.0  2.68286e-11
      12740.0  2.67418e-11
      12750.0  2.66341e-11
      12760.0  2.65067e-11
      12770.0  2.63609e-11
      12780.0  2.61980e-11
      12790.0  2.60193e-11
      12800.0  2.58260e-11
      12810.0  2.56192e-11
      12820.0  2.54002e-11
      12830.0  2.51700e-11
      12840.0  2.49297e-11
      12850.0  2.46801e-11
      12860.0  2.44221e-11
      12870.0  2.41566e-11
      12880.0  2.38841e-11
      12890.0  2.36053e-11
      12900.0  2.33207e-11
      12910.0  2.30308e-11
      12920.0  2.27359e-11
      12930.0  2.24365e-11
      12940.0  2.21327e-11
      12950.0  2.18248e-11
      12960.0  2.15130e-11
      12970.0  2.11975e-11
      12980.0  2.08785e-11
      12990.0  2.05561e-11
      13000.0  2.02305e-11
      13010.0  1.99020e-11
      13020.0  1.95707e-11
      13030.0  1.92370e-11
      13040.0  1.89011e-11
      13050.0  1.85636e-11
      13060.0  1.82248e-11
      13070.0  1.78852e-11
      13080.0  1.75455e-11
      13090.0  1.72064e-11
      13100.0  1.68686e-11
      13110.0  1.65329e-11
      13120.0  1.62003e-11
      13130.0  1.58717e-11
      13140.0  1.55481e-11
      13150.0  1.52308e-11
      13160.0  1.49207e-11
      13170.0  1.46190e-11
      13180.0  1.43271e-11
      13190.0  1.40460e-11
      13200.0  1.37770e-11
      13210.0  1.35213e-11
      13220.0  1.32801e-11
      13230.0  1.30546e-11
      13240.0  1.28459e-11
      13250.0  1.26551e-11
      13260.0  1.24831e-11
      13270.0  1.23310e-11
      13280.0  1.21996e-11
      13290.0  1.20896e-11
      13300.0  1.20017e-11
      13310.0  1.19364e-11
      13320.0  1.18941e-11
      13330.0  1.18751e-11
      13340.0  1.18795e-11
      13350.0  1.19071e-11
      13360.0  1.19580e-11
      13370.0  1.20315e-11
      13380.0  1.21272e-11
      13390.0  1.22444e-11
      13400.0  1.23821e-11
      13410.0  1.25393e-11
      13420.0  1.27149e-11
      13430.0  1.29073e-11
      13440.0  1.31152e-11
      13450.0  1.33370e-11
      13460.0  1.35709e-11
      13470.0  1.38153e-11
      13480.0  1.40681e-11
      13490.0  1.43277e-11
      13500.0  1.45921e-11
      13510.0  1.48595e-11
      13520.0  1.51279e-11
      13530.0  1.53956e-11
      13540.0  1.56609e-11
      13550.0  1.59221e-11
      13560.0  1.61777e-11
      13570.0  1.64261e-11
      13580.0  1.66660e-11
      13590.0  1.68961e-11
      13600.0  1.71155e-11
      13610.0  1.73231e-11
      13620.0  1.75181e-11
      13630.0  1.76998e-11
      13640.0  1.78677e-11
      13650.0  1.80213e-11
      13660.0  1.81603e-11
      13670.0  1.82847e-11
      13680.0  1.83944e-11
      13690.0  1.84894e-11
      13700.0  1.85700e-11
      13710.0  1.86363e-11
      13720.0  1.86889e-11
      13730.0  1.87280e-11
      13740.0  1.87542e-11
      13750.0  1.87680e-11
      13760.0  1.87699e-11
      13770.0  1.87606e-11
      13780.0  1.87406e-11
      13790.0  1.87105e-11
      13800.0  1.86708e-11
      13810.0  1.86222e-11
      13820.0  1.85651e-11
      13830.0  1.85000e-11
      13840.0  1.84273e-11
      13850.0  1.83475e-11
      13860.0  1.82610e-11
      13870.0  1.81681e-11
      13880.0  1.80690e-11
      13890.0  1.79642e-11
      13900.0  1.78538e-11
      13910.0  1.77380e-11
      13920.0  1.76172e-11
      13930.0  1.74915e-11
      13940.0  1.73612e-11
      13950.0  1.72266e-11
      13960.0  1.70879e-11
      13970.0  1.69454e-11
      13980.0  1.67995e-11
      13990.0  1.66504e-11
      14000.0  1.64987e-11
      14010.0  1.63448e-11
      14020.0  1.61891e-11
      14030.0  1.60321e-11
      14040.0  1.58745e-11
      14050.0  1.57168e-11
      14060.0  1.55597e-11
      14070.0  1.54039e-11
      14080.0  1.52499e-11
      14090.0  1.50986e-11
      14100.0  1.49507e-11
      14110.0  1.48069e-11
      14120.0  1.46680e-11
      14130.0  1.45346e-11
      14140.0  1.44075e-11
      14150.0  1.42875e-11
      14160.0  1.41751e-11
      14170.0  1.40710e-11
      14180.0  1.39759e-11
      14190.0  1.38902e-11
      14200.0  1.38146e-11
      14210.0  1.37494e-11
      14220.0  1.36950e-11
      14230.0  1.36518e-11
      14240.0  1.36201e-11
      14250.0  1.36000e-11
      14260.0  1.35915e-11
      14270.0  1.35949e-11
      14280.0  1.36099e-11
      14290.0  1.36365e-11
      14300.0  1.36745e-11
      14310.0  1.37236e-11
      14320.0  1.37835e-11
      14330.0  1.38537e-11
      14340.0  1.39339e-11
      14350.0  1.40235e-11
      14360.0  1.41220e-11
      14370.0  1.42287e-11
      14380.0  1.43430e-11
      14390.0  1.44643e-11
      14400.0  1.45920e-11
      14410.0  1.47252e-11
      14420.0  1.48634e-11
      14430.0  1.50058e-11
      14440.0  1.51519e-11
      14450.0  1.53011e-11
      14460.0  1.54526e-11
      14470.0  1.56060e-11
      14480.0  1.57608e-11
      14490.0  1.59167e-11
      14500.0  1.60731e-11
      14510.0  1.62299e-11
      14520.0  1.63868e-11
      14530.0  1.65438e-11
      14540.0  1.67008e-11
      14550.0  1.68579e-11
      14560.0  1.70152e-11
      14570.0  1.71731e-11
      14580.0  1.73320e-11
      14590.0  1.74921e-11
      14600.0  1.76541e-11
      14610.0  1.78186e-11
      14620.0  1.79862e-11
      14630.0  1.81576e-11
      14640.0  1.83336e-11
      14650.0  1.85149e-11
      14660.0  1.87022e-11
      14670.0  1.88964e-11
      14680.0  1.90981e-11
      14690.0  1.93080e-11
      14700.0  1.95268e-11
      14710.0  1.97549e-11
      14720.0  1.99929e-11
      14730.0  2.02411e-11
      14740.0  2.04997e-11
      14750.0  2.07689e-11
      14760.0  2.10487e-11
      14770.0  2.13390e-11
      14780.0  2.16396e-11
      14790.0  2.19501e-11
      14800.0  2.22701e-11
      14810.0  2.25989e-11
      14820.0  2.29360e-11
      14830.0  2.32805e-11
      14840.0  2.36315e-11
      14850.0  2.39882e-11
      14860.0  2.43494e-11
      14870.0  2.47140e-11
      14880.0  2.50811e-11
      14890.0  2.54493e-11
      14900.0  2.58175e-11
      14910.0  2.61845e-11
      14920.0  2.65491e-11
      14930.0  2.69101e-11
      14940.0  2.72663e-11
      14950.0  2.76164e-11
      14960.0  2.79594e-11
      14970.0  2.82941e-11
      14980.0  2.86194e-11
      14990.0  2.89342e-11
      15000.0  2.92374e-11
      15010.0  2.95281e-11
      15020.0  2.98053e-11
      15030.0  3.00680e-11
      15040.0  3.03153e-11
      15050.0  3.05465e-11
      15060.0  3.07606e-11
      15070.0  3.09569e-11
      15080.0  3.11347e-11
      15090.0  3.12933e-11
      15100.0  3.14322e-11
      15110.0  3.15509e-11
      15120.0  3.16489e-11
      15130.0  3.17260e-11
      15140.0  3.17820e-11
      15150.0  3.18167e-11
      15160.0  3.18303e-11
      15170.0  3.18230e-11
      15180.0  3.17951e-11
      15190.0  3.17472e-11
      15200.0  3.16800e-11
      15210.0  3.15943e-11
      15220.0  3.14911e-11
      15230.0  3.13717e-11
      15240.0  3.12375e-11
      15250.0  3.10897e-11
      15260.0  3.09302e-11
      15270.0  3.07606e-11
      15280.0  3.05828e-11
      15290.0  3.03985e-11
      15300.0  3.02097e-11
      15310.0  3.00184e-11
      15320.0  2.98264e-11
      15330.0  2.96357e-11
      15340.0  2.94480e-11
      15350.0  2.92651e-11
      15360.0  2.90886e-11
      15370.0  2.89200e-11
      15380.0  2.87607e-11
      15390.0  2.86118e-11
      15400.0  2.84744e-11
      15410.0  2.83493e-11
      15420.0  2.82372e-11
      15430.0  2.81386e-11
      15440.0  2.80539e-11
      15450.0  2.79832e-11
      15460.0  2.79266e-11
      15470.0  2.78838e-11
      15480.0  2.78546e-11
      15490.0  2.78387e-11
      15500.0  2.78354e-11
      15510.0  2.78442e-11
      15520.0  2.78644e-11
      15530.0  2.78953e-11
      15540.0  2.79361e-11
      15550.0  2.79860e-11
      15560.0  2.80442e-11
      15570.0  2.81098e-11
      15580.0  2.81819e-11
      15590.0  2.82599e-11
      15600.0  2.83429e-11
      15610.0  2.84302e-11
      15620.0  2.85211e-11
      15630.0  2.86148e-11
      15640.0  2.87109e-11
      15650.0  2.88088e-11
      15660.0  2.89079e-11
      15670.0  2.90078e-11
      15680.0  2.91080e-11
      15690.0  2.92082e-11
      15700.0  2.93081e-11
      15710.0  2.94073e-11
      15720.0  2.95056e-11
      15730.0  2.96027e-11
      15740.0  2.96985e-11
      15750.0  2.97927e-11
      15760.0  2.98853e-11
      15770.0  2.99760e-11
      15780.0  3.00647e-11
      15790.0  3.01514e-11
      15800.0  3.02359e-11
      15810.0  3.03182e-11
      15820.0  3.03982e-11
      15830.0  3.04760e-11
      15840.0  3.05514e-11
      15850.0  3.06246e-11
      15860.0  3.06956e-11
      15870.0  3.07644e-11
      15880.0  3.08312e-11
      15890.0  3.08960e-11
      15900.0  3.09590e-11
      15910.0  3.10204e-11
      15920.0  3.10802e-11
      15930.0  3.11388e-11
      15940.0  3.11964e-11
      15950.0  3.12531e-11
      15960.0  3.13091e-11
      15970.0  3.13648e-11
      15980.0  3.14203e-11
      15990.0  3.14759e-11
      16000.0  3.15317e-11
      16010.0  3.15880e-11
      16020.0  3.16449e-11
      16030.0  3.17026e-11
      16040.0  3.17612e-11
      16050.0  3.18207e-11
      16060.0  3.18812e-11
      16070.0  3.19428e-11
      16080.0  3.20053e-11
      16090.0  3.20688e-11
      16100.0  3.21330e-11
      16110.0  3.21979e-11
      16120.0  3.22632e-11
      16130.0  3.23288e-11
      16140.0  3.23943e-11
      16150.0  3.24596e-11
      16160.0  3.25244e-11
      16170.0  3.25883e-11
      16180.0  3.26511e-11
      16190.0  3.27125e-11
      16200.0  3.27723e-11
      16210.0  3.28301e-11
      16220.0  3.28858e-11
      16230.0  3.29392e-11
      16240.0  3.29902e-11
      16250.0  3.30386e-11
      16260.0  3.30844e-11
      16270.0  3.31275e-11
      16280.0  3.31680e-11
      16290.0  3.32060e-11
      16300.0  3.32417e-11
      16310.0  3.32750e-11
      16320.0  3.33063e-11
      16330.0  3.33358e-11
      16340.0  3.33638e-11
      16350.0  3.33904e-11
      16360.0  3.34160e-11
      16370.0  3.34409e-11
      16380.0  3.34653e-11
      16390.0  3.34894e-11
      16400.0  3.35136e-11
      16410.0  3.35379e-11
      16420.0  3.35624e-11
      16430.0  3.35874e-11
      16440.0  3.36127e-11
      16450.0  3.36383e-11
      16460.0  3.36641e-11
      16470.0  3.36899e-11
      16480.0  3.37153e-11
      16490.0  3.37401e-11
      16500.0  3.37637e-11
      16510.0  3.37856e-11
      16520.0  3.38052e-11
      16530.0  3.38218e-11
      16540.0  3.38347e-11
      16550.0  3.38429e-11
      16560.0  3.38458e-11
      16570.0  3.38424e-11
      16580.0  3.38317e-11
      16590.0  3.38130e-11
      16600.0  3.37853e-11
      16610.0  3.37476e-11
      16620.0  3.36992e-11
      16630.0  3.36394e-11
      16640.0  3.35672e-11
      16650.0  3.34823e-11
      16660.0  3.33839e-11
      16670.0  3.32718e-11
      16680.0  3.31455e-11
      16690.0  3.30048e-11
      16700.0  3.28498e-11
      16710.0  3.26805e-11
      16720.0  3.24972e-11
      16730.0  3.23000e-11
      16740.0  3.20897e-11
      16750.0  3.18666e-11
      16760.0  3.16317e-11
      16770.0  3.13857e-11
      16780.0  3.11296e-11
      16790.0  3.08645e-11
      16800.0  3.05913e-11
      16810.0  3.03114e-11
      16820.0  3.00260e-11
      16830.0  2.97363e-11
      16840.0  2.94437e-11
      16850.0  2.91493e-11
      16860.0  2.88546e-11
      16870.0  2.85609e-11
      16880.0  2.82692e-11
      16890.0  2.79809e-11
      16900.0  2.76972e-11
      16910.0  2.74190e-11
      16920.0  2.71474e-11
      16930.0  2.68834e-11
      16940.0  2.66277e-11
      16950.0  2.63813e-11
      16960.0  2.61446e-11
      16970.0  2.59184e-11
      16980.0  2.57030e-11
      16990.0  2.54989e-11
      17000.0  2.53064e-11
      17010.0  2.51255e-11
      17020.0  2.49564e-11
      17030.0  2.47991e-11
      17040.0  2.46534e-11
      17050.0  2.45191e-11
      17060.0  2.43960e-11
      17070.0  2.42836e-11
      17080.0  2.41815e-11
      17090.0  2.40892e-11
      17100.0  2.40060e-11
      17110.0  2.39315e-11
      17120.0  2.38648e-11
      17130.0  2.38053e-11
      17140.0  2.37523e-11
      17150.0  2.37051e-11
      17160.0  2.36630e-11
      17170.0  2.36252e-11
      17180.0  2.35912e-11
      17190.0  2.35603e-11
      17200.0  2.35321e-11
      17210.0  2.35060e-11
      17220.0  2.34816e-11
      17230.0  2.34586e-11
      17240.0  2.34368e-11
      17250.0  2.34161e-11
      17260.0  2.33964e-11
      17270.0  2.33778e-11
      17280.0  2.33603e-11
      17290.0  2.33443e-11
      17300.0  2.33301e-11
      17310.0  2.33179e-11
      17320.0  2.33082e-11
      17330.0  2.33015e-11
      17340.0  2.32982e-11
      17350.0  2.32989e-11
      17360.0  2.33041e-11
      17370.0  2.33143e-11
      17380.0  2.33299e-11
      17390.0  2.33515e-11
      17400.0  2.33793e-11
      17410.0  2.34137e-11
      17420.0  2.34549e-11
      17430.0  2.35032e-11
      17440.0  2.35586e-11
      17450.0  2.36212e-11
      17460.0  2.36908e-11
      17470.0  2.37673e-11
      17480.0  2.38504e-11
      17490.0  2.39398e-11
      17500.0  2.40350e-11
      17510.0  2.41357e-11
      17520.0  2.42411e-11
      17530.0  2.43508e-11
      17540.0  2.44641e-11
      17550.0  2.45802e-11
      17560.0  2.46984e-11
      17570.0  2.48180e-11
      17580.0  2.49383e-11
      17590.0  2.50585e-11
      17600.0  2.51779e-11
      17610.0  2.52956e-11
      17620.0  2.54111e-11
      17630.0  2.55236e-11
      17640.0  2.56325e-11
      17650.0  2.57372e-11
      17660.0  2.58371e-11
      17670.0  2.59317e-11
      17680.0  2.60204e-11
      17690.0  2.61030e-11
      17700.0  2.61790e-11
      17710.0  2.62481e-11
      17720.0  2.63099e-11
      17730.0  2.63644e-11
      17740.0  2.64112e-11
      17750.0  2.64504e-11
      17760.0  2.64817e-11
      17770.0  2.65052e-11
      17780.0  2.65209e-11
      17790.0  2.65287e-11
      17800.0  2.65289e-11
      17810.0  2.65214e-11
      17820.0  2.65065e-11
      17830.0  2.64843e-11
      17840.0  2.64551e-11
      17850.0  2.64189e-11
      17860.0  2.63762e-11
      17870.0  2.63270e-11
      17880.0  2.62717e-11
      17890.0  2.62105e-11
      17900.0  2.61437e-11
      17910.0  2.60715e-11
      17920.0  2.59942e-11
      17930.0  2.59119e-11
      17940.0  2.58250e-11
      17950.0  2.57336e-11
      17960.0  2.56379e-11
      17970.0  2.55381e-11
      17980.0  2.54343e-11
      17990.0  2.53267e-11
      18000.0  2.52154e-11
      18010.0  2.51005e-11
      18020.0  2.49821e-11
      18030.0  2.48604e-11
      18040.0  2.47354e-11
      18050.0  2.46072e-11
      18060.0  2.44758e-11
      18070.0  2.43415e-11
      18080.0  2.42044e-11
      18090.0  2.40644e-11
      18100.0  2.39218e-11
      18110.0  2.37767e-11
      18120.0  2.36293e-11
      18130.0  2.34796e-11
      18140.0  2.33280e-11
      18150.0  2.31744e-11
      18160.0  2.30192e-11
      18170.0  2.28624e-11
      18180.0  2.27043e-11
      18190.0  2.25449e-11
      18200.0  2.23843e-11
      18210.0  2.22228e-11
      18220.0  2.20603e-11
      18230.0  2.18969e-11
      18240.0  2.17325e-11
      18250.0  2.15673e-11
      18260.0  2.14011e-11
      18270.0  2.12339e-11
      18280.0  2.10656e-11
      18290.0  2.08961e-11
      18300.0  2.07252e-11
      18310.0  2.05528e-11
      18320.0  2.03788e-11
      18330.0  2.02030e-11
      18340.0  2.00254e-11
      18350.0  1.98458e-11
      18360.0  1.96643e-11
      18370.0  1.94808e-11
      18380.0  1.92954e-11
      18390.0  1.91081e-11
      18400.0  1.89192e-11
      18410.0  1.87289e-11
      18420.0  1.85373e-11
      18430.0  1.83450e-11
      18440.0  1.81523e-11
      18450.0  1.79596e-11
      18460.0  1.77675e-11
      18470.0  1.75765e-11
      18480.0  1.73873e-11
      18490.0  1.72004e-11
      18500.0  1.70165e-11
      18510.0  1.68363e-11
      18520.0  1.66604e-11
      18530.0  1.64893e-11
      18540.0  1.63238e-11
      18550.0  1.61643e-11
      18560.0  1.60115e-11
      18570.0  1.58657e-11
      18580.0  1.57274e-11
      18590.0  1.55968e-11
      18600.0  1.54744e-11
      18610.0  1.53602e-11
      18620.0  1.52544e-11
      18630.0  1.51570e-11
      18640.0  1.50680e-11
      18650.0  1.49873e-11
      18660.0  1.49146e-11
      18670.0  1.48497e-11
      18680.0  1.47923e-11
      18690.0  1.47420e-11
      18700.0  1.46983e-11
      18710.0  1.46609e-11
      18720.0  1.46291e-11
      18730.0  1.46024e-11
      18740.0  1.45803e-11
      18750.0  1.45622e-11
      18760.0  1.45474e-11
      18770.0  1.45354e-11
      18780.0  1.45256e-11
      18790.0  1.45174e-11
      18800.0  1.45102e-11
      18810.0  1.45035e-11
      18820.0  1.44967e-11
      18830.0  1.44894e-11
      18840.0  1.44812e-11
      18850.0  1.44715e-11
      18860.0  1.44601e-11
      18870.0  1.44465e-11
      18880.0  1.44305e-11
      18890.0  1.44117e-11
      18900.0  1.43900e-11
      18910.0  1.43652e-11
      18920.0  1.43370e-11
      18930.0  1.43054e-11
      18940.0  1.42704e-11
      18950.0  1.42317e-11
      18960.0  1.41895e-11
      18970.0  1.41438e-11
      18980.0  1.40945e-11
      18990.0  1.40418e-11
      19000.0  1.39858e-11
      19010.0  1.39266e-11
      19020.0  1.38644e-11
      19030.0  1.37994e-11
      19040.0  1.37317e-11
      19050.0  1.36618e-11
      19060.0  1.35898e-11
      19070.0  1.35160e-11
      19080.0  1.34407e-11
      19090.0  1.33643e-11
      19100.0  1.32872e-11
      19110.0  1.32096e-11
      19120.0  1.31321e-11
      19130.0  1.30548e-11
      19140.0  1.29784e-11
      19150.0  1.29030e-11
      19160.0  1.28292e-11
      19170.0  1.27572e-11
      19180.0  1.26874e-11
      19190.0  1.26202e-11
      19200.0  1.25558e-11
      19210.0  1.24945e-11
      19220.0  1.24366e-11
      19230.0  1.23823e-11
      19240.0  1.23317e-11
      19250.0  1.22851e-11
      19260.0  1.22425e-11
      19270.0  1.22040e-11
      19280.0  1.21696e-11
      19290.0  1.21393e-11
      19300.0  1.21132e-11
      19310.0  1.20912e-11
      19320.0  1.20731e-11
      19330.0  1.20590e-11
      19340.0  1.20486e-11
      19350.0  1.20418e-11
      19360.0  1.20386e-11
      19370.0  1.20388e-11
      19380.0  1.20421e-11
      19390.0  1.20484e-11
      19400.0  1.20577e-11
      19410.0  1.20696e-11
      19420.0  1.20841e-11
      19430.0  1.21009e-11
      19440.0  1.21200e-11
      19450.0  1.21412e-11
      19460.0  1.21642e-11
      19470.0  1.21890e-11
      19480.0  1.22154e-11
      19490.0  1.22432e-11
      19500.0  1.22722e-11
      19510.0  1.23024e-11
      19520.0  1.23334e-11
      19530.0  1.23652e-11
      19540.0  1.23975e-11
      19550.0  1.24301e-11
      19560.0  1.24628e-11
      19570.0  1.24955e-11
      19580.0  1.25279e-11
      19590.0  1.25597e-11
      19600.0  1.25907e-11
      19610.0  1.26207e-11
      19620.0  1.26495e-11
      19630.0  1.26768e-11
      19640.0  1.27023e-11
      19650.0  1.27259e-11
      19660.0  1.27472e-11
      19670.0  1.27661e-11
      19680.0  1.27823e-11
      19690.0  1.27956e-11
      19700.0  1.28058e-11
      19710.0  1.28128e-11
      19720.0  1.28162e-11
      19730.0  1.28160e-11
      19740.0  1.28120e-11
      19750.0  1.28041e-11
      19760.0  1.27920e-11
      19770.0  1.27758e-11
      19780.0  1.27552e-11
      19790.0  1.27303e-11
      19800.0  1.27010e-11
      19810.0  1.26671e-11
      19820.0  1.26287e-11
      19830.0  1.25857e-11
      19840.0  1.25382e-11
      19850.0  1.24862e-11
      19860.0  1.24296e-11
      19870.0  1.23686e-11
      19880.0  1.23031e-11
      19890.0  1.22333e-11
      19900.0  1.21593e-11
      19910.0  1.20811e-11
      19920.0  1.19989e-11
      19930.0  1.19127e-11
      19940.0  1.18228e-11
      19950.0  1.17293e-11
      19960.0  1.16322e-11
      19970.0  1.15319e-11
      19980.0  1.14284e-11
      19990.0  1.13220e-11
      20000.0  1.12128e-11
      20010.0  1.11009e-11
      20020.0  1.09867e-11
      20030.0  1.08702e-11
      20040.0  1.07517e-11
      20050.0  1.06313e-11
      20060.0  1.05093e-11
      20070.0  1.03858e-11
      20080.0  1.02611e-11
      20090.0  1.01353e-11
      20100.0  1.00087e-11
      20110.0  9.88143e-12
      20120.0  9.75376e-12
      20130.0  9.62589e-12
      20140.0  9.49805e-12
      20150.0  9.37046e-12
      20160.0  9.24336e-12
      20170.0  9.11698e-12
      20180.0  8.99159e-12
      20190.0  8.86743e-12
      20200.0  8.74474e-12
      20210.0  8.62380e-12
      20220.0  8.50486e-12
      20230.0  8.38819e-12
      20240.0  8.27404e-12
      20250.0  8.16268e-12
      20260.0  8.05435e-12
      20270.0  7.94932e-12
      20280.0  7.84780e-12
      20290.0  7.75005e-12
      20300.0  7.65627e-12
      20310.0  7.56666e-12
      20320.0  7.48142e-12
      20330.0  7.40070e-12
      20340.0  7.32467e-12
      20350.0  7.25345e-12
      20360.0  7.18715e-12
      20370.0  7.12585e-12
      20380.0  7.06963e-12
      20390.0  7.01851e-12
      20400.0  6.97252e-12
      20410.0  6.93166e-12
      20420.0  6.89589e-12
      20430.0  6.86518e-12
      20440.0  6.83945e-12
      20450.0  6.81862e-12
      20460.0  6.80260e-12
      20470.0  6.79125e-12
      20480.0  6.78446e-12
      20490.0  6.78206e-12
      20500.0  6.78392e-12
      20510.0  6.78986e-12
      20520.0  6.79971e-12
      20530.0  6.81329e-12
      20540.0  6.83042e-12
      20550.0  6.85092e-12
      20560.0  6.87459e-12
      20570.0  6.90124e-12
      20580.0  6.93069e-12
      20590.0  6.96275e-12
      20600.0  6.99724e-12
      20610.0  7.03398e-12
      20620.0  7.07280e-12
      20630.0  7.11352e-12
      20640.0  7.15598e-12
      20650.0  7.20004e-12
      20660.0  7.24552e-12
      20670.0  7.29231e-12
      20680.0  7.34025e-12
      20690.0  7.38923e-12
      20700.0  7.43913e-12
      20710.0  7.48984e-12
      20720.0  7.54127e-12
      20730.0  7.59331e-12
      20740.0  7.64590e-12
      20750.0  7.69895e-12
      20760.0  7.75241e-12
      20770.0  7.80622e-12
      20780.0  7.86034e-12
      20790.0  7.91472e-12
      20800.0  7.96935e-12
      20810.0  8.02419e-12
      20820.0  8.07922e-12
      20830.0  8.13445e-12
      20840.0  8.18986e-12
      20850.0  8.24546e-12
      20860.0  8.30124e-12
      20870.0  8.35722e-12
      20880.0  8.41340e-12
      20890.0  8.46978e-12
      20900.0  8.52639e-12
      20910.0  8.58321e-12
      20920.0  8.64027e-12
      20930.0  8.69756e-12
      20940.0  8.75508e-12
      20950.0  8.81283e-12
      20960.0  8.87079e-12
      20970.0  8.92896e-12
      20980.0  8.98730e-12
      20990.0  9.04581e-12
      21000.0  9.10443e-12
      21010.0  9.16315e-12
      21020.0  9.22191e-12
      21030.0  9.28067e-12
      21040.0  9.33937e-12
      21050.0  9.39797e-12
      21060.0  9.45640e-12
      21070.0  9.51459e-12
      21080.0  9.57249e-12
      21090.0  9.63003e-12
      21100.0  9.68712e-12
      21110.0  9.74371e-12
      21120.0  9.79971e-12
      21130.0  9.85506e-12
      21140.0  9.90967e-12
      21150.0  9.96346e-12
      21160.0  1.00164e-11
      21170.0  1.00683e-11
      21180.0  1.01192e-11
      21190.0  1.01689e-11
      21200.0  1.02174e-11
      21210.0  1.02646e-11
      21220.0  1.03103e-11
      21230.0  1.03545e-11
      21240.0  1.03970e-11
      21250.0  1.04377e-11
      21260.0  1.04766e-11
      21270.0  1.05134e-11
      21280.0  1.05479e-11
      21290.0  1.05802e-11
      21300.0  1.06099e-11
      21310.0  1.06368e-11
      21320.0  1.06609e-11
      21330.0  1.06819e-11
      21340.0  1.06996e-11
      21350.0  1.07137e-11
      21360.0  1.07242e-11
      21370.0  1.07307e-11
      21380.0  1.07331e-11
      21390.0  1.07311e-11
      21400.0  1.07246e-11
      21410.0  1.07133e-11
      21420.0  1.06971e-11
      21430.0  1.06759e-11
      21440.0  1.06494e-11
      21450.0  1.06175e-11
      21460.0  1.05803e-11
      21470.0  1.05376e-11
      21480.0  1.04893e-11
      21490.0  1.04356e-11
      21500.0  1.03765e-11
      21510.0  1.03120e-11
      21520.0  1.02422e-11
      21530.0  1.01675e-11
      21540.0  1.00879e-11
      21550.0  1.00038e-11
      21560.0  9.91537e-12
      21570.0  9.82305e-12
      21580.0  9.72719e-12
      21590.0  9.62821e-12
      21600.0  9.52653e-12
      21610.0  9.42265e-12
      21620.0  9.31706e-12
      21630.0  9.21027e-12
      21640.0  9.10282e-12
      21650.0  8.99524e-12
      21660.0  8.88809e-12
      21670.0  8.78191e-12
      21680.0  8.67724e-12
      21690.0  8.57461e-12
      21700.0  8.47454e-12
      21710.0  8.37754e-12
      21720.0  8.28407e-12
      21730.0  8.19457e-12
      21740.0  8.10948e-12
      21750.0  8.02918e-12
      21760.0  7.95401e-12
      21770.0  7.88429e-12
      21780.0  7.82030e-12
      21790.0  7.76227e-12
      21800.0  7.71041e-12
      21810.0  7.66486e-12
      21820.0  7.62576e-12
      21830.0  7.59319e-12
      21840.0  7.56719e-12
      21850.0  7.54779e-12
      21860.0  7.53496e-12
      21870.0  7.52865e-12
      21880.0  7.52880e-12
      21890.0  7.53530e-12
      21900.0  7.54804e-12
      21910.0  7.56686e-12
      21920.0  7.59161e-12
      21930.0  7.62211e-12
      21940.0  7.65818e-12
      21950.0  7.69960e-12
      21960.0  7.74617e-12
      21970.0  7.79767e-12
      21980.0  7.85387e-12
      21990.0  7.91454e-12
      22000.0  7.97945e-12
      22010.0  8.04834e-12
      22020.0  8.12097e-12
      22030.0  8.19711e-12
      22040.0  8.27649e-12
      22050.0  8.35888e-12
      22060.0  8.44400e-12
      22070.0  8.53162e-12
      22080.0  8.62146e-12
      22090.0  8.71328e-12
      22100.0  8.80680e-12
      22110.0  8.90177e-12
      22120.0  8.99791e-12
      22130.0  9.09496e-12
      22140.0  9.19265e-12
      22150.0  9.29069e-12
      22160.0  9.38883e-12
      22170.0  9.48678e-12
      22180.0  9.58426e-12
      22190.0  9.68099e-12
      22200.0  9.77669e-12
      22210.0  9.87109e-12
      22220.0  9.96391e-12
      22230.0  1.00549e-11
      22240.0  1.01437e-11
      22250.0  1.02302e-11
      22260.0  1.03139e-11
      22270.0  1.03948e-11
      22280.0  1.04725e-11
      22290.0  1.05468e-11
      22300.0  1.06174e-11
      22310.0  1.06842e-11
      22320.0  1.07469e-11
      22330.0  1.08053e-11
      22340.0  1.08593e-11
      22350.0  1.09086e-11
      22360.0  1.09531e-11
      22370.0  1.09926e-11
      22380.0  1.10270e-11
      22390.0  1.10562e-11
      22400.0  1.10800e-11
      22410.0  1.10984e-11
      22420.0  1.11113e-11
      22430.0  1.11186e-11
      22440.0  1.11202e-11
      22450.0  1.11161e-11
      22460.0  1.11062e-11
      22470.0  1.10906e-11
      22480.0  1.10691e-11
      22490.0  1.10419e-11
      22500.0  1.10088e-11
      22510.0  1.09699e-11
      22520.0  1.09253e-11
      22530.0  1.08748e-11
      22540.0  1.08186e-11
      22550.0  1.07568e-11
      22560.0  1.06892e-11
      22570.0  1.06161e-11
      22580.0  1.05375e-11
      22590.0  1.04533e-11
      22600.0  1.03639e-11
      22610.0  1.02691e-11
      22620.0  1.01692e-11
      22630.0  1.00642e-11
      22640.0  9.95426e-12
      22650.0  9.83958e-12
      22660.0  9.72028e-12
      22670.0  9.59654e-12
      22680.0  9.46855e-12
      22690.0  9.33652e-12
      22700.0  9.20069e-12
      22710.0  9.06129e-12
      22720.0  8.91858e-12
      22730.0  8.77284e-12
      22740.0  8.62437e-12
      22750.0  8.47348e-12
      22760.0  8.32050e-12
      22770.0  8.16578e-12
      22780.0  8.00967e-12
      22790.0  7.85254e-12
      22800.0  7.69477e-12
      22810.0  7.53677e-12
      22820.0  7.37894e-12
      22830.0  7.22168e-12
      22840.0  7.06542e-12
      22850.0  6.91057e-12
      22860.0  6.75755e-12
      22870.0  6.60680e-12
      22880.0  6.45874e-12
      22890.0  6.31378e-12
      22900.0  6.17235e-12
      22910.0  6.03484e-12
      22920.0  5.90167e-12
      22930.0  5.77321e-12
      22940.0  5.64986e-12
      22950.0  5.53196e-12
      22960.0  5.41988e-12
      22970.0  5.31393e-12
      22980.0  5.21445e-12
      22990.0  5.12171e-12
      23000.0  5.03600e-12
      23010.0  4.95755e-12
      23020.0  4.88659e-12
      23030.0  4.82332e-12
      23040.0  4.76791e-12
      23050.0  4.72049e-12
      23060.0  4.68118e-12
      23070.0  4.65007e-12
      23080.0  4.62718e-12
      23090.0  4.61255e-12
      23100.0  4.60616e-12
      23110.0  4.60795e-12
      23120.0  4.61784e-12
      23130.0  4.63571e-12
      23140.0  4.66141e-12
      23150.0  4.69476e-12
      23160.0  4.73553e-12
      23170.0  4.78348e-12
      23180.0  4.83832e-12
      23190.0  4.89975e-12
      23200.0  4.96742e-12
      23210.0  5.04098e-12
      23220.0  5.12003e-12
      23230.0  5.20415e-12
      23240.0  5.29292e-12
      23250.0  5.38588e-12
      23260.0  5.48257e-12
      23270.0  5.58250e-12
      23280.0  5.68519e-12
      23290.0  5.79014e-12
      23300.0  5.89683e-12
      23310.0  6.00477e-12
      23320.0  6.11345e-12
      23330.0  6.22235e-12
      23340.0  6.33099e-12
      23350.0  6.43887e-12
      23360.0  6.54550e-12
      23370.0  6.65042e-12
      23380.0  6.75317e-12
      23390.0  6.85330e-12
      23400.0  6.95040e-12
      23410.0  7.04406e-12
      23420.0  7.13390e-12
      23430.0  7.21954e-12
      23440.0  7.30066e-12
      23450.0  7.37694e-12
      23460.0  7.44807e-12
      23470.0  7.51380e-12
      23480.0  7.57388e-12
      23490.0  7.62810e-12
      23500.0  7.67625e-12
      23510.0  7.71818e-12
      23520.0  7.75375e-12
      23530.0  7.78283e-12
      23540.0  7.80534e-12
      23550.0  7.82121e-12
      23560.0  7.83039e-12
      23570.0  7.83289e-12
      23580.0  7.82870e-12
      23590.0  7.81785e-12
      23600.0  7.80041e-12
      23610.0  7.77645e-12
      23620.0  7.74609e-12
      23630.0  7.70944e-12
      23640.0  7.66667e-12
      23650.0  7.61796e-12
      23660.0  7.56351e-12
      23670.0  7.50356e-12
      23680.0  7.43835e-12
      23690.0  7.36818e-12
      23700.0  7.29336e-12
      23710.0  7.21423e-12
      23720.0  7.13116e-12
      23730.0  7.04456e-12
      23740.0  6.95485e-12
      23750.0  6.86252e-12
      23760.0  6.76804e-12
      23770.0  6.67195e-12
      23780.0  6.57480e-12
      23790.0  6.47719e-12
      23800.0  6.37972e-12
      23810.0  6.28302e-12
      23820.0  6.18776e-12
      23830.0  6.09474e-12
      23840.0  6.00452e-12
      23850.0  5.91773e-12
      23860.0  5.83504e-12
      23870.0  5.75709e-12
      23880.0  5.68449e-12
      23890.0  5.61781e-12
      23900.0  5.55759e-12
      23910.0  5.50429e-12
      23920.0  5.45832e-12
      23930.0  5.42003e-12
      23940.0  5.38965e-12
      23950.0  5.36738e-12
      23960.0  5.35331e-12
      23970.0  5.34745e-12
      23980.0  5.34972e-12
      23990.0  5.36000e-12
      24000.0  5.37805e-12
      24010.0  5.40363e-12
      24020.0  5.43639e-12
      24030.0  5.47597e-12
      24040.0  5.52198e-12
      24050.0  5.57400e-12
      24060.0  5.63160e-12
      24070.0  5.69437e-12
      24080.0  5.76187e-12
      24090.0  5.83370e-12
      24100.0  5.90949e-12
      24110.0  5.98888e-12
      24120.0  6.07152e-12
      24130.0  6.15712e-12
      24140.0  6.24540e-12
      24150.0  6.33610e-12
      24160.0  6.42899e-12
      24170.0  6.52385e-12
      24180.0  6.62050e-12
      24190.0  6.71875e-12
      24200.0  6.81842e-12
      24210.0  6.91933e-12
      24220.0  7.02132e-12
      24230.0  7.12422e-12
      24240.0  7.22784e-12
      24250.0  7.33201e-12
      24260.0  7.43653e-12
      24270.0  7.54121e-12
      24280.0  7.64584e-12
      24290.0  7.75020e-12
      24300.0  7.85406e-12
      24310.0  7.95717e-12
      24320.0  8.05928e-12
      24330.0  8.16012e-12
      24340.0  8.25942e-12
      24350.0  8.35687e-12
      24360.0  8.45216e-12
      24370.0  8.54497e-12
      24380.0  8.63496e-12
      24390.0  8.72178e-12
      24400.0  8.80508e-12
      24410.0  8.88447e-12
      24420.0  8.95959e-12
      24430.0  9.03006e-12
      24440.0  9.09552e-12
      24450.0  9.15562e-12
      24460.0  9.21003e-12
      24470.0  9.25844e-12
      24480.0  9.30058e-12
      24490.0  9.33626e-12
      24500.0  9.36529e-12
      24510.0  9.38760e-12
      24520.0  9.40315e-12
      24530.0  9.41200e-12
      24540.0  9.41427e-12
      24550.0  9.41019e-12
      24560.0  9.40003e-12
      24570.0  9.38417e-12
      24580.0  9.36305e-12
      24590.0  9.33716e-12
      24600.0  9.30706e-12
      24610.0  9.27331e-12
      24620.0  9.23654e-12
      24630.0  9.19737e-12
      24640.0  9.15640e-12
      24650.0  9.11424e-12
      24660.0  9.07146e-12
      24670.0  9.02859e-12
      24680.0  8.98610e-12
      24690.0  8.94441e-12
      24700.0  8.90390e-12
      24710.0  8.86484e-12
      24720.0  8.82749e-12
      24730.0  8.79202e-12
      24740.0  8.75855e-12
      24750.0  8.72713e-12
      24760.0  8.69781e-12
      24770.0  8.67055e-12
      24780.0  8.64532e-12
      24790.0  8.62204e-12
      24800.0  8.60063e-12
      24810.0  8.58100e-12
      24820.0  8.56303e-12
      24830.0  8.54661e-12
      24840.0  8.53166e-12
      24850.0  8.51805e-12
      24860.0  8.50571e-12
      24870.0  8.49452e-12
      24880.0  8.48440e-12
      24890.0  8.47528e-12
      24900.0  8.46706e-12
      24910.0  8.45967e-12
      24920.0  8.45305e-12
      24930.0  8.44712e-12
      24940.0  8.44183e-12
      24950.0  8.43710e-12
      24960.0  8.43288e-12
      24970.0  8.42913e-12
      24980.0  8.42578e-12
      24990.0  8.42281e-12
      25000.0  8.42015e-12
