      1000.00  7.99945e-14
      1010.00  9.69199e-14
      1020.00  1.17805e-13
      1030.00  1.43448e-13
      1040.00  1.74841e-13
      1050.00  2.13115e-13
      1060.00  2.59533e-13
      1070.00  3.15461e-13
      1080.00  3.82335e-13
      1090.00  4.61608e-13
      1100.00  5.54680e-13
      1110.00  6.62832e-13
      1120.00  7.87143e-13
      1130.00  9.28425e-13
      1140.00  1.08716e-12
      1150.00  1.26346e-12
      1160.00  1.45702e-12
      1170.00  1.66712e-12
      1180.00  1.89261e-12
      1190.00  2.13195e-12
      1200.00  2.38321e-12
      1210.00  2.64411e-12
      1220.00  2.91211e-12
      1230.00  3.18442e-12
      1240.00  3.45812e-12
      1250.00  3.73022e-12
      1260.00  3.99771e-12
      1270.00  4.25772e-12
      1280.00  4.50753e-12
      1290.00  4.74466e-12
      1300.00  4.96695e-12
      1310.00  5.17259e-12
      1320.00  5.36017e-12
      1330.00  5.52867e-12
      1340.00  5.67753e-12
      1350.00  5.80659e-12
      1360.00  5.91610e-12
      1370.00  6.00674e-12
      1380.00  6.07955e-12
      1390.00  6.13598e-12
      1400.00  6.17783e-12
      1410.00  6.20728e-12
      1420.00  6.22691e-12
      1430.00  6.23969e-12
      1440.00  6.24903e-12
      1450.00  6.25877e-12
      1460.00  6.27316e-12
      1470.00  6.29679e-12
      1480.00  6.33441e-12
      1490.00  6.39072e-12
      1500.00  6.47001e-12
      1510.00  6.57576e-12
      1520.00  6.71016e-12
      1530.00  6.87367e-12
      1540.00  7.06472e-12
      1550.00  7.27950e-12
      1560.00  7.51207e-12
      1570.00  7.75474e-12
      1580.00  7.99870e-12
      1590.00  8.23489e-12
      1600.00  8.45493e-12
      1610.00  8.65209e-12
      1620.00  8.82200e-12
      1630.00  8.96319e-12
      1640.00  9.07721e-12
      1650.00  9.16845e-12
      1660.00  9.24367e-12
      1670.00  9.31132e-12
      1680.00  9.38075e-12
      1690.00  9.46149e-12
      1700.00  9.56253e-12
      1710.00  9.69175e-12
      1720.00  9.85553e-12
      1730.00  1.00584e-11
      1740.00  1.03029e-11
      1750.00  1.05893e-11
      1760.00  1.09158e-11
      1770.00  1.12783e-11
      1780.00  1.16710e-11
      1790.00  1.20860e-11
      1800.00  1.25144e-11
      1810.00  1.29464e-11
      1820.00  1.33722e-11
      1830.00  1.37825e-11
      1840.00  1.41690e-11
      1850.00  1.45254e-11
      1860.00  1.48473e-11
      1870.00  1.51325e-11
      1880.00  1.53811e-11
      1890.00  1.55950e-11
      1900.00  1.57778e-11
      1910.00  1.59341e-11
      1920.00  1.60693e-11
      1930.00  1.61888e-11
      1940.00  1.62975e-11
      1950.00  1.64000e-11
      1960.00  1.64999e-11
      1970.00  1.65996e-11
      1980.00  1.67007e-11
      1990.00  1.68038e-11
      2000.00  1.69088e-11
      2010.00  1.70146e-11
      2020.00  1.71202e-11
      2030.00  1.72238e-11
      2040.00  1.73241e-11
      2050.00  1.74197e-11
      2060.00  1.75093e-11
      2070.00  1.75921e-11
      2080.00  1.76676e-11
      2090.00  1.77356e-11
      2100.00  1.77962e-11
      2110.00  1.78497e-11
      2120.00  1.78966e-11
      2130.00  1.79376e-11
      2140.00  1.79734e-11
      2150.00  1.80046e-11
      2160.00  1.80321e-11
      2170.00  1.80564e-11
      2180.00  1.80780e-11
      2190.00  1.80976e-11
      2200.00  1.81155e-11
      2210.00  1.81321e-11
      2220.00  1.81479e-11
      2230.00  1.81634e-11
      2240.00  1.81794e-11
      2250.00  1.81967e-11
      2260.00  1.82165e-11
      2270.00  1.82400e-11
      2280.00  1.82684e-11
      2290.00  1.83028e-11
      2300.00  1.83440e-11
      2310.00  1.83923e-11
      2320.00  1.84477e-11
      2330.00  1.85096e-11
      2340.00  1.85768e-11
      2350.00  1.86483e-11
      2360.00  1.87229e-11
      2370.00  1.88001e-11
      2380.00  1.88803e-11
      2390.00  1.89651e-11
      2400.00  1.90575e-11
      2410.00  1.91620e-11
      2420.00  1.92842e-11
      2430.00  1.94305e-11
      2440.00  1.96073e-11
      2450.00  1.98197e-11
      2460.00  2.00713e-11
      2470.00  2.03625e-11
      2480.00  2.06907e-11
      2490.00  2.10494e-11
      2500.00  2.14291e-11
      2510.00  2.18180e-11
      2520.00  2.22036e-11
      2530.00  2.25738e-11
      2540.00  2.29191e-11
      2550.00  2.32336e-11
      2560.00  2.35156e-11
      2570.00  2.37682e-11
      2580.00  2.39978e-11
      2590.00  2.42138e-11
      2600.00  2.44268e-11
      2610.00  2.46473e-11
      2620.00  2.48845e-11
      2630.00  2.51456e-11
      2640.00  2.54353e-11
      2650.00  2.57681e-11
      2660.00  2.67855e-11
      2670.00  3.43744e-11
      2680.00  5.22115e-11
      2690.00  6.57059e-11
      2700.00  7.29553e-11
      2710.00  7.70231e-11
      2720.00  7.96502e-11
      2730.00  8.19298e-11
      2740.00  8.36830e-11
      2750.00  8.58315e-11
      2760.00  8.86248e-11
      2770.00  8.97069e-11
      2780.00  8.89811e-11
      2790.00  8.78409e-11
      2800.00  8.64742e-11
      2810.00  8.60103e-11
      2820.00  8.77679e-11
      2830.00  8.94264e-11
      2840.00  9.00916e-11
      2850.00  9.28383e-11
      2860.00  9.94227e-11
      2870.00  1.09980e-10
      2880.00  1.20571e-10
      2890.00  1.28481e-10
      2900.00  1.33373e-10
      2910.00  1.32505e-10
      2920.00  1.25411e-10
      2930.00  1.21033e-10
      2940.00  1.19717e-10
      2950.00  1.17158e-10
      2960.00  1.13342e-10
      2970.00  1.10016e-10
      2980.00  1.07342e-10
      2990.00  1.04955e-10
      3000.00  1.02258e-10
      3010.00  9.92745e-11
      3020.00  9.76033e-11
      3030.00  9.82155e-11
      3040.00  9.75080e-11
      3050.00  9.47326e-11
      3060.00  9.63097e-11
      3070.00  1.02827e-10
      3080.00  1.07619e-10
      3090.00  1.08179e-10
      3100.00  1.06701e-10
      3110.00  1.06177e-10
      3120.00  1.07691e-10
      3130.00  1.08828e-10
      3140.00  1.08843e-10
      3150.00  1.10884e-10
      3160.00  1.14521e-10
      3170.00  1.17975e-10
      3180.00  1.21788e-10
      3190.00  1.26513e-10
      3200.00  1.29171e-10
      3210.00  1.26501e-10
      3220.00  1.19811e-10
      3230.00  1.12122e-10
      3240.00  1.05490e-10
      3250.00  1.01601e-10
      3260.00  1.00619e-10
      3270.00  1.01662e-10
      3280.00  1.02734e-10
      3290.00  1.01512e-10
      3300.00  1.00729e-10
      3310.00  1.02449e-10
      3320.00  1.04663e-10
      3330.00  1.06192e-10
      3340.00  1.06573e-10
      3350.00  1.06841e-10
      3360.00  1.09251e-10
      3370.00  1.13038e-10
      3380.00  1.17593e-10
      3390.00  1.23068e-10
      3400.00  1.28797e-10
      3410.00  1.34061e-10
      3420.00  1.38077e-10
      3430.00  1.40604e-10
      3440.00  1.42425e-10
      3450.00  1.44564e-10
      3460.00  1.47296e-10
      3470.00  1.50657e-10
      3480.00  1.55330e-10
      3490.00  1.62201e-10
      3500.00  1.70940e-10
      3510.00  1.80206e-10
      3520.00  1.88766e-10
      3530.00  1.95021e-10
      3540.00  1.98822e-10
      3550.00  2.02459e-10
      3560.00  2.07023e-10
      3570.00  2.12291e-10
      3580.00  2.17526e-10
      3590.00  2.21322e-10
      3600.00  2.21180e-10
      3610.00  2.15461e-10
      3620.00  2.09006e-10
      3630.00  2.09299e-10
      3640.00  2.18336e-10
      3650.00  2.33853e-10
      3660.00  2.52751e-10
      3670.00  2.71868e-10
      3680.00  2.87952e-10
      3690.00  2.98127e-10
      3700.00  3.00655e-10
      3710.00  2.95313e-10
      3720.00  2.83685e-10
      3730.00  2.68432e-10
      3740.00  2.51379e-10
      3750.00  2.32692e-10
      3760.00  2.12753e-10
      3770.00  1.93585e-10
      3780.00  1.77646e-10
      3790.00  1.66693e-10
      3800.00  1.62048e-10
      3810.00  1.65178e-10
      3820.00  1.78194e-10
      3830.00  2.03232e-10
      3840.00  2.39944e-10
      3850.00  2.84342e-10
      3860.00  3.31004e-10
      3870.00  3.76168e-10
      3880.00  4.18625e-10
      3890.00  4.58156e-10
      3900.00  4.93967e-10
      3910.00  5.25070e-10
      3920.00  5.51519e-10
      3930.00  5.74183e-10
      3940.00  5.93360e-10
      3950.00  6.07996e-10
      3960.00  6.15955e-10
      3970.00  6.15030e-10
      3980.00  6.04032e-10
      3990.00  5.83366e-10
      4000.00  5.55198e-10
      4010.00  5.23120e-10
      4020.00  4.91305e-10
      4030.00  4.63434e-10
      4040.00  4.41543e-10
      4050.00  4.25401e-10
      4060.00  4.13054e-10
      4070.00  4.02098e-10
      4080.00  3.90993e-10
      4090.00  3.79867e-10
      4100.00  3.70128e-10
      4110.00  3.63118e-10
      4120.00  3.59107e-10
      4130.00  3.57690e-10
      4140.00  3.58718e-10
      4150.00  3.62305e-10
      4160.00  3.68255e-10
      4170.00  3.75852e-10
      4180.00  3.83928e-10
      4190.00  3.91151e-10
      4200.00  3.96618e-10
      4210.00  4.00270e-10
      4220.00  4.02625e-10
      4230.00  4.04290e-10
      4240.00  4.05851e-10
      4250.00  4.07986e-10
      4260.00  4.11166e-10
      4270.00  4.15447e-10
      4280.00  4.20711e-10
      4290.00  4.26714e-10
      4300.00  4.32436e-10
      4310.00  4.35550e-10
      4320.00  4.33044e-10
      4330.00  4.22761e-10
      4340.00  4.04717e-10
      4350.00  3.81232e-10
      4360.00  3.55688e-10
      4370.00  3.30900e-10
      4380.00  3.08401e-10
      4390.00  2.88871e-10
      4400.00  2.72854e-10
      4410.00  2.60993e-10
      4420.00  2.53950e-10
      4430.00  2.52180e-10
      4440.00  2.55665e-10
      4450.00  2.63922e-10
      4460.00  2.76308e-10
      4470.00  2.92353e-10
      4480.00  3.11943e-10
      4490.00  3.35375e-10
      4500.00  3.63280e-10
      4510.00  3.96390e-10
      4520.00  4.35243e-10
      4530.00  4.79932e-10
      4540.00  5.29754e-10
      4550.00  5.82820e-10
      4560.00  6.36060e-10
      4570.00  6.85929e-10
      4580.00  7.29287e-10
      4590.00  7.63875e-10
      4600.00  7.88398e-10
      4610.00  8.02369e-10
      4620.00  8.05320e-10
      4630.00  7.96185e-10
      4640.00  7.73631e-10
      4650.00  7.37323e-10
      4660.00  6.89118e-10
      4670.00  6.33105e-10
      4680.00  5.74483e-10
      4690.00  5.18141e-10
      4700.00  4.67723e-10
      4710.00  4.25265e-10
      4720.00  3.91309e-10
      4730.00  3.65438e-10
      4740.00  3.47059e-10
      4750.00  3.35941e-10
      4760.00  3.32171e-10
      4770.00  3.35688e-10
      4780.00  3.45747e-10
      4790.00  3.60585e-10
      4800.00  3.77472e-10
      4810.00  3.93219e-10
      4820.00  4.05184e-10
      4830.00  4.12400e-10
      4840.00  4.16123e-10
      4850.00  4.19350e-10
      4860.00  4.25642e-10
      4870.00  4.37987e-10
      4880.00  4.58115e-10
      4890.00  4.86198e-10
      4900.00  5.20743e-10
      4910.00  5.58599e-10
      4920.00  5.95173e-10
      4930.00  6.25048e-10
      4940.00  6.43035e-10
      4950.00  6.45471e-10
      4960.00  6.31360e-10
      4970.00  6.02869e-10
      4980.00  5.64818e-10
      4990.00  5.23163e-10
      5000.00  4.83269e-10
      5010.00  4.48700e-10
      5020.00  4.20930e-10
      5030.00  3.99788e-10
      5040.00  3.84166e-10
      5050.00  3.72671e-10
      5060.00  3.64058e-10
      5070.00  3.57412e-10
      5080.00  3.52148e-10
      5090.00  3.47959e-10
      5100.00  3.44788e-10
      5110.00  3.42788e-10
      5120.00  3.42260e-10
      5130.00  3.43553e-10
      5140.00  3.47007e-10
      5150.00  3.52955e-10
      5160.00  3.61723e-10
      5170.00  3.73564e-10
      5180.00  3.88540e-10
      5190.00  4.06414e-10
      5200.00  4.26665e-10
      5210.00  4.48624e-10
      5220.00  4.71608e-10
      5230.00  4.95028e-10
      5240.00  5.18405e-10
      5250.00  5.41346e-10
      5260.00  5.63489e-10
      5270.00  5.84433e-10
      5280.00  6.03680e-10
      5290.00  6.20642e-10
      5300.00  6.34774e-10
      5310.00  6.45793e-10
      5320.00  6.53905e-10
      5330.00  6.59854e-10
      5340.00  6.64767e-10
      5350.00  6.69856e-10
      5360.00  6.76163e-10
      5370.00  6.84453e-10
      5380.00  6.95281e-10
      5390.00  7.09132e-10
      5400.00  7.26526e-10
      5410.00  7.48021e-10
      5420.00  7.74084e-10
      5430.00  8.04841e-10
      5440.00  8.39811e-10
      5450.00  8.77772e-10
      5460.00  9.16903e-10
      5470.00  9.55148e-10
      5480.00  9.90585e-10
      5490.00  1.02166e-09
      5500.00  1.04726e-09
      5510.00  1.06667e-09
      5520.00  1.07941e-09
      5530.00  1.08504e-09
      5540.00  1.08329e-09
      5550.00  1.07427e-09
      5560.00  1.05849e-09
      5570.00  1.03660e-09
      5580.00  1.00921e-09
      5590.00  9.76912e-10
      5600.00  9.40378e-10
      5610.00  9.00391e-10
      5620.00  8.57853e-10
      5630.00  8.13828e-10
      5640.00  7.69627e-10
      5650.00  7.26831e-10
      5660.00  6.87187e-10
      5670.00  6.52412e-10
      5680.00  6.23983e-10
      5690.00  6.02995e-10
      5700.00  5.90116e-10
      5710.00  5.85622e-10
      5720.00  5.89429e-10
      5730.00  6.01082e-10
      5740.00  6.19682e-10
      5750.00  6.43826e-10
      5760.00  6.71648e-10
      5770.00  7.00994e-10
      5780.00  7.29668e-10
      5790.00  7.55657e-10
      5800.00  7.77304e-10
      5810.00  7.93408e-10
      5820.00  8.03273e-10
      5830.00  8.06679e-10
      5840.00  8.03798e-10
      5850.00  7.95121e-10
      5860.00  7.81418e-10
      5870.00  7.63706e-10
      5880.00  7.43146e-10
      5890.00  7.20838e-10
      5900.00  6.97573e-10
      5910.00  6.73686e-10
      5920.00  6.49121e-10
      5930.00  6.23704e-10
      5940.00  5.97441e-10
      5950.00  5.70708e-10
      5960.00  5.44240e-10
      5970.00  5.18986e-10
      5980.00  4.95901e-10
      5990.00  4.75742e-10
      6000.00  4.58938e-10
      6010.00  4.45559e-10
      6020.00  4.35376e-10
      6030.00  4.27954e-10
      6040.00  4.22756e-10
      6050.00  4.19230e-10
      6060.00  4.16871e-10
      6070.00  4.15271e-10
      6080.00  4.14113e-10
      6090.00  4.13163e-10
      6100.00  4.12273e-10
      6110.00  4.11421e-10
      6120.00  4.10756e-10
      6130.00  4.10604e-10
      6140.00  4.11398e-10
      6150.00  4.13534e-10
      6160.00  4.17180e-10
      6170.00  4.22119e-10
      6180.00  4.27703e-10
      6190.00  4.32980e-10
      6200.00  4.36986e-10
      6210.00  4.39089e-10
      6220.00  4.39119e-10
      6230.00  4.37124e-10
      6240.00  4.33090e-10
      6250.00  4.27126e-10
      6260.00  4.19920e-10
      6270.00  4.12826e-10
      6280.00  4.07399e-10
      6290.00  4.04915e-10
      6300.00  4.06179e-10
      6310.00  4.11553e-10
      6320.00  4.20993e-10
      6330.00  4.34111e-10
      6340.00  4.50343e-10
      6350.00  4.69190e-10
      6360.00  4.90299e-10
      6370.00  5.13372e-10
      6380.00  5.38026e-10
      6390.00  5.63747e-10
      6400.00  5.89983e-10
      6410.00  6.16232e-10
      6420.00  6.42037e-10
      6430.00  6.66891e-10
      6440.00  6.90227e-10
      6450.00  7.11525e-10
      6460.00  7.30398e-10
      6470.00  7.46579e-10
      6480.00  7.59829e-10
      6490.00  7.69888e-10
      6500.00  7.76501e-10
      6510.00  7.79487e-10
      6520.00  7.78808e-10
      6530.00  7.74579e-10
      6540.00  7.67015e-10
      6550.00  7.56356e-10
      6560.00  7.42792e-10
      6570.00  7.26465e-10
      6580.00  7.07477e-10
      6590.00  6.85946e-10
      6600.00  6.62081e-10
      6610.00  6.36225e-10
      6620.00  6.08840e-10
      6630.00  5.80473e-10
      6640.00  5.51709e-10
      6650.00  5.23136e-10
      6660.00  4.95312e-10
      6670.00  4.68744e-10
      6680.00  4.43867e-10
      6690.00  4.21032e-10
      6700.00  4.00504e-10
      6710.00  3.82444e-10
      6720.00  3.66900e-10
      6730.00  3.53809e-10
      6740.00  3.43003e-10
      6750.00  3.34235e-10
      6760.00  3.27208e-10
      6770.00  3.21609e-10
      6780.00  3.17133e-10
      6790.00  3.13514e-10
      6800.00  3.10533e-10
      6810.00  3.08030e-10
      6820.00  3.05907e-10
      6830.00  3.04109e-10
      6840.00  3.02605e-10
      6850.00  3.01354e-10
      6860.00  3.00299e-10
      6870.00  2.99369e-10
      6880.00  2.98498e-10
      6890.00  2.97636e-10
      6900.00  2.96765e-10
      6910.00  2.95882e-10
      6920.00  2.94991e-10
      6930.00  2.94077e-10
      6940.00  2.93091e-10
      6950.00  2.91946e-10
      6960.00  2.90540e-10
      6970.00  2.88792e-10
      6980.00  2.86675e-10
      6990.00  2.84241e-10
      7000.00  2.81624e-10
      7010.00  2.79019e-10
      7020.00  2.76645e-10
      7030.00  2.74718e-10
      7040.00  2.73424e-10
      7050.00  2.72908e-10
      7060.00  2.73267e-10
      7070.00  2.74562e-10
      7080.00  2.76814e-10
      7090.00  2.80018e-10
      7100.00  2.84144e-10
      7110.00  2.89138e-10
      7120.00  2.94921e-10
      7130.00  3.01383e-10
      7140.00  3.08381e-10
      7150.00  3.15738e-10
      7160.00  3.23245e-10
      7170.00  3.30665e-10
      7180.00  3.37747e-10
      7190.00  3.44245e-10
      7200.00  3.49949e-10
      7210.00  3.54716e-10
      7220.00  3.58501e-10
      7230.00  3.61350e-10
      7240.00  3.63387e-10
      7250.00  3.64776e-10
      7260.00  3.65696e-10
      7270.00  3.66342e-10
      7280.00  3.66936e-10
      7290.00  3.67730e-10
      7300.00  3.68977e-10
      7310.00  3.70887e-10
      7320.00  3.73607e-10
      7330.00  3.77211e-10
      7340.00  3.81701e-10
      7350.00  3.86997e-10
      7360.00  3.92928e-10
      7370.00  3.99230e-10
      7380.00  4.05558e-10
      7390.00  4.11506e-10
      7400.00  4.16633e-10
      7410.00  4.20502e-10
      7420.00  4.22734e-10
      7430.00  4.23067e-10
      7440.00  4.21412e-10
      7450.00  4.17865e-10
      7460.00  4.12707e-10
      7470.00  4.06360e-10
      7480.00  3.99357e-10
      7490.00  3.92274e-10
      7500.00  3.85642e-10
      7510.00  3.79856e-10
      7520.00  3.75142e-10
      7530.00  3.71638e-10
      7540.00  3.69511e-10
      7550.00  3.69010e-10
      7560.00  3.70402e-10
      7570.00  3.73835e-10
      7580.00  3.79263e-10
      7590.00  3.86453e-10
      7600.00  3.95069e-10
      7610.00  4.04751e-10
      7620.00  4.15160e-10
      7630.00  4.25988e-10
      7640.00  4.36948e-10
      7650.00  4.47763e-10
      7660.00  4.58156e-10
      7670.00  4.67843e-10
      7680.00  4.76541e-10
      7690.00  4.83975e-10
      7700.00  4.89908e-10
      7710.00  4.94166e-10
      7720.00  4.96661e-10
      7730.00  4.97398e-10
      7740.00  4.96464e-10
      7750.00  4.94008e-10
      7760.00  4.90200e-10
      7770.00  4.85196e-10
      7780.00  4.79114e-10
      7790.00  4.72029e-10
      7800.00  4.63984e-10
      7810.00  4.55017e-10
      7820.00  4.45176e-10
      7830.00  4.34542e-10
      7840.00  4.23228e-10
      7850.00  4.11372e-10
      7860.00  3.99128e-10
      7870.00  3.86661e-10
      7880.00  3.74141e-10
      7890.00  3.61735e-10
      7900.00  3.49606e-10
      7910.00  3.37910e-10
      7920.00  3.26793e-10
      7930.00  3.16369e-10
      7940.00  3.06738e-10
      7950.00  2.97980e-10
      7960.00  2.90143e-10
      7970.00  2.83233e-10
      7980.00  2.77202e-10
      7990.00  2.71952e-10
      8000.00  2.67335e-10
      8010.00  2.63178e-10
      8020.00  2.59293e-10
      8030.00  2.55493e-10
      8040.00  2.51593e-10
      8050.00  2.47415e-10
      8060.00  2.42774e-10
      8070.00  2.37479e-10
      8080.00  2.31327e-10
      8090.00  2.24120e-10
      8100.00  2.15692e-10
      8110.00  2.05942e-10
      8120.00  1.94872e-10
      8130.00  1.82619e-10
      8140.00  1.69471e-10
      8150.00  1.55852e-10
      8160.00  1.42286e-10
      8170.00  1.29333e-10
      8180.00  1.17518e-10
      8190.00  1.07273e-10
      8200.00  9.88910e-11
      8210.00  9.25106e-11
      8220.00  8.81280e-11
      8230.00  8.56211e-11
      8240.00  8.47854e-11
      8250.00  8.53695e-11
      8260.00  8.71102e-11
      8270.00  8.97638e-11
      8280.00  9.31319e-11
      8290.00  9.70795e-11
      8300.00  1.01541e-10
      8310.00  1.06514e-10
      8320.00  1.12044e-10
      8330.00  1.18210e-10
      8340.00  1.25109e-10
      8350.00  1.32854e-10
      8360.00  1.41566e-10
      8370.00  1.51363e-10
      8380.00  1.62339e-10
      8390.00  1.74537e-10
      8400.00  1.87930e-10
      8410.00  2.02405e-10
      8420.00  2.17781e-10
      8430.00  2.33833e-10
      8440.00  2.50321e-10
      8450.00  2.67009e-10
      8460.00  2.83658e-10
      8470.00  3.00018e-10
      8480.00  3.15806e-10
      8490.00  3.30711e-10
      8500.00  3.44421e-10
      8510.00  3.56665e-10
      8520.00  3.67277e-10
      8530.00  3.76230e-10
      8540.00  3.83660e-10
      8550.00  3.89835e-10
      8560.00  3.95112e-10
      8570.00  3.99860e-10
      8580.00  4.04396e-10
      8590.00  4.08942e-10
      8600.00  4.13612e-10
      8610.00  4.18429e-10
      8620.00  4.23351e-10
      8630.00  4.28312e-10
      8640.00  4.33230e-10
      8650.00  4.38018e-10
      8660.00  4.42581e-10
      8670.00  4.46823e-10
      8680.00  4.50653e-10
      8690.00  4.54003e-10
      8700.00  4.56840e-10
      8710.00  4.59170e-10
      8720.00  4.61019e-10
      8730.00  4.62411e-10
      8740.00  4.63342e-10
      8750.00  4.63783e-10
      8760.00  4.63676e-10
      8770.00  4.62956e-10
      8780.00  4.61564e-10
      8790.00  4.59449e-10
      8800.00  4.56576e-10
      8810.00  4.52916e-10
      8820.00  4.48454e-10
      8830.00  4.43190e-10
      8840.00  4.37147e-10
      8850.00  4.30372e-10
      8860.00  4.22930e-10
      8870.00  4.14903e-10
      8880.00  4.06382e-10
      8890.00  3.97466e-10
      8900.00  3.88263e-10
      8910.00  3.78895e-10
      8920.00  3.69751e-10
      8930.00  3.60784e-10
      8940.00  3.52057e-10
      8950.00  3.43696e-10
      8960.00  3.35799e-10
      8970.00  3.28443e-10
      8980.00  3.21671e-10
      8990.00  3.15504e-10
      9000.00  3.09934e-10
      9010.00  3.04938e-10
      9020.00  3.00479e-10
      9030.00  2.96516e-10
      9040.00  2.93008e-10
      9050.00  2.89921e-10
      9060.00  2.87229e-10
      9070.00  2.84907e-10
      9080.00  2.82928e-10
      9090.00  2.81262e-10
      9100.00  2.79870e-10
      9110.00  2.78710e-10
      9120.00  2.77740e-10
      9130.00  2.76923e-10
      9140.00  2.76220e-10
      9150.00  2.75586e-10
      9160.00  2.74966e-10
      9170.00  2.74286e-10
      9180.00  2.73466e-10
      9190.00  2.72435e-10
      9200.00  2.71152e-10
      9210.00  2.69633e-10
      9220.00  2.67965e-10
      9230.00  2.66319e-10
      9240.00  2.64936e-10
      9250.00  2.64101e-10
      9260.00  2.64066e-10
      9270.00  2.64966e-10
      9280.00  2.66740e-10
      9290.00  2.69132e-10
      9300.00  2.71767e-10
      9310.00  2.74281e-10
      9320.00  2.76438e-10
      9330.00  2.78162e-10
      9340.00  2.79510e-10
      9350.00  2.80597e-10
      9360.00  2.81533e-10
      9370.00  2.82398e-10
      9380.00  2.83232e-10
      9390.00  2.84048e-10
      9400.00  2.84841e-10
      9410.00  2.85599e-10
      9420.00  2.86303e-10
      9430.00  2.86931e-10
      9440.00  2.87462e-10
      9450.00  2.87872e-10
      9460.00  2.88139e-10
      9470.00  2.88243e-10
      9480.00  2.88166e-10
      9490.00  2.87895e-10
      9500.00  2.87419e-10
      9510.00  2.86736e-10
      9520.00  2.85849e-10
      9530.00  2.84769e-10
      9540.00  2.83514e-10
      9550.00  2.82109e-10
      9560.00  2.80586e-10
      9570.00  2.78984e-10
      9580.00  2.77349e-10
      9590.00  2.75730e-10
      9600.00  2.74182e-10
      9610.00  2.72761e-10
      9620.00  2.71528e-10
      9630.00  2.70538e-10
      9640.00  2.69851e-10
      9650.00  2.69521e-10
      9660.00  2.69596e-10
      9670.00  2.70123e-10
      9680.00  2.71139e-10
      9690.00  2.72674e-10
      9700.00  2.74749e-10
      9710.00  2.77377e-10
      9720.00  2.80559e-10
      9730.00  2.84289e-10
      9740.00  2.88549e-10
      9750.00  2.93313e-10
      9760.00  2.98543e-10
      9770.00  3.04196e-10
      9780.00  3.10220e-10
      9790.00  3.16555e-10
      9800.00  3.23137e-10
      9810.00  3.29896e-10
      9820.00  3.36761e-10
      9830.00  3.43656e-10
      9840.00  3.50504e-10
      9850.00  3.57230e-10
      9860.00  3.63757e-10
      9870.00  3.70012e-10
      9880.00  3.75923e-10
      9890.00  3.81422e-10
      9900.00  3.86447e-10
      9910.00  3.90937e-10
      9920.00  3.94841e-10
      9930.00  3.98113e-10
      9940.00  4.00713e-10
      9950.00  4.02610e-10
      9960.00  4.03782e-10
      9970.00  4.04212e-10
      9980.00  4.03895e-10
      9990.00  4.02835e-10
      10000.0  4.01043e-10
      10010.0  3.98539e-10
      10020.0  3.95355e-10
      10030.0  3.91526e-10
      10040.0  3.87100e-10
      10050.0  3.82129e-10
      10060.0  3.76673e-10
      10070.0  3.70797e-10
      10080.0  3.64574e-10
      10090.0  3.58077e-10
      10100.0  3.51387e-10
      10110.0  3.44586e-10
      10120.0  3.37758e-10
      10130.0  3.30988e-10
      10140.0  3.24359e-10
      10150.0  3.17956e-10
      10160.0  3.11858e-10
      10170.0  3.06141e-10
      10180.0  3.00876e-10
      10190.0  2.96126e-10
      10200.0  2.91944e-10
      10210.0  2.88375e-10
      10220.0  2.85452e-10
      10230.0  2.83193e-10
      10240.0  2.81607e-10
      10250.0  2.80685e-10
      10260.0  2.80407e-10
      10270.0  2.80739e-10
      10280.0  2.81633e-10
      10290.0  2.83031e-10
      10300.0  2.84864e-10
      10310.0  2.87057e-10
      10320.0  2.89525e-10
      10330.0  2.92184e-10
      10340.0  2.94946e-10
      10350.0  2.97724e-10
      10360.0  3.00436e-10
      10370.0  3.03003e-10
      10380.0  3.05355e-10
      10390.0  3.07430e-10
      10400.0  3.09173e-10
      10410.0  3.10543e-10
      10420.0  3.11507e-10
      10430.0  3.12044e-10
      10440.0  3.12143e-10
      10450.0  3.11802e-10
      10460.0  3.11029e-10
      10470.0  3.09840e-10
      10480.0  3.08256e-10
      10490.0  3.06307e-10
      10500.0  3.04027e-10
      10510.0  3.01452e-10
      10520.0  2.98623e-10
      10530.0  2.95582e-10
      10540.0  2.92372e-10
      10550.0  2.89035e-10
      10560.0  2.85614e-10
      10570.0  2.82148e-10
      10580.0  2.78676e-10
      10590.0  2.75234e-10
      10600.0  2.71852e-10
      10610.0  2.68560e-10
      10620.0  2.65380e-10
      10630.0  2.62332e-10
      10640.0  2.59430e-10
      10650.0  2.56685e-10
      10660.0  2.54101e-10
      10670.0  2.51678e-10
      10680.0  2.49415e-10
      10690.0  2.47302e-10
      10700.0  2.45329e-10
      10710.0  2.43483e-10
      10720.0  2.41748e-10
      10730.0  2.40106e-10
      10740.0  2.38539e-10
      10750.0  2.37027e-10
      10760.0  2.35550e-10
      10770.0  2.34091e-10
      10780.0  2.32631e-10
      10790.0  2.31154e-10
      10800.0  2.29645e-10
      10810.0  2.28091e-10
      10820.0  2.26481e-10
      10830.0  2.24806e-10
      10840.0  2.23059e-10
      10850.0  2.21235e-10
      10860.0  2.19333e-10
      10870.0  2.17349e-10
      10880.0  2.15284e-10
      10890.0  2.13139e-10
      10900.0  2.10917e-10
      10910.0  2.08620e-10
      10920.0  2.06251e-10
      10930.0  2.03814e-10
      10940.0  2.01312e-10
      10950.0  1.98747e-10
      10960.0  1.96123e-10
      10970.0  1.93441e-10
      10980.0  1.90705e-10
      10990.0  1.87915e-10
      11000.0  1.85073e-10
      11010.0  1.82179e-10
      11020.0  1.79237e-10
      11030.0  1.76246e-10
      11040.0  1.73208e-10
      11050.0  1.70127e-10
      11060.0  1.67005e-10
      11070.0  1.63847e-10
      11080.0  1.60657e-10
      11090.0  1.57442e-10
      11100.0  1.54209e-10
      11110.0  1.50968e-10
      11120.0  1.47728e-10
      11130.0  1.44500e-10
      11140.0  1.41296e-10
      11150.0  1.38128e-10
      11160.0  1.35011e-10
      11170.0  1.31957e-10
      11180.0  1.28979e-10
      11190.0  1.26092e-10
      11200.0  1.23307e-10
      11210.0  1.20636e-10
      11220.0  1.18091e-10
      11230.0  1.15679e-10
      11240.0  1.13409e-10
      11250.0  1.11285e-10
      11260.0  1.09313e-10
      11270.0  1.07494e-10
      11280.0  1.05827e-10
      11290.0  1.04310e-10
      11300.0  1.02939e-10
      11310.0  1.01706e-10
      11320.0  1.00605e-10
      11330.0  9.96234e-11
      11340.0  9.87513e-11
      11350.0  9.79758e-11
      11360.0  9.72829e-11
      11370.0  9.66584e-11
      11380.0  9.60873e-11
      11390.0  9.55546e-11
      11400.0  9.50452e-11
      11410.0  9.45447e-11
      11420.0  9.40391e-11
      11430.0  9.35152e-11
      11440.0  9.29612e-11
      11450.0  9.23664e-11
      11460.0  9.17215e-11
      11470.0  9.10189e-11
      11480.0  9.02525e-11
      11490.0  8.94182e-11
      11500.0  8.85133e-11
      11510.0  8.75371e-11
      11520.0  8.64903e-11
      11530.0  8.53753e-11
      11540.0  8.41961e-11
      11550.0  8.29577e-11
      11560.0  8.16665e-11
      11570.0  8.03296e-11
      11580.0  7.89551e-11
      11590.0  7.75515e-11
      11600.0  7.61278e-11
      11610.0  7.46931e-11
      11620.0  7.32564e-11
      11630.0  7.18267e-11
      11640.0  7.04124e-11
      11650.0  6.90215e-11
      11660.0  6.76615e-11
      11670.0  6.63390e-11
      11680.0  6.50600e-11
      11690.0  6.38293e-11
      11700.0  6.26513e-11
      11710.0  6.15291e-11
      11720.0  6.04650e-11
      11730.0  5.94606e-11
      11740.0  5.85164e-11
      11750.0  5.76321e-11
      11760.0  5.68069e-11
      11770.0  5.60389e-11
      11780.0  5.53259e-11
      11790.0  5.46649e-11
      11800.0  5.40525e-11
      11810.0  5.34847e-11
      11820.0  5.29573e-11
      11830.0  5.24656e-11
      11840.0  5.20048e-11
      11850.0  5.15698e-11
      11860.0  5.11554e-11
      11870.0  5.07566e-11
      11880.0  5.03680e-11
      11890.0  4.99847e-11
      11900.0  4.96018e-11
      11910.0  4.92147e-11
      11920.0  4.88190e-11
      11930.0  4.84110e-11
      11940.0  4.79872e-11
      11950.0  4.75446e-11
      11960.0  4.70811e-11
      11970.0  4.65949e-11
      11980.0  4.60849e-11
      11990.0  4.55509e-11
      12000.0  4.49931e-11
      12010.0  4.44126e-11
      12020.0  4.38110e-11
      12030.0  4.31908e-11
      12040.0  4.25547e-11
      12050.0  4.19063e-11
      12060.0  4.12495e-11
      12070.0  4.05887e-11
      12080.0  3.99284e-11
      12090.0  3.92736e-11
      12100.0  3.86295e-11
      12110.0  3.80012e-11
      12120.0  3.73940e-11
      12130.0  3.68130e-11
      12140.0  3.62634e-11
      12150.0  3.57502e-11
      12160.0  3.52780e-11
      12170.0  3.48513e-11
      12180.0  3.44745e-11
      12190.0  3.41514e-11
      12200.0  3.38855e-11
      12210.0  3.36800e-11
      12220.0  3.35377e-11
      12230.0  3.34609e-11
      12240.0  3.34514e-11
      12250.0  3.35106e-11
      12260.0  3.36392e-11
      12270.0  3.38375e-11
      12280.0  3.41051e-11
      12290.0  3.44411e-11
      12300.0  3.48439e-11
      12310.0  3.53112e-11
      12320.0  3.58403e-11
      12330.0  3.64276e-11
      12340.0  3.70690e-11
      12350.0  3.77601e-11
      12360.0  3.84956e-11
      12370.0  3.92699e-11
      12380.0  4.00773e-11
      12390.0  4.09113e-11
      12400.0  4.17657e-11
      12410.0  4.26339e-11
      12420.0  4.35093e-11
      12430.0  4.43855e-11
      12440.0  4.52561e-11
      12450.0  4.61150e-11
      12460.0  4.69564e-11
      12470.0  4.77750e-11
      12480.0  4.85655e-11
      12490.0  4.93234e-11
      12500.0  5.00444e-11
      12510.0  5.07249e-11
      12520.0  5.13616e-11
      12530.0  5.19516e-11
      12540.0  5.24926e-11
      12550.0  5.29826e-11
      12560.0  5.34201e-11
      12570.0  5.38039e-11
      12580.0  5.41333e-11
      12590.0  5.44080e-11
      12600.0  5.46278e-11
      12610.0  5.47930e-11
      12620.0  5.49044e-11
      12630.0  5.49629e-11
      12640.0  5.49697e-11
      12650.0  5.49266e-11
      12660.0  5.48353e-11
      12670.0  5.46980e-11
      12680.0  5.45173e-11
      12690.0  5.42957e-11
      12700.0  5.40361e-11
      12710.0  5.37415e-11
      12720.0  5.34151e-11
      12730.0  5.30600e-11
      12740.0  5.26795e-11
      12750.0  5.22767e-11
      12760.0  5.18546e-11
      12770.0  5.14163e-11
      12780.0  5.09643e-11
      12790.0  5.05012e-11
      12800.0  5.00291e-11
      12810.0  4.95498e-11
      12820.0  4.90650e-11
      12830.0  4.85757e-11
      12840.0  4.80828e-11
      12850.0  4.75867e-11
      12860.0  4.70875e-11
      12870.0  4.65850e-11
      12880.0  4.60787e-11
      12890.0  4.55679e-11
      12900.0  4.50517e-11
      12910.0  4.45291e-11
      12920.0  4.39989e-11
      12930.0  4.34600e-11
      12940.0  4.29114e-11
      12950.0  4.23521e-11
      12960.0  4.17813e-11
      12970.0  4.11984e-11
      12980.0  4.06030e-11
      12990.0  3.99953e-11
      13000.0  3.93754e-11
      13010.0  3.87442e-11
      13020.0  3.81026e-11
      13030.0  3.74522e-11
      13040.0  3.67947e-11
      13050.0  3.61324e-11
      13060.0  3.54677e-11
      13070.0  3.48035e-11
      13080.0  3.41427e-11
      13090.0  3.34887e-11
      13100.0  3.28449e-11
      13110.0  3.22146e-11
      13120.0  3.16015e-11
      13130.0  3.10090e-11
      13140.0  3.04406e-11
      13150.0  2.98994e-11
      13160.0  2.93886e-11
      13170.0  2.89111e-11
      13180.0  2.84694e-11
      13190.0  2.80658e-11
      13200.0  2.77023e-11
      13210.0  2.73806e-11
      13220.0  2.71019e-11
      13230.0  2.68674e-11
      13240.0  2.66775e-11
      13250.0  2.65326e-11
      13260.0  2.64325e-11
      13270.0  2.63770e-11
      13280.0  2.63653e-11
      13290.0  2.63964e-11
      13300.0  2.64689e-11
      13310.0  2.65813e-11
      13320.0  2.67317e-11
      13330.0  2.69178e-11
      13340.0  2.71374e-11
      13350.0  2.73877e-11
      13360.0  2.76660e-11
      13370.0  2.79693e-11
      13380.0  2.82943e-11
      13390.0  2.86380e-11
      13400.0  2.89970e-11
      13410.0  2.93679e-11
      13420.0  2.97474e-11
      13430.0  3.01323e-11
      13440.0  3.05194e-11
      13450.0  3.09058e-11
      13460.0  3.12887e-11
      13470.0  3.16654e-11
      13480.0  3.20338e-11
      13490.0  3.23918e-11
      13500.0  3.27376e-11
      13510.0  3.30697e-11
      13520.0  3.33872e-11
      13530.0  3.36891e-11
      13540.0  3.39748e-11
      13550.0  3.42440e-11
      13560.0  3.44967e-11
      13570.0  3.47329e-11
      13580.0  3.49530e-11
      13590.0  3.51573e-11
      13600.0  3.53464e-11
      13610.0  3.55209e-11
      13620.0  3.56816e-11
      13630.0  3.58290e-11
      13640.0  3.59639e-11
      13650.0  3.60870e-11
      13660.0  3.61990e-11
      13670.0  3.63005e-11
      13680.0  3.63921e-11
      13690.0  3.64744e-11
      13700.0  3.65478e-11
      13710.0  3.66128e-11
      13720.0  3.66696e-11
      13730.0  3.67185e-11
      13740.0  3.67598e-11
      13750.0  3.67935e-11
      13760.0  3.68195e-11
      13770.0  3.68379e-11
      13780.0  3.68485e-11
      13790.0  3.68509e-11
      13800.0  3.68448e-11
      13810.0  3.68299e-11
      13820.0  3.68057e-11
      13830.0  3.67716e-11
      13840.0  3.67271e-11
      13850.0  3.66717e-11
      13860.0  3.66049e-11
      13870.0  3.65261e-11
      13880.0  3.64350e-11
      13890.0  3.63313e-11
      13900.0  3.62147e-11
      13910.0  3.60854e-11
      13920.0  3.59434e-11
      13930.0  3.57891e-11
      13940.0  3.56230e-11
      13950.0  3.54458e-11
      13960.0  3.52586e-11
      13970.0  3.50624e-11
      13980.0  3.48585e-11
      13990.0  3.46484e-11
      14000.0  3.44336e-11
      14010.0  3.42157e-11
      14020.0  3.39965e-11
      14030.0  3.37777e-11
      14040.0  3.35609e-11
      14050.0  3.33478e-11
      14060.0  3.31398e-11
      14070.0  3.29384e-11
      14080.0  3.27448e-11
      14090.0  3.25602e-11
      14100.0  3.23854e-11
      14110.0  3.22213e-11
      14120.0  3.20685e-11
      14130.0  3.19274e-11
      14140.0  3.17984e-11
      14150.0  3.16818e-11
      14160.0  3.15778e-11
      14170.0  3.14864e-11
      14180.0  3.14078e-11
      14190.0  3.13420e-11
      14200.0  3.12893e-11
      14210.0  3.12496e-11
      14220.0  3.12232e-11
      14230.0  3.12102e-11
      14240.0  3.12110e-11
      14250.0  3.12258e-11
      14260.0  3.12547e-11
      14270.0  3.12982e-11
      14280.0  3.13564e-11
      14290.0  3.14294e-11
      14300.0  3.15173e-11
      14310.0  3.16201e-11
      14320.0  3.17374e-11
      14330.0  3.18691e-11
      14340.0  3.20145e-11
      14350.0  3.21729e-11
      14360.0  3.23435e-11
      14370.0  3.25252e-11
      14380.0  3.27167e-11
      14390.0  3.29168e-11
      14400.0  3.31240e-11
      14410.0  3.33369e-11
      14420.0  3.35539e-11
      14430.0  3.37736e-11
      14440.0  3.39946e-11
      14450.0  3.42156e-11
      14460.0  3.44357e-11
      14470.0  3.46539e-11
      14480.0  3.48696e-11
      14490.0  3.50826e-11
      14500.0  3.52930e-11
      14510.0  3.55010e-11
      14520.0  3.57075e-11
      14530.0  3.59134e-11
      14540.0  3.61203e-11
      14550.0  3.63297e-11
      14560.0  3.65438e-11
      14570.0  3.67648e-11
      14580.0  3.69951e-11
      14590.0  3.72373e-11
      14600.0  3.74941e-11
      14610.0  3.77682e-11
      14620.0  3.80622e-11
      14630.0  3.83786e-11
      14640.0  3.87198e-11
      14650.0  3.90879e-11
      14660.0  3.94847e-11
      14670.0  3.99118e-11
      14680.0  4.03702e-11
      14690.0  4.08605e-11
      14700.0  4.13830e-11
      14710.0  4.19373e-11
      14720.0  4.25227e-11
      14730.0  4.31379e-11
      14740.0  4.37812e-11
      14750.0  4.44503e-11
      14760.0  4.51426e-11
      14770.0  4.58550e-11
      14780.0  4.65841e-11
      14790.0  4.73260e-11
      14800.0  4.80768e-11
      14810.0  4.88321e-11
      14820.0  4.95876e-11
      14830.0  5.03387e-11
      14840.0  5.10807e-11
      14850.0  5.18092e-11
      14860.0  5.25195e-11
      14870.0  5.32073e-11
      14880.0  5.38683e-11
      14890.0  5.44986e-11
      14900.0  5.50944e-11
      14910.0  5.56524e-11
      14920.0  5.61695e-11
      14930.0  5.66429e-11
      14940.0  5.70706e-11
      14950.0  5.74506e-11
      14960.0  5.77816e-11
      14970.0  5.80627e-11
      14980.0  5.82934e-11
      14990.0  5.84736e-11
      15000.0  5.86038e-11
      15010.0  5.86848e-11
      15020.0  5.87178e-11
      15030.0  5.87043e-11
      15040.0  5.86462e-11
      15050.0  5.85456e-11
      15060.0  5.84050e-11
      15070.0  5.82267e-11
      15080.0  5.80136e-11
      15090.0  5.77685e-11
      15100.0  5.74943e-11
      15110.0  5.71937e-11
      15120.0  5.68698e-11
      15130.0  5.65254e-11
      15140.0  5.61632e-11
      15150.0  5.57860e-11
      15160.0  5.53962e-11
      15170.0  5.49964e-11
      15180.0  5.45890e-11
      15190.0  5.41761e-11
      15200.0  5.37598e-11
      15210.0  5.33421e-11
      15220.0  5.29249e-11
      15230.0  5.25100e-11
      15240.0  5.20991e-11
      15250.0  5.16938e-11
      15260.0  5.12958e-11
      15270.0  5.09065e-11
      15280.0  5.05276e-11
      15290.0  5.01604e-11
      15300.0  4.98065e-11
      15310.0  4.94672e-11
      15320.0  4.91441e-11
      15330.0  4.88386e-11
      15340.0  4.85518e-11
      15350.0  4.82853e-11
      15360.0  4.80401e-11
      15370.0  4.78174e-11
      15380.0  4.76181e-11
      15390.0  4.74433e-11
      15400.0  4.72936e-11
      15410.0  4.71695e-11
      15420.0  4.70714e-11
      15430.0  4.69994e-11
      15440.0  4.69535e-11
      15450.0  4.69334e-11
      15460.0  4.69385e-11
      15470.0  4.69681e-11
      15480.0  4.70211e-11
      15490.0  4.70963e-11
      15500.0  4.71923e-11
      15510.0  4.73074e-11
      15520.0  4.74400e-11
      15530.0  4.75880e-11
      15540.0  4.77495e-11
      15550.0  4.79224e-11
      15560.0  4.81046e-11
      15570.0  4.82938e-11
      15580.0  4.84881e-11
      15590.0  4.86852e-11
      15600.0  4.88833e-11
      15610.0  4.90804e-11
      15620.0  4.92747e-11
      15630.0  4.94648e-11
      15640.0  4.96490e-11
      15650.0  4.98261e-11
      15660.0  4.99949e-11
      15670.0  5.01546e-11
      15680.0  5.03042e-11
      15690.0  5.04433e-11
      15700.0  5.05711e-11
      15710.0  5.06876e-11
      15720.0  5.07923e-11
      15730.0  5.08852e-11
      15740.0  5.09664e-11
      15750.0  5.10357e-11
      15760.0  5.10935e-11
      15770.0  5.11399e-11
      15780.0  5.11751e-11
      15790.0  5.11995e-11
      15800.0  5.12134e-11
      15810.0  5.12171e-11
      15820.0  5.12111e-11
      15830.0  5.11957e-11
      15840.0  5.11716e-11
      15850.0  5.11392e-11
      15860.0  5.10990e-11
      15870.0  5.10518e-11
      15880.0  5.09981e-11
      15890.0  5.09388e-11
      15900.0  5.08746e-11
      15910.0  5.08065e-11
      15920.0  5.07352e-11
      15930.0  5.06618e-11
      15940.0  5.05873e-11
      15950.0  5.05126e-11
      15960.0  5.04389e-11
      15970.0  5.03671e-11
      15980.0  5.02982e-11
      15990.0  5.02332e-11
      16000.0  5.01729e-11
      16010.0  5.01180e-11
      16020.0  5.00691e-11
      16030.0  5.00269e-11
      16040.0  4.99915e-11
      16050.0  4.99631e-11
      16060.0  4.99416e-11
      16070.0  4.99269e-11
      16080.0  4.99185e-11
      16090.0  4.99158e-11
      16100.0  4.99180e-11
      16110.0  4.99241e-11
      16120.0  4.99332e-11
      16130.0  4.99439e-11
      16140.0  4.99550e-11
      16150.0  4.99653e-11
      16160.0  4.99734e-11
      16170.0  4.99780e-11
      16180.0  4.99779e-11
      16190.0  4.99720e-11
      16200.0  4.99592e-11
      16210.0  4.99388e-11
      16220.0  4.99101e-11
      16230.0  4.98725e-11
      16240.0  4.98259e-11
      16250.0  4.97701e-11
      16260.0  4.97052e-11
      16270.0  4.96316e-11
      16280.0  4.95497e-11
      16290.0  4.94603e-11
      16300.0  4.93640e-11
      16310.0  4.92618e-11
      16320.0  4.91545e-11
      16330.0  4.90432e-11
      16340.0  4.89288e-11
      16350.0  4.88123e-11
      16360.0  4.86946e-11
      16370.0  4.85763e-11
      16380.0  4.84583e-11
      16390.0  4.83410e-11
      16400.0  4.82247e-11
      16410.0  4.81098e-11
      16420.0  4.79961e-11
      16430.0  4.78836e-11
      16440.0  4.77719e-11
      16450.0  4.76605e-11
      16460.0  4.75486e-11
      16470.0  4.74354e-11
      16480.0  4.73201e-11
      16490.0  4.72013e-11
      16500.0  4.70781e-11
      16510.0  4.69491e-11
      16520.0  4.68131e-11
      16530.0  4.66687e-11
      16540.0  4.65147e-11
      16550.0  4.63498e-11
      16560.0  4.61728e-11
      16570.0  4.59827e-11
      16580.0  4.57785e-11
      16590.0  4.55594e-11
      16600.0  4.53247e-11
      16610.0  4.50740e-11
      16620.0  4.48070e-11
      16630.0  4.45237e-11
      16640.0  4.42241e-11
      16650.0  4.39087e-11
      16660.0  4.35781e-11
      16670.0  4.32331e-11
      16680.0  4.28748e-11
      16690.0  4.25045e-11
      16700.0  4.21235e-11
      16710.0  4.17335e-11
      16720.0  4.13363e-11
      16730.0  4.09338e-11
      16740.0  4.05280e-11
      16750.0  4.01209e-11
      16760.0  3.97148e-11
      16770.0  3.93116e-11
      16780.0  3.89137e-11
      16790.0  3.85229e-11
      16800.0  3.81412e-11
      16810.0  3.77706e-11
      16820.0  3.74127e-11
      16830.0  3.70691e-11
      16840.0  3.67410e-11
      16850.0  3.64297e-11
      16860.0  3.61360e-11
      16870.0  3.58607e-11
      16880.0  3.56040e-11
      16890.0  3.53663e-11
      16900.0  3.51474e-11
      16910.0  3.49471e-11
      16920.0  3.47649e-11
      16930.0  3.45999e-11
      16940.0  3.44514e-11
      16950.0  3.43183e-11
      16960.0  3.41993e-11
      16970.0  3.40931e-11
      16980.0  3.39984e-11
      16990.0  3.39137e-11
      17000.0  3.38376e-11
      17010.0  3.37687e-11
      17020.0  3.37055e-11
      17030.0  3.36467e-11
      17040.0  3.35912e-11
      17050.0  3.35379e-11
      17060.0  3.34857e-11
      17070.0  3.34339e-11
      17080.0  3.33819e-11
      17090.0  3.33293e-11
      17100.0  3.32757e-11
      17110.0  3.32211e-11
      17120.0  3.31657e-11
      17130.0  3.31097e-11
      17140.0  3.30536e-11
      17150.0  3.29980e-11
      17160.0  3.29435e-11
      17170.0  3.28912e-11
      17180.0  3.28419e-11
      17190.0  3.27966e-11
      17200.0  3.27564e-11
      17210.0  3.27225e-11
      17220.0  3.26960e-11
      17230.0  3.26779e-11
      17240.0  3.26694e-11
      17250.0  3.26714e-11
      17260.0  3.26848e-11
      17270.0  3.27106e-11
      17280.0  3.27495e-11
      17290.0  3.28020e-11
      17300.0  3.28687e-11
      17310.0  3.29499e-11
      17320.0  3.30458e-11
      17330.0  3.31566e-11
      17340.0  3.32821e-11
      17350.0  3.34221e-11
      17360.0  3.35763e-11
      17370.0  3.37441e-11
      17380.0  3.39250e-11
      17390.0  3.41183e-11
      17400.0  3.43230e-11
      17410.0  3.45382e-11
      17420.0  3.47630e-11
      17430.0  3.49961e-11
      17440.0  3.52365e-11
      17450.0  3.54829e-11
      17460.0  3.57341e-11
      17470.0  3.59887e-11
      17480.0  3.62456e-11
      17490.0  3.65033e-11
      17500.0  3.67606e-11
      17510.0  3.70162e-11
      17520.0  3.72690e-11
      17530.0  3.75176e-11
      17540.0  3.77609e-11
      17550.0  3.79978e-11
      17560.0  3.82273e-11
      17570.0  3.84483e-11
      17580.0  3.86599e-11
      17590.0  3.88613e-11
      17600.0  3.90516e-11
      17610.0  3.92301e-11
      17620.0  3.93961e-11
      17630.0  3.95490e-11
      17640.0  3.96883e-11
      17650.0  3.98134e-11
      17660.0  3.99241e-11
      17670.0  4.00197e-11
      17680.0  4.01001e-11
      17690.0  4.01649e-11
      17700.0  4.02139e-11
      17710.0  4.02469e-11
      17720.0  4.02636e-11
      17730.0  4.02639e-11
      17740.0  4.02477e-11
      17750.0  4.02149e-11
      17760.0  4.01655e-11
      17770.0  4.00993e-11
      17780.0  4.00165e-11
      17790.0  3.99171e-11
      17800.0  3.98011e-11
      17810.0  3.96688e-11
      17820.0  3.95205e-11
      17830.0  3.93564e-11
      17840.0  3.91768e-11
      17850.0  3.89824e-11
      17860.0  3.87736e-11
      17870.0  3.85511e-11
      17880.0  3.83157e-11
      17890.0  3.80681e-11
      17900.0  3.78093e-11
      17910.0  3.75403e-11
      17920.0  3.72621e-11
      17930.0  3.69759e-11
      17940.0  3.66827e-11
      17950.0  3.63839e-11
      17960.0  3.60805e-11
      17970.0  3.57738e-11
      17980.0  3.54649e-11
      17990.0  3.51550e-11
      18000.0  3.48451e-11
      18010.0  3.45361e-11
      18020.0  3.42291e-11
      18030.0  3.39247e-11
      18040.0  3.36238e-11
      18050.0  3.33268e-11
      18060.0  3.30343e-11
      18070.0  3.27467e-11
      18080.0  3.24641e-11
      18090.0  3.21868e-11
      18100.0  3.19147e-11
      18110.0  3.16480e-11
      18120.0  3.13864e-11
      18130.0  3.11297e-11
      18140.0  3.08779e-11
      18150.0  3.06305e-11
      18160.0  3.03873e-11
      18170.0  3.01481e-11
      18180.0  2.99125e-11
      18190.0  2.96801e-11
      18200.0  2.94509e-11
      18210.0  2.92244e-11
      18220.0  2.90004e-11
      18230.0  2.87789e-11
      18240.0  2.85596e-11
      18250.0  2.83424e-11
      18260.0  2.81273e-11
      18270.0  2.79143e-11
      18280.0  2.77033e-11
      18290.0  2.74944e-11
      18300.0  2.72877e-11
      18310.0  2.70832e-11
      18320.0  2.68811e-11
      18330.0  2.66815e-11
      18340.0  2.64844e-11
      18350.0  2.62901e-11
      18360.0  2.60985e-11
      18370.0  2.59099e-11
      18380.0  2.57242e-11
      18390.0  2.55416e-11
      18400.0  2.53620e-11
      18410.0  2.51856e-11
      18420.0  2.50122e-11
      18430.0  2.48419e-11
      18440.0  2.46746e-11
      18450.0  2.45103e-11
      18460.0  2.43489e-11
      18470.0  2.41903e-11
      18480.0  2.40345e-11
      18490.0  2.38812e-11
      18500.0  2.37306e-11
      18510.0  2.35823e-11
      18520.0  2.34365e-11
      18530.0  2.32930e-11
      18540.0  2.31518e-11
      18550.0  2.30129e-11
      18560.0  2.28762e-11
      18570.0  2.27418e-11
      18580.0  2.26096e-11
      18590.0  2.24797e-11
      18600.0  2.23521e-11
      18610.0  2.22268e-11
      18620.0  2.21039e-11
      18630.0  2.19834e-11
      18640.0  2.18654e-11
      18650.0  2.17498e-11
      18660.0  2.16367e-11
      18670.0  2.15259e-11
      18680.0  2.14176e-11
      18690.0  2.13116e-11
      18700.0  2.12077e-11
      18710.0  2.11060e-11
      18720.0  2.10063e-11
      18730.0  2.09084e-11
      18740.0  2.08122e-11
      18750.0  2.07175e-11
      18760.0  2.06241e-11
      18770.0  2.05319e-11
      18780.0  2.04407e-11
      18790.0  2.03505e-11
      18800.0  2.02610e-11
      18810.0  2.01722e-11
      18820.0  2.00841e-11
      18830.0  1.99967e-11
      18840.0  1.99099e-11
      18850.0  1.98238e-11
      18860.0  1.97386e-11
      18870.0  1.96544e-11
      18880.0  1.95714e-11
      18890.0  1.94898e-11
      18900.0  1.94099e-11
      18910.0  1.93318e-11
      18920.0  1.92559e-11
      18930.0  1.91824e-11
      18940.0  1.91117e-11
      18950.0  1.90439e-11
      18960.0  1.89793e-11
      18970.0  1.89181e-11
      18980.0  1.88605e-11
      18990.0  1.88066e-11
      19000.0  1.87565e-11
      19010.0  1.87103e-11
      19020.0  1.86679e-11
      19030.0  1.86292e-11
      19040.0  1.85943e-11
      19050.0  1.85628e-11
      19060.0  1.85347e-11
      19070.0  1.85097e-11
      19080.0  1.84875e-11
      19090.0  1.84679e-11
      19100.0  1.84504e-11
      19110.0  1.84348e-11
      19120.0  1.84206e-11
      19130.0  1.84076e-11
      19140.0  1.83954e-11
      19150.0  1.83836e-11
      19160.0  1.83720e-11
      19170.0  1.83601e-11
      19180.0  1.83477e-11
      19190.0  1.83345e-11
      19200.0  1.83202e-11
      19210.0  1.83048e-11
      19220.0  1.82879e-11
      19230.0  1.82696e-11
      19240.0  1.82495e-11
      19250.0  1.82278e-11
      19260.0  1.82045e-11
      19270.0  1.81794e-11
      19280.0  1.81528e-11
      19290.0  1.81248e-11
      19300.0  1.80954e-11
      19310.0  1.80649e-11
      19320.0  1.80336e-11
      19330.0  1.80018e-11
      19340.0  1.79697e-11
      19350.0  1.79377e-11
      19360.0  1.79063e-11
      19370.0  1.78758e-11
      19380.0  1.78467e-11
      19390.0  1.78194e-11
      19400.0  1.77945e-11
      19410.0  1.77723e-11
      19420.0  1.77535e-11
      19430.0  1.77384e-11
      19440.0  1.77276e-11
      19450.0  1.77214e-11
      19460.0  1.77203e-11
      19470.0  1.77245e-11
      19480.0  1.77345e-11
      19490.0  1.77504e-11
      19500.0  1.77724e-11
      19510.0  1.78007e-11
      19520.0  1.78351e-11
      19530.0  1.78756e-11
      19540.0  1.79221e-11
      19550.0  1.79743e-11
      19560.0  1.80318e-11
      19570.0  1.80942e-11
      19580.0  1.81609e-11
      19590.0  1.82312e-11
      19600.0  1.83045e-11
      19610.0  1.83799e-11
      19620.0  1.84565e-11
      19630.0  1.85335e-11
      19640.0  1.86098e-11
      19650.0  1.86844e-11
      19660.0  1.87563e-11
      19670.0  1.88243e-11
      19680.0  1.88876e-11
      19690.0  1.89449e-11
      19700.0  1.89954e-11
      19710.0  1.90380e-11
      19720.0  1.90718e-11
      19730.0  1.90959e-11
      19740.0  1.91097e-11
      19750.0  1.91123e-11
      19760.0  1.91031e-11
      19770.0  1.90818e-11
      19780.0  1.90477e-11
      19790.0  1.90008e-11
      19800.0  1.89407e-11
      19810.0  1.88674e-11
      19820.0  1.87810e-11
      19830.0  1.86815e-11
      19840.0  1.85692e-11
      19850.0  1.84445e-11
      19860.0  1.83078e-11
      19870.0  1.81596e-11
      19880.0  1.80005e-11
      19890.0  1.78311e-11
      19900.0  1.76523e-11
      19910.0  1.74648e-11
      19920.0  1.72694e-11
      19930.0  1.70670e-11
      19940.0  1.68585e-11
      19950.0  1.66447e-11
      19960.0  1.64266e-11
      19970.0  1.62050e-11
      19980.0  1.59809e-11
      19990.0  1.57551e-11
      20000.0  1.55285e-11
      20010.0  1.53018e-11
      20020.0  1.50759e-11
      20030.0  1.48514e-11
      20040.0  1.46291e-11
      20050.0  1.44097e-11
      20060.0  1.41936e-11
      20070.0  1.39816e-11
      20080.0  1.37741e-11
      20090.0  1.35715e-11
      20100.0  1.33744e-11
      20110.0  1.31830e-11
      20120.0  1.29978e-11
      20130.0  1.28189e-11
      20140.0  1.26467e-11
      20150.0  1.24814e-11
      20160.0  1.23231e-11
      20170.0  1.21721e-11
      20180.0  1.20284e-11
      20190.0  1.18921e-11
      20200.0  1.17632e-11
      20210.0  1.16419e-11
      20220.0  1.15280e-11
      20230.0  1.14217e-11
      20240.0  1.13228e-11
      20250.0  1.12312e-11
      20260.0  1.11469e-11
      20270.0  1.10698e-11
      20280.0  1.09998e-11
      20290.0  1.09368e-11
      20300.0  1.08805e-11
      20310.0  1.08310e-11
      20320.0  1.07880e-11
      20330.0  1.07513e-11
      20340.0  1.07210e-11
      20350.0  1.06967e-11
      20360.0  1.06784e-11
      20370.0  1.06660e-11
      20380.0  1.06593e-11
      20390.0  1.06583e-11
      20400.0  1.06628e-11
      20410.0  1.06728e-11
      20420.0  1.06883e-11
      20430.0  1.07091e-11
      20440.0  1.07353e-11
      20450.0  1.07668e-11
      20460.0  1.08035e-11
      20470.0  1.08455e-11
      20480.0  1.08927e-11
      20490.0  1.09451e-11
      20500.0  1.10026e-11
      20510.0  1.10652e-11
      20520.0  1.11327e-11
      20530.0  1.12051e-11
      20540.0  1.12822e-11
      20550.0  1.13639e-11
      20560.0  1.14499e-11
      20570.0  1.15401e-11
      20580.0  1.16341e-11
      20590.0  1.17317e-11
      20600.0  1.18326e-11
      20610.0  1.19363e-11
      20620.0  1.20426e-11
      20630.0  1.21509e-11
      20640.0  1.22609e-11
      20650.0  1.23720e-11
      20660.0  1.24840e-11
      20670.0  1.25963e-11
      20680.0  1.27084e-11
      20690.0  1.28200e-11
      20700.0  1.29307e-11
      20710.0  1.30400e-11
      20720.0  1.31477e-11
      20730.0  1.32535e-11
      20740.0  1.33571e-11
      20750.0  1.34583e-11
      20760.0  1.35571e-11
      20770.0  1.36535e-11
      20780.0  1.37473e-11
      20790.0  1.38388e-11
      20800.0  1.39281e-11
      20810.0  1.40154e-11
      20820.0  1.41010e-11
      20830.0  1.41853e-11
      20840.0  1.42686e-11
      20850.0  1.43514e-11
      20860.0  1.44342e-11
      20870.0  1.45174e-11
      20880.0  1.46016e-11
      20890.0  1.46871e-11
      20900.0  1.47744e-11
      20910.0  1.48638e-11
      20920.0  1.49557e-11
      20930.0  1.50504e-11
      20940.0  1.51480e-11
      20950.0  1.52485e-11
      20960.0  1.53519e-11
      20970.0  1.54581e-11
      20980.0  1.55668e-11
      20990.0  1.56778e-11
      21000.0  1.57906e-11
      21010.0  1.59047e-11
      21020.0  1.60196e-11
      21030.0  1.61346e-11
      21040.0  1.62492e-11
      21050.0  1.63626e-11
      21060.0  1.64741e-11
      21070.0  1.65832e-11
      21080.0  1.66891e-11
      21090.0  1.67913e-11
      21100.0  1.68892e-11
      21110.0  1.69822e-11
      21120.0  1.70698e-11
      21130.0  1.71517e-11
      21140.0  1.72276e-11
      21150.0  1.72969e-11
      21160.0  1.73596e-11
      21170.0  1.74154e-11
      21180.0  1.74642e-11
      21190.0  1.75057e-11
      21200.0  1.75400e-11
      21210.0  1.75669e-11
      21220.0  1.75865e-11
      21230.0  1.75988e-11
      21240.0  1.76037e-11
      21250.0  1.76013e-11
      21260.0  1.75917e-11
      21270.0  1.75750e-11
      21280.0  1.75512e-11
      21290.0  1.75205e-11
      21300.0  1.74830e-11
      21310.0  1.74388e-11
      21320.0  1.73882e-11
      21330.0  1.73312e-11
      21340.0  1.72680e-11
      21350.0  1.71990e-11
      21360.0  1.71241e-11
      21370.0  1.70438e-11
      21380.0  1.69583e-11
      21390.0  1.68677e-11
      21400.0  1.67725e-11
      21410.0  1.66728e-11
      21420.0  1.65691e-11
      21430.0  1.64615e-11
      21440.0  1.63506e-11
      21450.0  1.62366e-11
      21460.0  1.61200e-11
      21470.0  1.60011e-11
      21480.0  1.58803e-11
      21490.0  1.57582e-11
      21500.0  1.56350e-11
      21510.0  1.55113e-11
      21520.0  1.53875e-11
      21530.0  1.52641e-11
      21540.0  1.51416e-11
      21550.0  1.50204e-11
      21560.0  1.49011e-11
      21570.0  1.47840e-11
      21580.0  1.46698e-11
      21590.0  1.45588e-11
      21600.0  1.44514e-11
      21610.0  1.43483e-11
      21620.0  1.42497e-11
      21630.0  1.41560e-11
      21640.0  1.40678e-11
      21650.0  1.39853e-11
      21660.0  1.39088e-11
      21670.0  1.38387e-11
      21680.0  1.37753e-11
      21690.0  1.37188e-11
      21700.0  1.36694e-11
      21710.0  1.36273e-11
      21720.0  1.35927e-11
      21730.0  1.35657e-11
      21740.0  1.35464e-11
      21750.0  1.35348e-11
      21760.0  1.35310e-11
      21770.0  1.35349e-11
      21780.0  1.35465e-11
      21790.0  1.35658e-11
      21800.0  1.35926e-11
      21810.0  1.36269e-11
      21820.0  1.36685e-11
      21830.0  1.37171e-11
      21840.0  1.37728e-11
      21850.0  1.38352e-11
      21860.0  1.39041e-11
      21870.0  1.39793e-11
      21880.0  1.40606e-11
      21890.0  1.41478e-11
      21900.0  1.42404e-11
      21910.0  1.43384e-11
      21920.0  1.44414e-11
      21930.0  1.45491e-11
      21940.0  1.46612e-11
      21950.0  1.47775e-11
      21960.0  1.48977e-11
      21970.0  1.50214e-11
      21980.0  1.51483e-11
      21990.0  1.52782e-11
      22000.0  1.54107e-11
      22010.0  1.55456e-11
      22020.0  1.56824e-11
      22030.0  1.58209e-11
      22040.0  1.59607e-11
      22050.0  1.61015e-11
      22060.0  1.62430e-11
      22070.0  1.63848e-11
      22080.0  1.65265e-11
      22090.0  1.66679e-11
      22100.0  1.68084e-11
      22110.0  1.69478e-11
      22120.0  1.70857e-11
      22130.0  1.72216e-11
      22140.0  1.73552e-11
      22150.0  1.74861e-11
      22160.0  1.76139e-11
      22170.0  1.77382e-11
      22180.0  1.78585e-11
      22190.0  1.79745e-11
      22200.0  1.80858e-11
      22210.0  1.81919e-11
      22220.0  1.82925e-11
      22230.0  1.83871e-11
      22240.0  1.84753e-11
      22250.0  1.85569e-11
      22260.0  1.86313e-11
      22270.0  1.86983e-11
      22280.0  1.87575e-11
      22290.0  1.88086e-11
      22300.0  1.88513e-11
      22310.0  1.88853e-11
      22320.0  1.89103e-11
      22330.0  1.89262e-11
      22340.0  1.89326e-11
      22350.0  1.89295e-11
      22360.0  1.89167e-11
      22370.0  1.88940e-11
      22380.0  1.88615e-11
      22390.0  1.88190e-11
      22400.0  1.87665e-11
      22410.0  1.87041e-11
      22420.0  1.86319e-11
      22430.0  1.85498e-11
      22440.0  1.84581e-11
      22450.0  1.83570e-11
      22460.0  1.82465e-11
      22470.0  1.81270e-11
      22480.0  1.79987e-11
      22490.0  1.78620e-11
      22500.0  1.77170e-11
      22510.0  1.75642e-11
      22520.0  1.74039e-11
      22530.0  1.72365e-11
      22540.0  1.70625e-11
      22550.0  1.68821e-11
      22560.0  1.66960e-11
      22570.0  1.65045e-11
      22580.0  1.63080e-11
      22590.0  1.61071e-11
      22600.0  1.59023e-11
      22610.0  1.56939e-11
      22620.0  1.54825e-11
      22630.0  1.52685e-11
      22640.0  1.50524e-11
      22650.0  1.48348e-11
      22660.0  1.46160e-11
      22670.0  1.43965e-11
      22680.0  1.41768e-11
      22690.0  1.39573e-11
      22700.0  1.37385e-11
      22710.0  1.35208e-11
      22720.0  1.33046e-11
      22730.0  1.30903e-11
      22740.0  1.28784e-11
      22750.0  1.26693e-11
      22760.0  1.24632e-11
      22770.0  1.22607e-11
      22780.0  1.20621e-11
      22790.0  1.18677e-11
      22800.0  1.16780e-11
      22810.0  1.14932e-11
      22820.0  1.13137e-11
      22830.0  1.11399e-11
      22840.0  1.09721e-11
      22850.0  1.08106e-11
      22860.0  1.06557e-11
      22870.0  1.05077e-11
      22880.0  1.03670e-11
      22890.0  1.02339e-11
      22900.0  1.01086e-11
      22910.0  9.99151e-12
      22920.0  9.88279e-12
      22930.0  9.78275e-12
      22940.0  9.69165e-12
      22950.0  9.60973e-12
      22960.0  9.53720e-12
      22970.0  9.47429e-12
      22980.0  9.42116e-12
      22990.0  9.37800e-12
      23000.0  9.34493e-12
      23010.0  9.32206e-12
      23020.0  9.30949e-12
      23030.0  9.30725e-12
      23040.0  9.31535e-12
      23050.0  9.33378e-12
      23060.0  9.36246e-12
      23070.0  9.40129e-12
      23080.0  9.45011e-12
      23090.0  9.50873e-12
      23100.0  9.57691e-12
      23110.0  9.65435e-12
      23120.0  9.74071e-12
      23130.0  9.83561e-12
      23140.0  9.93862e-12
      23150.0  1.00493e-11
      23160.0  1.01670e-11
      23170.0  1.02913e-11
      23180.0  1.04216e-11
      23190.0  1.05571e-11
      23200.0  1.06973e-11
      23210.0  1.08414e-11
      23220.0  1.09888e-11
      23230.0  1.11387e-11
      23240.0  1.12902e-11
      23250.0  1.14428e-11
      23260.0  1.15955e-11
      23270.0  1.17477e-11
      23280.0  1.18986e-11
      23290.0  1.20474e-11
      23300.0  1.21934e-11
      23310.0  1.23359e-11
      23320.0  1.24743e-11
      23330.0  1.26078e-11
      23340.0  1.27358e-11
      23350.0  1.28579e-11
      23360.0  1.29733e-11
      23370.0  1.30818e-11
      23380.0  1.31828e-11
      23390.0  1.32759e-11
      23400.0  1.33607e-11
      23410.0  1.34371e-11
      23420.0  1.35047e-11
      23430.0  1.35633e-11
      23440.0  1.36128e-11
      23450.0  1.36531e-11
      23460.0  1.36841e-11
      23470.0  1.37058e-11
      23480.0  1.37182e-11
      23490.0  1.37215e-11
      23500.0  1.37156e-11
      23510.0  1.37008e-11
      23520.0  1.36771e-11
      23530.0  1.36449e-11
      23540.0  1.36042e-11
      23550.0  1.35554e-11
      23560.0  1.34986e-11
      23570.0  1.34343e-11
      23580.0  1.33625e-11
      23590.0  1.32838e-11
      23600.0  1.31984e-11
      23610.0  1.31066e-11
      23620.0  1.30088e-11
      23630.0  1.29054e-11
      23640.0  1.27967e-11
      23650.0  1.26832e-11
      23660.0  1.25652e-11
      23670.0  1.24432e-11
      23680.0  1.23176e-11
      23690.0  1.21890e-11
      23700.0  1.20577e-11
      23710.0  1.19243e-11
      23720.0  1.17894e-11
      23730.0  1.16535e-11
      23740.0  1.15172e-11
      23750.0  1.13811e-11
      23760.0  1.12460e-11
      23770.0  1.11126e-11
      23780.0  1.09815e-11
      23790.0  1.08535e-11
      23800.0  1.07295e-11
      23810.0  1.06102e-11
      23820.0  1.04965e-11
      23830.0  1.03894e-11
      23840.0  1.02896e-11
      23850.0  1.01979e-11
      23860.0  1.01150e-11
      23870.0  1.00417e-11
      23880.0  9.97864e-12
      23890.0  9.92642e-12
      23900.0  9.88556e-12
      23910.0  9.85644e-12
      23920.0  9.83935e-12
      23930.0  9.83444e-12
      23940.0  9.84171e-12
      23950.0  9.86105e-12
      23960.0  9.89219e-12
      23970.0  9.93474e-12
      23980.0  9.98817e-12
      23990.0  1.00519e-11
      24000.0  1.01251e-11
      24010.0  1.02070e-11
      24020.0  1.02968e-11
      24030.0  1.03936e-11
      24040.0  1.04964e-11
      24050.0  1.06043e-11
      24060.0  1.07165e-11
      24070.0  1.08321e-11
      24080.0  1.09503e-11
      24090.0  1.10705e-11
      24100.0  1.11920e-11
      24110.0  1.13143e-11
      24120.0  1.14369e-11
      24130.0  1.15594e-11
      24140.0  1.16816e-11
      24150.0  1.18032e-11
      24160.0  1.19240e-11
      24170.0  1.20439e-11
      24180.0  1.21630e-11
      24190.0  1.22811e-11
      24200.0  1.23982e-11
      24210.0  1.25143e-11
      24220.0  1.26294e-11
      24230.0  1.27435e-11
      24240.0  1.28566e-11
      24250.0  1.29687e-11
      24260.0  1.30797e-11
      24270.0  1.31895e-11
      24280.0  1.32980e-11
      24290.0  1.34052e-11
      24300.0  1.35107e-11
      24310.0  1.36146e-11
      24320.0  1.37166e-11
      24330.0  1.38165e-11
      24340.0  1.39140e-11
      24350.0  1.40090e-11
      24360.0  1.41011e-11
      24370.0  1.41901e-11
      24380.0  1.42757e-11
      24390.0  1.43577e-11
      24400.0  1.44357e-11
      24410.0  1.45094e-11
      24420.0  1.45787e-11
      24430.0  1.46431e-11
      24440.0  1.47025e-11
      24450.0  1.47566e-11
      24460.0  1.48051e-11
      24470.0  1.48480e-11
      24480.0  1.48850e-11
      24490.0  1.49161e-11
      24500.0  1.49411e-11
      24510.0  1.49602e-11
      24520.0  1.49733e-11
      24530.0  1.49806e-11
      24540.0  1.49823e-11
      24550.0  1.49785e-11
      24560.0  1.49698e-11
      24570.0  1.49564e-11
      24580.0  1.49387e-11
      24590.0  1.49174e-11
      24600.0  1.48929e-11
      24610.0  1.48658e-11
      24620.0  1.48368e-11
      24630.0  1.48063e-11
      24640.0  1.47752e-11
      24650.0  1.47439e-11
      24660.0  1.47130e-11
      24670.0  1.46832e-11
      24680.0  1.46549e-11
      24690.0  1.46285e-11
      24700.0  1.46045e-11
      24710.0  1.45831e-11
      24720.0  1.45647e-11
      24730.0  1.45493e-11
      24740.0  1.45371e-11
      24750.0  1.45282e-11
      24760.0  1.45224e-11
      24770.0  1.45196e-11
      24780.0  1.45197e-11
      24790.0  1.45224e-11
      24800.0  1.45276e-11
      24810.0  1.45347e-11
      24820.0  1.45437e-11
      24830.0  1.45540e-11
      24840.0  1.45654e-11
      24850.0  1.45775e-11
      24860.0  1.45901e-11
      24870.0  1.46028e-11
      24880.0  1.46155e-11
      24890.0  1.46278e-11
      24900.0  1.46397e-11
      24910.0  1.46509e-11
      24920.0  1.46615e-11
      24930.0  1.46713e-11
      24940.0  1.46804e-11
      24950.0  1.46887e-11
      24960.0  1.46962e-11
      24970.0  1.47030e-11
      24980.0  1.47091e-11
      24990.0  1.47146e-11
      25000.0  1.47195e-11
