      1000.00  1.67348e-12
      1010.00  2.06874e-12
      1020.00  2.56587e-12
      1030.00  3.18824e-12
      1040.00  3.96535e-12
      1050.00  4.93193e-12
      1060.00  6.12817e-12
      1070.00  7.59945e-12
      1080.00  9.39576e-12
      1090.00  1.15706e-11
      1100.00  1.41793e-11
      1110.00  1.72772e-11
      1120.00  2.09175e-11
      1130.00  2.51482e-11
      1140.00  3.00107e-11
      1150.00  3.55371e-11
      1160.00  4.17484e-11
      1170.00  4.86531e-11
      1180.00  5.62462e-11
      1190.00  6.45084e-11
      1200.00  7.34057e-11
      1210.00  8.28901e-11
      1220.00  9.28997e-11
      1230.00  1.03360e-10
      1240.00  1.14186e-10
      1250.00  1.25283e-10
      1260.00  1.36551e-10
      1270.00  1.47885e-10
      1280.00  1.59179e-10
      1290.00  1.70331e-10
      1300.00  1.81239e-10
      1310.00  1.91810e-10
      1320.00  2.01961e-10
      1330.00  2.11618e-10
      1340.00  2.20719e-10
      1350.00  2.29214e-10
      1360.00  2.37068e-10
      1370.00  2.44260e-10
      1380.00  2.50781e-10
      1390.00  2.56635e-10
      1400.00  2.61840e-10
      1410.00  2.66424e-10
      1420.00  2.70424e-10
      1430.00  2.73886e-10
      1440.00  2.76863e-10
      1450.00  2.79412e-10
      1460.00  2.81593e-10
      1470.00  2.83469e-10
      1480.00  2.85100e-10
      1490.00  2.86546e-10
      1500.00  2.87863e-10
      1510.00  2.89103e-10
      1520.00  2.90313e-10
      1530.00  2.91535e-10
      1540.00  2.92805e-10
      1550.00  2.94152e-10
      1560.00  2.95603e-10
      1570.00  2.97177e-10
      1580.00  2.98891e-10
      1590.00  3.00759e-10
      1600.00  3.02788e-10
      1610.00  3.04987e-10
      1620.00  3.07361e-10
      1630.00  3.09914e-10
      1640.00  3.12648e-10
      1650.00  3.15565e-10
      1660.00  3.18666e-10
      1670.00  3.21952e-10
      1680.00  3.25424e-10
      1690.00  3.29080e-10
      1700.00  3.32920e-10
      1710.00  3.36945e-10
      1720.00  3.41153e-10
      1730.00  3.45542e-10
      1740.00  3.50112e-10
      1750.00  3.54861e-10
      1760.00  3.59788e-10
      1770.00  3.64890e-10
      1780.00  3.70165e-10
      1790.00  3.75610e-10
      1800.00  3.81223e-10
      1810.00  3.87001e-10
      1820.00  3.92939e-10
      1830.00  3.99035e-10
      1840.00  4.05283e-10
      1850.00  4.11679e-10
      1860.00  4.18217e-10
      1870.00  4.24892e-10
      1880.00  4.31694e-10
      1890.00  4.38615e-10
      1900.00  4.45642e-10
      1910.00  4.52758e-10
      1920.00  4.59942e-10
      1930.00  4.67164e-10
      1940.00  4.74382e-10
      1950.00  4.81543e-10
      1960.00  4.88577e-10
      1970.00  4.95395e-10
      1980.00  5.01887e-10
      1990.00  5.07928e-10
      2000.00  5.13372e-10
      2010.00  5.18068e-10
      2020.00  5.21864e-10
      2030.00  5.24624e-10
      2040.00  5.26240e-10
      2050.00  5.26653e-10
      2060.00  5.25864e-10
      2070.00  5.23948e-10
      2080.00  5.21061e-10
      2090.00  5.17434e-10
      2100.00  5.13366e-10
      2110.00  5.09202e-10
      2120.00  5.05313e-10
      2130.00  5.02058e-10
      2140.00  4.99763e-10
      2150.00  4.98689e-10
      2160.00  4.99012e-10
      2170.00  5.00816e-10
      2180.00  5.04084e-10
      2190.00  5.08713e-10
      2200.00  5.14523e-10
      2210.00  5.21279e-10
      2220.00  5.28711e-10
      2230.00  5.36536e-10
      2240.00  5.44471e-10
      2250.00  5.52254e-10
      2260.00  5.59644e-10
      2270.00  5.66437e-10
      2280.00  5.72465e-10
      2290.00  5.77605e-10
      2300.00  5.81781e-10
      2310.00  5.84969e-10
      2320.00  5.87202e-10
      2330.00  5.88575e-10
      2340.00  5.89239e-10
      2350.00  5.89407e-10
      2360.00  5.89340e-10
      2370.00  5.89337e-10
      2380.00  5.89722e-10
      2390.00  5.90822e-10
      2400.00  5.92950e-10
      2410.00  5.96377e-10
      2420.00  6.01315e-10
      2430.00  6.07894e-10
      2440.00  6.16151e-10
      2450.00  6.26017e-10
      2460.00  6.37326e-10
      2470.00  6.49818e-10
      2480.00  6.63164e-10
      2490.00  6.76995e-10
      2500.00  6.90933e-10
      2510.00  7.04626e-10
      2520.00  7.17779e-10
      2530.00  7.30177e-10
      2540.00  7.41697e-10
      2550.00  7.52309e-10
      2560.00  7.62061e-10
      2570.00  7.71066e-10
      2580.00  7.79472e-10
      2590.00  7.87442e-10
      2600.00  7.95130e-10
      2610.00  8.02667e-10
      2620.00  8.10153e-10
      2630.00  8.17652e-10
      2640.00  8.25197e-10
      2650.00  8.32874e-10
      2660.00  8.45024e-10
      2670.00  9.01712e-10
      2680.00  1.03068e-09
      2690.00  1.15048e-09
      2700.00  1.26577e-09
      2710.00  1.37459e-09
      2720.00  1.47515e-09
      2730.00  1.56261e-09
      2740.00  1.62922e-09
      2750.00  1.68395e-09
      2760.00  1.72333e-09
      2770.00  1.80015e-09
      2780.00  1.95494e-09
      2790.00  2.11038e-09
      2800.00  2.22924e-09
      2810.00  2.37089e-09
      2820.00  2.54958e-09
      2830.00  2.71643e-09
      2840.00  2.82832e-09
      2850.00  2.91751e-09
      2860.00  3.09880e-09
      2870.00  3.39570e-09
      2880.00  3.68769e-09
      2890.00  3.87087e-09
      2900.00  4.01253e-09
      2910.00  4.16150e-09
      2920.00  4.26900e-09
      2930.00  4.34391e-09
      2940.00  4.42298e-09
      2950.00  4.46528e-09
      2960.00  4.39203e-09
      2970.00  4.20317e-09
      2980.00  4.00187e-09
      2990.00  3.89593e-09
      3000.00  3.94208e-09
      3010.00  4.14893e-09
      3020.00  4.42498e-09
      3030.00  4.64714e-09
      3040.00  4.77364e-09
      3050.00  4.87042e-09
      3060.00  4.97128e-09
      3070.00  5.09492e-09
      3080.00  5.30628e-09
      3090.00  5.54378e-09
      3100.00  5.69756e-09
      3110.00  5.73985e-09
      3120.00  5.71702e-09
      3130.00  5.68545e-09
      3140.00  5.60787e-09
      3150.00  5.46453e-09
      3160.00  5.29142e-09
      3170.00  5.11901e-09
      3180.00  4.92813e-09
      3190.00  4.64483e-09
      3200.00  4.26751e-09
      3210.00  3.96206e-09
      3220.00  3.83536e-09
      3230.00  3.81110e-09
      3240.00  3.78723e-09
      3250.00  3.74026e-09
      3260.00  3.70447e-09
      3270.00  3.70892e-09
      3280.00  3.74737e-09
      3290.00  3.80882e-09
      3300.00  3.91327e-09
      3310.00  4.08683e-09
      3320.00  4.31249e-09
      3330.00  4.53542e-09
      3340.00  4.72918e-09
      3350.00  4.91823e-09
      3360.00  5.10040e-09
      3370.00  5.23531e-09
      3380.00  5.32997e-09
      3390.00  5.44021e-09
      3400.00  5.59708e-09
      3410.00  5.78503e-09
      3420.00  5.97080e-09
      3430.00  6.13734e-09
      3440.00  6.29511e-09
      3450.00  6.46162e-09
      3460.00  6.64651e-09
      3470.00  6.85487e-09
      3480.00  7.08256e-09
      3490.00  7.31733e-09
      3500.00  7.53962e-09
      3510.00  7.73051e-09
      3520.00  7.88430e-09
      3530.00  7.99906e-09
      3540.00  8.06620e-09
      3550.00  8.08662e-09
      3560.00  8.08128e-09
      3570.00  8.05899e-09
      3580.00  8.02121e-09
      3590.00  7.96327e-09
      3600.00  7.87431e-09
      3610.00  7.76948e-09
      3620.00  7.67225e-09
      3630.00  7.55285e-09
      3640.00  7.34908e-09
      3650.00  7.01942e-09
      3660.00  6.56195e-09
      3670.00  6.02003e-09
      3680.00  5.46631e-09
      3690.00  4.96199e-09
      3700.00  4.53928e-09
      3710.00  4.22455e-09
      3720.00  4.03703e-09
      3730.00  3.95847e-09
      3740.00  3.95084e-09
      3750.00  3.99048e-09
      3760.00  4.06995e-09
      3770.00  4.18720e-09
      3780.00  4.33993e-09
      3790.00  4.53305e-09
      3800.00  4.78990e-09
      3810.00  5.14177e-09
      3820.00  5.60407e-09
      3830.00  6.17215e-09
      3840.00  6.82657e-09
      3850.00  7.52752e-09
      3860.00  8.21575e-09
      3870.00  8.83079e-09
      3880.00  9.32989e-09
      3890.00  9.69859e-09
      3900.00  9.94296e-09
      3910.00  1.00680e-08
      3920.00  1.00710e-08
      3930.00  9.95824e-09
      3940.00  9.75255e-09
      3950.00  9.47524e-09
      3960.00  9.14722e-09
      3970.00  8.81326e-09
      3980.00  8.54135e-09
      3990.00  8.39141e-09
      4000.00  8.39181e-09
      4010.00  8.53349e-09
      4020.00  8.77807e-09
      4030.00  9.07699e-09
      4040.00  9.38318e-09
      4050.00  9.65651e-09
      4060.00  9.86291e-09
      4070.00  9.97064e-09
      4080.00  9.96030e-09
      4090.00  9.83809e-09
      4100.00  9.63322e-09
      4110.00  9.38166e-09
      4120.00  9.11184e-09
      4130.00  8.84235e-09
      4140.00  8.58625e-09
      4150.00  8.35041e-09
      4160.00  8.13045e-09
      4170.00  7.91112e-09
      4180.00  7.67492e-09
      4190.00  7.41240e-09
      4200.00  7.12678e-09
      4210.00  6.83058e-09
      4220.00  6.53714e-09
      4230.00  6.25262e-09
      4240.00  5.97415e-09
      4250.00  5.69797e-09
      4260.00  5.42908e-09
      4270.00  5.18413e-09
      4280.00  4.98632e-09
      4290.00  4.85842e-09
      4300.00  4.81664e-09
      4310.00  4.86403e-09
      4320.00  4.98634e-09
      4330.00  5.15639e-09
      4340.00  5.34473e-09
      4350.00  5.52727e-09
      4360.00  5.68628e-09
      4370.00  5.80849e-09
      4380.00  5.88434e-09
      4390.00  5.91071e-09
      4400.00  5.89593e-09
      4410.00  5.86250e-09
      4420.00  5.84341e-09
      4430.00  5.87074e-09
      4440.00  5.96181e-09
      4450.00  6.11215e-09
      4460.00  6.29887e-09
      4470.00  6.49115e-09
      4480.00  6.66072e-09
      4490.00  6.78820e-09
      4500.00  6.86503e-09
      4510.00  6.89190e-09
      4520.00  6.87559e-09
      4530.00  6.82654e-09
      4540.00  6.75705e-09
      4550.00  6.67908e-09
      4560.00  6.60208e-09
      4570.00  6.53085e-09
      4580.00  6.46303e-09
      4590.00  6.38817e-09
      4600.00  6.29160e-09
      4610.00  6.16189e-09
      4620.00  5.99654e-09
      4630.00  5.80404e-09
      4640.00  5.60166e-09
      4650.00  5.40990e-09
      4660.00  5.24557e-09
      4670.00  5.11652e-09
      4680.00  5.01986e-09
      4690.00  4.94425e-09
      4700.00  4.87522e-09
      4710.00  4.80110e-09
      4720.00  4.71708e-09
      4730.00  4.62599e-09
      4740.00  4.53596e-09
      4750.00  4.45558e-09
      4760.00  4.38786e-09
      4770.00  4.32677e-09
      4780.00  4.25959e-09
      4790.00  4.17333e-09
      4800.00  4.06110e-09
      4810.00  3.92480e-09
      4820.00  3.77380e-09
      4830.00  3.62214e-09
      4840.00  3.48581e-09
      4850.00  3.38010e-09
      4860.00  3.31620e-09
      4870.00  3.29767e-09
      4880.00  3.31848e-09
      4890.00  3.36342e-09
      4900.00  3.41189e-09
      4910.00  3.44648e-09
      4920.00  3.46290e-09
      4930.00  3.46865e-09
      4940.00  3.47135e-09
      4950.00  3.47404e-09
      4960.00  3.47905e-09
      4970.00  3.49041e-09
      4980.00  3.51272e-09
      4990.00  3.54928e-09
      5000.00  3.60109e-09
      5010.00  3.66727e-09
      5020.00  3.74677e-09
      5030.00  3.83935e-09
      5040.00  3.94450e-09
      5050.00  4.05966e-09
      5060.00  4.17937e-09
      5070.00  4.29599e-09
      5080.00  4.40112e-09
      5090.00  4.48721e-09
      5100.00  4.54912e-09
      5110.00  4.58535e-09
      5120.00  4.59855e-09
      5130.00  4.59515e-09
      5140.00  4.58350e-09
      5150.00  4.57059e-09
      5160.00  4.55860e-09
      5170.00  4.54310e-09
      5180.00  4.51427e-09
      5190.00  4.45995e-09
      5200.00  4.37014e-09
      5210.00  4.24129e-09
      5220.00  4.07870e-09
      5230.00  3.89581e-09
      5240.00  3.71073e-09
      5250.00  3.54165e-09
      5260.00  3.40259e-09
      5270.00  3.30101e-09
      5280.00  3.23761e-09
      5290.00  3.20804e-09
      5300.00  3.20540e-09
      5310.00  3.22223e-09
      5320.00  3.25159e-09
      5330.00  3.28711e-09
      5340.00  3.32225e-09
      5350.00  3.34985e-09
      5360.00  3.36272e-09
      5370.00  3.35507e-09
      5380.00  3.32404e-09
      5390.00  3.27054e-09
      5400.00  3.19905e-09
      5410.00  3.11673e-09
      5420.00  3.03278e-09
      5430.00  2.95779e-09
      5440.00  2.90251e-09
      5450.00  2.87588e-09
      5460.00  2.88347e-09
      5470.00  2.92652e-09
      5480.00  3.00176e-09
      5490.00  3.10179e-09
      5500.00  3.21633e-09
      5510.00  3.33379e-09
      5520.00  3.44299e-09
      5530.00  3.53473e-09
      5540.00  3.60358e-09
      5550.00  3.64897e-09
      5560.00  3.67468e-09
      5570.00  3.68683e-09
      5580.00  3.69126e-09
      5590.00  3.69184e-09
      5600.00  3.69019e-09
      5610.00  3.68634e-09
      5620.00  3.67950e-09
      5630.00  3.66846e-09
      5640.00  3.65182e-09
      5650.00  3.62825e-09
      5660.00  3.59675e-09
      5670.00  3.55670e-09
      5680.00  3.50805e-09
      5690.00  3.45165e-09
      5700.00  3.38961e-09
      5710.00  3.32516e-09
      5720.00  3.26198e-09
      5730.00  3.20360e-09
      5740.00  3.15327e-09
      5750.00  3.11406e-09
      5760.00  3.08874e-09
      5770.00  3.07904e-09
      5780.00  3.08486e-09
      5790.00  3.10404e-09
      5800.00  3.13275e-09
      5810.00  3.16630e-09
      5820.00  3.20015e-09
      5830.00  3.23069e-09
      5840.00  3.25563e-09
      5850.00  3.27410e-09
      5860.00  3.28651e-09
      5870.00  3.29448e-09
      5880.00  3.30055e-09
      5890.00  3.30736e-09
      5900.00  3.31616e-09
      5910.00  3.32587e-09
      5920.00  3.33335e-09
      5930.00  3.33486e-09
      5940.00  3.32729e-09
      5950.00  3.30821e-09
      5960.00  3.27511e-09
      5970.00  3.22494e-09
      5980.00  3.15447e-09
      5990.00  3.06124e-09
      6000.00  2.94450e-09
      6010.00  2.80566e-09
      6020.00  2.64828e-09
      6030.00  2.47772e-09
      6040.00  2.30055e-09
      6050.00  2.12407e-09
      6060.00  1.95573e-09
      6070.00  1.80256e-09
      6080.00  1.67042e-09
      6090.00  1.56346e-09
      6100.00  1.48384e-09
      6110.00  1.43198e-09
      6120.00  1.40728e-09
      6130.00  1.40888e-09
      6140.00  1.43627e-09
      6150.00  1.48914e-09
      6160.00  1.56646e-09
      6170.00  1.66535e-09
      6180.00  1.78074e-09
      6190.00  1.90620e-09
      6200.00  2.03510e-09
      6210.00  2.16168e-09
      6220.00  2.28153e-09
      6230.00  2.39171e-09
      6240.00  2.49041e-09
      6250.00  2.57651e-09
      6260.00  2.64925e-09
      6270.00  2.70834e-09
      6280.00  2.75411e-09
      6290.00  2.78768e-09
      6300.00  2.81073e-09
      6310.00  2.82497e-09
      6320.00  2.83165e-09
      6330.00  2.83136e-09
      6340.00  2.82430e-09
      6350.00  2.81061e-09
      6360.00  2.79064e-09
      6370.00  2.76491e-09
      6380.00  2.73412e-09
      6390.00  2.69907e-09
      6400.00  2.66062e-09
      6410.00  2.61969e-09
      6420.00  2.57710e-09
      6430.00  2.53364e-09
      6440.00  2.49004e-09
      6450.00  2.44709e-09
      6460.00  2.40564e-09
      6470.00  2.36658e-09
      6480.00  2.33074e-09
      6490.00  2.29871e-09
      6500.00  2.27070e-09
      6510.00  2.24640e-09
      6520.00  2.22506e-09
      6530.00  2.20555e-09
      6540.00  2.18652e-09
      6550.00  2.16663e-09
      6560.00  2.14493e-09
      6570.00  2.12121e-09
      6580.00  2.09600e-09
      6590.00  2.07030e-09
      6600.00  2.04486e-09
      6610.00  2.01980e-09
      6620.00  1.99450e-09
      6630.00  1.96802e-09
      6640.00  1.93971e-09
      6650.00  1.90955e-09
      6660.00  1.87820e-09
      6670.00  1.84675e-09
      6680.00  1.81626e-09
      6690.00  1.78737e-09
      6700.00  1.76034e-09
      6710.00  1.73520e-09
      6720.00  1.71188e-09
      6730.00  1.69023e-09
      6740.00  1.67004e-09
      6750.00  1.65106e-09
      6760.00  1.63303e-09
      6770.00  1.61568e-09
      6780.00  1.59867e-09
      6790.00  1.58168e-09
      6800.00  1.56447e-09
      6810.00  1.54698e-09
      6820.00  1.52928e-09
      6830.00  1.51156e-09
      6840.00  1.49409e-09
      6850.00  1.47724e-09
      6860.00  1.46141e-09
      6870.00  1.44702e-09
      6880.00  1.43433e-09
      6890.00  1.42339e-09
      6900.00  1.41397e-09
      6910.00  1.40572e-09
      6920.00  1.39825e-09
      6930.00  1.39124e-09
      6940.00  1.38443e-09
      6950.00  1.37761e-09
      6960.00  1.37059e-09
      6970.00  1.36320e-09
      6980.00  1.35540e-09
      6990.00  1.34733e-09
      7000.00  1.33929e-09
      7010.00  1.33161e-09
      7020.00  1.32453e-09
      7030.00  1.31811e-09
      7040.00  1.31229e-09
      7050.00  1.30693e-09
      7060.00  1.30187e-09
      7070.00  1.29688e-09
      7080.00  1.29170e-09
      7090.00  1.28596e-09
      7100.00  1.27926e-09
      7110.00  1.27125e-09
      7120.00  1.26176e-09
      7130.00  1.25091e-09
      7140.00  1.23915e-09
      7150.00  1.22715e-09
      7160.00  1.21555e-09
      7170.00  1.20477e-09
      7180.00  1.19487e-09
      7190.00  1.18565e-09
      7200.00  1.17679e-09
      7210.00  1.16797e-09
      7220.00  1.15899e-09
      7230.00  1.14976e-09
      7240.00  1.14024e-09
      7250.00  1.13041e-09
      7260.00  1.12023e-09
      7270.00  1.10961e-09
      7280.00  1.09847e-09
      7290.00  1.08676e-09
      7300.00  1.07450e-09
      7310.00  1.06174e-09
      7320.00  1.04858e-09
      7330.00  1.03508e-09
      7340.00  1.02129e-09
      7350.00  1.00714e-09
      7360.00  9.92515e-10
      7370.00  9.77251e-10
      7380.00  9.61276e-10
      7390.00  9.44706e-10
      7400.00  9.27929e-10
      7410.00  9.11601e-10
      7420.00  8.96518e-10
      7430.00  8.83382e-10
      7440.00  8.72534e-10
      7450.00  8.63885e-10
      7460.00  8.57122e-10
      7470.00  8.52033e-10
      7480.00  8.48656e-10
      7490.00  8.47161e-10
      7500.00  8.47620e-10
      7510.00  8.49862e-10
      7520.00  8.53504e-10
      7530.00  8.58058e-10
      7540.00  8.63066e-10
      7550.00  8.68171e-10
      7560.00  8.73150e-10
      7570.00  8.77902e-10
      7580.00  8.82441e-10
      7590.00  8.86869e-10
      7600.00  8.91330e-10
      7610.00  8.95959e-10
      7620.00  9.00825e-10
      7630.00  9.05922e-10
      7640.00  9.11195e-10
      7650.00  9.16601e-10
      7660.00  9.22151e-10
      7670.00  9.27923e-10
      7680.00  9.34027e-10
      7690.00  9.40540e-10
      7700.00  9.47440e-10
      7710.00  9.54574e-10
      7720.00  9.61679e-10
      7730.00  9.68446e-10
      7740.00  9.74584e-10
      7750.00  9.79859e-10
      7760.00  9.84122e-10
      7770.00  9.87293e-10
      7780.00  9.89316e-10
      7790.00  9.90119e-10
      7800.00  9.89598e-10
      7810.00  9.87615e-10
      7820.00  9.84044e-10
      7830.00  9.78805e-10
      7840.00  9.71913e-10
      7850.00  9.63505e-10
      7860.00  9.53854e-10
      7870.00  9.43374e-10
      7880.00  9.32595e-10
      7890.00  9.22081e-10
      7900.00  9.12268e-10
      7910.00  9.03294e-10
      7920.00  8.94952e-10
      7930.00  8.86891e-10
      7940.00  8.78951e-10
      7950.00  8.71374e-10
      7960.00  8.64694e-10
      7970.00  8.59360e-10
      7980.00  8.55361e-10
      7990.00  8.52151e-10
      8000.00  8.48912e-10
      8010.00  8.44920e-10
      8020.00  8.39765e-10
      8030.00  8.33351e-10
      8040.00  8.25827e-10
      8050.00  8.17468e-10
      8060.00  8.08524e-10
      8070.00  7.99083e-10
      8080.00  7.89042e-10
      8090.00  7.78207e-10
      8100.00  7.66438e-10
      8110.00  7.53734e-10
      8120.00  7.40240e-10
      8130.00  7.26214e-10
      8140.00  7.11973e-10
      8150.00  6.97865e-10
      8160.00  6.84236e-10
      8170.00  6.71406e-10
      8180.00  6.59638e-10
      8190.00  6.49136e-10
      8200.00  6.40058e-10
      8210.00  6.32556e-10
      8220.00  6.26839e-10
      8230.00  6.23213e-10
      8240.00  6.22088e-10
      8250.00  6.23878e-10
      8260.00  6.28827e-10
      8270.00  6.36829e-10
      8280.00  6.47395e-10
      8290.00  6.59837e-10
      8300.00  6.73544e-10
      8310.00  6.88173e-10
      8320.00  7.03641e-10
      8330.00  7.19983e-10
      8340.00  7.37212e-10
      8350.00  7.55255e-10
      8360.00  7.73953e-10
      8370.00  7.93108e-10
      8380.00  8.12521e-10
      8390.00  8.32007e-10
      8400.00  8.51367e-10
      8410.00  8.70391e-10
      8420.00  8.88852e-10
      8430.00  9.06513e-10
      8440.00  9.23139e-10
      8450.00  9.38503e-10
      8460.00  9.52400e-10
      8470.00  9.64664e-10
      8480.00  9.75183e-10
      8490.00  9.83906e-10
      8500.00  9.90850e-10
      8510.00  9.96092e-10
      8520.00  9.99755e-10
      8530.00  1.00199e-09
      8540.00  1.00296e-09
      8550.00  1.00281e-09
      8560.00  1.00168e-09
      8570.00  9.99671e-10
      8580.00  9.96877e-10
      8590.00  9.93365e-10
      8600.00  9.89205e-10
      8610.00  9.84478e-10
      8620.00  9.79270e-10
      8630.00  9.73672e-10
      8640.00  9.67764e-10
      8650.00  9.61601e-10
      8660.00  9.55209e-10
      8670.00  9.48579e-10
      8680.00  9.41677e-10
      8690.00  9.34451e-10
      8700.00  9.26814e-10
      8710.00  9.18677e-10
      8720.00  9.09959e-10
      8730.00  9.00598e-10
      8740.00  8.90552e-10
      8750.00  8.79810e-10
      8760.00  8.68395e-10
      8770.00  8.56373e-10
      8780.00  8.43861e-10
      8790.00  8.31027e-10
      8800.00  8.18080e-10
      8810.00  8.05256e-10
      8820.00  7.92798e-10
      8830.00  7.80930e-10
      8840.00  7.69845e-10
      8850.00  7.59697e-10
      8860.00  7.50604e-10
      8870.00  7.42658e-10
      8880.00  7.35924e-10
      8890.00  7.30437e-10
      8900.00  7.26174e-10
      8910.00  7.23037e-10
      8920.00  7.20516e-10
      8930.00  7.18453e-10
      8940.00  7.16752e-10
      8950.00  7.15172e-10
      8960.00  7.13530e-10
      8970.00  7.11714e-10
      8980.00  7.09666e-10
      8990.00  7.07392e-10
      9000.00  7.04961e-10
      9010.00  7.02488e-10
      9020.00  7.00089e-10
      9030.00  6.97830e-10
      9040.00  6.95715e-10
      9050.00  6.93722e-10
      9060.00  6.91861e-10
      9070.00  6.90194e-10
      9080.00  6.88823e-10
      9090.00  6.87845e-10
      9100.00  6.87312e-10
      9110.00  6.87216e-10
      9120.00  6.87493e-10
      9130.00  6.88058e-10
      9140.00  6.88832e-10
      9150.00  6.89754e-10
      9160.00  6.90781e-10
      9170.00  6.91869e-10
      9180.00  6.92957e-10
      9190.00  6.93956e-10
      9200.00  6.94745e-10
      9210.00  6.95179e-10
      9220.00  6.95090e-10
      9230.00  6.94282e-10
      9240.00  6.92524e-10
      9250.00  6.89561e-10
      9260.00  6.85159e-10
      9270.00  6.79216e-10
      9280.00  6.71881e-10
      9290.00  6.63617e-10
      9300.00  6.55128e-10
      9310.00  6.47150e-10
      9320.00  6.40214e-10
      9330.00  6.34516e-10
      9340.00  6.29931e-10
      9350.00  6.26155e-10
      9360.00  6.22858e-10
      9370.00  6.19778e-10
      9380.00  6.16750e-10
      9390.00  6.13692e-10
      9400.00  6.10571e-10
      9410.00  6.07380e-10
      9420.00  6.04122e-10
      9430.00  6.00800e-10
      9440.00  5.97423e-10
      9450.00  5.93999e-10
      9460.00  5.90545e-10
      9470.00  5.87077e-10
      9480.00  5.83614e-10
      9490.00  5.80175e-10
      9500.00  5.76782e-10
      9510.00  5.73455e-10
      9520.00  5.70215e-10
      9530.00  5.67079e-10
      9540.00  5.64065e-10
      9550.00  5.61188e-10
      9560.00  5.58459e-10
      9570.00  5.55887e-10
      9580.00  5.53480e-10
      9590.00  5.51242e-10
      9600.00  5.49172e-10
      9610.00  5.47270e-10
      9620.00  5.45533e-10
      9630.00  5.43955e-10
      9640.00  5.42529e-10
      9650.00  5.41249e-10
      9660.00  5.39266e-10
      9670.00  5.36976e-10
      9680.00  5.34713e-10
      9690.00  5.32467e-10
      9700.00  5.30231e-10
      9710.00  5.27997e-10
      9720.00  5.25761e-10
      9730.00  5.23518e-10
      9740.00  5.21263e-10
      9750.00  5.18996e-10
      9760.00  5.16714e-10
      9770.00  5.14417e-10
      9780.00  5.12105e-10
      9790.00  5.09779e-10
      9800.00  5.07440e-10
      9810.00  5.05088e-10
      9820.00  5.02725e-10
      9830.00  5.00352e-10
      9840.00  4.97969e-10
      9850.00  4.95579e-10
      9860.00  4.93181e-10
      9870.00  4.90775e-10
      9880.00  4.88361e-10
      9890.00  4.85940e-10
      9900.00  4.83510e-10
      9910.00  4.81070e-10
      9920.00  4.78619e-10
      9930.00  4.76155e-10
      9940.00  4.73675e-10
      9950.00  4.71178e-10
      9960.00  4.68660e-10
      9970.00  4.66118e-10
      9980.00  4.63548e-10
      9990.00  4.60947e-10
      10000.0  4.58311e-10
      10010.0  4.55635e-10
      10020.0  4.52918e-10
      10030.0  4.50155e-10
      10040.0  4.47343e-10
      10050.0  4.44480e-10
      10060.0  4.41565e-10
      10070.0  4.38598e-10
      10080.0  4.35578e-10
      10090.0  4.32508e-10
      10100.0  4.29389e-10
      10110.0  4.26225e-10
      10120.0  4.23020e-10
      10130.0  4.19778e-10
      10140.0  4.16506e-10
      10150.0  4.13207e-10
      10160.0  4.09889e-10
      10170.0  4.06555e-10
      10180.0  4.03212e-10
      10190.0  3.99864e-10
      10200.0  3.96514e-10
      10210.0  3.93167e-10
      10220.0  3.89826e-10
      10230.0  3.86494e-10
      10240.0  3.83172e-10
      10250.0  3.79864e-10
      10260.0  3.76572e-10
      10270.0  3.73301e-10
      10280.0  3.70052e-10
      10290.0  3.66832e-10
      10300.0  3.63645e-10
      10310.0  3.60498e-10
      10320.0  3.57400e-10
      10330.0  3.54360e-10
      10340.0  3.51387e-10
      10350.0  3.48493e-10
      10360.0  3.45689e-10
      10370.0  3.42989e-10
      10380.0  3.40405e-10
      10390.0  3.37951e-10
      10400.0  3.35638e-10
      10410.0  3.33479e-10
      10420.0  3.31486e-10
      10430.0  3.29669e-10
      10440.0  3.28035e-10
      10450.0  3.26593e-10
      10460.0  3.25348e-10
      10470.0  3.24301e-10
      10480.0  3.23455e-10
      10490.0  3.22807e-10
      10500.0  3.22353e-10
      10510.0  3.22088e-10
      10520.0  3.22003e-10
      10530.0  3.22087e-10
      10540.0  3.22329e-10
      10550.0  3.22715e-10
      10560.0  3.23232e-10
      10570.0  3.23865e-10
      10580.0  3.24598e-10
      10590.0  3.25416e-10
      10600.0  3.26306e-10
      10610.0  3.27251e-10
      10620.0  3.28240e-10
      10630.0  3.29260e-10
      10640.0  3.30299e-10
      10650.0  3.31347e-10
      10660.0  3.32396e-10
      10670.0  3.33438e-10
      10680.0  3.34467e-10
      10690.0  3.35478e-10
      10700.0  3.36468e-10
      10710.0  3.37436e-10
      10720.0  3.38381e-10
      10730.0  3.39305e-10
      10740.0  3.40213e-10
      10750.0  3.41108e-10
      10760.0  3.41998e-10
      10770.0  3.42890e-10
      10780.0  3.43793e-10
      10790.0  3.44717e-10
      10800.0  3.45669e-10
      10810.0  3.46658e-10
      10820.0  3.47691e-10
      10830.0  3.48772e-10
      10840.0  3.49902e-10
      10850.0  3.51081e-10
      10860.0  3.52303e-10
      10870.0  3.53559e-10
      10880.0  3.54838e-10
      10890.0  3.56125e-10
      10900.0  3.57403e-10
      10910.0  3.58651e-10
      10920.0  3.59851e-10
      10930.0  3.60982e-10
      10940.0  3.62027e-10
      10950.0  3.62967e-10
      10960.0  3.63789e-10
      10970.0  3.64482e-10
      10980.0  3.65039e-10
      10990.0  3.65455e-10
      11000.0  3.65730e-10
      11010.0  3.65867e-10
      11020.0  3.65871e-10
      11030.0  3.65748e-10
      11040.0  3.65508e-10
      11050.0  3.65160e-10
      11060.0  3.64714e-10
      11070.0  3.64180e-10
      11080.0  3.63566e-10
      11090.0  3.62881e-10
      11100.0  3.62131e-10
      11110.0  3.61323e-10
      11120.0  3.60462e-10
      11130.0  3.59551e-10
      11140.0  3.58595e-10
      11150.0  3.57594e-10
      11160.0  3.56553e-10
      11170.0  3.55471e-10
      11180.0  3.54352e-10
      11190.0  3.53197e-10
      11200.0  3.52009e-10
      11210.0  3.50789e-10
      11220.0  3.49541e-10
      11230.0  3.48267e-10
      11240.0  3.46972e-10
      11250.0  3.45660e-10
      11260.0  3.44335e-10
      11270.0  3.43002e-10
      11280.0  3.41666e-10
      11290.0  3.40331e-10
      11300.0  3.39004e-10
      11310.0  3.37688e-10
      11320.0  3.36389e-10
      11330.0  3.35112e-10
      11340.0  3.33861e-10
      11350.0  3.32639e-10
      11360.0  3.31450e-10
      11370.0  3.30296e-10
      11380.0  3.29178e-10
      11390.0  3.28099e-10
      11400.0  3.27057e-10
      11410.0  3.26052e-10
      11420.0  3.25084e-10
      11430.0  3.24148e-10
      11440.0  3.23243e-10
      11450.0  3.22364e-10
      11460.0  3.21507e-10
      11470.0  3.20668e-10
      11480.0  3.19840e-10
      11490.0  3.19020e-10
      11500.0  3.18200e-10
      11510.0  3.17376e-10
      11520.0  3.16544e-10
      11530.0  3.15696e-10
      11540.0  3.14831e-10
      11550.0  3.13943e-10
      11560.0  3.13030e-10
      11570.0  3.12090e-10
      11580.0  3.11120e-10
      11590.0  3.10121e-10
      11600.0  3.09091e-10
      11610.0  3.08033e-10
      11620.0  3.06947e-10
      11630.0  3.05836e-10
      11640.0  3.04702e-10
      11650.0  3.03548e-10
      11660.0  3.02379e-10
      11670.0  3.01196e-10
      11680.0  3.00005e-10
      11690.0  2.98808e-10
      11700.0  2.97609e-10
      11710.0  2.96411e-10
      11720.0  2.95217e-10
      11730.0  2.94029e-10
      11740.0  2.92850e-10
      11750.0  2.91681e-10
      11760.0  2.90522e-10
      11770.0  2.89376e-10
      11780.0  2.88242e-10
      11790.0  2.87121e-10
      11800.0  2.86013e-10
      11810.0  2.84917e-10
      11820.0  2.83832e-10
      11830.0  2.82759e-10
      11840.0  2.81698e-10
      11850.0  2.80647e-10
      11860.0  2.79606e-10
      11870.0  2.78577e-10
      11880.0  2.77558e-10
      11890.0  2.76551e-10
      11900.0  2.75555e-10
      11910.0  2.74573e-10
      11920.0  2.73605e-10
      11930.0  2.72652e-10
      11940.0  2.71717e-10
      11950.0  2.70801e-10
      11960.0  2.69906e-10
      11970.0  2.69035e-10
      11980.0  2.68189e-10
      11990.0  2.67372e-10
      12000.0  2.66586e-10
      12010.0  2.65832e-10
      12020.0  2.65114e-10
      12030.0  2.64433e-10
      12040.0  2.63792e-10
      12050.0  2.63193e-10
      12060.0  2.62637e-10
      12070.0  2.62125e-10
      12080.0  2.61659e-10
      12090.0  2.61239e-10
      12100.0  2.60866e-10
      12110.0  2.60539e-10
      12120.0  2.60258e-10
      12130.0  2.60023e-10
      12140.0  2.59831e-10
      12150.0  2.59681e-10
      12160.0  2.59571e-10
      12170.0  2.59500e-10
      12180.0  2.59464e-10
      12190.0  2.59462e-10
      12200.0  2.59490e-10
      12210.0  2.59547e-10
      12220.0  2.59628e-10
      12230.0  2.59733e-10
      12240.0  2.59859e-10
      12250.0  2.60002e-10
      12260.0  2.60162e-10
      12270.0  2.60335e-10
      12280.0  2.60521e-10
      12290.0  2.60717e-10
      12300.0  2.60922e-10
      12310.0  2.61134e-10
      12320.0  2.61350e-10
      12330.0  2.61571e-10
      12340.0  2.61793e-10
      12350.0  2.62014e-10
      12360.0  2.62233e-10
      12370.0  2.62448e-10
      12380.0  2.62654e-10
      12390.0  2.62851e-10
      12400.0  2.63034e-10
      12410.0  2.63200e-10
      12420.0  2.63347e-10
      12430.0  2.63470e-10
      12440.0  2.63566e-10
      12450.0  2.63630e-10
      12460.0  2.63660e-10
      12470.0  2.63651e-10
      12480.0  2.63600e-10
      12490.0  2.63503e-10
      12500.0  2.63357e-10
      12510.0  2.63160e-10
      12520.0  2.62907e-10
      12530.0  2.62598e-10
      12540.0  2.62230e-10
      12550.0  2.61803e-10
      12560.0  2.61313e-10
      12570.0  2.60763e-10
      12580.0  2.60150e-10
      12590.0  2.59476e-10
      12600.0  2.58742e-10
      12610.0  2.57948e-10
      12620.0  2.57097e-10
      12630.0  2.56190e-10
      12640.0  2.55231e-10
      12650.0  2.54221e-10
      12660.0  2.53164e-10
      12670.0  2.52063e-10
      12680.0  2.50921e-10
      12690.0  2.49742e-10
      12700.0  2.48529e-10
      12710.0  2.47286e-10
      12720.0  2.46015e-10
      12730.0  2.44721e-10
      12740.0  2.43407e-10
      12750.0  2.42076e-10
      12760.0  2.40732e-10
      12770.0  2.39378e-10
      12780.0  2.38017e-10
      12790.0  2.36652e-10
      12800.0  2.35287e-10
      12810.0  2.33924e-10
      12820.0  2.32567e-10
      12830.0  2.31218e-10
      12840.0  2.29881e-10
      12850.0  2.28558e-10
      12860.0  2.27252e-10
      12870.0  2.25966e-10
      12880.0  2.24703e-10
      12890.0  2.23464e-10
      12900.0  2.22251e-10
      12910.0  2.21066e-10
      12920.0  2.19910e-10
      12930.0  2.18784e-10
      12940.0  2.17689e-10
      12950.0  2.16625e-10
      12960.0  2.15590e-10
      12970.0  2.14586e-10
      12980.0  2.13610e-10
      12990.0  2.12661e-10
      13000.0  2.11738e-10
      13010.0  2.10838e-10
      13020.0  2.09959e-10
      13030.0  2.09101e-10
      13040.0  2.08259e-10
      13050.0  2.07433e-10
      13060.0  2.06621e-10
      13070.0  2.05821e-10
      13080.0  2.05032e-10
      13090.0  2.04252e-10
      13100.0  2.03482e-10
      13110.0  2.02721e-10
      13120.0  2.01969e-10
      13130.0  2.01226e-10
      13140.0  2.00492e-10
      13150.0  1.99768e-10
      13160.0  1.99055e-10
      13170.0  1.98354e-10
      13180.0  1.97665e-10
      13190.0  1.96989e-10
      13200.0  1.96326e-10
      13210.0  1.95677e-10
      13220.0  1.95042e-10
      13230.0  1.94419e-10
      13240.0  1.93810e-10
      13250.0  1.93213e-10
      13260.0  1.92626e-10
      13270.0  1.92050e-10
      13280.0  1.91481e-10
      13290.0  1.90920e-10
      13300.0  1.90363e-10
      13310.0  1.89810e-10
      13320.0  1.89258e-10
      13330.0  1.88707e-10
      13340.0  1.88153e-10
      13350.0  1.87597e-10
      13360.0  1.87036e-10
      13370.0  1.86468e-10
      13380.0  1.85894e-10
      13390.0  1.85313e-10
      13400.0  1.84722e-10
      13410.0  1.84123e-10
      13420.0  1.83514e-10
      13430.0  1.82895e-10
      13440.0  1.82266e-10
      13450.0  1.81628e-10
      13460.0  1.80980e-10
      13470.0  1.80322e-10
      13480.0  1.79656e-10
      13490.0  1.78981e-10
      13500.0  1.78298e-10
      13510.0  1.77606e-10
      13520.0  1.76908e-10
      13530.0  1.76203e-10
      13540.0  1.75492e-10
      13550.0  1.74776e-10
      13560.0  1.74054e-10
      13570.0  1.73328e-10
      13580.0  1.72599e-10
      13590.0  1.71866e-10
      13600.0  1.71130e-10
      13610.0  1.70391e-10
      13620.0  1.69651e-10
      13630.0  1.68909e-10
      13640.0  1.68166e-10
      13650.0  1.67423e-10
      13660.0  1.66679e-10
      13670.0  1.65934e-10
      13680.0  1.65191e-10
      13690.0  1.64447e-10
      13700.0  1.63705e-10
      13710.0  1.62964e-10
      13720.0  1.62224e-10
      13730.0  1.61487e-10
      13740.0  1.60751e-10
      13750.0  1.60018e-10
      13760.0  1.59288e-10
      13770.0  1.58561e-10
      13780.0  1.57837e-10
      13790.0  1.57118e-10
      13800.0  1.56402e-10
      13810.0  1.55690e-10
      13820.0  1.54983e-10
      13830.0  1.54281e-10
      13840.0  1.53584e-10
      13850.0  1.52892e-10
      13860.0  1.52205e-10
      13870.0  1.51524e-10
      13880.0  1.50849e-10
      13890.0  1.50179e-10
      13900.0  1.49514e-10
      13910.0  1.48855e-10
      13920.0  1.48202e-10
      13930.0  1.47553e-10
      13940.0  1.46910e-10
      13950.0  1.46272e-10
      13960.0  1.45638e-10
      13970.0  1.45009e-10
      13980.0  1.44383e-10
      13990.0  1.43762e-10
      14000.0  1.43144e-10
      14010.0  1.42529e-10
      14020.0  1.41917e-10
      14030.0  1.41307e-10
      14040.0  1.40700e-10
      14050.0  1.40094e-10
      14060.0  1.39491e-10
      14070.0  1.38889e-10
      14080.0  1.38288e-10
      14090.0  1.37689e-10
      14100.0  1.37091e-10
      14110.0  1.36495e-10
      14120.0  1.35900e-10
      14130.0  1.35307e-10
      14140.0  1.34716e-10
      14150.0  1.34128e-10
      14160.0  1.33543e-10
      14170.0  1.32960e-10
      14180.0  1.32382e-10
      14190.0  1.31808e-10
      14200.0  1.31239e-10
      14210.0  1.30675e-10
      14220.0  1.30118e-10
      14230.0  1.29567e-10
      14240.0  1.29023e-10
      14250.0  1.28488e-10
      14260.0  1.27961e-10
      14270.0  1.27442e-10
      14280.0  1.26934e-10
      14290.0  1.26435e-10
      14300.0  1.25947e-10
      14310.0  1.25470e-10
      14320.0  1.25003e-10
      14330.0  1.24548e-10
      14340.0  1.24105e-10
      14350.0  1.23673e-10
      14360.0  1.23253e-10
      14370.0  1.22845e-10
      14380.0  1.22448e-10
      14390.0  1.22063e-10
      14400.0  1.21688e-10
      14410.0  1.21325e-10
      14420.0  1.20973e-10
      14430.0  1.20631e-10
      14440.0  1.20298e-10
      14450.0  1.19975e-10
      14460.0  1.19660e-10
      14470.0  1.19354e-10
      14480.0  1.19056e-10
      14490.0  1.18765e-10
      14500.0  1.18480e-10
      14510.0  1.18202e-10
      14520.0  1.17928e-10
      14530.0  1.17660e-10
      14540.0  1.17396e-10
      14550.0  1.17136e-10
      14560.0  1.16879e-10
      14570.0  1.16625e-10
      14580.0  1.16374e-10
      14590.0  1.16124e-10
      14600.0  1.15876e-10
      14610.0  1.15629e-10
      14620.0  1.15383e-10
      14630.0  1.15137e-10
      14640.0  1.14892e-10
      14650.0  1.14646e-10
      14660.0  1.14401e-10
      14670.0  1.14155e-10
      14680.0  1.13908e-10
      14690.0  1.13661e-10
      14700.0  1.13415e-10
      14710.0  1.13168e-10
      14720.0  1.12921e-10
      14730.0  1.12676e-10
      14740.0  1.12431e-10
      14750.0  1.12189e-10
      14760.0  1.11949e-10
      14770.0  1.11712e-10
      14780.0  1.11479e-10
      14790.0  1.11250e-10
      14800.0  1.11026e-10
      14810.0  1.10807e-10
      14820.0  1.10595e-10
      14830.0  1.10388e-10
      14840.0  1.10188e-10
      14850.0  1.09995e-10
      14860.0  1.09809e-10
      14870.0  1.09629e-10
      14880.0  1.09456e-10
      14890.0  1.09289e-10
      14900.0  1.09128e-10
      14910.0  1.08973e-10
      14920.0  1.08823e-10
      14930.0  1.08678e-10
      14940.0  1.08537e-10
      14950.0  1.08399e-10
      14960.0  1.08265e-10
      14970.0  1.08133e-10
      14980.0  1.08002e-10
      14990.0  1.07874e-10
      15000.0  1.07746e-10
      15010.0  1.07619e-10
      15020.0  1.07492e-10
      15030.0  1.07364e-10
      15040.0  1.07236e-10
      15050.0  1.07106e-10
      15060.0  1.06974e-10
      15070.0  1.06841e-10
      15080.0  1.06704e-10
      15090.0  1.06564e-10
      15100.0  1.06420e-10
      15110.0  1.06273e-10
      15120.0  1.06120e-10
      15130.0  1.05961e-10
      15140.0  1.05797e-10
      15150.0  1.05625e-10
      15160.0  1.05446e-10
      15170.0  1.05258e-10
      15180.0  1.05062e-10
      15190.0  1.04855e-10
      15200.0  1.04639e-10
      15210.0  1.04411e-10
      15220.0  1.04171e-10
      15230.0  1.03919e-10
      15240.0  1.03654e-10
      15250.0  1.03375e-10
      15260.0  1.03084e-10
      15270.0  1.02778e-10
      15280.0  1.02459e-10
      15290.0  1.02126e-10
      15300.0  1.01780e-10
      15310.0  1.01420e-10
      15320.0  1.01047e-10
      15330.0  1.00662e-10
      15340.0  1.00265e-10
      15350.0  9.98565e-11
      15360.0  9.94374e-11
      15370.0  9.90084e-11
      15380.0  9.85703e-11
      15390.0  9.81240e-11
      15400.0  9.76702e-11
      15410.0  9.72099e-11
      15420.0  9.67438e-11
      15430.0  9.62729e-11
      15440.0  9.57980e-11
      15450.0  9.53198e-11
      15460.0  9.48391e-11
      15470.0  9.43568e-11
      15480.0  9.38736e-11
      15490.0  9.33900e-11
      15500.0  9.29069e-11
      15510.0  9.24247e-11
      15520.0  9.19441e-11
      15530.0  9.14656e-11
      15540.0  9.09896e-11
      15550.0  9.05165e-11
      15560.0  9.00466e-11
      15570.0  8.95802e-11
      15580.0  8.91174e-11
      15590.0  8.86584e-11
      15600.0  8.82030e-11
      15610.0  8.77513e-11
      15620.0  8.73031e-11
      15630.0  8.68581e-11
      15640.0  8.64160e-11
      15650.0  8.59765e-11
      15660.0  8.55392e-11
      15670.0  8.51036e-11
      15680.0  8.46695e-11
      15690.0  8.42363e-11
      15700.0  8.38038e-11
      15710.0  8.33716e-11
      15720.0  8.29396e-11
      15730.0  8.25077e-11
      15740.0  8.20760e-11
      15750.0  8.16445e-11
      15760.0  8.12136e-11
      15770.0  8.07839e-11
      15780.0  8.03560e-11
      15790.0  7.99306e-11
      15800.0  7.95087e-11
      15810.0  7.90914e-11
      15820.0  7.86799e-11
      15830.0  7.82755e-11
      15840.0  7.78796e-11
      15850.0  7.74937e-11
      15860.0  7.71192e-11
      15870.0  7.67576e-11
      15880.0  7.64104e-11
      15890.0  7.60789e-11
      15900.0  7.57646e-11
      15910.0  7.54686e-11
      15920.0  7.51921e-11
      15930.0  7.49361e-11
      15940.0  7.47014e-11
      15950.0  7.44888e-11
      15960.0  7.42988e-11
      15970.0  7.41318e-11
      15980.0  7.39881e-11
      15990.0  7.38676e-11
      16000.0  7.37705e-11
      16010.0  7.36964e-11
      16020.0  7.36451e-11
      16030.0  7.36162e-11
      16040.0  7.36092e-11
      16050.0  7.36236e-11
      16060.0  7.36588e-11
      16070.0  7.37142e-11
      16080.0  7.37893e-11
      16090.0  7.38835e-11
      16100.0  7.39961e-11
      16110.0  7.41269e-11
      16120.0  7.42753e-11
      16130.0  7.44409e-11
      16140.0  7.46235e-11
      16150.0  7.48229e-11
      16160.0  7.50390e-11
      16170.0  7.52716e-11
      16180.0  7.55207e-11
      16190.0  7.57863e-11
      16200.0  7.60685e-11
      16210.0  7.63672e-11
      16220.0  7.66824e-11
      16230.0  7.70142e-11
      16240.0  7.73622e-11
      16250.0  7.77264e-11
      16260.0  7.81063e-11
      16270.0  7.85015e-11
      16280.0  7.89112e-11
      16290.0  7.93346e-11
      16300.0  7.97708e-11
      16310.0  8.02184e-11
      16320.0  8.06761e-11
      16330.0  8.11422e-11
      16340.0  8.16150e-11
      16350.0  8.20925e-11
      16360.0  8.25725e-11
      16370.0  8.30529e-11
      16380.0  8.35312e-11
      16390.0  8.40050e-11
      16400.0  8.44720e-11
      16410.0  8.49295e-11
      16420.0  8.53751e-11
      16430.0  8.58065e-11
      16440.0  8.62213e-11
      16450.0  8.66174e-11
      16460.0  8.69928e-11
      16470.0  8.73457e-11
      16480.0  8.76745e-11
      16490.0  8.79778e-11
      16500.0  8.82547e-11
      16510.0  8.85043e-11
      16520.0  8.87262e-11
      16530.0  8.89201e-11
      16540.0  8.90863e-11
      16550.0  8.92250e-11
      16560.0  8.93369e-11
      16570.0  8.94231e-11
      16580.0  8.94847e-11
      16590.0  8.95232e-11
      16600.0  8.95402e-11
      16610.0  8.95374e-11
      16620.0  8.95169e-11
      16630.0  8.94806e-11
      16640.0  8.94306e-11
      16650.0  8.93691e-11
      16660.0  8.92981e-11
      16670.0  8.92198e-11
      16680.0  8.91362e-11
      16690.0  8.90491e-11
      16700.0  8.89605e-11
      16710.0  8.88720e-11
      16720.0  8.87850e-11
      16730.0  8.87010e-11
      16740.0  8.86212e-11
      16750.0  8.85464e-11
      16760.0  8.84776e-11
      16770.0  8.84154e-11
      16780.0  8.83602e-11
      16790.0  8.83123e-11
      16800.0  8.82717e-11
      16810.0  8.82386e-11
      16820.0  8.82125e-11
      16830.0  8.81933e-11
      16840.0  8.81804e-11
      16850.0  8.81733e-11
      16860.0  8.81713e-11
      16870.0  8.81736e-11
      16880.0  8.81793e-11
      16890.0  8.81876e-11
      16900.0  8.81975e-11
      16910.0  8.82080e-11
      16920.0  8.82180e-11
      16930.0  8.82266e-11
      16940.0  8.82328e-11
      16950.0  8.82354e-11
      16960.0  8.82337e-11
      16970.0  8.82266e-11
      16980.0  8.82134e-11
      16990.0  8.81934e-11
      17000.0  8.81659e-11
      17010.0  8.81304e-11
      17020.0  8.80866e-11
      17030.0  8.80342e-11
      17040.0  8.79732e-11
      17050.0  8.79037e-11
      17060.0  8.78259e-11
      17070.0  8.77402e-11
      17080.0  8.76472e-11
      17090.0  8.75476e-11
      17100.0  8.74423e-11
      17110.0  8.73323e-11
      17120.0  8.72188e-11
      17130.0  8.71028e-11
      17140.0  8.69858e-11
      17150.0  8.68689e-11
      17160.0  8.67537e-11
      17170.0  8.66413e-11
      17180.0  8.65331e-11
      17190.0  8.64305e-11
      17200.0  8.63344e-11
      17210.0  8.62461e-11
      17220.0  8.61663e-11
      17230.0  8.60960e-11
      17240.0  8.60356e-11
      17250.0  8.59856e-11
      17260.0  8.59462e-11
      17270.0  8.59175e-11
      17280.0  8.58991e-11
      17290.0  8.58909e-11
      17300.0  8.58921e-11
      17310.0  8.59021e-11
      17320.0  8.59200e-11
      17330.0  8.59447e-11
      17340.0  8.59750e-11
      17350.0  8.60098e-11
      17360.0  8.60477e-11
      17370.0  8.60874e-11
      17380.0  8.61277e-11
      17390.0  8.61672e-11
      17400.0  8.62046e-11
      17410.0  8.62389e-11
      17420.0  8.62690e-11
      17430.0  8.62940e-11
      17440.0  8.63131e-11
      17450.0  8.63257e-11
      17460.0  8.63313e-11
      17470.0  8.63297e-11
      17480.0  8.63205e-11
      17490.0  8.63040e-11
      17500.0  8.62800e-11
      17510.0  8.62490e-11
      17520.0  8.62111e-11
      17530.0  8.61668e-11
      17540.0  8.61167e-11
      17550.0  8.60611e-11
      17560.0  8.60006e-11
      17570.0  8.59357e-11
      17580.0  8.58670e-11
      17590.0  8.57949e-11
      17600.0  8.57198e-11
      17610.0  8.56422e-11
      17620.0  8.55624e-11
      17630.0  8.54806e-11
      17640.0  8.53971e-11
      17650.0  8.53121e-11
      17660.0  8.52255e-11
      17670.0  8.51376e-11
      17680.0  8.50482e-11
      17690.0  8.49575e-11
      17700.0  8.48654e-11
      17710.0  8.47718e-11
      17720.0  8.46767e-11
      17730.0  8.45801e-11
      17740.0  8.44819e-11
      17750.0  8.43822e-11
      17760.0  8.42809e-11
      17770.0  8.41781e-11
      17780.0  8.40738e-11
      17790.0  8.39682e-11
      17800.0  8.38613e-11
      17810.0  8.37533e-11
      17820.0  8.36444e-11
      17830.0  8.35348e-11
      17840.0  8.34246e-11
      17850.0  8.33142e-11
      17860.0  8.32036e-11
      17870.0  8.30932e-11
      17880.0  8.29832e-11
      17890.0  8.28739e-11
      17900.0  8.27653e-11
      17910.0  8.26578e-11
      17920.0  8.25515e-11
      17930.0  8.24465e-11
      17940.0  8.23431e-11
      17950.0  8.22413e-11
      17960.0  8.21412e-11
      17970.0  8.20429e-11
      17980.0  8.19464e-11
      17990.0  8.18518e-11
      18000.0  8.17589e-11
      18010.0  8.16678e-11
      18020.0  8.15783e-11
      18030.0  8.14905e-11
      18040.0  8.14041e-11
      18050.0  8.13191e-11
      18060.0  8.12353e-11
      18070.0  8.11526e-11
      18080.0  8.10708e-11
      18090.0  8.09897e-11
      18100.0  8.09092e-11
      18110.0  8.08291e-11
      18120.0  8.07493e-11
      18130.0  8.06695e-11
      18140.0  8.05896e-11
      18150.0  8.05095e-11
      18160.0  8.04291e-11
      18170.0  8.03480e-11
      18180.0  8.02663e-11
      18190.0  8.01838e-11
      18200.0  8.01004e-11
      18210.0  8.00160e-11
      18220.0  7.99304e-11
      18230.0  7.98436e-11
      18240.0  7.97554e-11
      18250.0  7.96658e-11
      18260.0  7.95747e-11
      18270.0  7.94820e-11
      18280.0  7.93876e-11
      18290.0  7.92915e-11
      18300.0  7.91935e-11
      18310.0  7.90937e-11
      18320.0  7.89919e-11
      18330.0  7.88881e-11
      18340.0  7.87822e-11
      18350.0  7.86743e-11
      18360.0  7.85642e-11
      18370.0  7.84519e-11
      18380.0  7.83375e-11
      18390.0  7.82209e-11
      18400.0  7.81021e-11
      18410.0  7.79812e-11
      18420.0  7.78581e-11
      18430.0  7.77329e-11
      18440.0  7.76056e-11
      18450.0  7.74764e-11
      18460.0  7.73452e-11
      18470.0  7.72120e-11
      18480.0  7.70771e-11
      18490.0  7.69404e-11
      18500.0  7.68020e-11
      18510.0  7.66621e-11
      18520.0  7.65205e-11
      18530.0  7.63776e-11
      18540.0  7.62332e-11
      18550.0  7.60875e-11
      18560.0  7.59404e-11
      18570.0  7.57922e-11
      18580.0  7.56427e-11
      18590.0  7.54921e-11
      18600.0  7.53403e-11
      18610.0  7.51873e-11
      18620.0  7.50333e-11
      18630.0  7.48781e-11
      18640.0  7.47218e-11
      18650.0  7.45643e-11
      18660.0  7.44057e-11
      18670.0  7.42459e-11
      18680.0  7.40848e-11
      18690.0  7.39225e-11
      18700.0  7.37588e-11
      18710.0  7.35938e-11
      18720.0  7.34272e-11
      18730.0  7.32590e-11
      18740.0  7.30892e-11
      18750.0  7.29176e-11
      18760.0  7.27441e-11
      18770.0  7.25685e-11
      18780.0  7.23906e-11
      18790.0  7.22105e-11
      18800.0  7.20278e-11
      18810.0  7.18424e-11
      18820.0  7.16541e-11
      18830.0  7.14628e-11
      18840.0  7.12683e-11
      18850.0  7.10705e-11
      18860.0  7.08691e-11
      18870.0  7.06642e-11
      18880.0  7.04555e-11
      18890.0  7.02431e-11
      18900.0  7.00268e-11
      18910.0  6.98066e-11
      18920.0  6.95826e-11
      18930.0  6.93549e-11
      18940.0  6.91235e-11
      18950.0  6.88885e-11
      18960.0  6.86502e-11
      18970.0  6.84087e-11
      18980.0  6.81643e-11
      18990.0  6.79174e-11
      19000.0  6.76681e-11
      19010.0  6.74170e-11
      19020.0  6.71642e-11
      19030.0  6.69104e-11
      19040.0  6.66558e-11
      19050.0  6.64008e-11
      19060.0  6.61461e-11
      19070.0  6.58919e-11
      19080.0  6.56387e-11
      19090.0  6.53870e-11
      19100.0  6.51371e-11
      19110.0  6.48896e-11
      19120.0  6.46447e-11
      19130.0  6.44029e-11
      19140.0  6.41645e-11
      19150.0  6.39298e-11
      19160.0  6.36992e-11
      19170.0  6.34728e-11
      19180.0  6.32509e-11
      19190.0  6.30338e-11
      19200.0  6.28215e-11
      19210.0  6.26143e-11
      19220.0  6.24121e-11
      19230.0  6.22151e-11
      19240.0  6.20232e-11
      19250.0  6.18365e-11
      19260.0  6.16549e-11
      19270.0  6.14783e-11
      19280.0  6.13067e-11
      19290.0  6.11398e-11
      19300.0  6.09776e-11
      19310.0  6.08197e-11
      19320.0  6.06660e-11
      19330.0  6.05163e-11
      19340.0  6.03703e-11
      19350.0  6.02277e-11
      19360.0  6.00882e-11
      19370.0  5.99516e-11
      19380.0  5.98176e-11
      19390.0  5.96858e-11
      19400.0  5.95561e-11
      19410.0  5.94280e-11
      19420.0  5.93015e-11
      19430.0  5.91762e-11
      19440.0  5.90519e-11
      19450.0  5.89285e-11
      19460.0  5.88058e-11
      19470.0  5.86837e-11
      19480.0  5.85620e-11
      19490.0  5.84408e-11
      19500.0  5.83200e-11
      19510.0  5.81996e-11
      19520.0  5.80798e-11
      19530.0  5.79604e-11
      19540.0  5.78418e-11
      19550.0  5.77240e-11
      19560.0  5.76071e-11
      19570.0  5.74914e-11
      19580.0  5.73771e-11
      19590.0  5.72642e-11
      19600.0  5.71531e-11
      19610.0  5.70439e-11
      19620.0  5.69367e-11
      19630.0  5.68318e-11
      19640.0  5.67293e-11
      19650.0  5.66292e-11
      19660.0  5.65317e-11
      19670.0  5.64367e-11
      19680.0  5.63443e-11
      19690.0  5.62545e-11
      19700.0  5.61671e-11
      19710.0  5.60821e-11
      19720.0  5.59992e-11
      19730.0  5.59183e-11
      19740.0  5.58391e-11
      19750.0  5.57613e-11
      19760.0  5.56847e-11
      19770.0  5.56088e-11
      19780.0  5.55334e-11
      19790.0  5.54581e-11
      19800.0  5.53824e-11
      19810.0  5.53059e-11
      19820.0  5.52284e-11
      19830.0  5.51494e-11
      19840.0  5.50685e-11
      19850.0  5.49854e-11
      19860.0  5.48997e-11
      19870.0  5.48111e-11
      19880.0  5.47195e-11
      19890.0  5.46244e-11
      19900.0  5.45257e-11
      19910.0  5.44233e-11
      19920.0  5.43170e-11
      19930.0  5.42067e-11
      19940.0  5.40923e-11
      19950.0  5.39738e-11
      19960.0  5.38513e-11
      19970.0  5.37248e-11
      19980.0  5.35943e-11
      19990.0  5.34599e-11
      20000.0  5.33219e-11
      20010.0  5.31804e-11
      20020.0  5.30354e-11
      20030.0  5.28873e-11
      20040.0  5.27362e-11
      20050.0  5.25824e-11
      20060.0  5.24260e-11
      20070.0  5.22672e-11
      20080.0  5.21064e-11
      20090.0  5.19436e-11
      20100.0  5.17792e-11
      20110.0  5.16134e-11
      20120.0  5.14464e-11
      20130.0  5.12784e-11
      20140.0  5.11096e-11
      20150.0  5.09402e-11
      20160.0  5.07704e-11
      20170.0  5.06005e-11
      20180.0  5.04306e-11
      20190.0  5.02609e-11
      20200.0  5.00917e-11
      20210.0  4.99231e-11
      20220.0  4.97553e-11
      20230.0  4.95886e-11
      20240.0  4.94230e-11
      20250.0  4.92589e-11
      20260.0  4.90963e-11
      20270.0  4.89356e-11
      20280.0  4.87768e-11
      20290.0  4.86201e-11
      20300.0  4.84657e-11
      20310.0  4.83139e-11
      20320.0  4.81646e-11
      20330.0  4.80182e-11
      20340.0  4.78747e-11
      20350.0  4.77344e-11
      20360.0  4.75972e-11
      20370.0  4.74634e-11
      20380.0  4.73330e-11
      20390.0  4.72062e-11
      20400.0  4.70831e-11
      20410.0  4.69638e-11
      20420.0  4.68483e-11
      20430.0  4.67368e-11
      20440.0  4.66293e-11
      20450.0  4.65260e-11
      20460.0  4.64268e-11
      20470.0  4.63319e-11
      20480.0  4.62414e-11
      20490.0  4.61553e-11
      20500.0  4.60738e-11
      20510.0  4.59968e-11
      20520.0  4.59245e-11
      20530.0  4.58570e-11
      20540.0  4.57943e-11
      20550.0  4.57364e-11
      20560.0  4.56835e-11
      20570.0  4.56356e-11
      20580.0  4.55927e-11
      20590.0  4.55548e-11
      20600.0  4.55220e-11
      20610.0  4.54942e-11
      20620.0  4.54715e-11
      20630.0  4.54536e-11
      20640.0  4.54407e-11
      20650.0  4.54325e-11
      20660.0  4.54290e-11
      20670.0  4.54300e-11
      20680.0  4.54353e-11
      20690.0  4.54447e-11
      20700.0  4.54580e-11
      20710.0  4.54749e-11
      20720.0  4.54951e-11
      20730.0  4.55183e-11
      20740.0  4.55441e-11
      20750.0  4.55723e-11
      20760.0  4.56023e-11
      20770.0  4.56337e-11
      20780.0  4.56663e-11
      20790.0  4.56994e-11
      20800.0  4.57327e-11
      20810.0  4.57656e-11
      20820.0  4.57978e-11
      20830.0  4.58287e-11
      20840.0  4.58577e-11
      20850.0  4.58846e-11
      20860.0  4.59087e-11
      20870.0  4.59296e-11
      20880.0  4.59468e-11
      20890.0  4.59599e-11
      20900.0  4.59684e-11
      20910.0  4.59721e-11
      20920.0  4.59704e-11
      20930.0  4.59630e-11
      20940.0  4.59496e-11
      20950.0  4.59299e-11
      20960.0  4.59037e-11
      20970.0  4.58708e-11
      20980.0  4.58309e-11
      20990.0  4.57841e-11
      21000.0  4.57301e-11
      21010.0  4.56690e-11
      21020.0  4.56008e-11
      21030.0  4.55256e-11
      21040.0  4.54435e-11
      21050.0  4.53545e-11
      21060.0  4.52590e-11
      21070.0  4.51572e-11
      21080.0  4.50494e-11
      21090.0  4.49358e-11
      21100.0  4.48168e-11
      21110.0  4.46928e-11
      21120.0  4.45643e-11
      21130.0  4.44316e-11
      21140.0  4.42952e-11
      21150.0  4.41556e-11
      21160.0  4.40131e-11
      21170.0  4.38684e-11
      21180.0  4.37218e-11
      21190.0  4.35738e-11
      21200.0  4.34249e-11
      21210.0  4.32754e-11
      21220.0  4.31258e-11
      21230.0  4.29765e-11
      21240.0  4.28278e-11
      21250.0  4.26799e-11
      21260.0  4.25333e-11
      21270.0  4.23881e-11
      21280.0  4.22445e-11
      21290.0  4.21027e-11
      21300.0  4.19628e-11
      21310.0  4.18249e-11
      21320.0  4.16890e-11
      21330.0  4.15550e-11
      21340.0  4.14231e-11
      21350.0  4.12931e-11
      21360.0  4.11648e-11
      21370.0  4.10382e-11
      21380.0  4.09131e-11
      21390.0  4.07893e-11
      21400.0  4.06667e-11
      21410.0  4.05450e-11
      21420.0  4.04240e-11
      21430.0  4.03034e-11
      21440.0  4.01831e-11
      21450.0  4.00629e-11
      21460.0  3.99426e-11
      21470.0  3.98218e-11
      21480.0  3.97006e-11
      21490.0  3.95786e-11
      21500.0  3.94558e-11
      21510.0  3.93320e-11
      21520.0  3.92072e-11
      21530.0  3.90812e-11
      21540.0  3.89540e-11
      21550.0  3.88256e-11
      21560.0  3.86959e-11
      21570.0  3.85650e-11
      21580.0  3.84329e-11
      21590.0  3.82997e-11
      21600.0  3.81655e-11
      21610.0  3.80303e-11
      21620.0  3.78943e-11
      21630.0  3.77576e-11
      21640.0  3.76203e-11
      21650.0  3.74826e-11
      21660.0  3.73446e-11
      21670.0  3.72065e-11
      21680.0  3.70684e-11
      21690.0  3.69304e-11
      21700.0  3.67928e-11
      21710.0  3.66557e-11
      21720.0  3.65191e-11
      21730.0  3.63833e-11
      21740.0  3.62484e-11
      21750.0  3.61145e-11
      21760.0  3.59817e-11
      21770.0  3.58501e-11
      21780.0  3.57197e-11
      21790.0  3.55908e-11
      21800.0  3.54633e-11
      21810.0  3.53372e-11
      21820.0  3.52128e-11
      21830.0  3.50899e-11
      21840.0  3.49685e-11
      21850.0  3.48488e-11
      21860.0  3.47306e-11
      21870.0  3.46140e-11
      21880.0  3.44990e-11
      21890.0  3.43853e-11
      21900.0  3.42731e-11
      21910.0  3.41622e-11
      21920.0  3.40525e-11
      21930.0  3.39439e-11
      21940.0  3.38363e-11
      21950.0  3.37296e-11
      21960.0  3.36236e-11
      21970.0  3.35181e-11
      21980.0  3.34131e-11
      21990.0  3.33083e-11
      22000.0  3.32037e-11
      22010.0  3.30990e-11
      22020.0  3.29940e-11
      22030.0  3.28888e-11
      22040.0  3.27831e-11
      22050.0  3.26767e-11
      22060.0  3.25697e-11
      22070.0  3.24618e-11
      22080.0  3.23530e-11
      22090.0  3.22432e-11
      22100.0  3.21324e-11
      22110.0  3.20205e-11
      22120.0  3.19076e-11
      22130.0  3.17935e-11
      22140.0  3.16784e-11
      22150.0  3.15623e-11
      22160.0  3.14452e-11
      22170.0  3.13271e-11
      22180.0  3.12082e-11
      22190.0  3.10885e-11
      22200.0  3.09680e-11
      22210.0  3.08469e-11
      22220.0  3.07253e-11
      22230.0  3.06031e-11
      22240.0  3.04806e-11
      22250.0  3.03577e-11
      22260.0  3.02346e-11
      22270.0  3.01113e-11
      22280.0  2.99878e-11
      22290.0  2.98642e-11
      22300.0  2.97406e-11
      22310.0  2.96169e-11
      22320.0  2.94932e-11
      22330.0  2.93696e-11
      22340.0  2.92461e-11
      22350.0  2.91226e-11
      22360.0  2.89993e-11
      22370.0  2.88761e-11
      22380.0  2.87530e-11
      22390.0  2.86302e-11
      22400.0  2.85077e-11
      22410.0  2.83855e-11
      22420.0  2.82636e-11
      22430.0  2.81422e-11
      22440.0  2.80214e-11
      22450.0  2.79011e-11
      22460.0  2.77816e-11
      22470.0  2.76630e-11
      22480.0  2.75453e-11
      22490.0  2.74287e-11
      22500.0  2.73133e-11
      22510.0  2.71993e-11
      22520.0  2.70867e-11
      22530.0  2.69757e-11
      22540.0  2.68665e-11
      22550.0  2.67591e-11
      22560.0  2.66536e-11
      22570.0  2.65502e-11
      22580.0  2.64489e-11
      22590.0  2.63498e-11
      22600.0  2.62530e-11
      22610.0  2.61585e-11
      22620.0  2.60663e-11
      22630.0  2.59764e-11
      22640.0  2.58888e-11
      22650.0  2.58036e-11
      22660.0  2.57207e-11
      22670.0  2.56399e-11
      22680.0  2.55614e-11
      22690.0  2.54850e-11
      22700.0  2.54106e-11
      22710.0  2.53382e-11
      22720.0  2.52677e-11
      22730.0  2.51991e-11
      22740.0  2.51323e-11
      22750.0  2.50672e-11
      22760.0  2.50038e-11
      22770.0  2.49420e-11
      22780.0  2.48819e-11
      22790.0  2.48233e-11
      22800.0  2.47663e-11
      22810.0  2.47110e-11
      22820.0  2.46572e-11
      22830.0  2.46051e-11
      22840.0  2.45547e-11
      22850.0  2.45061e-11
      22860.0  2.44593e-11
      22870.0  2.44143e-11
      22880.0  2.43714e-11
      22890.0  2.43305e-11
      22900.0  2.42917e-11
      22910.0  2.42552e-11
      22920.0  2.42210e-11
      22930.0  2.41892e-11
      22940.0  2.41599e-11
      22950.0  2.41331e-11
      22960.0  2.41091e-11
      22970.0  2.40877e-11
      22980.0  2.40692e-11
      22990.0  2.40535e-11
      23000.0  2.40408e-11
      23010.0  2.40310e-11
      23020.0  2.40243e-11
      23030.0  2.40206e-11
      23040.0  2.40200e-11
      23050.0  2.40226e-11
      23060.0  2.40283e-11
      23070.0  2.40373e-11
      23080.0  2.40495e-11
      23090.0  2.40649e-11
      23100.0  2.40837e-11
      23110.0  2.41058e-11
      23120.0  2.41312e-11
      23130.0  2.41601e-11
      23140.0  2.41924e-11
      23150.0  2.42281e-11
      23160.0  2.42673e-11
      23170.0  2.43099e-11
      23180.0  2.43561e-11
      23190.0  2.44057e-11
      23200.0  2.44587e-11
      23210.0  2.45152e-11
      23220.0  2.45749e-11
      23230.0  2.46380e-11
      23240.0  2.47041e-11
      23250.0  2.47732e-11
      23260.0  2.48451e-11
      23270.0  2.49195e-11
      23280.0  2.49963e-11
      23290.0  2.50751e-11
      23300.0  2.51557e-11
      23310.0  2.52376e-11
      23320.0  2.53205e-11
      23330.0  2.54039e-11
      23340.0  2.54875e-11
      23350.0  2.55708e-11
      23360.0  2.56534e-11
      23370.0  2.57346e-11
      23380.0  2.58142e-11
      23390.0  2.58916e-11
      23400.0  2.59664e-11
      23410.0  2.60381e-11
      23420.0  2.61064e-11
      23430.0  2.61709e-11
      23440.0  2.62313e-11
      23450.0  2.62874e-11
      23460.0  2.63390e-11
      23470.0  2.63860e-11
      23480.0  2.64284e-11
      23490.0  2.64662e-11
      23500.0  2.64997e-11
      23510.0  2.65291e-11
      23520.0  2.65547e-11
      23530.0  2.65771e-11
      23540.0  2.65968e-11
      23550.0  2.66144e-11
      23560.0  2.66307e-11
      23570.0  2.66463e-11
      23580.0  2.66621e-11
      23590.0  2.66790e-11
      23600.0  2.66977e-11
      23610.0  2.67191e-11
      23620.0  2.67438e-11
      23630.0  2.67728e-11
      23640.0  2.68064e-11
      23650.0  2.68453e-11
      23660.0  2.68898e-11
      23670.0  2.69402e-11
      23680.0  2.69965e-11
      23690.0  2.70589e-11
      23700.0  2.71269e-11
      23710.0  2.72005e-11
      23720.0  2.72790e-11
      23730.0  2.73621e-11
      23740.0  2.74490e-11
      23750.0  2.75392e-11
      23760.0  2.76318e-11
      23770.0  2.77263e-11
      23780.0  2.78220e-11
      23790.0  2.79182e-11
      23800.0  2.80146e-11
      23810.0  2.81106e-11
      23820.0  2.82061e-11
      23830.0  2.83016e-11
      23840.0  2.83968e-11
      23850.0  2.84915e-11
      23860.0  2.85860e-11
      23870.0  2.86806e-11
      23880.0  2.87759e-11
      23890.0  2.88724e-11
      23900.0  2.89707e-11
      23910.0  2.90714e-11
      23920.0  2.91750e-11
      23930.0  2.92820e-11
      23940.0  2.93928e-11
      23950.0  2.95078e-11
      23960.0  2.96269e-11
      23970.0  2.97504e-11
      23980.0  2.98779e-11
      23990.0  3.00091e-11
      24000.0  3.01437e-11
      24010.0  3.02810e-11
      24020.0  3.04204e-11
      24030.0  3.05609e-11
      24040.0  3.07019e-11
      24050.0  3.08423e-11
      24060.0  3.09814e-11
      24070.0  3.11183e-11
      24080.0  3.12522e-11
      24090.0  3.13824e-11
      24100.0  3.15084e-11
      24110.0  3.16295e-11
      24120.0  3.17455e-11
      24130.0  3.18562e-11
      24140.0  3.19613e-11
      24150.0  3.20610e-11
      24160.0  3.21553e-11
      24170.0  3.22445e-11
      24180.0  3.23287e-11
      24190.0  3.24084e-11
      24200.0  3.24838e-11
      24210.0  3.25555e-11
      24220.0  3.26237e-11
      24230.0  3.26888e-11
      24240.0  3.27512e-11
      24250.0  3.28113e-11
      24260.0  3.28692e-11
      24270.0  3.29253e-11
      24280.0  3.29798e-11
      24290.0  3.30329e-11
      24300.0  3.30847e-11
      24310.0  3.31353e-11
      24320.0  3.31849e-11
      24330.0  3.32335e-11
      24340.0  3.32812e-11
      24350.0  3.33281e-11
      24360.0  3.33744e-11
      24370.0  3.34200e-11
      24380.0  3.34651e-11
      24390.0  3.35098e-11
      24400.0  3.35543e-11
      24410.0  3.35987e-11
      24420.0  3.36431e-11
      24430.0  3.36877e-11
      24440.0  3.37326e-11
      24450.0  3.37780e-11
      24460.0  3.38240e-11
      24470.0  3.38708e-11
      24480.0  3.39183e-11
      24490.0  3.39667e-11
      24500.0  3.40159e-11
      24510.0  3.40661e-11
      24520.0  3.41171e-11
      24530.0  3.41688e-11
      24540.0  3.42212e-11
      24550.0  3.42742e-11
      24560.0  3.43276e-11
      24570.0  3.43813e-11
      24580.0  3.44350e-11
      24590.0  3.44886e-11
      24600.0  3.45421e-11
      24610.0  3.45951e-11
      24620.0  3.46477e-11
      24630.0  3.46998e-11
      24640.0  3.47512e-11
      24650.0  3.48020e-11
      24660.0  3.48523e-11
      24670.0  3.49022e-11
      24680.0  3.49517e-11
      24690.0  3.50011e-11
      24700.0  3.50507e-11
      24710.0  3.51006e-11
      24720.0  3.51512e-11
      24730.0  3.52029e-11
      24740.0  3.52558e-11
      24750.0  3.53103e-11
      24760.0  3.53668e-11
      24770.0  3.54254e-11
      24780.0  3.54864e-11
      24790.0  3.55498e-11
      24800.0  3.56156e-11
      24810.0  3.56838e-11
      24820.0  3.57542e-11
      24830.0  3.58265e-11
      24840.0  3.59004e-11
      24850.0  3.59752e-11
      24860.0  3.60506e-11
      24870.0  3.61259e-11
      24880.0  3.62005e-11
      24890.0  3.62738e-11
      24900.0  3.63452e-11
      24910.0  3.64144e-11
      24920.0  3.64808e-11
      24930.0  3.65442e-11
      24940.0  3.66042e-11
      24950.0  3.66608e-11
      24960.0  3.67139e-11
      24970.0  3.67634e-11
      24980.0  3.68094e-11
      24990.0  3.68520e-11
      25000.0  3.68915e-11
