      1000.00  7.45326e-14
      1010.00  9.03069e-14
      1020.00  1.09773e-13
      1030.00  1.33678e-13
      1040.00  1.62947e-13
      1050.00  1.98637e-13
      1060.00  2.41929e-13
      1070.00  2.94102e-13
      1080.00  3.56500e-13
      1090.00  4.30486e-13
      1100.00  5.17378e-13
      1110.00  6.18380e-13
      1120.00  7.34517e-13
      1130.00  8.66565e-13
      1140.00  1.01500e-12
      1150.00  1.17993e-12
      1160.00  1.36113e-12
      1170.00  1.55793e-12
      1180.00  1.76931e-12
      1190.00  1.99385e-12
      1200.00  2.22979e-12
      1210.00  2.47505e-12
      1220.00  2.72727e-12
      1230.00  2.98389e-12
      1240.00  3.24220e-12
      1250.00  3.49944e-12
      1260.00  3.75282e-12
      1270.00  3.99967e-12
      1280.00  4.23745e-12
      1290.00  4.46386e-12
      1300.00  4.67686e-12
      1310.00  4.87477e-12
      1320.00  5.05623e-12
      1330.00  5.22031e-12
      1340.00  5.36645e-12
      1350.00  5.49452e-12
      1360.00  5.60480e-12
      1370.00  5.69802e-12
      1380.00  5.77535e-12
      1390.00  5.83848e-12
      1400.00  5.88967e-12
      1410.00  5.93186e-12
      1420.00  5.96881e-12
      1430.00  6.00526e-12
      1440.00  6.04708e-12
      1450.00  6.10140e-12
      1460.00  6.17662e-12
      1470.00  6.28225e-12
      1480.00  6.42856e-12
      1490.00  6.62588e-12
      1500.00  6.88370e-12
      1510.00  7.20939e-12
      1520.00  7.60689e-12
      1530.00  8.07539e-12
      1540.00  8.60833e-12
      1550.00  9.19288e-12
      1560.00  9.81018e-12
      1570.00  1.04364e-11
      1580.00  1.10448e-11
      1590.00  1.16077e-11
      1600.00  1.21001e-11
      1610.00  1.25017e-11
      1620.00  1.27995e-11
      1630.00  1.29891e-11
      1640.00  1.30751e-11
      1650.00  1.30706e-11
      1660.00  1.29959e-11
      1670.00  1.28761e-11
      1680.00  1.27391e-11
      1690.00  1.26132e-11
      1700.00  1.25250e-11
      1710.00  1.24981e-11
      1720.00  1.25514e-11
      1730.00  1.26986e-11
      1740.00  1.29473e-11
      1750.00  1.32990e-11
      1760.00  1.37488e-11
      1770.00  1.42857e-11
      1780.00  1.48931e-11
      1790.00  1.55497e-11
      1800.00  1.62304e-11
      1810.00  1.69083e-11
      1820.00  1.75565e-11
      1830.00  1.81496e-11
      1840.00  1.86659e-11
      1850.00  1.90888e-11
      1860.00  1.94078e-11
      1870.00  1.96187e-11
      1880.00  1.97240e-11
      1890.00  1.97315e-11
      1900.00  1.96537e-11
      1910.00  1.95060e-11
      1920.00  1.93055e-11
      1930.00  1.90694e-11
      1940.00  1.88137e-11
      1950.00  1.85523e-11
      1960.00  1.82963e-11
      1970.00  1.80538e-11
      1980.00  1.78300e-11
      1990.00  1.76272e-11
      2000.00  1.74456e-11
      2010.00  1.72841e-11
      2020.00  1.71402e-11
      2030.00  1.70118e-11
      2040.00  1.68965e-11
      2050.00  1.67929e-11
      2060.00  1.67004e-11
      2070.00  1.66194e-11
      2080.00  1.65509e-11
      2090.00  1.64968e-11
      2100.00  1.64595e-11
      2110.00  1.64417e-11
      2120.00  1.64460e-11
      2130.00  1.64751e-11
      2140.00  1.65311e-11
      2150.00  1.66158e-11
      2160.00  1.67303e-11
      2170.00  1.68749e-11
      2180.00  1.70491e-11
      2190.00  1.72517e-11
      2200.00  1.74810e-11
      2210.00  1.77350e-11
      2220.00  1.80118e-11
      2230.00  1.83100e-11
      2240.00  1.86291e-11
      2250.00  1.89697e-11
      2260.00  1.93333e-11
      2270.00  1.97220e-11
      2280.00  2.01381e-11
      2290.00  2.05826e-11
      2300.00  2.10550e-11
      2310.00  2.15518e-11
      2320.00  2.20660e-11
      2330.00  2.25869e-11
      2340.00  2.31002e-11
      2350.00  2.35888e-11
      2360.00  2.40344e-11
      2370.00  2.44186e-11
      2380.00  2.47253e-11
      2390.00  2.49424e-11
      2400.00  2.50634e-11
      2410.00  2.50886e-11
      2420.00  2.50257e-11
      2430.00  2.48893e-11
      2440.00  2.47000e-11
      2450.00  2.44827e-11
      2460.00  2.42640e-11
      2470.00  2.40694e-11
      2480.00  2.39209e-11
      2490.00  2.38343e-11
      2500.00  2.38174e-11
      2510.00  2.38695e-11
      2520.00  2.39815e-11
      2530.00  2.41375e-11
      2540.00  2.43170e-11
      2550.00  2.44979e-11
      2560.00  2.46591e-11
      2570.00  2.47830e-11
      2580.00  2.48575e-11
      2590.00  2.48764e-11
      2600.00  2.48393e-11
      2610.00  2.47511e-11
      2620.00  2.46198e-11
      2630.00  2.44560e-11
      2640.00  2.42707e-11
      2650.00  2.40803e-11
      2660.00  2.41959e-11
      2670.00  2.75675e-11
      2680.00  3.79289e-11
      2690.00  5.07545e-11
      2700.00  6.13843e-11
      2710.00  6.84064e-11
      2720.00  7.23491e-11
      2730.00  7.33558e-11
      2740.00  7.22588e-11
      2750.00  7.14223e-11
      2760.00  7.21836e-11
      2770.00  7.45367e-11
      2780.00  7.63235e-11
      2790.00  7.62053e-11
      2800.00  7.43193e-11
      2810.00  7.18256e-11
      2820.00  6.99125e-11
      2830.00  6.90369e-11
      2840.00  6.90999e-11
      2850.00  6.97755e-11
      2860.00  7.11694e-11
      2870.00  7.42496e-11
      2880.00  7.89818e-11
      2890.00  8.43328e-11
      2900.00  8.92512e-11
      2910.00  9.08490e-11
      2920.00  8.85716e-11
      2930.00  8.75517e-11
      2940.00  8.82229e-11
      2950.00  8.84727e-11
      2960.00  8.75417e-11
      2970.00  8.58994e-11
      2980.00  8.37579e-11
      2990.00  8.01956e-11
      3000.00  7.52032e-11
      3010.00  7.11914e-11
      3020.00  6.92754e-11
      3030.00  6.92001e-11
      3040.00  6.98796e-11
      3050.00  7.05078e-11
      3060.00  7.13573e-11
      3070.00  7.20813e-11
      3080.00  7.22438e-11
      3090.00  7.20772e-11
      3100.00  7.21539e-11
      3110.00  7.31276e-11
      3120.00  7.53585e-11
      3130.00  7.84229e-11
      3140.00  8.18182e-11
      3150.00  8.59116e-11
      3160.00  9.10684e-11
      3170.00  9.64536e-11
      3180.00  1.00569e-10
      3190.00  1.02398e-10
      3200.00  1.01736e-10
      3210.00  9.88861e-11
      3220.00  9.47753e-11
      3230.00  9.08503e-11
      3240.00  8.79040e-11
      3250.00  8.56788e-11
      3260.00  8.43855e-11
      3270.00  8.40587e-11
      3280.00  8.40231e-11
      3290.00  8.41082e-11
      3300.00  8.48376e-11
      3310.00  8.62773e-11
      3320.00  8.78378e-11
      3330.00  8.91546e-11
      3340.00  9.03605e-11
      3350.00  9.16971e-11
      3360.00  9.34004e-11
      3370.00  9.56605e-11
      3380.00  9.89701e-11
      3390.00  1.04128e-10
      3400.00  1.11215e-10
      3410.00  1.18860e-10
      3420.00  1.25054e-10
      3430.00  1.28877e-10
      3440.00  1.30979e-10
      3450.00  1.32513e-10
      3460.00  1.34108e-10
      3470.00  1.35874e-10
      3480.00  1.38125e-10
      3490.00  1.41752e-10
      3500.00  1.47796e-10
      3510.00  1.56612e-10
      3520.00  1.67109e-10
      3530.00  1.77344e-10
      3540.00  1.85818e-10
      3550.00  1.92483e-10
      3560.00  1.98139e-10
      3570.00  2.02517e-10
      3580.00  2.04979e-10
      3590.00  2.05879e-10
      3600.00  2.04312e-10
      3610.00  1.98471e-10
      3620.00  1.90720e-10
      3630.00  1.87473e-10
      3640.00  1.92268e-10
      3650.00  2.04693e-10
      3660.00  2.22654e-10
      3670.00  2.42899e-10
      3680.00  2.62012e-10
      3690.00  2.77505e-10
      3700.00  2.87337e-10
      3710.00  2.89924e-10
      3720.00  2.85363e-10
      3730.00  2.75023e-10
      3740.00  2.60418e-10
      3750.00  2.42225e-10
      3760.00  2.21519e-10
      3770.00  2.00741e-10
      3780.00  1.81926e-10
      3790.00  1.66497e-10
      3800.00  1.56021e-10
      3810.00  1.51816e-10
      3820.00  1.55172e-10
      3830.00  1.68034e-10
      3840.00  1.91394e-10
      3850.00  2.23218e-10
      3860.00  2.59476e-10
      3870.00  2.96621e-10
      3880.00  3.32473e-10
      3890.00  3.65799e-10
      3900.00  3.95888e-10
      3910.00  4.22786e-10
      3920.00  4.47460e-10
      3930.00  4.70390e-10
      3940.00  4.90659e-10
      3950.00  5.06876e-10
      3960.00  5.17258e-10
      3970.00  5.19619e-10
      3980.00  5.12379e-10
      3990.00  4.95779e-10
      4000.00  4.72368e-10
      4010.00  4.45869e-10
      4020.00  4.19551e-10
      4030.00  3.95571e-10
      4040.00  3.75179e-10
      4050.00  3.59000e-10
      4060.00  3.46744e-10
      4070.00  3.36878e-10
      4080.00  3.27446e-10
      4090.00  3.17538e-10
      4100.00  3.07731e-10
      4110.00  2.99149e-10
      4120.00  2.92438e-10
      4130.00  2.87825e-10
      4140.00  2.85608e-10
      4150.00  2.86150e-10
      4160.00  2.89658e-10
      4170.00  2.95957e-10
      4180.00  3.04119e-10
      4190.00  3.12477e-10
      4200.00  3.19463e-10
      4210.00  3.24501e-10
      4220.00  3.27997e-10
      4230.00  3.30563e-10
      4240.00  3.32479e-10
      4250.00  3.33954e-10
      4260.00  3.35550e-10
      4270.00  3.38218e-10
      4280.00  3.42908e-10
      4290.00  3.49904e-10
      4300.00  3.58134e-10
      4310.00  3.65111e-10
      4320.00  3.67685e-10
      4330.00  3.63153e-10
      4340.00  3.50471e-10
      4350.00  3.31081e-10
      4360.00  3.08186e-10
      4370.00  2.84816e-10
      4380.00  2.62776e-10
      4390.00  2.42957e-10
      4400.00  2.26102e-10
      4410.00  2.13240e-10
      4420.00  2.05443e-10
      4430.00  2.03124e-10
      4440.00  2.05698e-10
      4450.00  2.12068e-10
      4460.00  2.21419e-10
      4470.00  2.33503e-10
      4480.00  2.48428e-10
      4490.00  2.66496e-10
      4500.00  2.88146e-10
      4510.00  3.13841e-10
      4520.00  3.43919e-10
      4530.00  3.78413e-10
      4540.00  4.16737e-10
      4550.00  4.57403e-10
      4560.00  4.98180e-10
      4570.00  5.36709e-10
      4580.00  5.71127e-10
      4590.00  6.00332e-10
      4600.00  6.23877e-10
      4610.00  6.41491e-10
      4620.00  6.52248e-10
      4630.00  6.54053e-10
      4640.00  6.44135e-10
      4650.00  6.20494e-10
      4660.00  5.83502e-10
      4670.00  5.36466e-10
      4680.00  4.84716e-10
      4690.00  4.33846e-10
      4700.00  3.88226e-10
      4710.00  3.50309e-10
      4720.00  3.20658e-10
      4730.00  2.98533e-10
      4740.00  2.82814e-10
      4750.00  2.72808e-10
      4760.00  2.68498e-10
      4770.00  2.70188e-10
      4780.00  2.77806e-10
      4790.00  2.90291e-10
      4800.00  3.05388e-10
      4810.00  3.20037e-10
      4820.00  3.31293e-10
      4830.00  3.37471e-10
      4840.00  3.38970e-10
      4850.00  3.38253e-10
      4860.00  3.38883e-10
      4870.00  3.44138e-10
      4880.00  3.56016e-10
      4890.00  3.74943e-10
      4900.00  3.99906e-10
      4910.00  4.28614e-10
      4920.00  4.57673e-10
      4930.00  4.82979e-10
      4940.00  5.00432e-10
      4950.00  5.06819e-10
      4960.00  5.00601e-10
      4970.00  4.82410e-10
      4980.00  4.55035e-10
      4990.00  4.22694e-10
      5000.00  3.89851e-10
      5010.00  3.60092e-10
      5020.00  3.35503e-10
      5030.00  3.16630e-10
      5040.00  3.02897e-10
      5050.00  2.93216e-10
      5060.00  2.86508e-10
      5070.00  2.81933e-10
      5080.00  2.78886e-10
      5090.00  2.76927e-10
      5100.00  2.75740e-10
      5110.00  2.75136e-10
      5120.00  2.75088e-10
      5130.00  2.75767e-10
      5140.00  2.77536e-10
      5150.00  2.80897e-10
      5160.00  2.86381e-10
      5170.00  2.94419e-10
      5180.00  3.05218e-10
      5190.00  3.18664e-10
      5200.00  3.34331e-10
      5210.00  3.51584e-10
      5220.00  3.69732e-10
      5230.00  3.88153e-10
      5240.00  4.06417e-10
      5250.00  4.24382e-10
      5260.00  4.42128e-10
      5270.00  4.59691e-10
      5280.00  4.76732e-10
      5290.00  4.92449e-10
      5300.00  5.05834e-10
      5310.00  5.16089e-10
      5320.00  5.22967e-10
      5330.00  5.26939e-10
      5340.00  5.29154e-10
      5350.00  5.31131e-10
      5360.00  5.34295e-10
      5370.00  5.39618e-10
      5380.00  5.47501e-10
      5390.00  5.57855e-10
      5400.00  5.70363e-10
      5410.00  5.84779e-10
      5420.00  6.01074e-10
      5430.00  6.19343e-10
      5440.00  6.39615e-10
      5450.00  6.61717e-10
      5460.00  6.85231e-10
      5470.00  7.09458e-10
      5480.00  7.33423e-10
      5490.00  7.56002e-10
      5500.00  7.76221e-10
      5510.00  7.93432e-10
      5520.00  8.06964e-10
      5530.00  8.15605e-10
      5540.00  8.17910e-10
      5550.00  8.13162e-10
      5560.00  8.01663e-10
      5570.00  7.84183e-10
      5580.00  7.61489e-10
      5590.00  7.34299e-10
      5600.00  7.03392e-10
      5610.00  6.69614e-10
      5620.00  6.33877e-10
      5630.00  5.97218e-10
      5640.00  5.60868e-10
      5650.00  5.26248e-10
      5660.00  4.94834e-10
      5670.00  4.67972e-10
      5680.00  4.46745e-10
      5690.00  4.31953e-10
      5700.00  4.24163e-10
      5710.00  4.23710e-10
      5720.00  4.30601e-10
      5730.00  4.44385e-10
      5740.00  4.64102e-10
      5750.00  4.88382e-10
      5760.00  5.15632e-10
      5770.00  5.44189e-10
      5780.00  5.72427e-10
      5790.00  5.98845e-10
      5800.00  6.22157e-10
      5810.00  6.41361e-10
      5820.00  6.55715e-10
      5830.00  6.64681e-10
      5840.00  6.67909e-10
      5850.00  6.65326e-10
      5860.00  6.57306e-10
      5870.00  6.44735e-10
      5880.00  6.28857e-10
      5890.00  6.10924e-10
      5900.00  5.91803e-10
      5910.00  5.71771e-10
      5920.00  5.50636e-10
      5930.00  5.28110e-10
      5940.00  5.04190e-10
      5950.00  4.79365e-10
      5960.00  4.54576e-10
      5970.00  4.30970e-10
      5980.00  4.09584e-10
      5990.00  3.91082e-10
      6000.00  3.75672e-10
      6010.00  3.63217e-10
      6020.00  3.53423e-10
      6030.00  3.45976e-10
      6040.00  3.40581e-10
      6050.00  3.36958e-10
      6060.00  3.34843e-10
      6070.00  3.33996e-10
      6080.00  3.34179e-10
      6090.00  3.35109e-10
      6100.00  3.36457e-10
      6110.00  3.37905e-10
      6120.00  3.39269e-10
      6130.00  3.40596e-10
      6140.00  3.42182e-10
      6150.00  3.44469e-10
      6160.00  3.47820e-10
      6170.00  3.52290e-10
      6180.00  3.57467e-10
      6190.00  3.62479e-10
      6200.00  3.66188e-10
      6210.00  3.67493e-10
      6220.00  3.65657e-10
      6230.00  3.60530e-10
      6240.00  3.52591e-10
      6250.00  3.42838e-10
      6260.00  3.32559e-10
      6270.00  3.23081e-10
      6280.00  3.15596e-10
      6290.00  3.11116e-10
      6300.00  3.10501e-10
      6310.00  3.14333e-10
      6320.00  3.22558e-10
      6330.00  3.34260e-10
      6340.00  3.48075e-10
      6350.00  3.62966e-10
      6360.00  3.78590e-10
      6370.00  3.95039e-10
      6380.00  4.12413e-10
      6390.00  4.30642e-10
      6400.00  4.49510e-10
      6410.00  4.68730e-10
      6420.00  4.87977e-10
      6430.00  5.06879e-10
      6440.00  5.25021e-10
      6450.00  5.41977e-10
      6460.00  5.57349e-10
      6470.00  5.70793e-10
      6480.00  5.81999e-10
      6490.00  5.90663e-10
      6500.00  5.96475e-10
      6510.00  5.99155e-10
      6520.00  5.98520e-10
      6530.00  5.94551e-10
      6540.00  5.87390e-10
      6550.00  5.77288e-10
      6560.00  5.64518e-10
      6570.00  5.49341e-10
      6580.00  5.31987e-10
      6590.00  5.12694e-10
      6600.00  4.91759e-10
      6610.00  4.69548e-10
      6620.00  4.46467e-10
      6630.00  4.22923e-10
      6640.00  3.99295e-10
      6650.00  3.75924e-10
      6660.00  3.53121e-10
      6670.00  3.31173e-10
      6680.00  3.10360e-10
      6690.00  2.90953e-10
      6700.00  2.73214e-10
      6710.00  2.57368e-10
      6720.00  2.43573e-10
      6730.00  2.31879e-10
      6740.00  2.22219e-10
      6750.00  2.14412e-10
      6760.00  2.08192e-10
      6770.00  2.03252e-10
      6780.00  1.99297e-10
      6790.00  1.96089e-10
      6800.00  1.93484e-10
      6810.00  1.91434e-10
      6820.00  1.89960e-10
      6830.00  1.89098e-10
      6840.00  1.88844e-10
      6850.00  1.89123e-10
      6860.00  1.89798e-10
      6870.00  1.90712e-10
      6880.00  1.91726e-10
      6890.00  1.92740e-10
      6900.00  1.93690e-10
      6910.00  1.94523e-10
      6920.00  1.95185e-10
      6930.00  1.95628e-10
      6940.00  1.95821e-10
      6950.00  1.95772e-10
      6960.00  1.95522e-10
      6970.00  1.95130e-10
      6980.00  1.94652e-10
      6990.00  1.94133e-10
      7000.00  1.93621e-10
      7010.00  1.93180e-10
      7020.00  1.92903e-10
      7030.00  1.92905e-10
      7040.00  1.93306e-10
      7050.00  1.94203e-10
      7060.00  1.95644e-10
      7070.00  1.97633e-10
      7080.00  2.00143e-10
      7090.00  2.03152e-10
      7100.00  2.06656e-10
      7110.00  2.10660e-10
      7120.00  2.15145e-10
      7130.00  2.20049e-10
      7140.00  2.25260e-10
      7150.00  2.30628e-10
      7160.00  2.35990e-10
      7170.00  2.41186e-10
      7180.00  2.46072e-10
      7190.00  2.50530e-10
      7200.00  2.54480e-10
      7210.00  2.57893e-10
      7220.00  2.60790e-10
      7230.00  2.63235e-10
      7240.00  2.65306e-10
      7250.00  2.67070e-10
      7260.00  2.68569e-10
      7270.00  2.69832e-10
      7280.00  2.70904e-10
      7290.00  2.71870e-10
      7300.00  2.72859e-10
      7310.00  2.74034e-10
      7320.00  2.75561e-10
      7330.00  2.77578e-10
      7340.00  2.80163e-10
      7350.00  2.83318e-10
      7360.00  2.86957e-10
      7370.00  2.90912e-10
      7380.00  2.94957e-10
      7390.00  2.98830e-10
      7400.00  3.02265e-10
      7410.00  3.05016e-10
      7420.00  3.06863e-10
      7430.00  3.07630e-10
      7440.00  3.07187e-10
      7450.00  3.05474e-10
      7460.00  3.02525e-10
      7470.00  2.98497e-10
      7480.00  2.93677e-10
      7490.00  2.88457e-10
      7500.00  2.83274e-10
      7510.00  2.78538e-10
      7520.00  2.74573e-10
      7530.00  2.71589e-10
      7540.00  2.69681e-10
      7550.00  2.68855e-10
      7560.00  2.69057e-10
      7570.00  2.70197e-10
      7580.00  2.72162e-10
      7590.00  2.74848e-10
      7600.00  2.78198e-10
      7610.00  2.82226e-10
      7620.00  2.87000e-10
      7630.00  2.92571e-10
      7640.00  2.98917e-10
      7650.00  3.05893e-10
      7660.00  3.13240e-10
      7670.00  3.20611e-10
      7680.00  3.27622e-10
      7690.00  3.33896e-10
      7700.00  3.39107e-10
      7710.00  3.43007e-10
      7720.00  3.45455e-10
      7730.00  3.46420e-10
      7740.00  3.45974e-10
      7750.00  3.44257e-10
      7760.00  3.41444e-10
      7770.00  3.37706e-10
      7780.00  3.33184e-10
      7790.00  3.27975e-10
      7800.00  3.22121e-10
      7810.00  3.15624e-10
      7820.00  3.08461e-10
      7830.00  3.00622e-10
      7840.00  2.92138e-10
      7850.00  2.83094e-10
      7860.00  2.73618e-10
      7870.00  2.63864e-10
      7880.00  2.53988e-10
      7890.00  2.44129e-10
      7900.00  2.34413e-10
      7910.00  2.24953e-10
      7920.00  2.15855e-10
      7930.00  2.07223e-10
      7940.00  1.99154e-10
      7950.00  1.91735e-10
      7960.00  1.85029e-10
      7970.00  1.79064e-10
      7980.00  1.73822e-10
      7990.00  1.69239e-10
      8000.00  1.65219e-10
      8010.00  1.61657e-10
      8020.00  1.58462e-10
      8030.00  1.55575e-10
      8040.00  1.52951e-10
      8050.00  1.50531e-10
      8060.00  1.48208e-10
      8070.00  1.45813e-10
      8080.00  1.43143e-10
      8090.00  1.40012e-10
      8100.00  1.36285e-10
      8110.00  1.31881e-10
      8120.00  1.26762e-10
      8130.00  1.20924e-10
      8140.00  1.14404e-10
      8150.00  1.07295e-10
      8160.00  9.97585e-11
      8170.00  9.20195e-11
      8180.00  8.43562e-11
      8190.00  7.70714e-11
      8200.00  7.04616e-11
      8210.00  6.47827e-11
      8220.00  6.02225e-11
      8230.00  5.68832e-11
      8240.00  5.47774e-11
      8250.00  5.38376e-11
      8260.00  5.39361e-11
      8270.00  5.49090e-11
      8280.00  5.65817e-11
      8290.00  5.87899e-11
      8300.00  6.13974e-11
      8310.00  6.43087e-11
      8320.00  6.74764e-11
      8330.00  7.09034e-11
      8340.00  7.46379e-11
      8350.00  7.87641e-11
      8360.00  8.33888e-11
      8370.00  8.86259e-11
      8380.00  9.45811e-11
      8390.00  1.01337e-10
      8400.00  1.08942e-10
      8410.00  1.17396e-10
      8420.00  1.26652e-10
      8430.00  1.36609e-10
      8440.00  1.47121e-10
      8450.00  1.57992e-10
      8460.00  1.68995e-10
      8470.00  1.79878e-10
      8480.00  1.90383e-10
      8490.00  2.00271e-10
      8500.00  2.09334e-10
      8510.00  2.17425e-10
      8520.00  2.24468e-10
      8530.00  2.30476e-10
      8540.00  2.35541e-10
      8550.00  2.39829e-10
      8560.00  2.43550e-10
      8570.00  2.46918e-10
      8580.00  2.50128e-10
      8590.00  2.53336e-10
      8600.00  2.56630e-10
      8610.00  2.60039e-10
      8620.00  2.63549e-10
      8630.00  2.67115e-10
      8640.00  2.70684e-10
      8650.00  2.74202e-10
      8660.00  2.77620e-10
      8670.00  2.80893e-10
      8680.00  2.83968e-10
      8690.00  2.86782e-10
      8700.00  2.89259e-10
      8710.00  2.91331e-10
      8720.00  2.92946e-10
      8730.00  2.94080e-10
      8740.00  2.94741e-10
      8750.00  2.94957e-10
      8760.00  2.94757e-10
      8770.00  2.94151e-10
      8780.00  2.93122e-10
      8790.00  2.91628e-10
      8800.00  2.89620e-10
      8810.00  2.87059e-10
      8820.00  2.83934e-10
      8830.00  2.80266e-10
      8840.00  2.76098e-10
      8850.00  2.71491e-10
      8860.00  2.66504e-10
      8870.00  2.61192e-10
      8880.00  2.55599e-10
      8890.00  2.49766e-10
      8900.00  2.43740e-10
      8910.00  2.37582e-10
      8920.00  2.31582e-10
      8930.00  2.25688e-10
      8940.00  2.19959e-10
      8950.00  2.14518e-10
      8960.00  2.09487e-10
      8970.00  2.04974e-10
      8980.00  2.01059e-10
      8990.00  1.97769e-10
      9000.00  1.95075e-10
      9010.00  1.92892e-10
      9020.00  1.91110e-10
      9030.00  1.89628e-10
      9040.00  1.88378e-10
      9050.00  1.87325e-10
      9060.00  1.86455e-10
      9070.00  1.85759e-10
      9080.00  1.85228e-10
      9090.00  1.84851e-10
      9100.00  1.84622e-10
      9110.00  1.84537e-10
      9120.00  1.84600e-10
      9130.00  1.84815e-10
      9140.00  1.85193e-10
      9150.00  1.85738e-10
      9160.00  1.86451e-10
      9170.00  1.87315e-10
      9180.00  1.88301e-10
      9190.00  1.89365e-10
      9200.00  1.90460e-10
      9210.00  1.91537e-10
      9220.00  1.92556e-10
      9230.00  1.93477e-10
      9240.00  1.94261e-10
      9250.00  1.94863e-10
      9260.00  1.95244e-10
      9270.00  1.95378e-10
      9280.00  1.95278e-10
      9290.00  1.94998e-10
      9300.00  1.94627e-10
      9310.00  1.94263e-10
      9320.00  1.93982e-10
      9330.00  1.93822e-10
      9340.00  1.93780e-10
      9350.00  1.93832e-10
      9360.00  1.93945e-10
      9370.00  1.94092e-10
      9380.00  1.94252e-10
      9390.00  1.94410e-10
      9400.00  1.94558e-10
      9410.00  1.94686e-10
      9420.00  1.94785e-10
      9430.00  1.94845e-10
      9440.00  1.94856e-10
      9450.00  1.94808e-10
      9460.00  1.94688e-10
      9470.00  1.94487e-10
      9480.00  1.94195e-10
      9490.00  1.93803e-10
      9500.00  1.93304e-10
      9510.00  1.92696e-10
      9520.00  1.91975e-10
      9530.00  1.91145e-10
      9540.00  1.90211e-10
      9550.00  1.89183e-10
      9560.00  1.88075e-10
      9570.00  1.86905e-10
      9580.00  1.85695e-10
      9590.00  1.84470e-10
      9600.00  1.83260e-10
      9610.00  1.82096e-10
      9620.00  1.81012e-10
      9630.00  1.80043e-10
      9640.00  1.79224e-10
      9650.00  1.78592e-10
      9660.00  1.78179e-10
      9670.00  1.78018e-10
      9680.00  1.78137e-10
      9690.00  1.78563e-10
      9700.00  1.79316e-10
      9710.00  1.80411e-10
      9720.00  1.81861e-10
      9730.00  1.83669e-10
      9740.00  1.85834e-10
      9750.00  1.88352e-10
      9760.00  1.91208e-10
      9770.00  1.94386e-10
      9780.00  1.97863e-10
      9790.00  2.01613e-10
      9800.00  2.05605e-10
      9810.00  2.09805e-10
      9820.00  2.14177e-10
      9830.00  2.18684e-10
      9840.00  2.23285e-10
      9850.00  2.27942e-10
      9860.00  2.32615e-10
      9870.00  2.37265e-10
      9880.00  2.41854e-10
      9890.00  2.46345e-10
      9900.00  2.50703e-10
      9910.00  2.54892e-10
      9920.00  2.58879e-10
      9930.00  2.62631e-10
      9940.00  2.66120e-10
      9950.00  2.69313e-10
      9960.00  2.72184e-10
      9970.00  2.74707e-10
      9980.00  2.76857e-10
      9990.00  2.78614e-10
      10000.0  2.79960e-10
      10010.0  2.80881e-10
      10020.0  2.81369e-10
      10030.0  2.81421e-10
      10040.0  2.81039e-10
      10050.0  2.80232e-10
      10060.0  2.79016e-10
      10070.0  2.77413e-10
      10080.0  2.75451e-10
      10090.0  2.73165e-10
      10100.0  2.70592e-10
      10110.0  2.67775e-10
      10120.0  2.64761e-10
      10130.0  2.61598e-10
      10140.0  2.58335e-10
      10150.0  2.55021e-10
      10160.0  2.51704e-10
      10170.0  2.48431e-10
      10180.0  2.45245e-10
      10190.0  2.42187e-10
      10200.0  2.39293e-10
      10210.0  2.36594e-10
      10220.0  2.34116e-10
      10230.0  2.31881e-10
      10240.0  2.29902e-10
      10250.0  2.28189e-10
      10260.0  2.26744e-10
      10270.0  2.25562e-10
      10280.0  2.24634e-10
      10290.0  2.23944e-10
      10300.0  2.23470e-10
      10310.0  2.23186e-10
      10320.0  2.23062e-10
      10330.0  2.23065e-10
      10340.0  2.23158e-10
      10350.0  2.23306e-10
      10360.0  2.23470e-10
      10370.0  2.23615e-10
      10380.0  2.23707e-10
      10390.0  2.23712e-10
      10400.0  2.23603e-10
      10410.0  2.23353e-10
      10420.0  2.22942e-10
      10430.0  2.22353e-10
      10440.0  2.21572e-10
      10450.0  2.20593e-10
      10460.0  2.19409e-10
      10470.0  2.18022e-10
      10480.0  2.16436e-10
      10490.0  2.14657e-10
      10500.0  2.12697e-10
      10510.0  2.10568e-10
      10520.0  2.08288e-10
      10530.0  2.05874e-10
      10540.0  2.03347e-10
      10550.0  2.00729e-10
      10560.0  1.98041e-10
      10570.0  1.95307e-10
      10580.0  1.92551e-10
      10590.0  1.89796e-10
      10600.0  1.87063e-10
      10610.0  1.84373e-10
      10620.0  1.81747e-10
      10630.0  1.79202e-10
      10640.0  1.76753e-10
      10650.0  1.74413e-10
      10660.0  1.72191e-10
      10670.0  1.70096e-10
      10680.0  1.68131e-10
      10690.0  1.66298e-10
      10700.0  1.64597e-10
      10710.0  1.63022e-10
      10720.0  1.61569e-10
      10730.0  1.60229e-10
      10740.0  1.58992e-10
      10750.0  1.57846e-10
      10760.0  1.56781e-10
      10770.0  1.55782e-10
      10780.0  1.54837e-10
      10790.0  1.53932e-10
      10800.0  1.53054e-10
      10810.0  1.52192e-10
      10820.0  1.51333e-10
      10830.0  1.50468e-10
      10840.0  1.49588e-10
      10850.0  1.48684e-10
      10860.0  1.47750e-10
      10870.0  1.46780e-10
      10880.0  1.45770e-10
      10890.0  1.44717e-10
      10900.0  1.43618e-10
      10910.0  1.42472e-10
      10920.0  1.41278e-10
      10930.0  1.40036e-10
      10940.0  1.38745e-10
      10950.0  1.37407e-10
      10960.0  1.36020e-10
      10970.0  1.34586e-10
      10980.0  1.33104e-10
      10990.0  1.31575e-10
      11000.0  1.29999e-10
      11010.0  1.28375e-10
      11020.0  1.26704e-10
      11030.0  1.24985e-10
      11040.0  1.23218e-10
      11050.0  1.21402e-10
      11060.0  1.19539e-10
      11070.0  1.17629e-10
      11080.0  1.15673e-10
      11090.0  1.13672e-10
      11100.0  1.11629e-10
      11110.0  1.09548e-10
      11120.0  1.07430e-10
      11130.0  1.05282e-10
      11140.0  1.03109e-10
      11150.0  1.00917e-10
      11160.0  9.87120e-11
      11170.0  9.65029e-11
      11180.0  9.42976e-11
      11190.0  9.21047e-11
      11200.0  8.99335e-11
      11210.0  8.77933e-11
      11220.0  8.56934e-11
      11230.0  8.36431e-11
      11240.0  8.16514e-11
      11250.0  7.97267e-11
      11260.0  7.78769e-11
      11270.0  7.61089e-11
      11280.0  7.44287e-11
      11290.0  7.28413e-11
      11300.0  7.13504e-11
      11310.0  6.99585e-11
      11320.0  6.86666e-11
      11330.0  6.74746e-11
      11340.0  6.63808e-11
      11350.0  6.53822e-11
      11360.0  6.44747e-11
      11370.0  6.36528e-11
      11380.0  6.29102e-11
      11390.0  6.22393e-11
      11400.0  6.16320e-11
      11410.0  6.10795e-11
      11420.0  6.05724e-11
      11430.0  6.01012e-11
      11440.0  5.96561e-11
      11450.0  5.92276e-11
      11460.0  5.88062e-11
      11470.0  5.83830e-11
      11480.0  5.79496e-11
      11490.0  5.74983e-11
      11500.0  5.70223e-11
      11510.0  5.65155e-11
      11520.0  5.59730e-11
      11530.0  5.53911e-11
      11540.0  5.47668e-11
      11550.0  5.40987e-11
      11560.0  5.33861e-11
      11570.0  5.26296e-11
      11580.0  5.18308e-11
      11590.0  5.09922e-11
      11600.0  5.01173e-11
      11610.0  4.92101e-11
      11620.0  4.82755e-11
      11630.0  4.73189e-11
      11640.0  4.63461e-11
      11650.0  4.53631e-11
      11660.0  4.43762e-11
      11670.0  4.33916e-11
      11680.0  4.24156e-11
      11690.0  4.14541e-11
      11700.0  4.05128e-11
      11710.0  3.95971e-11
      11720.0  3.87119e-11
      11730.0  3.78615e-11
      11740.0  3.70497e-11
      11750.0  3.62796e-11
      11760.0  3.55539e-11
      11770.0  3.48743e-11
      11780.0  3.42420e-11
      11790.0  3.36575e-11
      11800.0  3.31207e-11
      11810.0  3.26307e-11
      11820.0  3.21862e-11
      11830.0  3.17852e-11
      11840.0  3.14253e-11
      11850.0  3.11035e-11
      11860.0  3.08164e-11
      11870.0  3.05604e-11
      11880.0  3.03315e-11
      11890.0  3.01254e-11
      11900.0  2.99380e-11
      11910.0  2.97647e-11
      11920.0  2.96013e-11
      11930.0  2.94435e-11
      11940.0  2.92871e-11
      11950.0  2.91282e-11
      11960.0  2.89634e-11
      11970.0  2.87893e-11
      11980.0  2.86032e-11
      11990.0  2.84026e-11
      12000.0  2.81858e-11
      12010.0  2.79513e-11
      12020.0  2.76984e-11
      12030.0  2.74268e-11
      12040.0  2.71366e-11
      12050.0  2.68287e-11
      12060.0  2.65044e-11
      12070.0  2.61653e-11
      12080.0  2.58136e-11
      12090.0  2.54519e-11
      12100.0  2.50831e-11
      12110.0  2.47102e-11
      12120.0  2.43367e-11
      12130.0  2.39662e-11
      12140.0  2.36022e-11
      12150.0  2.32486e-11
      12160.0  2.29091e-11
      12170.0  2.25872e-11
      12180.0  2.22867e-11
      12190.0  2.20108e-11
      12200.0  2.17629e-11
      12210.0  2.15458e-11
      12220.0  2.13624e-11
      12230.0  2.12150e-11
      12240.0  2.11057e-11
      12250.0  2.10363e-11
      12260.0  2.10080e-11
      12270.0  2.10219e-11
      12280.0  2.10785e-11
      12290.0  2.11781e-11
      12300.0  2.13203e-11
      12310.0  2.15047e-11
      12320.0  2.17303e-11
      12330.0  2.19957e-11
      12340.0  2.22992e-11
      12350.0  2.26389e-11
      12360.0  2.30125e-11
      12370.0  2.34174e-11
      12380.0  2.38508e-11
      12390.0  2.43098e-11
      12400.0  2.47911e-11
      12410.0  2.52915e-11
      12420.0  2.58076e-11
      12430.0  2.63358e-11
      12440.0  2.68725e-11
      12450.0  2.74143e-11
      12460.0  2.79576e-11
      12470.0  2.84988e-11
      12480.0  2.90346e-11
      12490.0  2.95615e-11
      12500.0  3.00763e-11
      12510.0  3.05759e-11
      12520.0  3.10573e-11
      12530.0  3.15178e-11
      12540.0  3.19548e-11
      12550.0  3.23660e-11
      12560.0  3.27491e-11
      12570.0  3.31025e-11
      12580.0  3.34245e-11
      12590.0  3.37139e-11
      12600.0  3.39697e-11
      12610.0  3.41912e-11
      12620.0  3.43782e-11
      12630.0  3.45307e-11
      12640.0  3.46488e-11
      12650.0  3.47334e-11
      12660.0  3.47852e-11
      12670.0  3.48054e-11
      12680.0  3.47955e-11
      12690.0  3.47568e-11
      12700.0  3.46913e-11
      12710.0  3.46007e-11
      12720.0  3.44869e-11
      12730.0  3.43519e-11
      12740.0  3.41976e-11
      12750.0  3.40259e-11
      12760.0  3.38385e-11
      12770.0  3.36371e-11
      12780.0  3.34232e-11
      12790.0  3.31981e-11
      12800.0  3.29630e-11
      12810.0  3.27188e-11
      12820.0  3.24663e-11
      12830.0  3.22061e-11
      12840.0  3.19384e-11
      12850.0  3.16637e-11
      12860.0  3.13819e-11
      12870.0  3.10931e-11
      12880.0  3.07972e-11
      12890.0  3.04938e-11
      12900.0  3.01829e-11
      12910.0  2.98641e-11
      12920.0  2.95373e-11
      12930.0  2.92021e-11
      12940.0  2.88583e-11
      12950.0  2.85060e-11
      12960.0  2.81450e-11
      12970.0  2.77755e-11
      12980.0  2.73974e-11
      12990.0  2.70112e-11
      13000.0  2.66172e-11
      13010.0  2.62159e-11
      13020.0  2.58080e-11
      13030.0  2.53941e-11
      13040.0  2.49752e-11
      13050.0  2.45523e-11
      13060.0  2.41264e-11
      13070.0  2.36987e-11
      13080.0  2.32707e-11
      13090.0  2.28436e-11
      13100.0  2.24191e-11
      13110.0  2.19986e-11
      13120.0  2.15838e-11
      13130.0  2.11765e-11
      13140.0  2.07782e-11
      13150.0  2.03909e-11
      13160.0  2.00163e-11
      13170.0  1.96562e-11
      13180.0  1.93123e-11
      13190.0  1.89864e-11
      13200.0  1.86802e-11
      13210.0  1.83953e-11
      13220.0  1.81333e-11
      13230.0  1.78957e-11
      13240.0  1.76838e-11
      13250.0  1.74988e-11
      13260.0  1.73419e-11
      13270.0  1.72139e-11
      13280.0  1.71157e-11
      13290.0  1.70478e-11
      13300.0  1.70106e-11
      13310.0  1.70042e-11
      13320.0  1.70286e-11
      13330.0  1.70833e-11
      13340.0  1.71679e-11
      13350.0  1.72814e-11
      13360.0  1.74228e-11
      13370.0  1.75907e-11
      13380.0  1.77836e-11
      13390.0  1.79996e-11
      13400.0  1.82369e-11
      13410.0  1.84931e-11
      13420.0  1.87659e-11
      13430.0  1.90530e-11
      13440.0  1.93517e-11
      13450.0  1.96595e-11
      13460.0  1.99739e-11
      13470.0  2.02922e-11
      13480.0  2.06120e-11
      13490.0  2.09309e-11
      13500.0  2.12465e-11
      13510.0  2.15568e-11
      13520.0  2.18598e-11
      13530.0  2.21536e-11
      13540.0  2.24366e-11
      13550.0  2.27075e-11
      13560.0  2.29650e-11
      13570.0  2.32081e-11
      13580.0  2.34358e-11
      13590.0  2.36476e-11
      13600.0  2.38429e-11
      13610.0  2.40213e-11
      13620.0  2.41826e-11
      13630.0  2.43267e-11
      13640.0  2.44538e-11
      13650.0  2.45639e-11
      13660.0  2.46574e-11
      13670.0  2.47345e-11
      13680.0  2.47957e-11
      13690.0  2.48416e-11
      13700.0  2.48728e-11
      13710.0  2.48898e-11
      13720.0  2.48934e-11
      13730.0  2.48842e-11
      13740.0  2.48630e-11
      13750.0  2.48306e-11
      13760.0  2.47876e-11
      13770.0  2.47349e-11
      13780.0  2.46730e-11
      13790.0  2.46027e-11
      13800.0  2.45247e-11
      13810.0  2.44393e-11
      13820.0  2.43473e-11
      13830.0  2.42490e-11
      13840.0  2.41448e-11
      13850.0  2.40351e-11
      13860.0  2.39202e-11
      13870.0  2.38003e-11
      13880.0  2.36756e-11
      13890.0  2.35462e-11
      13900.0  2.34123e-11
      13910.0  2.32740e-11
      13920.0  2.31314e-11
      13930.0  2.29847e-11
      13940.0  2.28338e-11
      13950.0  2.26791e-11
      13960.0  2.25207e-11
      13970.0  2.23588e-11
      13980.0  2.21938e-11
      13990.0  2.20260e-11
      14000.0  2.18558e-11
      14010.0  2.16837e-11
      14020.0  2.15103e-11
      14030.0  2.13361e-11
      14040.0  2.11619e-11
      14050.0  2.09883e-11
      14060.0  2.08162e-11
      14070.0  2.06465e-11
      14080.0  2.04799e-11
      14090.0  2.03173e-11
      14100.0  2.01598e-11
      14110.0  2.00080e-11
      14120.0  1.98631e-11
      14130.0  1.97258e-11
      14140.0  1.95971e-11
      14150.0  1.94777e-11
      14160.0  1.93684e-11
      14170.0  1.92700e-11
      14180.0  1.91831e-11
      14190.0  1.91084e-11
      14200.0  1.90462e-11
      14210.0  1.89971e-11
      14220.0  1.89614e-11
      14230.0  1.89394e-11
      14240.0  1.89312e-11
      14250.0  1.89368e-11
      14260.0  1.89562e-11
      14270.0  1.89894e-11
      14280.0  1.90359e-11
      14290.0  1.90955e-11
      14300.0  1.91677e-11
      14310.0  1.92520e-11
      14320.0  1.93476e-11
      14330.0  1.94540e-11
      14340.0  1.95703e-11
      14350.0  1.96957e-11
      14360.0  1.98291e-11
      14370.0  1.99698e-11
      14380.0  2.01166e-11
      14390.0  2.02685e-11
      14400.0  2.04247e-11
      14410.0  2.05841e-11
      14420.0  2.07457e-11
      14430.0  2.09088e-11
      14440.0  2.10725e-11
      14450.0  2.12362e-11
      14460.0  2.13993e-11
      14470.0  2.15614e-11
      14480.0  2.17221e-11
      14490.0  2.18814e-11
      14500.0  2.20392e-11
      14510.0  2.21959e-11
      14520.0  2.23517e-11
      14530.0  2.25072e-11
      14540.0  2.26632e-11
      14550.0  2.28206e-11
      14560.0  2.29803e-11
      14570.0  2.31436e-11
      14580.0  2.33116e-11
      14590.0  2.34858e-11
      14600.0  2.36675e-11
      14610.0  2.38581e-11
      14620.0  2.40592e-11
      14630.0  2.42720e-11
      14640.0  2.44979e-11
      14650.0  2.47381e-11
      14660.0  2.49937e-11
      14670.0  2.52657e-11
      14680.0  2.55548e-11
      14690.0  2.58616e-11
      14700.0  2.61864e-11
      14710.0  2.65293e-11
      14720.0  2.68903e-11
      14730.0  2.72688e-11
      14740.0  2.76642e-11
      14750.0  2.80758e-11
      14760.0  2.85022e-11
      14770.0  2.89422e-11
      14780.0  2.93943e-11
      14790.0  2.98565e-11
      14800.0  3.03271e-11
      14810.0  3.08039e-11
      14820.0  3.12847e-11
      14830.0  3.17673e-11
      14840.0  3.22494e-11
      14850.0  3.27285e-11
      14860.0  3.32023e-11
      14870.0  3.36685e-11
      14880.0  3.41248e-11
      14890.0  3.45692e-11
      14900.0  3.49995e-11
      14910.0  3.54139e-11
      14920.0  3.58106e-11
      14930.0  3.61880e-11
      14940.0  3.65449e-11
      14950.0  3.68799e-11
      14960.0  3.71923e-11
      14970.0  3.74811e-11
      14980.0  3.77458e-11
      14990.0  3.79861e-11
      15000.0  3.82018e-11
      15010.0  3.83927e-11
      15020.0  3.85590e-11
      15030.0  3.87009e-11
      15040.0  3.88188e-11
      15050.0  3.89130e-11
      15060.0  3.89842e-11
      15070.0  3.90327e-11
      15080.0  3.90592e-11
      15090.0  3.90644e-11
      15100.0  3.90488e-11
      15110.0  3.90130e-11
      15120.0  3.89577e-11
      15130.0  3.88836e-11
      15140.0  3.87914e-11
      15150.0  3.86817e-11
      15160.0  3.85553e-11
      15170.0  3.84130e-11
      15180.0  3.82557e-11
      15190.0  3.80843e-11
      15200.0  3.78999e-11
      15210.0  3.77036e-11
      15220.0  3.74967e-11
      15230.0  3.72805e-11
      15240.0  3.70565e-11
      15250.0  3.68264e-11
      15260.0  3.65917e-11
      15270.0  3.63543e-11
      15280.0  3.61160e-11
      15290.0  3.58787e-11
      15300.0  3.56442e-11
      15310.0  3.54146e-11
      15320.0  3.51916e-11
      15330.0  3.49770e-11
      15340.0  3.47725e-11
      15350.0  3.45797e-11
      15360.0  3.43999e-11
      15370.0  3.42345e-11
      15380.0  3.40844e-11
      15390.0  3.39506e-11
      15400.0  3.38336e-11
      15410.0  3.37339e-11
      15420.0  3.36516e-11
      15430.0  3.35867e-11
      15440.0  3.35391e-11
      15450.0  3.35082e-11
      15460.0  3.34934e-11
      15470.0  3.34941e-11
      15480.0  3.35094e-11
      15490.0  3.35382e-11
      15500.0  3.35796e-11
      15510.0  3.36323e-11
      15520.0  3.36953e-11
      15530.0  3.37675e-11
      15540.0  3.38476e-11
      15550.0  3.39346e-11
      15560.0  3.40275e-11
      15570.0  3.41254e-11
      15580.0  3.42274e-11
      15590.0  3.43326e-11
      15600.0  3.44406e-11
      15610.0  3.45506e-11
      15620.0  3.46622e-11
      15630.0  3.47750e-11
      15640.0  3.48887e-11
      15650.0  3.50031e-11
      15660.0  3.51181e-11
      15670.0  3.52334e-11
      15680.0  3.53489e-11
      15690.0  3.54647e-11
      15700.0  3.55806e-11
      15710.0  3.56965e-11
      15720.0  3.58123e-11
      15730.0  3.59278e-11
      15740.0  3.60429e-11
      15750.0  3.61574e-11
      15760.0  3.62709e-11
      15770.0  3.63832e-11
      15780.0  3.64940e-11
      15790.0  3.66027e-11
      15800.0  3.67091e-11
      15810.0  3.68128e-11
      15820.0  3.69132e-11
      15830.0  3.70100e-11
      15840.0  3.71029e-11
      15850.0  3.71915e-11
      15860.0  3.72755e-11
      15870.0  3.73547e-11
      15880.0  3.74290e-11
      15890.0  3.74982e-11
      15900.0  3.75623e-11
      15910.0  3.76216e-11
      15920.0  3.76761e-11
      15930.0  3.77261e-11
      15940.0  3.77719e-11
      15950.0  3.78140e-11
      15960.0  3.78529e-11
      15970.0  3.78890e-11
      15980.0  3.79230e-11
      15990.0  3.79553e-11
      16000.0  3.79866e-11
      16010.0  3.80174e-11
      16020.0  3.80483e-11
      16030.0  3.80798e-11
      16040.0  3.81122e-11
      16050.0  3.81459e-11
      16060.0  3.81812e-11
      16070.0  3.82183e-11
      16080.0  3.82572e-11
      16090.0  3.82979e-11
      16100.0  3.83404e-11
      16110.0  3.83843e-11
      16120.0  3.84293e-11
      16130.0  3.84752e-11
      16140.0  3.85213e-11
      16150.0  3.85672e-11
      16160.0  3.86124e-11
      16170.0  3.86562e-11
      16180.0  3.86980e-11
      16190.0  3.87374e-11
      16200.0  3.87738e-11
      16210.0  3.88066e-11
      16220.0  3.88356e-11
      16230.0  3.88604e-11
      16240.0  3.88807e-11
      16250.0  3.88964e-11
      16260.0  3.89076e-11
      16270.0  3.89142e-11
      16280.0  3.89166e-11
      16290.0  3.89149e-11
      16300.0  3.89097e-11
      16310.0  3.89013e-11
      16320.0  3.88904e-11
      16330.0  3.88776e-11
      16340.0  3.88635e-11
      16350.0  3.88488e-11
      16360.0  3.88342e-11
      16370.0  3.88203e-11
      16380.0  3.88078e-11
      16390.0  3.87970e-11
      16400.0  3.87885e-11
      16410.0  3.87827e-11
      16420.0  3.87797e-11
      16430.0  3.87795e-11
      16440.0  3.87822e-11
      16450.0  3.87876e-11
      16460.0  3.87951e-11
      16470.0  3.88043e-11
      16480.0  3.88146e-11
      16490.0  3.88249e-11
      16500.0  3.88345e-11
      16510.0  3.88420e-11
      16520.0  3.88465e-11
      16530.0  3.88464e-11
      16540.0  3.88405e-11
      16550.0  3.88273e-11
      16560.0  3.88054e-11
      16570.0  3.87734e-11
      16580.0  3.87298e-11
      16590.0  3.86734e-11
      16600.0  3.86028e-11
      16610.0  3.85170e-11
      16620.0  3.84148e-11
      16630.0  3.82955e-11
      16640.0  3.81584e-11
      16650.0  3.80028e-11
      16660.0  3.78287e-11
      16670.0  3.76357e-11
      16680.0  3.74241e-11
      16690.0  3.71942e-11
      16700.0  3.69465e-11
      16710.0  3.66818e-11
      16720.0  3.64009e-11
      16730.0  3.61050e-11
      16740.0  3.57954e-11
      16750.0  3.54736e-11
      16760.0  3.51409e-11
      16770.0  3.47992e-11
      16780.0  3.44502e-11
      16790.0  3.40956e-11
      16800.0  3.37372e-11
      16810.0  3.33770e-11
      16820.0  3.30166e-11
      16830.0  3.26578e-11
      16840.0  3.23024e-11
      16850.0  3.19520e-11
      16860.0  3.16080e-11
      16870.0  3.12719e-11
      16880.0  3.09449e-11
      16890.0  3.06282e-11
      16900.0  3.03229e-11
      16910.0  3.00297e-11
      16920.0  2.97495e-11
      16930.0  2.94827e-11
      16940.0  2.92300e-11
      16950.0  2.89916e-11
      16960.0  2.87676e-11
      16970.0  2.85583e-11
      16980.0  2.83635e-11
      16990.0  2.81831e-11
      17000.0  2.80170e-11
      17010.0  2.78646e-11
      17020.0  2.77258e-11
      17030.0  2.76000e-11
      17040.0  2.74866e-11
      17050.0  2.73851e-11
      17060.0  2.72947e-11
      17070.0  2.72148e-11
      17080.0  2.71447e-11
      17090.0  2.70836e-11
      17100.0  2.70307e-11
      17110.0  2.69851e-11
      17120.0  2.69461e-11
      17130.0  2.69129e-11
      17140.0  2.68846e-11
      17150.0  2.68606e-11
      17160.0  2.68400e-11
      17170.0  2.68223e-11
      17180.0  2.68067e-11
      17190.0  2.67929e-11
      17200.0  2.67802e-11
      17210.0  2.67684e-11
      17220.0  2.67571e-11
      17230.0  2.67463e-11
      17240.0  2.67357e-11
      17250.0  2.67255e-11
      17260.0  2.67157e-11
      17270.0  2.67067e-11
      17280.0  2.66988e-11
      17290.0  2.66923e-11
      17300.0  2.66879e-11
      17310.0  2.66860e-11
      17320.0  2.66872e-11
      17330.0  2.66923e-11
      17340.0  2.67018e-11
      17350.0  2.67164e-11
      17360.0  2.67368e-11
      17370.0  2.67636e-11
      17380.0  2.67973e-11
      17390.0  2.68385e-11
      17400.0  2.68874e-11
      17410.0  2.69445e-11
      17420.0  2.70100e-11
      17430.0  2.70839e-11
      17440.0  2.71662e-11
      17450.0  2.72569e-11
      17460.0  2.73557e-11
      17470.0  2.74622e-11
      17480.0  2.75759e-11
      17490.0  2.76964e-11
      17500.0  2.78229e-11
      17510.0  2.79548e-11
      17520.0  2.80911e-11
      17530.0  2.82311e-11
      17540.0  2.83739e-11
      17550.0  2.85184e-11
      17560.0  2.86638e-11
      17570.0  2.88092e-11
      17580.0  2.89534e-11
      17590.0  2.90957e-11
      17600.0  2.92352e-11
      17610.0  2.93709e-11
      17620.0  2.95021e-11
      17630.0  2.96280e-11
      17640.0  2.97479e-11
      17650.0  2.98611e-11
      17660.0  2.99673e-11
      17670.0  3.00657e-11
      17680.0  3.01560e-11
      17690.0  3.02379e-11
      17700.0  3.03110e-11
      17710.0  3.03751e-11
      17720.0  3.04301e-11
      17730.0  3.04760e-11
      17740.0  3.05125e-11
      17750.0  3.05399e-11
      17760.0  3.05581e-11
      17770.0  3.05673e-11
      17780.0  3.05677e-11
      17790.0  3.05595e-11
      17800.0  3.05429e-11
      17810.0  3.05183e-11
      17820.0  3.04859e-11
      17830.0  3.04461e-11
      17840.0  3.03993e-11
      17850.0  3.03458e-11
      17860.0  3.02860e-11
      17870.0  3.02204e-11
      17880.0  3.01492e-11
      17890.0  3.00729e-11
      17900.0  2.99918e-11
      17910.0  2.99063e-11
      17920.0  2.98167e-11
      17930.0  2.97233e-11
      17940.0  2.96263e-11
      17950.0  2.95260e-11
      17960.0  2.94226e-11
      17970.0  2.93162e-11
      17980.0  2.92069e-11
      17990.0  2.90949e-11
      18000.0  2.89802e-11
      18010.0  2.88628e-11
      18020.0  2.87427e-11
      18030.0  2.86199e-11
      18040.0  2.84944e-11
      18050.0  2.83661e-11
      18060.0  2.82350e-11
      18070.0  2.81010e-11
      18080.0  2.79641e-11
      18090.0  2.78242e-11
      18100.0  2.76813e-11
      18110.0  2.75355e-11
      18120.0  2.73867e-11
      18130.0  2.72349e-11
      18140.0  2.70803e-11
      18150.0  2.69229e-11
      18160.0  2.67627e-11
      18170.0  2.65999e-11
      18180.0  2.64346e-11
      18190.0  2.62669e-11
      18200.0  2.60968e-11
      18210.0  2.59244e-11
      18220.0  2.57499e-11
      18230.0  2.55732e-11
      18240.0  2.53945e-11
      18250.0  2.52136e-11
      18260.0  2.50306e-11
      18270.0  2.48455e-11
      18280.0  2.46581e-11
      18290.0  2.44684e-11
      18300.0  2.42762e-11
      18310.0  2.40814e-11
      18320.0  2.38840e-11
      18330.0  2.36837e-11
      18340.0  2.34805e-11
      18350.0  2.32744e-11
      18360.0  2.30652e-11
      18370.0  2.28530e-11
      18380.0  2.26379e-11
      18390.0  2.24200e-11
      18400.0  2.21994e-11
      18410.0  2.19765e-11
      18420.0  2.17517e-11
      18430.0  2.15253e-11
      18440.0  2.12978e-11
      18450.0  2.10699e-11
      18460.0  2.08423e-11
      18470.0  2.06156e-11
      18480.0  2.03907e-11
      18490.0  2.01683e-11
      18500.0  1.99494e-11
      18510.0  1.97348e-11
      18520.0  1.95254e-11
      18530.0  1.93220e-11
      18540.0  1.91254e-11
      18550.0  1.89365e-11
      18560.0  1.87560e-11
      18570.0  1.85844e-11
      18580.0  1.84224e-11
      18590.0  1.82704e-11
      18600.0  1.81287e-11
      18610.0  1.79975e-11
      18620.0  1.78770e-11
      18630.0  1.77671e-11
      18640.0  1.76677e-11
      18650.0  1.75785e-11
      18660.0  1.74992e-11
      18670.0  1.74293e-11
      18680.0  1.73682e-11
      18690.0  1.73153e-11
      18700.0  1.72698e-11
      18710.0  1.72310e-11
      18720.0  1.71979e-11
      18730.0  1.71699e-11
      18740.0  1.71459e-11
      18750.0  1.71251e-11
      18760.0  1.71066e-11
      18770.0  1.70896e-11
      18780.0  1.70734e-11
      18790.0  1.70571e-11
      18800.0  1.70400e-11
      18810.0  1.70216e-11
      18820.0  1.70012e-11
      18830.0  1.69784e-11
      18840.0  1.69528e-11
      18850.0  1.69240e-11
      18860.0  1.68918e-11
      18870.0  1.68560e-11
      18880.0  1.68166e-11
      18890.0  1.67734e-11
      18900.0  1.67265e-11
      18910.0  1.66760e-11
      18920.0  1.66219e-11
      18930.0  1.65645e-11
      18940.0  1.65040e-11
      18950.0  1.64405e-11
      18960.0  1.63744e-11
      18970.0  1.63059e-11
      18980.0  1.62352e-11
      18990.0  1.61626e-11
      19000.0  1.60885e-11
      19010.0  1.60131e-11
      19020.0  1.59367e-11
      19030.0  1.58596e-11
      19040.0  1.57819e-11
      19050.0  1.57041e-11
      19060.0  1.56263e-11
      19070.0  1.55488e-11
      19080.0  1.54718e-11
      19090.0  1.53956e-11
      19100.0  1.53203e-11
      19110.0  1.52463e-11
      19120.0  1.51737e-11
      19130.0  1.51026e-11
      19140.0  1.50334e-11
      19150.0  1.49661e-11
      19160.0  1.49009e-11
      19170.0  1.48380e-11
      19180.0  1.47775e-11
      19190.0  1.47195e-11
      19200.0  1.46641e-11
      19210.0  1.46114e-11
      19220.0  1.45613e-11
      19230.0  1.45140e-11
      19240.0  1.44695e-11
      19250.0  1.44277e-11
      19260.0  1.43886e-11
      19270.0  1.43521e-11
      19280.0  1.43183e-11
      19290.0  1.42870e-11
      19300.0  1.42582e-11
      19310.0  1.42317e-11
      19320.0  1.42076e-11
      19330.0  1.41857e-11
      19340.0  1.41661e-11
      19350.0  1.41485e-11
      19360.0  1.41330e-11
      19370.0  1.41196e-11
      19380.0  1.41082e-11
      19390.0  1.40989e-11
      19400.0  1.40917e-11
      19410.0  1.40866e-11
      19420.0  1.40836e-11
      19430.0  1.40829e-11
      19440.0  1.40844e-11
      19450.0  1.40883e-11
      19460.0  1.40946e-11
      19470.0  1.41034e-11
      19480.0  1.41147e-11
      19490.0  1.41285e-11
      19500.0  1.41448e-11
      19510.0  1.41637e-11
      19520.0  1.41851e-11
      19530.0  1.42089e-11
      19540.0  1.42350e-11
      19550.0  1.42632e-11
      19560.0  1.42934e-11
      19570.0  1.43252e-11
      19580.0  1.43586e-11
      19590.0  1.43931e-11
      19600.0  1.44285e-11
      19610.0  1.44643e-11
      19620.0  1.45001e-11
      19630.0  1.45356e-11
      19640.0  1.45703e-11
      19650.0  1.46038e-11
      19660.0  1.46355e-11
      19670.0  1.46651e-11
      19680.0  1.46919e-11
      19690.0  1.47157e-11
      19700.0  1.47359e-11
      19710.0  1.47521e-11
      19720.0  1.47638e-11
      19730.0  1.47708e-11
      19740.0  1.47725e-11
      19750.0  1.47686e-11
      19760.0  1.47590e-11
      19770.0  1.47432e-11
      19780.0  1.47211e-11
      19790.0  1.46925e-11
      19800.0  1.46573e-11
      19810.0  1.46153e-11
      19820.0  1.45665e-11
      19830.0  1.45109e-11
      19840.0  1.44485e-11
      19850.0  1.43795e-11
      19860.0  1.43038e-11
      19870.0  1.42217e-11
      19880.0  1.41335e-11
      19890.0  1.40392e-11
      19900.0  1.39392e-11
      19910.0  1.38337e-11
      19920.0  1.37232e-11
      19930.0  1.36078e-11
      19940.0  1.34880e-11
      19950.0  1.33641e-11
      19960.0  1.32364e-11
      19970.0  1.31055e-11
      19980.0  1.29715e-11
      19990.0  1.28350e-11
      20000.0  1.26962e-11
      20010.0  1.25555e-11
      20020.0  1.24133e-11
      20030.0  1.22699e-11
      20040.0  1.21256e-11
      20050.0  1.19807e-11
      20060.0  1.18355e-11
      20070.0  1.16903e-11
      20080.0  1.15452e-11
      20090.0  1.14006e-11
      20100.0  1.12567e-11
      20110.0  1.11137e-11
      20120.0  1.09717e-11
      20130.0  1.08310e-11
      20140.0  1.06918e-11
      20150.0  1.05543e-11
      20160.0  1.04187e-11
      20170.0  1.02851e-11
      20180.0  1.01537e-11
      20190.0  1.00248e-11
      20200.0  9.89855e-12
      20210.0  9.77514e-12
      20220.0  9.65481e-12
      20230.0  9.53777e-12
      20240.0  9.42424e-12
      20250.0  9.31444e-12
      20260.0  9.20861e-12
      20270.0  9.10696e-12
      20280.0  9.00972e-12
      20290.0  8.91711e-12
      20300.0  8.82934e-12
      20310.0  8.74661e-12
      20320.0  8.66909e-12
      20330.0  8.59697e-12
      20340.0  8.53040e-12
      20350.0  8.46950e-12
      20360.0  8.41440e-12
      20370.0  8.36517e-12
      20380.0  8.32188e-12
      20390.0  8.28457e-12
      20400.0  8.25325e-12
      20410.0  8.22789e-12
      20420.0  8.20845e-12
      20430.0  8.19485e-12
      20440.0  8.18701e-12
      20450.0  8.18480e-12
      20460.0  8.18805e-12
      20470.0  8.19662e-12
      20480.0  8.21030e-12
      20490.0  8.22888e-12
      20500.0  8.25214e-12
      20510.0  8.27983e-12
      20520.0  8.31170e-12
      20530.0  8.34749e-12
      20540.0  8.38693e-12
      20550.0  8.42973e-12
      20560.0  8.47563e-12
      20570.0  8.52434e-12
      20580.0  8.57559e-12
      20590.0  8.62911e-12
      20600.0  8.68463e-12
      20610.0  8.74189e-12
      20620.0  8.80066e-12
      20630.0  8.86069e-12
      20640.0  8.92177e-12
      20650.0  8.98369e-12
      20660.0  9.04627e-12
      20670.0  9.10934e-12
      20680.0  9.17273e-12
      20690.0  9.23633e-12
      20700.0  9.30002e-12
      20710.0  9.36370e-12
      20720.0  9.42730e-12
      20730.0  9.49078e-12
      20740.0  9.55409e-12
      20750.0  9.61724e-12
      20760.0  9.68021e-12
      20770.0  9.74304e-12
      20780.0  9.80576e-12
      20790.0  9.86843e-12
      20800.0  9.93111e-12
      20810.0  9.99389e-12
      20820.0  1.00568e-11
      20830.0  1.01201e-11
      20840.0  1.01837e-11
      20850.0  1.02477e-11
      20860.0  1.03124e-11
      20870.0  1.03777e-11
      20880.0  1.04437e-11
      20890.0  1.05106e-11
      20900.0  1.05784e-11
      20910.0  1.06472e-11
      20920.0  1.07170e-11
      20930.0  1.07879e-11
      20940.0  1.08598e-11
      20950.0  1.09327e-11
      20960.0  1.10067e-11
      20970.0  1.10817e-11
      20980.0  1.11575e-11
      20990.0  1.12342e-11
      21000.0  1.13116e-11
      21010.0  1.13896e-11
      21020.0  1.14681e-11
      21030.0  1.15469e-11
      21040.0  1.16258e-11
      21050.0  1.17046e-11
      21060.0  1.17833e-11
      21070.0  1.18615e-11
      21080.0  1.19391e-11
      21090.0  1.20159e-11
      21100.0  1.20918e-11
      21110.0  1.21664e-11
      21120.0  1.22396e-11
      21130.0  1.23113e-11
      21140.0  1.23813e-11
      21150.0  1.24493e-11
      21160.0  1.25153e-11
      21170.0  1.25791e-11
      21180.0  1.26405e-11
      21190.0  1.26995e-11
      21200.0  1.27559e-11
      21210.0  1.28095e-11
      21220.0  1.28604e-11
      21230.0  1.29083e-11
      21240.0  1.29532e-11
      21250.0  1.29950e-11
      21260.0  1.30336e-11
      21270.0  1.30689e-11
      21280.0  1.31008e-11
      21290.0  1.31292e-11
      21300.0  1.31540e-11
      21310.0  1.31750e-11
      21320.0  1.31922e-11
      21330.0  1.32055e-11
      21340.0  1.32147e-11
      21350.0  1.32196e-11
      21360.0  1.32202e-11
      21370.0  1.32162e-11
      21380.0  1.32076e-11
      21390.0  1.31942e-11
      21400.0  1.31758e-11
      21410.0  1.31524e-11
      21420.0  1.31238e-11
      21430.0  1.30898e-11
      21440.0  1.30505e-11
      21450.0  1.30057e-11
      21460.0  1.29554e-11
      21470.0  1.28995e-11
      21480.0  1.28380e-11
      21490.0  1.27710e-11
      21500.0  1.26986e-11
      21510.0  1.26209e-11
      21520.0  1.25380e-11
      21530.0  1.24501e-11
      21540.0  1.23574e-11
      21550.0  1.22602e-11
      21560.0  1.21589e-11
      21570.0  1.20537e-11
      21580.0  1.19450e-11
      21590.0  1.18334e-11
      21600.0  1.17192e-11
      21610.0  1.16029e-11
      21620.0  1.14850e-11
      21630.0  1.13661e-11
      21640.0  1.12468e-11
      21650.0  1.11275e-11
      21660.0  1.10088e-11
      21670.0  1.08914e-11
      21680.0  1.07758e-11
      21690.0  1.06625e-11
      21700.0  1.05521e-11
      21710.0  1.04451e-11
      21720.0  1.03421e-11
      21730.0  1.02434e-11
      21740.0  1.01497e-11
      21750.0  1.00612e-11
      21760.0  9.97841e-12
      21770.0  9.90164e-12
      21780.0  9.83121e-12
      21790.0  9.76740e-12
      21800.0  9.71043e-12
      21810.0  9.66049e-12
      21820.0  9.61776e-12
      21830.0  9.58233e-12
      21840.0  9.55430e-12
      21850.0  9.53369e-12
      21860.0  9.52053e-12
      21870.0  9.51478e-12
      21880.0  9.51641e-12
      21890.0  9.52531e-12
      21900.0  9.54140e-12
      21910.0  9.56454e-12
      21920.0  9.59457e-12
      21930.0  9.63134e-12
      21940.0  9.67466e-12
      21950.0  9.72431e-12
      21960.0  9.78010e-12
      21970.0  9.84179e-12
      21980.0  9.90914e-12
      21990.0  9.98191e-12
      22000.0  1.00598e-11
      22010.0  1.01426e-11
      22020.0  1.02301e-11
      22030.0  1.03219e-11
      22040.0  1.04177e-11
      22050.0  1.05173e-11
      22060.0  1.06203e-11
      22070.0  1.07265e-11
      22080.0  1.08355e-11
      22090.0  1.09469e-11
      22100.0  1.10606e-11
      22110.0  1.11760e-11
      22120.0  1.12929e-11
      22130.0  1.14109e-11
      22140.0  1.15297e-11
      22150.0  1.16488e-11
      22160.0  1.17680e-11
      22170.0  1.18867e-11
      22180.0  1.20047e-11
      22190.0  1.21214e-11
      22200.0  1.22367e-11
      22210.0  1.23499e-11
      22220.0  1.24609e-11
      22230.0  1.25690e-11
      22240.0  1.26741e-11
      22250.0  1.27756e-11
      22260.0  1.28732e-11
      22270.0  1.29666e-11
      22280.0  1.30554e-11
      22290.0  1.31392e-11
      22300.0  1.32177e-11
      22310.0  1.32907e-11
      22320.0  1.33577e-11
      22330.0  1.34186e-11
      22340.0  1.34731e-11
      22350.0  1.35210e-11
      22360.0  1.35621e-11
      22370.0  1.35961e-11
      22380.0  1.36229e-11
      22390.0  1.36424e-11
      22400.0  1.36545e-11
      22410.0  1.36591e-11
      22420.0  1.36561e-11
      22430.0  1.36456e-11
      22440.0  1.36274e-11
      22450.0  1.36016e-11
      22460.0  1.35682e-11
      22470.0  1.35273e-11
      22480.0  1.34789e-11
      22490.0  1.34231e-11
      22500.0  1.33600e-11
      22510.0  1.32896e-11
      22520.0  1.32122e-11
      22530.0  1.31279e-11
      22540.0  1.30367e-11
      22550.0  1.29389e-11
      22560.0  1.28346e-11
      22570.0  1.27239e-11
      22580.0  1.26070e-11
      22590.0  1.24842e-11
      22600.0  1.23556e-11
      22610.0  1.22213e-11
      22620.0  1.20817e-11
      22630.0  1.19369e-11
      22640.0  1.17871e-11
      22650.0  1.16326e-11
      22660.0  1.14736e-11
      22670.0  1.13103e-11
      22680.0  1.11431e-11
      22690.0  1.09723e-11
      22700.0  1.07980e-11
      22710.0  1.06207e-11
      22720.0  1.04406e-11
      22730.0  1.02581e-11
      22740.0  1.00735e-11
      22750.0  9.88717e-12
      22760.0  9.69956e-12
      22770.0  9.51102e-12
      22780.0  9.32195e-12
      22790.0  9.13278e-12
      22800.0  8.94394e-12
      22810.0  8.75587e-12
      22820.0  8.56903e-12
      22830.0  8.38387e-12
      22840.0  8.20086e-12
      22850.0  8.02048e-12
      22860.0  7.84320e-12
      22870.0  7.66950e-12
      22880.0  7.49986e-12
      22890.0  7.33476e-12
      22900.0  7.17468e-12
      22910.0  7.02008e-12
      22920.0  6.87144e-12
      22930.0  6.72920e-12
      22940.0  6.59381e-12
      22950.0  6.46571e-12
      22960.0  6.34529e-12
      22970.0  6.23296e-12
      22980.0  6.12909e-12
      22990.0  6.03403e-12
      23000.0  5.94811e-12
      23010.0  5.87161e-12
      23020.0  5.80481e-12
      23030.0  5.74794e-12
      23040.0  5.70118e-12
      23050.0  5.66471e-12
      23060.0  5.63862e-12
      23070.0  5.62299e-12
      23080.0  5.61786e-12
      23090.0  5.62319e-12
      23100.0  5.63894e-12
      23110.0  5.66499e-12
      23120.0  5.70117e-12
      23130.0  5.74727e-12
      23140.0  5.80304e-12
      23150.0  5.86817e-12
      23160.0  5.94230e-12
      23170.0  6.02504e-12
      23180.0  6.11594e-12
      23190.0  6.21451e-12
      23200.0  6.32024e-12
      23210.0  6.43256e-12
      23220.0  6.55088e-12
      23230.0  6.67459e-12
      23240.0  6.80302e-12
      23250.0  6.93552e-12
      23260.0  7.07141e-12
      23270.0  7.20997e-12
      23280.0  7.35052e-12
      23290.0  7.49234e-12
      23300.0  7.63472e-12
      23310.0  7.77697e-12
      23320.0  7.91839e-12
      23330.0  8.05829e-12
      23340.0  8.19603e-12
      23350.0  8.33095e-12
      23360.0  8.46245e-12
      23370.0  8.58992e-12
      23380.0  8.71281e-12
      23390.0  8.83059e-12
      23400.0  8.94276e-12
      23410.0  9.04886e-12
      23420.0  9.14847e-12
      23430.0  9.24119e-12
      23440.0  9.32668e-12
      23450.0  9.40463e-12
      23460.0  9.47476e-12
      23470.0  9.53683e-12
      23480.0  9.59064e-12
      23490.0  9.63603e-12
      23500.0  9.67287e-12
      23510.0  9.70106e-12
      23520.0  9.72053e-12
      23530.0  9.73126e-12
      23540.0  9.73326e-12
      23550.0  9.72654e-12
      23560.0  9.71117e-12
      23570.0  9.68723e-12
      23580.0  9.65485e-12
      23590.0  9.61416e-12
      23600.0  9.56533e-12
      23610.0  9.50856e-12
      23620.0  9.44406e-12
      23630.0  9.37208e-12
      23640.0  9.29289e-12
      23650.0  9.20679e-12
      23660.0  9.11409e-12
      23670.0  9.01516e-12
      23680.0  8.91036e-12
      23690.0  8.80011e-12
      23700.0  8.68483e-12
      23710.0  8.56500e-12
      23720.0  8.44111e-12
      23730.0  8.31368e-12
      23740.0  8.18328e-12
      23750.0  8.05049e-12
      23760.0  7.91594e-12
      23770.0  7.78028e-12
      23780.0  7.64420e-12
      23790.0  7.50841e-12
      23800.0  7.37364e-12
      23810.0  7.24066e-12
      23820.0  7.11024e-12
      23830.0  6.98327e-12
      23840.0  6.86045e-12
      23850.0  6.74258e-12
      23860.0  6.63044e-12
      23870.0  6.52478e-12
      23880.0  6.42633e-12
      23890.0  6.33580e-12
      23900.0  6.25383e-12
      23910.0  6.18100e-12
      23920.0  6.11783e-12
      23930.0  6.06476e-12
      23940.0  6.02216e-12
      23950.0  5.99030e-12
      23960.0  5.96936e-12
      23970.0  5.95945e-12
      23980.0  5.96056e-12
      23990.0  5.97262e-12
      24000.0  5.99548e-12
      24010.0  6.02890e-12
      24020.0  6.07259e-12
      24030.0  6.12621e-12
      24040.0  6.18937e-12
      24050.0  6.26164e-12
      24060.0  6.34258e-12
      24070.0  6.43173e-12
      24080.0  6.52862e-12
      24090.0  6.63281e-12
      24100.0  6.74382e-12
      24110.0  6.86124e-12
      24120.0  6.98464e-12
      24130.0  7.11362e-12
      24140.0  7.24780e-12
      24150.0  7.38682e-12
      24160.0  7.53034e-12
      24170.0  7.67802e-12
      24180.0  7.82954e-12
      24190.0  7.98460e-12
      24200.0  8.14287e-12
      24210.0  8.30405e-12
      24220.0  8.46782e-12
      24230.0  8.63387e-12
      24240.0  8.80186e-12
      24250.0  8.97144e-12
      24260.0  9.14226e-12
      24270.0  9.31393e-12
      24280.0  9.48606e-12
      24290.0  9.65823e-12
      24300.0  9.83001e-12
      24310.0  1.00009e-11
      24320.0  1.01705e-11
      24330.0  1.03381e-11
      24340.0  1.05033e-11
      24350.0  1.06655e-11
      24360.0  1.08241e-11
      24370.0  1.09784e-11
      24380.0  1.11277e-11
      24390.0  1.12714e-11
      24400.0  1.14087e-11
      24410.0  1.15388e-11
      24420.0  1.16611e-11
      24430.0  1.17747e-11
      24440.0  1.18789e-11
      24450.0  1.19730e-11
      24460.0  1.20563e-11
      24470.0  1.21282e-11
      24480.0  1.21883e-11
      24490.0  1.22360e-11
      24500.0  1.22711e-11
      24510.0  1.22934e-11
      24520.0  1.23030e-11
      24530.0  1.22999e-11
      24540.0  1.22844e-11
      24550.0  1.22572e-11
      24560.0  1.22188e-11
      24570.0  1.21700e-11
      24580.0  1.21119e-11
      24590.0  1.20455e-11
      24600.0  1.19721e-11
      24610.0  1.18928e-11
      24620.0  1.18091e-11
      24630.0  1.17222e-11
      24640.0  1.16334e-11
      24650.0  1.15441e-11
      24660.0  1.14554e-11
      24670.0  1.13684e-11
      24680.0  1.12842e-11
      24690.0  1.12034e-11
      24700.0  1.11270e-11
      24710.0  1.10554e-11
      24720.0  1.09889e-11
      24730.0  1.09280e-11
      24740.0  1.08727e-11
      24750.0  1.08230e-11
      24760.0  1.07788e-11
      24770.0  1.07400e-11
      24780.0  1.07062e-11
      24790.0  1.06772e-11
      24800.0  1.06525e-11
      24810.0  1.06317e-11
      24820.0  1.06146e-11
      24830.0  1.06005e-11
      24840.0  1.05892e-11
      24850.0  1.05802e-11
      24860.0  1.05732e-11
      24870.0  1.05678e-11
      24880.0  1.05638e-11
      24890.0  1.05609e-11
      24900.0  1.05589e-11
      24910.0  1.05576e-11
      24920.0  1.05568e-11
      24930.0  1.05564e-11
      24940.0  1.05562e-11
      24950.0  1.05563e-11
      24960.0  1.05565e-11
      24970.0  1.05568e-11
      24980.0  1.05571e-11
      24990.0  1.05575e-11
      25000.0  1.05579e-11
