      1000.00  1.36683e-13
      1010.00  1.65610e-13
      1020.00  2.01312e-13
      1030.00  2.45157e-13
      1040.00  2.98848e-13
      1050.00  3.64330e-13
      1060.00  4.43773e-13
      1070.00  5.39535e-13
      1080.00  6.54098e-13
      1090.00  7.89979e-13
      1100.00  9.49621e-13
      1110.00  1.13527e-12
      1120.00  1.34884e-12
      1130.00  1.59181e-12
      1140.00  1.86510e-12
      1150.00  2.16901e-12
      1160.00  2.50314e-12
      1170.00  2.86640e-12
      1180.00  3.25697e-12
      1190.00  3.67235e-12
      1200.00  4.10938e-12
      1210.00  4.56430e-12
      1220.00  5.03288e-12
      1230.00  5.51047e-12
      1240.00  5.99212e-12
      1250.00  6.47275e-12
      1260.00  6.94726e-12
      1270.00  7.41067e-12
      1280.00  7.85825e-12
      1290.00  8.28567e-12
      1300.00  8.68904e-12
      1310.00  9.06508e-12
      1320.00  9.41111e-12
      1330.00  9.72515e-12
      1340.00  1.00059e-11
      1350.00  1.02527e-11
      1360.00  1.04657e-11
      1370.00  1.06456e-11
      1380.00  1.07937e-11
      1390.00  1.09118e-11
      1400.00  1.10022e-11
      1410.00  1.10676e-11
      1420.00  1.11110e-11
      1430.00  1.11356e-11
      1440.00  1.11449e-11
      1450.00  1.11423e-11
      1460.00  1.11311e-11
      1470.00  1.11148e-11
      1480.00  1.10966e-11
      1490.00  1.10794e-11
      1500.00  1.10660e-11
      1510.00  1.10589e-11
      1520.00  1.10601e-11
      1530.00  1.10717e-11
      1540.00  1.10950e-11
      1550.00  1.11315e-11
      1560.00  1.11820e-11
      1570.00  1.12474e-11
      1580.00  1.13283e-11
      1590.00  1.14251e-11
      1600.00  1.15381e-11
      1610.00  1.16675e-11
      1620.00  1.18134e-11
      1630.00  1.19760e-11
      1640.00  1.21551e-11
      1650.00  1.23509e-11
      1660.00  1.25632e-11
      1670.00  1.27919e-11
      1680.00  1.30368e-11
      1690.00  1.32977e-11
      1700.00  1.35739e-11
      1710.00  1.38645e-11
      1720.00  1.41685e-11
      1730.00  1.44839e-11
      1740.00  1.48084e-11
      1750.00  1.51384e-11
      1760.00  1.54699e-11
      1770.00  1.57974e-11
      1780.00  1.61147e-11
      1790.00  1.64151e-11
      1800.00  1.66915e-11
      1810.00  1.69374e-11
      1820.00  1.71477e-11
      1830.00  1.73194e-11
      1840.00  1.74529e-11
      1850.00  1.75525e-11
      1860.00  1.76266e-11
      1870.00  1.76881e-11
      1880.00  1.77533e-11
      1890.00  1.78411e-11
      1900.00  1.79714e-11
      1910.00  1.81631e-11
      1920.00  1.84331e-11
      1930.00  1.87943e-11
      1940.00  1.92554e-11
      1950.00  1.98203e-11
      1960.00  2.04889e-11
      1970.00  2.12576e-11
      1980.00  2.21207e-11
      1990.00  2.30712e-11
      2000.00  2.41015e-11
      2010.00  2.52041e-11
      2020.00  2.63710e-11
      2030.00  2.75936e-11
      2040.00  2.88614e-11
      2050.00  3.01618e-11
      2060.00  3.14784e-11
      2070.00  3.27911e-11
      2080.00  3.40750e-11
      2090.00  3.53015e-11
      2100.00  3.64381e-11
      2110.00  3.74500e-11
      2120.00  3.83021e-11
      2130.00  3.89615e-11
      2140.00  3.94002e-11
      2150.00  3.95984e-11
      2160.00  3.95475e-11
      2170.00  3.92517e-11
      2180.00  3.87297e-11
      2190.00  3.80132e-11
      2200.00  3.71452e-11
      2210.00  3.61761e-11
      2220.00  3.51594e-11
      2230.00  3.41472e-11
      2240.00  3.31855e-11
      2250.00  3.23118e-11
      2260.00  3.15531e-11
      2270.00  3.09259e-11
      2280.00  3.04374e-11
      2290.00  3.00877e-11
      2300.00  2.98717e-11
      2310.00  2.97815e-11
      2320.00  2.98079e-11
      2330.00  2.99413e-11
      2340.00  3.01712e-11
      2350.00  3.04858e-11
      2360.00  3.08715e-11
      2370.00  3.13120e-11
      2380.00  3.17880e-11
      2390.00  3.22783e-11
      2400.00  3.27606e-11
      2410.00  3.32134e-11
      2420.00  3.36179e-11
      2430.00  3.39599e-11
      2440.00  3.42304e-11
      2450.00  3.44262e-11
      2460.00  3.45491e-11
      2470.00  3.46047e-11
      2480.00  3.46004e-11
      2490.00  3.45436e-11
      2500.00  3.44408e-11
      2510.00  3.42965e-11
      2520.00  3.41132e-11
      2530.00  3.38925e-11
      2540.00  3.36361e-11
      2550.00  3.33471e-11
      2560.00  3.30307e-11
      2570.00  3.26950e-11
      2580.00  3.23503e-11
      2590.00  3.20088e-11
      2600.00  3.16830e-11
      2610.00  3.13851e-11
      2620.00  3.11253e-11
      2630.00  3.09115e-11
      2640.00  3.07489e-11
      2650.00  3.06436e-11
      2660.00  3.07941e-11
      2670.00  3.30510e-11
      2680.00  3.89520e-11
      2690.00  4.50273e-11
      2700.00  5.03910e-11
      2710.00  5.40171e-11
      2720.00  5.75959e-11
      2730.00  6.27045e-11
      2740.00  6.68131e-11
      2750.00  6.78187e-11
      2760.00  6.71081e-11
      2770.00  6.70653e-11
      2780.00  6.81722e-11
      2790.00  6.98218e-11
      2800.00  7.29754e-11
      2810.00  7.66709e-11
      2820.00  7.86469e-11
      2830.00  7.88721e-11
      2840.00  7.84807e-11
      2850.00  8.16319e-11
      2860.00  9.30399e-11
      2870.00  1.09567e-10
      2880.00  1.20528e-10
      2890.00  1.22952e-10
      2900.00  1.28658e-10
      2910.00  1.38829e-10
      2920.00  1.45962e-10
      2930.00  1.48823e-10
      2940.00  1.50116e-10
      2950.00  1.48144e-10
      2960.00  1.41041e-10
      2970.00  1.31530e-10
      2980.00  1.23489e-10
      2990.00  1.14517e-10
      3000.00  1.01254e-10
      3010.00  9.09274e-11
      3020.00  8.92210e-11
      3030.00  9.31379e-11
      3040.00  9.63007e-11
      3050.00  9.90471e-11
      3060.00  1.04645e-10
      3070.00  1.07844e-10
      3080.00  1.05785e-10
      3090.00  1.05779e-10
      3100.00  1.11543e-10
      3110.00  1.18745e-10
      3120.00  1.24988e-10
      3130.00  1.34656e-10
      3140.00  1.46955e-10
      3150.00  1.51464e-10
      3160.00  1.44154e-10
      3170.00  1.32372e-10
      3180.00  1.25270e-10
      3190.00  1.31118e-10
      3200.00  1.55703e-10
      3210.00  1.90023e-10
      3220.00  2.08800e-10
      3230.00  2.01759e-10
      3240.00  1.82180e-10
      3250.00  1.65070e-10
      3260.00  1.56531e-10
      3270.00  1.57173e-10
      3280.00  1.62266e-10
      3290.00  1.64069e-10
      3300.00  1.62809e-10
      3310.00  1.64299e-10
      3320.00  1.67398e-10
      3330.00  1.69655e-10
      3340.00  1.69097e-10
      3350.00  1.66154e-10
      3360.00  1.65527e-10
      3370.00  1.69629e-10
      3380.00  1.78369e-10
      3390.00  1.90808e-10
      3400.00  2.04230e-10
      3410.00  2.14269e-10
      3420.00  2.19107e-10
      3430.00  2.20444e-10
      3440.00  2.21556e-10
      3450.00  2.24511e-10
      3460.00  2.29550e-10
      3470.00  2.36874e-10
      3480.00  2.46858e-10
      3490.00  2.60163e-10
      3500.00  2.76450e-10
      3510.00  2.94163e-10
      3520.00  3.11898e-10
      3530.00  3.27906e-10
      3540.00  3.41246e-10
      3550.00  3.53044e-10
      3560.00  3.64454e-10
      3570.00  3.75317e-10
      3580.00  3.84203e-10
      3590.00  3.89608e-10
      3600.00  3.90543e-10
      3610.00  3.87177e-10
      3620.00  3.86221e-10
      3630.00  3.97680e-10
      3640.00  4.21896e-10
      3650.00  4.51914e-10
      3660.00  4.81034e-10
      3670.00  5.03849e-10
      3680.00  5.15979e-10
      3690.00  5.14678e-10
      3700.00  4.99795e-10
      3710.00  4.74155e-10
      3720.00  4.42579e-10
      3730.00  4.09301e-10
      3740.00  3.76023e-10
      3750.00  3.43079e-10
      3760.00  3.11867e-10
      3770.00  2.85402e-10
      3780.00  2.67193e-10
      3790.00  2.60130e-10
      3800.00  2.65850e-10
      3810.00  2.84982e-10
      3820.00  3.17455e-10
      3830.00  3.61939e-10
      3840.00  4.15968e-10
      3850.00  4.76439e-10
      3860.00  5.39373e-10
      3870.00  6.00164e-10
      3880.00  6.55227e-10
      3890.00  7.03310e-10
      3900.00  7.44993e-10
      3910.00  7.81603e-10
      3920.00  8.14551e-10
      3930.00  8.44670e-10
      3940.00  8.71051e-10
      3950.00  8.90287e-10
      3960.00  8.97819e-10
      3970.00  8.90799e-10
      3980.00  8.69656e-10
      3990.00  8.37696e-10
      4000.00  8.00170e-10
      4010.00  7.63118e-10
      4020.00  7.31572e-10
      4030.00  7.07908e-10
      4040.00  6.91506e-10
      4050.00  6.79738e-10
      4060.00  6.69457e-10
      4070.00  6.58405e-10
      4080.00  6.46158e-10
      4090.00  6.33940e-10
      4100.00  6.23351e-10
      4110.00  6.15325e-10
      4120.00  6.10146e-10
      4130.00  6.08138e-10
      4140.00  6.10132e-10
      4150.00  6.16992e-10
      4160.00  6.28391e-10
      4170.00  6.42089e-10
      4180.00  6.54880e-10
      4190.00  6.64588e-10
      4200.00  6.71075e-10
      4210.00  6.75461e-10
      4220.00  6.78958e-10
      4230.00  6.82608e-10
      4240.00  6.87575e-10
      4250.00  6.95123e-10
      4260.00  7.06149e-10
      4270.00  7.20617e-10
      4280.00  7.37213e-10
      4290.00  7.53279e-10
      4300.00  7.65094e-10
      4310.00  7.68571e-10
      4320.00  7.60424e-10
      4330.00  7.39539e-10
      4340.00  7.07687e-10
      4350.00  6.68833e-10
      4360.00  6.27507e-10
      4370.00  5.87481e-10
      4380.00  5.51405e-10
      4390.00  5.21111e-10
      4400.00  4.97945e-10
      4410.00  4.82830e-10
      4420.00  4.76112e-10
      4430.00  4.77459e-10
      4440.00  4.86034e-10
      4450.00  5.00989e-10
      4460.00  5.21999e-10
      4470.00  5.49424e-10
      4480.00  5.84161e-10
      4490.00  6.27573e-10
      4500.00  6.81386e-10
      4510.00  7.47035e-10
      4520.00  8.24614e-10
      4530.00  9.12322e-10
      4540.00  1.00663e-09
      4550.00  1.10265e-09
      4560.00  1.19470e-09
      4570.00  1.27756e-09
      4580.00  1.34757e-09
      4590.00  1.40251e-09
      4600.00  1.44055e-09
      4610.00  1.45923e-09
      4620.00  1.45545e-09
      4630.00  1.42592e-09
      4640.00  1.36819e-09
      4650.00  1.28366e-09
      4660.00  1.18122e-09
      4670.00  1.07461e-09
      4680.00  9.74489e-10
      4690.00  8.85873e-10
      4700.00  8.10738e-10
      4710.00  7.49776e-10
      4720.00  7.02980e-10
      4730.00  6.70214e-10
      4740.00  6.51599e-10
      4750.00  6.47395e-10
      4760.00  6.57256e-10
      4770.00  6.79236e-10
      4780.00  7.09353e-10
      4790.00  7.42141e-10
      4800.00  7.71978e-10
      4810.00  7.94830e-10
      4820.00  8.09812e-10
      4830.00  8.19715e-10
      4840.00  8.29871e-10
      4850.00  8.45909e-10
      4860.00  8.72134e-10
      4870.00  9.11051e-10
      4880.00  9.62864e-10
      4890.00  1.02479e-09
      4900.00  1.09091e-09
      4910.00  1.15289e-09
      4920.00  1.20132e-09
      4930.00  1.22794e-09
      4940.00  1.22767e-09
      4950.00  1.20006e-09
      4960.00  1.14928e-09
      4970.00  1.08299e-09
      4980.00  1.01032e-09
      4990.00  9.39692e-10
      5000.00  8.76960e-10
      5010.00  8.24570e-10
      5020.00  7.82324e-10
      5030.00  7.48958e-10
      5040.00  7.22956e-10
      5050.00  7.02660e-10
      5060.00  6.86488e-10
      5070.00  6.73306e-10
      5080.00  6.62586e-10
      5090.00  6.54333e-10
      5100.00  6.48917e-10
      5110.00  6.46954e-10
      5120.00  6.49232e-10
      5130.00  6.56565e-10
      5140.00  6.69589e-10
      5150.00  6.88640e-10
      5160.00  7.13812e-10
      5170.00  7.45046e-10
      5180.00  7.82067e-10
      5190.00  8.24191e-10
      5200.00  8.70260e-10
      5210.00  9.18792e-10
      5220.00  9.68332e-10
      5230.00  1.01771e-09
      5240.00  1.06607e-09
      5250.00  1.11259e-09
      5260.00  1.15617e-09
      5270.00  1.19517e-09
      5280.00  1.22760e-09
      5290.00  1.25162e-09
      5300.00  1.26620e-09
      5310.00  1.27166e-09
      5320.00  1.26989e-09
      5330.00  1.26424e-09
      5340.00  1.25890e-09
      5350.00  1.25810e-09
      5360.00  1.26528e-09
      5370.00  1.28260e-09
      5380.00  1.31079e-09
      5390.00  1.34940e-09
      5400.00  1.39713e-09
      5410.00  1.45204e-09
      5420.00  1.51171e-09
      5430.00  1.57329e-09
      5440.00  1.63374e-09
      5450.00  1.69015e-09
      5460.00  1.74009e-09
      5470.00  1.78188e-09
      5480.00  1.81475e-09
      5490.00  1.83862e-09
      5500.00  1.85369e-09
      5510.00  1.86006e-09
      5520.00  1.85768e-09
      5530.00  1.84670e-09
      5540.00  1.82757e-09
      5550.00  1.80092e-09
      5560.00  1.76748e-09
      5570.00  1.72795e-09
      5580.00  1.68294e-09
      5590.00  1.63292e-09
      5600.00  1.57829e-09
      5610.00  1.51957e-09
      5620.00  1.45761e-09
      5630.00  1.39370e-09
      5640.00  1.32947e-09
      5650.00  1.26680e-09
      5660.00  1.20764e-09
      5670.00  1.15392e-09
      5680.00  1.10747e-09
      5690.00  1.07001e-09
      5700.00  1.04310e-09
      5710.00  1.02791e-09
      5720.00  1.02498e-09
      5730.00  1.03400e-09
      5740.00  1.05376e-09
      5750.00  1.08251e-09
      5760.00  1.11824e-09
      5770.00  1.15891e-09
      5780.00  1.20244e-09
      5790.00  1.24668e-09
      5800.00  1.28938e-09
      5810.00  1.32833e-09
      5820.00  1.36160e-09
      5830.00  1.38777e-09
      5840.00  1.40594e-09
      5850.00  1.41562e-09
      5860.00  1.41654e-09
      5870.00  1.40861e-09
      5880.00  1.39193e-09
      5890.00  1.36679e-09
      5900.00  1.33360e-09
      5910.00  1.29288e-09
      5920.00  1.24544e-09
      5930.00  1.19281e-09
      5940.00  1.13741e-09
      5950.00  1.08239e-09
      5960.00  1.03090e-09
      5970.00  9.85363e-10
      5980.00  9.47019e-10
      5990.00  9.15854e-10
      6000.00  8.90965e-10
      6010.00  8.71067e-10
      6020.00  8.54950e-10
      6030.00  8.41708e-10
      6040.00  8.30701e-10
      6050.00  8.21330e-10
      6060.00  8.12819e-10
      6070.00  8.04167e-10
      6080.00  7.94338e-10
      6090.00  7.82594e-10
      6100.00  7.68808e-10
      6110.00  7.53646e-10
      6120.00  7.38551e-10
      6130.00  7.25492e-10
      6140.00  7.16526e-10
      6150.00  7.13235e-10
      6160.00  7.16221e-10
      6170.00  7.24856e-10
      6180.00  7.37404e-10
      6190.00  7.51496e-10
      6200.00  7.64771e-10
      6210.00  7.75488e-10
      6220.00  7.82902e-10
      6230.00  7.87335e-10
      6240.00  7.89962e-10
      6250.00  7.92458e-10
      6260.00  7.96620e-10
      6270.00  8.04068e-10
      6280.00  8.16047e-10
      6290.00  8.33310e-10
      6300.00  8.56094e-10
      6310.00  8.84166e-10
      6320.00  9.16947e-10
      6330.00  9.53693e-10
      6340.00  9.93651e-10
      6350.00  1.03616e-09
      6360.00  1.08061e-09
      6370.00  1.12640e-09
      6380.00  1.17279e-09
      6390.00  1.21890e-09
      6400.00  1.26369e-09
      6410.00  1.30613e-09
      6420.00  1.34530e-09
      6430.00  1.38049e-09
      6440.00  1.41125e-09
      6450.00  1.43743e-09
      6460.00  1.45904e-09
      6470.00  1.47624e-09
      6480.00  1.48915e-09
      6490.00  1.49786e-09
      6500.00  1.50236e-09
      6510.00  1.50258e-09
      6520.00  1.49845e-09
      6530.00  1.48990e-09
      6540.00  1.47689e-09
      6550.00  1.45936e-09
      6560.00  1.43724e-09
      6570.00  1.41042e-09
      6580.00  1.37879e-09
      6590.00  1.34237e-09
      6600.00  1.30137e-09
      6610.00  1.25628e-09
      6620.00  1.20794e-09
      6630.00  1.15748e-09
      6640.00  1.10622e-09
      6650.00  1.05557e-09
      6660.00  1.00683e-09
      6670.00  9.61131e-10
      6680.00  9.19251e-10
      6690.00  8.81640e-10
      6700.00  8.48401e-10
      6710.00  8.19337e-10
      6720.00  7.94027e-10
      6730.00  7.71925e-10
      6740.00  7.52467e-10
      6750.00  7.35162e-10
      6760.00  7.19639e-10
      6770.00  7.05649e-10
      6780.00  6.93051e-10
      6790.00  6.81796e-10
      6800.00  6.71893e-10
      6810.00  6.63373e-10
      6820.00  6.56247e-10
      6830.00  6.50484e-10
      6840.00  6.45976e-10
      6850.00  6.42524e-10
      6860.00  6.39845e-10
      6870.00  6.37609e-10
      6880.00  6.35494e-10
      6890.00  6.33228e-10
      6900.00  6.30615e-10
      6910.00  6.27536e-10
      6920.00  6.23925e-10
      6930.00  6.19728e-10
      6940.00  6.14882e-10
      6950.00  6.09316e-10
      6960.00  6.02990e-10
      6970.00  5.95943e-10
      6980.00  5.88313e-10
      6990.00  5.80330e-10
      7000.00  5.72277e-10
      7010.00  5.64446e-10
      7020.00  5.57112e-10
      7030.00  5.50527e-10
      7040.00  5.44916e-10
      7050.00  5.40491e-10
      7060.00  5.37438e-10
      7070.00  5.35917e-10
      7080.00  5.36042e-10
      7090.00  5.37879e-10
      7100.00  5.41436e-10
      7110.00  5.46661e-10
      7120.00  5.53433e-10
      7130.00  5.61537e-10
      7140.00  5.70648e-10
      7150.00  5.80325e-10
      7160.00  5.90041e-10
      7170.00  5.99243e-10
      7180.00  6.07435e-10
      7190.00  6.14240e-10
      7200.00  6.19449e-10
      7210.00  6.23041e-10
      7220.00  6.25187e-10
      7230.00  6.26227e-10
      7240.00  6.26624e-10
      7250.00  6.26896e-10
      7260.00  6.27545e-10
      7270.00  6.29014e-10
      7280.00  6.31664e-10
      7290.00  6.35763e-10
      7300.00  6.41470e-10
      7310.00  6.48823e-10
      7320.00  6.57726e-10
      7330.00  6.67963e-10
      7340.00  6.79221e-10
      7350.00  6.91109e-10
      7360.00  7.03167e-10
      7370.00  7.14854e-10
      7380.00  7.25544e-10
      7390.00  7.34540e-10
      7400.00  7.41123e-10
      7410.00  7.44633e-10
      7420.00  7.44567e-10
      7430.00  7.40680e-10
      7440.00  7.33083e-10
      7450.00  7.22268e-10
      7460.00  7.09066e-10
      7470.00  6.94539e-10
      7480.00  6.79837e-10
      7490.00  6.66041e-10
      7500.00  6.54033e-10
      7510.00  6.44408e-10
      7520.00  6.37453e-10
      7530.00  6.33235e-10
      7540.00  6.31794e-10
      7550.00  6.33321e-10
      7560.00  6.38165e-10
      7570.00  6.46607e-10
      7580.00  6.58558e-10
      7590.00  6.73416e-10
      7600.00  6.90191e-10
      7610.00  7.07768e-10
      7620.00  7.25149e-10
      7630.00  7.41565e-10
      7640.00  7.56479e-10
      7650.00  7.69555e-10
      7660.00  7.80604e-10
      7670.00  7.89546e-10
      7680.00  7.96379e-10
      7690.00  8.01152e-10
      7700.00  8.03952e-10
      7710.00  8.04888e-10
      7720.00  8.04086e-10
      7730.00  8.01684e-10
      7740.00  7.97821e-10
      7750.00  7.92633e-10
      7760.00  7.86248e-10
      7770.00  7.78783e-10
      7780.00  7.70340e-10
      7790.00  7.61002e-10
      7800.00  7.50832e-10
      7810.00  7.39872e-10
      7820.00  7.28156e-10
      7830.00  7.15735e-10
      7840.00  7.02679e-10
      7850.00  6.89085e-10
      7860.00  6.75055e-10
      7870.00  6.60678e-10
      7880.00  6.46021e-10
      7890.00  6.31134e-10
      7900.00  6.16072e-10
      7910.00  6.00922e-10
      7920.00  5.85801e-10
      7930.00  5.70842e-10
      7940.00  5.56142e-10
      7950.00  5.41717e-10
      7960.00  5.27504e-10
      7970.00  5.13434e-10
      7980.00  4.99530e-10
      7990.00  4.85951e-10
      8000.00  4.72922e-10
      8010.00  4.60599e-10
      8020.00  4.48988e-10
      8030.00  4.37934e-10
      8040.00  4.27196e-10
      8050.00  4.16501e-10
      8060.00  4.05560e-10
      8070.00  3.94066e-10
      8080.00  3.81692e-10
      8090.00  3.68128e-10
      8100.00  3.53131e-10
      8110.00  3.36577e-10
      8120.00  3.18512e-10
      8130.00  2.99166e-10
      8140.00  2.78951e-10
      8150.00  2.58423e-10
      8160.00  2.38235e-10
      8170.00  2.19077e-10
      8180.00  2.01609e-10
      8190.00  1.86401e-10
      8200.00  1.73889e-10
      8210.00  1.64334e-10
      8220.00  1.57814e-10
      8230.00  1.54236e-10
      8240.00  1.53361e-10
      8250.00  1.54852e-10
      8260.00  1.58318e-10
      8270.00  1.63359e-10
      8280.00  1.69600e-10
      8290.00  1.76718e-10
      8300.00  1.84464e-10
      8310.00  1.92685e-10
      8320.00  2.01341e-10
      8330.00  2.10516e-10
      8340.00  2.20421e-10
      8350.00  2.31369e-10
      8360.00  2.43742e-10
      8370.00  2.57932e-10
      8380.00  2.74282e-10
      8390.00  2.93020e-10
      8400.00  3.14218e-10
      8410.00  3.37758e-10
      8420.00  3.63354e-10
      8430.00  3.90614e-10
      8440.00  4.19111e-10
      8450.00  4.48451e-10
      8460.00  4.78313e-10
      8470.00  5.08430e-10
      8480.00  5.38537e-10
      8490.00  5.68312e-10
      8500.00  5.97343e-10
      8510.00  6.25158e-10
      8520.00  6.51306e-10
      8530.00  6.75441e-10
      8540.00  6.97391e-10
      8550.00  7.17166e-10
      8560.00  7.34907e-10
      8570.00  7.50833e-10
      8580.00  7.65198e-10
      8590.00  7.78290e-10
      8600.00  7.90461e-10
      8610.00  8.02116e-10
      8620.00  8.13662e-10
      8630.00  8.25408e-10
      8640.00  8.37496e-10
      8650.00  8.49888e-10
      8660.00  8.62400e-10
      8670.00  8.74772e-10
      8680.00  8.86717e-10
      8690.00  8.97960e-10
      8700.00  9.08263e-10
      8710.00  9.17445e-10
      8720.00  9.25376e-10
      8730.00  9.31952e-10
      8740.00  9.37085e-10
      8750.00  9.40695e-10
      8760.00  9.42718e-10
      8770.00  9.43108e-10
      8780.00  9.41843e-10
      8790.00  9.38924e-10
      8800.00  9.34377e-10
      8810.00  9.28256e-10
      8820.00  9.20641e-10
      8830.00  9.11636e-10
      8840.00  9.01364e-10
      8850.00  8.89956e-10
      8860.00  8.77540e-10
      8870.00  8.64237e-10
      8880.00  8.50160e-10
      8890.00  8.35421e-10
      8900.00  8.20135e-10
      8910.00  8.04433e-10
      8920.00  7.89256e-10
      8930.00  7.74229e-10
      8940.00  7.59272e-10
      8950.00  7.44587e-10
      8960.00  7.30381e-10
      8970.00  7.16854e-10
      8980.00  7.04190e-10
      8990.00  6.92540e-10
      9000.00  6.82018e-10
      9010.00  6.72679e-10
      9020.00  6.64505e-10
      9030.00  6.57398e-10
      9040.00  6.51192e-10
      9050.00  6.45677e-10
      9060.00  6.40636e-10
      9070.00  6.35874e-10
      9080.00  6.31220e-10
      9090.00  6.26533e-10
      9100.00  6.21690e-10
      9110.00  6.16586e-10
      9120.00  6.11143e-10
      9130.00  6.05328e-10
      9140.00  5.99182e-10
      9150.00  5.92828e-10
      9160.00  5.86476e-10
      9170.00  5.80371e-10
      9180.00  5.74732e-10
      9190.00  5.69666e-10
      9200.00  5.65120e-10
      9210.00  5.60890e-10
      9220.00  5.56668e-10
      9230.00  5.52116e-10
      9240.00  5.46941e-10
      9250.00  5.40960e-10
      9260.00  5.34152e-10
      9270.00  5.26699e-10
      9280.00  5.18976e-10
      9290.00  5.11500e-10
      9300.00  5.04814e-10
      9310.00  4.99350e-10
      9320.00  4.95312e-10
      9330.00  4.92642e-10
      9340.00  4.91086e-10
      9350.00  4.90306e-10
      9360.00  4.89989e-10
      9370.00  4.89904e-10
      9380.00  4.89904e-10
      9390.00  4.89908e-10
      9400.00  4.89872e-10
      9410.00  4.89769e-10
      9420.00  4.89580e-10
      9430.00  4.89285e-10
      9440.00  4.88868e-10
      9450.00  4.88311e-10
      9460.00  4.87597e-10
      9470.00  4.86712e-10
      9480.00  4.85641e-10
      9490.00  4.84377e-10
      9500.00  4.82913e-10
      9510.00  4.81248e-10
      9520.00  4.79386e-10
      9530.00  4.77336e-10
      9540.00  4.75111e-10
      9550.00  4.72732e-10
      9560.00  4.70224e-10
      9570.00  4.67617e-10
      9580.00  4.64945e-10
      9590.00  4.62246e-10
      9600.00  4.59561e-10
      9610.00  4.56932e-10
      9620.00  4.54402e-10
      9630.00  4.52016e-10
      9640.00  4.49813e-10
      9650.00  4.47833e-10
      9660.00  4.46112e-10
      9670.00  4.44681e-10
      9680.00  4.43564e-10
      9690.00  4.42782e-10
      9700.00  4.42346e-10
      9710.00  4.42263e-10
      9720.00  4.42529e-10
      9730.00  4.43137e-10
      9740.00  4.44070e-10
      9750.00  4.45305e-10
      9760.00  4.46812e-10
      9770.00  4.48557e-10
      9780.00  4.50500e-10
      9790.00  4.52597e-10
      9800.00  4.54801e-10
      9810.00  4.57062e-10
      9820.00  4.59330e-10
      9830.00  4.61555e-10
      9840.00  4.63684e-10
      9850.00  4.65671e-10
      9860.00  4.67466e-10
      9870.00  4.69025e-10
      9880.00  4.70308e-10
      9890.00  4.71276e-10
      9900.00  4.71897e-10
      9910.00  4.72141e-10
      9920.00  4.71985e-10
      9930.00  4.71408e-10
      9940.00  4.70399e-10
      9950.00  4.68947e-10
      9960.00  4.67050e-10
      9970.00  4.64711e-10
      9980.00  4.61937e-10
      9990.00  4.58740e-10
      10000.0  4.55138e-10
      10010.0  4.51155e-10
      10020.0  4.46815e-10
      10030.0  4.42149e-10
      10040.0  4.37191e-10
      10050.0  4.31976e-10
      10060.0  4.26544e-10
      10070.0  4.20933e-10
      10080.0  4.15186e-10
      10090.0  4.09344e-10
      10100.0  4.03448e-10
      10110.0  3.97542e-10
      10120.0  3.91668e-10
      10130.0  3.85866e-10
      10140.0  3.80177e-10
      10150.0  3.74642e-10
      10160.0  3.69297e-10
      10170.0  3.64178e-10
      10180.0  3.59320e-10
      10190.0  3.54751e-10
      10200.0  3.50498e-10
      10210.0  3.46583e-10
      10220.0  3.43024e-10
      10230.0  3.39830e-10
      10240.0  3.37008e-10
      10250.0  3.34557e-10
      10260.0  3.32471e-10
      10270.0  3.30737e-10
      10280.0  3.29340e-10
      10290.0  3.28256e-10
      10300.0  3.27462e-10
      10310.0  3.26929e-10
      10320.0  3.26629e-10
      10330.0  3.26532e-10
      10340.0  3.26607e-10
      10350.0  3.26825e-10
      10360.0  3.27156e-10
      10370.0  3.27575e-10
      10380.0  3.28053e-10
      10390.0  3.28565e-10
      10400.0  3.29087e-10
      10410.0  3.29594e-10
      10420.0  3.30063e-10
      10430.0  3.30469e-10
      10440.0  3.30790e-10
      10450.0  3.31001e-10
      10460.0  3.31079e-10
      10470.0  3.31001e-10
      10480.0  3.30748e-10
      10490.0  3.30299e-10
      10500.0  3.29638e-10
      10510.0  3.28750e-10
      10520.0  3.27625e-10
      10530.0  3.26257e-10
      10540.0  3.24645e-10
      10550.0  3.22791e-10
      10560.0  3.20704e-10
      10570.0  3.18394e-10
      10580.0  3.15880e-10
      10590.0  3.13180e-10
      10600.0  3.10318e-10
      10610.0  3.07321e-10
      10620.0  3.04217e-10
      10630.0  3.01035e-10
      10640.0  2.97804e-10
      10650.0  2.94553e-10
      10660.0  2.91312e-10
      10670.0  2.88107e-10
      10680.0  2.84963e-10
      10690.0  2.81901e-10
      10700.0  2.78941e-10
      10710.0  2.76099e-10
      10720.0  2.73388e-10
      10730.0  2.70817e-10
      10740.0  2.68391e-10
      10750.0  2.66112e-10
      10760.0  2.63979e-10
      10770.0  2.61988e-10
      10780.0  2.60132e-10
      10790.0  2.58400e-10
      10800.0  2.56780e-10
      10810.0  2.55259e-10
      10820.0  2.53820e-10
      10830.0  2.52446e-10
      10840.0  2.51121e-10
      10850.0  2.49825e-10
      10860.0  2.48540e-10
      10870.0  2.47249e-10
      10880.0  2.45934e-10
      10890.0  2.44579e-10
      10900.0  2.43169e-10
      10910.0  2.41691e-10
      10920.0  2.40132e-10
      10930.0  2.38483e-10
      10940.0  2.36736e-10
      10950.0  2.34887e-10
      10960.0  2.32933e-10
      10970.0  2.30873e-10
      10980.0  2.28710e-10
      10990.0  2.26448e-10
      11000.0  2.24094e-10
      11010.0  2.21656e-10
      11020.0  2.19144e-10
      11030.0  2.16569e-10
      11040.0  2.13942e-10
      11050.0  2.11275e-10
      11060.0  2.08579e-10
      11070.0  2.05868e-10
      11080.0  2.03149e-10
      11090.0  2.00435e-10
      11100.0  1.97731e-10
      11110.0  1.95047e-10
      11120.0  1.92388e-10
      11130.0  1.89758e-10
      11140.0  1.87162e-10
      11150.0  1.84602e-10
      11160.0  1.82082e-10
      11170.0  1.79604e-10
      11180.0  1.77170e-10
      11190.0  1.74782e-10
      11200.0  1.72443e-10
      11210.0  1.70155e-10
      11220.0  1.67920e-10
      11230.0  1.65744e-10
      11240.0  1.63628e-10
      11250.0  1.61577e-10
      11260.0  1.59594e-10
      11270.0  1.57683e-10
      11280.0  1.55848e-10
      11290.0  1.54090e-10
      11300.0  1.52414e-10
      11310.0  1.50819e-10
      11320.0  1.49307e-10
      11330.0  1.47878e-10
      11340.0  1.46531e-10
      11350.0  1.45263e-10
      11360.0  1.44071e-10
      11370.0  1.42951e-10
      11380.0  1.41898e-10
      11390.0  1.40905e-10
      11400.0  1.39966e-10
      11410.0  1.39073e-10
      11420.0  1.38217e-10
      11430.0  1.37392e-10
      11440.0  1.36587e-10
      11450.0  1.35793e-10
      11460.0  1.35003e-10
      11470.0  1.34208e-10
      11480.0  1.33398e-10
      11490.0  1.32566e-10
      11500.0  1.31704e-10
      11510.0  1.30806e-10
      11520.0  1.29864e-10
      11530.0  1.28874e-10
      11540.0  1.27829e-10
      11550.0  1.26727e-10
      11560.0  1.25563e-10
      11570.0  1.24336e-10
      11580.0  1.23044e-10
      11590.0  1.21686e-10
      11600.0  1.20265e-10
      11610.0  1.18780e-10
      11620.0  1.17236e-10
      11630.0  1.15635e-10
      11640.0  1.13982e-10
      11650.0  1.12284e-10
      11660.0  1.10546e-10
      11670.0  1.08775e-10
      11680.0  1.06978e-10
      11690.0  1.05165e-10
      11700.0  1.03344e-10
      11710.0  1.01522e-10
      11720.0  9.97081e-11
      11730.0  9.79111e-11
      11740.0  9.61387e-11
      11750.0  9.43982e-11
      11760.0  9.26966e-11
      11770.0  9.10400e-11
      11780.0  8.94335e-11
      11790.0  8.78816e-11
      11800.0  8.63878e-11
      11810.0  8.49544e-11
      11820.0  8.35830e-11
      11830.0  8.22742e-11
      11840.0  8.10276e-11
      11850.0  7.98423e-11
      11860.0  7.87162e-11
      11870.0  7.76469e-11
      11880.0  7.66313e-11
      11890.0  7.56659e-11
      11900.0  7.47468e-11
      11910.0  7.38699e-11
      11920.0  7.30309e-11
      11930.0  7.22254e-11
      11940.0  7.14492e-11
      11950.0  7.06979e-11
      11960.0  6.99675e-11
      11970.0  6.92542e-11
      11980.0  6.85542e-11
      11990.0  6.78644e-11
      12000.0  6.71817e-11
      12010.0  6.65035e-11
      12020.0  6.58276e-11
      12030.0  6.51522e-11
      12040.0  6.44758e-11
      12050.0  6.37973e-11
      12060.0  6.31162e-11
      12070.0  6.24322e-11
      12080.0  6.17453e-11
      12090.0  6.10561e-11
      12100.0  6.03653e-11
      12110.0  5.96742e-11
      12120.0  5.89842e-11
      12130.0  5.82970e-11
      12140.0  5.76147e-11
      12150.0  5.69395e-11
      12160.0  5.62738e-11
      12170.0  5.56205e-11
      12180.0  5.49824e-11
      12190.0  5.43625e-11
      12200.0  5.37640e-11
      12210.0  5.31901e-11
      12220.0  5.26442e-11
      12230.0  5.21296e-11
      12240.0  5.16497e-11
      12250.0  5.12077e-11
      12260.0  5.08068e-11
      12270.0  5.04500e-11
      12280.0  5.01399e-11
      12290.0  4.98790e-11
      12300.0  4.96694e-11
      12310.0  4.95127e-11
      12320.0  4.94102e-11
      12330.0  4.93626e-11
      12340.0  4.93699e-11
      12350.0  4.94319e-11
      12360.0  4.95477e-11
      12370.0  4.97156e-11
      12380.0  4.99339e-11
      12390.0  5.02001e-11
      12400.0  5.05112e-11
      12410.0  5.08640e-11
      12420.0  5.12551e-11
      12430.0  5.16807e-11
      12440.0  5.21368e-11
      12450.0  5.26196e-11
      12460.0  5.31249e-11
      12470.0  5.36488e-11
      12480.0  5.41875e-11
      12490.0  5.47370e-11
      12500.0  5.52938e-11
      12510.0  5.58545e-11
      12520.0  5.64156e-11
      12530.0  5.69742e-11
      12540.0  5.75274e-11
      12550.0  5.80723e-11
      12560.0  5.86064e-11
      12570.0  5.91273e-11
      12580.0  5.96327e-11
      12590.0  6.01205e-11
      12600.0  6.05888e-11
      12610.0  6.10357e-11
      12620.0  6.14596e-11
      12630.0  6.18589e-11
      12640.0  6.22322e-11
      12650.0  6.25784e-11
      12660.0  6.28965e-11
      12670.0  6.31854e-11
      12680.0  6.34447e-11
      12690.0  6.36738e-11
      12700.0  6.38724e-11
      12710.0  6.40405e-11
      12720.0  6.41781e-11
      12730.0  6.42855e-11
      12740.0  6.43632e-11
      12750.0  6.44118e-11
      12760.0  6.44321e-11
      12770.0  6.44251e-11
      12780.0  6.43919e-11
      12790.0  6.43336e-11
      12800.0  6.42516e-11
      12810.0  6.41472e-11
      12820.0  6.40218e-11
      12830.0  6.38770e-11
      12840.0  6.37142e-11
      12850.0  6.35349e-11
      12860.0  6.33407e-11
      12870.0  6.31330e-11
      12880.0  6.29130e-11
      12890.0  6.26823e-11
      12900.0  6.24419e-11
      12910.0  6.21930e-11
      12920.0  6.19367e-11
      12930.0  6.16736e-11
      12940.0  6.14047e-11
      12950.0  6.11306e-11
      12960.0  6.08516e-11
      12970.0  6.05682e-11
      12980.0  6.02805e-11
      12990.0  5.99886e-11
      13000.0  5.96924e-11
      13010.0  5.93919e-11
      13020.0  5.90869e-11
      13030.0  5.87769e-11
      13040.0  5.84616e-11
      13050.0  5.81407e-11
      13060.0  5.78138e-11
      13070.0  5.74805e-11
      13080.0  5.71405e-11
      13090.0  5.67935e-11
      13100.0  5.64393e-11
      13110.0  5.60780e-11
      13120.0  5.57097e-11
      13130.0  5.53345e-11
      13140.0  5.49529e-11
      13150.0  5.45655e-11
      13160.0  5.41731e-11
      13170.0  5.37765e-11
      13180.0  5.33770e-11
      13190.0  5.29757e-11
      13200.0  5.25739e-11
      13210.0  5.21731e-11
      13220.0  5.17748e-11
      13230.0  5.13805e-11
      13240.0  5.09916e-11
      13250.0  5.06097e-11
      13260.0  5.02359e-11
      13270.0  4.98715e-11
      13280.0  4.95177e-11
      13290.0  4.91751e-11
      13300.0  4.88446e-11
      13310.0  4.85266e-11
      13320.0  4.82213e-11
      13330.0  4.79288e-11
      13340.0  4.76490e-11
      13350.0  4.73814e-11
      13360.0  4.71256e-11
      13370.0  4.68809e-11
      13380.0  4.66465e-11
      13390.0  4.64214e-11
      13400.0  4.62048e-11
      13410.0  4.59954e-11
      13420.0  4.57923e-11
      13430.0  4.55944e-11
      13440.0  4.54006e-11
      13450.0  4.52098e-11
      13460.0  4.50212e-11
      13470.0  4.48338e-11
      13480.0  4.46467e-11
      13490.0  4.44593e-11
      13500.0  4.42710e-11
      13510.0  4.40811e-11
      13520.0  4.38892e-11
      13530.0  4.36951e-11
      13540.0  4.34985e-11
      13550.0  4.32993e-11
      13560.0  4.30973e-11
      13570.0  4.28927e-11
      13580.0  4.26855e-11
      13590.0  4.24760e-11
      13600.0  4.22644e-11
      13610.0  4.20510e-11
      13620.0  4.18361e-11
      13630.0  4.16201e-11
      13640.0  4.14035e-11
      13650.0  4.11867e-11
      13660.0  4.09702e-11
      13670.0  4.07544e-11
      13680.0  4.05398e-11
      13690.0  4.03270e-11
      13700.0  4.01162e-11
      13710.0  3.99080e-11
      13720.0  3.97028e-11
      13730.0  3.95009e-11
      13740.0  3.93026e-11
      13750.0  3.91081e-11
      13760.0  3.89175e-11
      13770.0  3.87311e-11
      13780.0  3.85487e-11
      13790.0  3.83703e-11
      13800.0  3.81957e-11
      13810.0  3.80246e-11
      13820.0  3.78566e-11
      13830.0  3.76912e-11
      13840.0  3.75279e-11
      13850.0  3.73662e-11
      13860.0  3.72052e-11
      13870.0  3.70443e-11
      13880.0  3.68827e-11
      13890.0  3.67197e-11
      13900.0  3.65546e-11
      13910.0  3.63865e-11
      13920.0  3.62150e-11
      13930.0  3.60393e-11
      13940.0  3.58591e-11
      13950.0  3.56739e-11
      13960.0  3.54836e-11
      13970.0  3.52881e-11
      13980.0  3.50874e-11
      13990.0  3.48819e-11
      14000.0  3.46719e-11
      14010.0  3.44581e-11
      14020.0  3.42412e-11
      14030.0  3.40220e-11
      14040.0  3.38016e-11
      14050.0  3.35812e-11
      14060.0  3.33620e-11
      14070.0  3.31452e-11
      14080.0  3.29321e-11
      14090.0  3.27242e-11
      14100.0  3.25227e-11
      14110.0  3.23289e-11
      14120.0  3.21440e-11
      14130.0  3.19692e-11
      14140.0  3.18054e-11
      14150.0  3.16536e-11
      14160.0  3.15145e-11
      14170.0  3.13888e-11
      14180.0  3.12771e-11
      14190.0  3.11797e-11
      14200.0  3.10968e-11
      14210.0  3.10288e-11
      14220.0  3.09756e-11
      14230.0  3.09372e-11
      14240.0  3.09136e-11
      14250.0  3.09047e-11
      14260.0  3.09103e-11
      14270.0  3.09301e-11
      14280.0  3.09641e-11
      14290.0  3.10118e-11
      14300.0  3.10732e-11
      14310.0  3.11479e-11
      14320.0  3.12356e-11
      14330.0  3.13362e-11
      14340.0  3.14491e-11
      14350.0  3.15741e-11
      14360.0  3.17108e-11
      14370.0  3.18587e-11
      14380.0  3.20172e-11
      14390.0  3.21858e-11
      14400.0  3.23639e-11
      14410.0  3.25506e-11
      14420.0  3.27451e-11
      14430.0  3.29467e-11
      14440.0  3.31543e-11
      14450.0  3.33669e-11
      14460.0  3.35836e-11
      14470.0  3.38033e-11
      14480.0  3.40250e-11
      14490.0  3.42477e-11
      14500.0  3.44705e-11
      14510.0  3.46926e-11
      14520.0  3.49132e-11
      14530.0  3.51317e-11
      14540.0  3.53476e-11
      14550.0  3.55606e-11
      14560.0  3.57706e-11
      14570.0  3.59776e-11
      14580.0  3.61817e-11
      14590.0  3.63835e-11
      14600.0  3.65833e-11
      14610.0  3.67820e-11
      14620.0  3.69802e-11
      14630.0  3.71791e-11
      14640.0  3.73795e-11
      14650.0  3.75826e-11
      14660.0  3.77894e-11
      14670.0  3.80011e-11
      14680.0  3.82188e-11
      14690.0  3.84435e-11
      14700.0  3.86762e-11
      14710.0  3.89176e-11
      14720.0  3.91686e-11
      14730.0  3.94298e-11
      14740.0  3.97016e-11
      14750.0  3.99844e-11
      14760.0  4.02782e-11
      14770.0  4.05832e-11
      14780.0  4.08992e-11
      14790.0  4.12259e-11
      14800.0  4.15629e-11
      14810.0  4.19097e-11
      14820.0  4.22657e-11
      14830.0  4.26301e-11
      14840.0  4.30022e-11
      14850.0  4.33812e-11
      14860.0  4.37660e-11
      14870.0  4.41560e-11
      14880.0  4.45500e-11
      14890.0  4.49474e-11
      14900.0  4.53471e-11
      14910.0  4.57484e-11
      14920.0  4.61506e-11
      14930.0  4.65529e-11
      14940.0  4.69547e-11
      14950.0  4.73556e-11
      14960.0  4.77550e-11
      14970.0  4.81528e-11
      14980.0  4.85486e-11
      14990.0  4.89425e-11
      15000.0  4.93343e-11
      15010.0  4.97242e-11
      15020.0  5.01124e-11
      15030.0  5.04991e-11
      15040.0  5.08846e-11
      15050.0  5.12694e-11
      15060.0  5.16538e-11
      15070.0  5.20382e-11
      15080.0  5.24231e-11
      15090.0  5.28088e-11
      15100.0  5.31958e-11
      15110.0  5.35842e-11
      15120.0  5.39744e-11
      15130.0  5.43664e-11
      15140.0  5.47604e-11
      15150.0  5.51563e-11
      15160.0  5.55540e-11
      15170.0  5.59532e-11
      15180.0  5.63537e-11
      15190.0  5.67551e-11
      15200.0  5.71570e-11
      15210.0  5.75588e-11
      15220.0  5.79600e-11
      15230.0  5.83601e-11
      15240.0  5.87586e-11
      15250.0  5.91548e-11
      15260.0  5.95483e-11
      15270.0  5.99385e-11
      15280.0  6.03250e-11
      15290.0  6.07075e-11
      15300.0  6.10856e-11
      15310.0  6.14591e-11
      15320.0  6.18278e-11
      15330.0  6.21915e-11
      15340.0  6.25504e-11
      15350.0  6.29042e-11
      15360.0  6.32533e-11
      15370.0  6.35976e-11
      15380.0  6.39373e-11
      15390.0  6.42727e-11
      15400.0  6.46039e-11
      15410.0  6.49313e-11
      15420.0  6.52551e-11
      15430.0  6.55755e-11
      15440.0  6.58929e-11
      15450.0  6.62077e-11
      15460.0  6.65199e-11
      15470.0  6.68300e-11
      15480.0  6.71383e-11
      15490.0  6.74449e-11
      15500.0  6.77502e-11
      15510.0  6.80545e-11
      15520.0  6.83579e-11
      15530.0  6.86607e-11
      15540.0  6.89630e-11
      15550.0  6.92651e-11
      15560.0  6.95671e-11
      15570.0  6.98690e-11
      15580.0  7.01710e-11
      15590.0  7.04729e-11
      15600.0  7.07749e-11
      15610.0  7.10767e-11
      15620.0  7.13783e-11
      15630.0  7.16794e-11
      15640.0  7.19798e-11
      15650.0  7.22793e-11
      15660.0  7.25773e-11
      15670.0  7.28737e-11
      15680.0  7.31679e-11
      15690.0  7.34596e-11
      15700.0  7.37482e-11
      15710.0  7.40333e-11
      15720.0  7.43145e-11
      15730.0  7.45912e-11
      15740.0  7.48632e-11
      15750.0  7.51299e-11
      15760.0  7.53910e-11
      15770.0  7.56462e-11
      15780.0  7.58952e-11
      15790.0  7.61378e-11
      15800.0  7.63738e-11
      15810.0  7.66030e-11
      15820.0  7.68254e-11
      15830.0  7.70410e-11
      15840.0  7.72497e-11
      15850.0  7.74517e-11
      15860.0  7.76469e-11
      15870.0  7.78356e-11
      15880.0  7.80179e-11
      15890.0  7.81938e-11
      15900.0  7.83637e-11
      15910.0  7.85276e-11
      15920.0  7.86858e-11
      15930.0  7.88383e-11
      15940.0  7.89853e-11
      15950.0  7.91268e-11
      15960.0  7.92630e-11
      15970.0  7.93938e-11
      15980.0  7.95191e-11
      15990.0  7.96389e-11
      16000.0  7.97529e-11
      16010.0  7.98610e-11
      16020.0  7.99628e-11
      16030.0  8.00578e-11
      16040.0  8.01458e-11
      16050.0  8.02260e-11
      16060.0  8.02979e-11
      16070.0  8.03608e-11
      16080.0  8.04140e-11
      16090.0  8.04566e-11
      16100.0  8.04879e-11
      16110.0  8.05070e-11
      16120.0  8.05129e-11
      16130.0  8.05048e-11
      16140.0  8.04818e-11
      16150.0  8.04429e-11
      16160.0  8.03873e-11
      16170.0  8.03141e-11
      16180.0  8.02226e-11
      16190.0  8.01120e-11
      16200.0  7.99816e-11
      16210.0  7.98310e-11
      16220.0  7.96595e-11
      16230.0  7.94667e-11
      16240.0  7.92523e-11
      16250.0  7.90161e-11
      16260.0  7.87580e-11
      16270.0  7.84778e-11
      16280.0  7.81756e-11
      16290.0  7.78515e-11
      16300.0  7.75058e-11
      16310.0  7.71388e-11
      16320.0  7.67508e-11
      16330.0  7.63422e-11
      16340.0  7.59136e-11
      16350.0  7.54656e-11
      16360.0  7.49987e-11
      16370.0  7.45137e-11
      16380.0  7.40113e-11
      16390.0  7.34923e-11
      16400.0  7.29576e-11
      16410.0  7.24082e-11
      16420.0  7.18449e-11
      16430.0  7.12688e-11
      16440.0  7.06811e-11
      16450.0  7.00829e-11
      16460.0  6.94754e-11
      16470.0  6.88601e-11
      16480.0  6.82384e-11
      16490.0  6.76116e-11
      16500.0  6.69815e-11
      16510.0  6.63496e-11
      16520.0  6.57177e-11
      16530.0  6.50874e-11
      16540.0  6.44608e-11
      16550.0  6.38395e-11
      16560.0  6.32256e-11
      16570.0  6.26208e-11
      16580.0  6.20272e-11
      16590.0  6.14466e-11
      16600.0  6.08807e-11
      16610.0  6.03315e-11
      16620.0  5.98005e-11
      16630.0  5.92895e-11
      16640.0  5.87998e-11
      16650.0  5.83329e-11
      16660.0  5.78900e-11
      16670.0  5.74721e-11
      16680.0  5.70803e-11
      16690.0  5.67151e-11
      16700.0  5.63772e-11
      16710.0  5.60670e-11
      16720.0  5.57846e-11
      16730.0  5.55303e-11
      16740.0  5.53037e-11
      16750.0  5.51046e-11
      16760.0  5.49327e-11
      16770.0  5.47873e-11
      16780.0  5.46677e-11
      16790.0  5.45732e-11
      16800.0  5.45028e-11
      16810.0  5.44556e-11
      16820.0  5.44305e-11
      16830.0  5.44265e-11
      16840.0  5.44426e-11
      16850.0  5.44775e-11
      16860.0  5.45303e-11
      16870.0  5.45999e-11
      16880.0  5.46853e-11
      16890.0  5.47855e-11
      16900.0  5.48996e-11
      16910.0  5.50269e-11
      16920.0  5.51665e-11
      16930.0  5.53179e-11
      16940.0  5.54806e-11
      16950.0  5.56540e-11
      16960.0  5.58378e-11
      16970.0  5.60317e-11
      16980.0  5.62357e-11
      16990.0  5.64495e-11
      17000.0  5.66732e-11
      17010.0  5.69069e-11
      17020.0  5.71506e-11
      17030.0  5.74047e-11
      17040.0  5.76693e-11
      17050.0  5.79448e-11
      17060.0  5.82315e-11
      17070.0  5.85298e-11
      17080.0  5.88400e-11
      17090.0  5.91625e-11
      17100.0  5.94979e-11
      17110.0  5.98465e-11
      17120.0  6.02088e-11
      17130.0  6.05851e-11
      17140.0  6.09758e-11
      17150.0  6.13815e-11
      17160.0  6.18024e-11
      17170.0  6.22388e-11
      17180.0  6.26912e-11
      17190.0  6.31597e-11
      17200.0  6.36446e-11
      17210.0  6.41462e-11
      17220.0  6.46645e-11
      17230.0  6.51997e-11
      17240.0  6.57518e-11
      17250.0  6.63207e-11
      17260.0  6.69064e-11
      17270.0  6.75087e-11
      17280.0  6.81274e-11
      17290.0  6.87621e-11
      17300.0  6.94124e-11
      17310.0  7.00778e-11
      17320.0  7.07578e-11
      17330.0  7.14516e-11
      17340.0  7.21585e-11
      17350.0  7.28777e-11
      17360.0  7.36082e-11
      17370.0  7.43490e-11
      17380.0  7.50991e-11
      17390.0  7.58572e-11
      17400.0  7.66222e-11
      17410.0  7.73927e-11
      17420.0  7.81674e-11
      17430.0  7.89449e-11
      17440.0  7.97237e-11
      17450.0  8.05024e-11
      17460.0  8.12794e-11
      17470.0  8.20532e-11
      17480.0  8.28221e-11
      17490.0  8.35845e-11
      17500.0  8.43389e-11
      17510.0  8.50835e-11
      17520.0  8.58167e-11
      17530.0  8.65367e-11
      17540.0  8.72419e-11
      17550.0  8.79306e-11
      17560.0  8.86012e-11
      17570.0  8.92518e-11
      17580.0  8.98808e-11
      17590.0  9.04866e-11
      17600.0  9.10674e-11
      17610.0  9.16216e-11
      17620.0  9.21477e-11
      17630.0  9.26440e-11
      17640.0  9.31090e-11
      17650.0  9.35412e-11
      17660.0  9.39391e-11
      17670.0  9.43015e-11
      17680.0  9.46269e-11
      17690.0  9.49142e-11
      17700.0  9.51622e-11
      17710.0  9.53698e-11
      17720.0  9.55362e-11
      17730.0  9.56604e-11
      17740.0  9.57418e-11
      17750.0  9.57796e-11
      17760.0  9.57736e-11
      17770.0  9.57233e-11
      17780.0  9.56285e-11
      17790.0  9.54893e-11
      17800.0  9.53058e-11
      17810.0  9.50782e-11
      17820.0  9.48070e-11
      17830.0  9.44930e-11
      17840.0  9.41369e-11
      17850.0  9.37397e-11
      17860.0  9.33026e-11
      17870.0  9.28269e-11
      17880.0  9.23141e-11
      17890.0  9.17659e-11
      17900.0  9.11841e-11
      17910.0  9.05705e-11
      17920.0  8.99272e-11
      17930.0  8.92563e-11
      17940.0  8.85598e-11
      17950.0  8.78401e-11
      17960.0  8.70992e-11
      17970.0  8.63393e-11
      17980.0  8.55628e-11
      17990.0  8.47715e-11
      18000.0  8.39677e-11
      18010.0  8.31533e-11
      18020.0  8.23301e-11
      18030.0  8.15000e-11
      18040.0  8.06645e-11
      18050.0  7.98251e-11
      18060.0  7.89833e-11
      18070.0  7.81404e-11
      18080.0  7.72974e-11
      18090.0  7.64554e-11
      18100.0  7.56153e-11
      18110.0  7.47779e-11
      18120.0  7.39438e-11
      18130.0  7.31137e-11
      18140.0  7.22881e-11
      18150.0  7.14674e-11
      18160.0  7.06520e-11
      18170.0  6.98422e-11
      18180.0  6.90383e-11
      18190.0  6.82405e-11
      18200.0  6.74490e-11
      18210.0  6.66639e-11
      18220.0  6.58854e-11
      18230.0  6.51136e-11
      18240.0  6.43487e-11
      18250.0  6.35907e-11
      18260.0  6.28397e-11
      18270.0  6.20959e-11
      18280.0  6.13592e-11
      18290.0  6.06299e-11
      18300.0  5.99081e-11
      18310.0  5.91938e-11
      18320.0  5.84872e-11
      18330.0  5.77884e-11
      18340.0  5.70977e-11
      18350.0  5.64153e-11
      18360.0  5.57414e-11
      18370.0  5.50763e-11
      18380.0  5.44202e-11
      18390.0  5.37736e-11
      18400.0  5.31368e-11
      18410.0  5.25103e-11
      18420.0  5.18945e-11
      18430.0  5.12900e-11
      18440.0  5.06971e-11
      18450.0  5.01166e-11
      18460.0  4.95489e-11
      18470.0  4.89945e-11
      18480.0  4.84542e-11
      18490.0  4.79283e-11
      18500.0  4.74174e-11
      18510.0  4.69219e-11
      18520.0  4.64423e-11
      18530.0  4.59789e-11
      18540.0  4.55320e-11
      18550.0  4.51018e-11
      18560.0  4.46884e-11
      18570.0  4.42918e-11
      18580.0  4.39120e-11
      18590.0  4.35487e-11
      18600.0  4.32019e-11
      18610.0  4.28710e-11
      18620.0  4.25557e-11
      18630.0  4.22555e-11
      18640.0  4.19698e-11
      18650.0  4.16980e-11
      18660.0  4.14393e-11
      18670.0  4.11931e-11
      18680.0  4.09586e-11
      18690.0  4.07350e-11
      18700.0  4.05214e-11
      18710.0  4.03170e-11
      18720.0  4.01210e-11
      18730.0  3.99325e-11
      18740.0  3.97506e-11
      18750.0  3.95745e-11
      18760.0  3.94035e-11
      18770.0  3.92366e-11
      18780.0  3.90731e-11
      18790.0  3.89122e-11
      18800.0  3.87533e-11
      18810.0  3.85955e-11
      18820.0  3.84383e-11
      18830.0  3.82810e-11
      18840.0  3.81230e-11
      18850.0  3.79639e-11
      18860.0  3.78031e-11
      18870.0  3.76403e-11
      18880.0  3.74751e-11
      18890.0  3.73073e-11
      18900.0  3.71366e-11
      18910.0  3.69629e-11
      18920.0  3.67862e-11
      18930.0  3.66066e-11
      18940.0  3.64241e-11
      18950.0  3.62390e-11
      18960.0  3.60516e-11
      18970.0  3.58622e-11
      18980.0  3.56714e-11
      18990.0  3.54795e-11
      19000.0  3.52873e-11
      19010.0  3.50954e-11
      19020.0  3.49044e-11
      19030.0  3.47152e-11
      19040.0  3.45284e-11
      19050.0  3.43450e-11
      19060.0  3.41656e-11
      19070.0  3.39912e-11
      19080.0  3.38224e-11
      19090.0  3.36601e-11
      19100.0  3.35049e-11
      19110.0  3.33575e-11
      19120.0  3.32186e-11
      19130.0  3.30886e-11
      19140.0  3.29679e-11
      19150.0  3.28569e-11
      19160.0  3.27559e-11
      19170.0  3.26650e-11
      19180.0  3.25841e-11
      19190.0  3.25133e-11
      19200.0  3.24523e-11
      19210.0  3.24007e-11
      19220.0  3.23582e-11
      19230.0  3.23243e-11
      19240.0  3.22983e-11
      19250.0  3.22794e-11
      19260.0  3.22670e-11
      19270.0  3.22602e-11
      19280.0  3.22580e-11
      19290.0  3.22596e-11
      19300.0  3.22639e-11
      19310.0  3.22701e-11
      19320.0  3.22772e-11
      19330.0  3.22844e-11
      19340.0  3.22907e-11
      19350.0  3.22954e-11
      19360.0  3.22978e-11
      19370.0  3.22972e-11
      19380.0  3.22932e-11
      19390.0  3.22853e-11
      19400.0  3.22732e-11
      19410.0  3.22568e-11
      19420.0  3.22360e-11
      19430.0  3.22108e-11
      19440.0  3.21815e-11
      19450.0  3.21482e-11
      19460.0  3.21113e-11
      19470.0  3.20713e-11
      19480.0  3.20286e-11
      19490.0  3.19838e-11
      19500.0  3.19375e-11
      19510.0  3.18904e-11
      19520.0  3.18430e-11
      19530.0  3.17960e-11
      19540.0  3.17500e-11
      19550.0  3.17055e-11
      19560.0  3.16631e-11
      19570.0  3.16232e-11
      19580.0  3.15863e-11
      19590.0  3.15527e-11
      19600.0  3.15227e-11
      19610.0  3.14963e-11
      19620.0  3.14739e-11
      19630.0  3.14554e-11
      19640.0  3.14407e-11
      19650.0  3.14298e-11
      19660.0  3.14226e-11
      19670.0  3.14186e-11
      19680.0  3.14178e-11
      19690.0  3.14197e-11
      19700.0  3.14240e-11
      19710.0  3.14303e-11
      19720.0  3.14380e-11
      19730.0  3.14468e-11
      19740.0  3.14560e-11
      19750.0  3.14652e-11
      19760.0  3.14739e-11
      19770.0  3.14814e-11
      19780.0  3.14873e-11
      19790.0  3.14908e-11
      19800.0  3.14916e-11
      19810.0  3.14890e-11
      19820.0  3.14823e-11
      19830.0  3.14711e-11
      19840.0  3.14548e-11
      19850.0  3.14328e-11
      19860.0  3.14046e-11
      19870.0  3.13696e-11
      19880.0  3.13273e-11
      19890.0  3.12773e-11
      19900.0  3.12190e-11
      19910.0  3.11521e-11
      19920.0  3.10761e-11
      19930.0  3.09907e-11
      19940.0  3.08955e-11
      19950.0  3.07903e-11
      19960.0  3.06748e-11
      19970.0  3.05489e-11
      19980.0  3.04125e-11
      19990.0  3.02654e-11
      20000.0  3.01077e-11
      20010.0  2.99395e-11
      20020.0  2.97608e-11
      20030.0  2.95719e-11
      20040.0  2.93730e-11
      20050.0  2.91645e-11
      20060.0  2.89467e-11
      20070.0  2.87200e-11
      20080.0  2.84850e-11
      20090.0  2.82422e-11
      20100.0  2.79921e-11
      20110.0  2.77355e-11
      20120.0  2.74729e-11
      20130.0  2.72051e-11
      20140.0  2.69329e-11
      20150.0  2.66570e-11
      20160.0  2.63780e-11
      20170.0  2.60970e-11
      20180.0  2.58145e-11
      20190.0  2.55315e-11
      20200.0  2.52486e-11
      20210.0  2.49667e-11
      20220.0  2.46865e-11
      20230.0  2.44087e-11
      20240.0  2.41342e-11
      20250.0  2.38635e-11
      20260.0  2.35973e-11
      20270.0  2.33363e-11
      20280.0  2.30812e-11
      20290.0  2.28324e-11
      20300.0  2.25906e-11
      20310.0  2.23563e-11
      20320.0  2.21300e-11
      20330.0  2.19121e-11
      20340.0  2.17032e-11
      20350.0  2.15036e-11
      20360.0  2.13137e-11
      20370.0  2.11340e-11
      20380.0  2.09647e-11
      20390.0  2.08061e-11
      20400.0  2.06586e-11
      20410.0  2.05224e-11
      20420.0  2.03977e-11
      20430.0  2.02848e-11
      20440.0  2.01838e-11
      20450.0  2.00949e-11
      20460.0  2.00182e-11
      20470.0  1.99538e-11
      20480.0  1.99017e-11
      20490.0  1.98619e-11
      20500.0  1.98345e-11
      20510.0  1.98193e-11
      20520.0  1.98163e-11
      20530.0  1.98253e-11
      20540.0  1.98461e-11
      20550.0  1.98787e-11
      20560.0  1.99225e-11
      20570.0  1.99775e-11
      20580.0  2.00432e-11
      20590.0  2.01193e-11
      20600.0  2.02053e-11
      20610.0  2.03008e-11
      20620.0  2.04052e-11
      20630.0  2.05181e-11
      20640.0  2.06389e-11
      20650.0  2.07669e-11
      20660.0  2.09015e-11
      20670.0  2.10422e-11
      20680.0  2.11881e-11
      20690.0  2.13385e-11
      20700.0  2.14928e-11
      20710.0  2.16502e-11
      20720.0  2.18099e-11
      20730.0  2.19711e-11
      20740.0  2.21331e-11
      20750.0  2.22951e-11
      20760.0  2.24564e-11
      20770.0  2.26160e-11
      20780.0  2.27734e-11
      20790.0  2.29277e-11
      20800.0  2.30783e-11
      20810.0  2.32245e-11
      20820.0  2.33656e-11
      20830.0  2.35010e-11
      20840.0  2.36301e-11
      20850.0  2.37524e-11
      20860.0  2.38674e-11
      20870.0  2.39746e-11
      20880.0  2.40738e-11
      20890.0  2.41644e-11
      20900.0  2.42464e-11
      20910.0  2.43193e-11
      20920.0  2.43831e-11
      20930.0  2.44377e-11
      20940.0  2.44829e-11
      20950.0  2.45188e-11
      20960.0  2.45453e-11
      20970.0  2.45626e-11
      20980.0  2.45707e-11
      20990.0  2.45699e-11
      21000.0  2.45602e-11
      21010.0  2.45420e-11
      21020.0  2.45153e-11
      21030.0  2.44806e-11
      21040.0  2.44381e-11
      21050.0  2.43880e-11
      21060.0  2.43307e-11
      21070.0  2.42664e-11
      21080.0  2.41956e-11
      21090.0  2.41185e-11
      21100.0  2.40354e-11
      21110.0  2.39467e-11
      21120.0  2.38526e-11
      21130.0  2.37536e-11
      21140.0  2.36500e-11
      21150.0  2.35420e-11
      21160.0  2.34301e-11
      21170.0  2.33145e-11
      21180.0  2.31957e-11
      21190.0  2.30741e-11
      21200.0  2.29499e-11
      21210.0  2.28236e-11
      21220.0  2.26955e-11
      21230.0  2.25662e-11
      21240.0  2.24360e-11
      21250.0  2.23054e-11
      21260.0  2.21748e-11
      21270.0  2.20448e-11
      21280.0  2.19157e-11
      21290.0  2.17882e-11
      21300.0  2.16627e-11
      21310.0  2.15398e-11
      21320.0  2.14198e-11
      21330.0  2.13034e-11
      21340.0  2.11911e-11
      21350.0  2.10833e-11
      21360.0  2.09805e-11
      21370.0  2.08832e-11
      21380.0  2.07918e-11
      21390.0  2.07066e-11
      21400.0  2.06282e-11
      21410.0  2.05568e-11
      21420.0  2.04927e-11
      21430.0  2.04363e-11
      21440.0  2.03876e-11
      21450.0  2.03471e-11
      21460.0  2.03146e-11
      21470.0  2.02905e-11
      21480.0  2.02748e-11
      21490.0  2.02674e-11
      21500.0  2.02685e-11
      21510.0  2.02779e-11
      21520.0  2.02955e-11
      21530.0  2.03214e-11
      21540.0  2.03552e-11
      21550.0  2.03969e-11
      21560.0  2.04463e-11
      21570.0  2.05031e-11
      21580.0  2.05672e-11
      21590.0  2.06382e-11
      21600.0  2.07160e-11
      21610.0  2.08002e-11
      21620.0  2.08906e-11
      21630.0  2.09869e-11
      21640.0  2.10889e-11
      21650.0  2.11962e-11
      21660.0  2.13086e-11
      21670.0  2.14258e-11
      21680.0  2.15475e-11
      21690.0  2.16735e-11
      21700.0  2.18035e-11
      21710.0  2.19373e-11
      21720.0  2.20746e-11
      21730.0  2.22152e-11
      21740.0  2.23589e-11
      21750.0  2.25054e-11
      21760.0  2.26545e-11
      21770.0  2.28060e-11
      21780.0  2.29598e-11
      21790.0  2.31155e-11
      21800.0  2.32730e-11
      21810.0  2.34321e-11
      21820.0  2.35927e-11
      21830.0  2.37544e-11
      21840.0  2.39172e-11
      21850.0  2.40809e-11
      21860.0  2.42451e-11
      21870.0  2.44099e-11
      21880.0  2.45749e-11
      21890.0  2.47400e-11
      21900.0  2.49050e-11
      21910.0  2.50697e-11
      21920.0  2.52339e-11
      21930.0  2.53975e-11
      21940.0  2.55602e-11
      21950.0  2.57218e-11
      21960.0  2.58823e-11
      21970.0  2.60412e-11
      21980.0  2.61986e-11
      21990.0  2.63541e-11
      22000.0  2.65076e-11
      22010.0  2.66588e-11
      22020.0  2.68076e-11
      22030.0  2.69537e-11
      22040.0  2.70968e-11
      22050.0  2.72367e-11
      22060.0  2.73732e-11
      22070.0  2.75060e-11
      22080.0  2.76349e-11
      22090.0  2.77594e-11
      22100.0  2.78793e-11
      22110.0  2.79943e-11
      22120.0  2.81041e-11
      22130.0  2.82083e-11
      22140.0  2.83066e-11
      22150.0  2.83986e-11
      22160.0  2.84839e-11
      22170.0  2.85622e-11
      22180.0  2.86331e-11
      22190.0  2.86963e-11
      22200.0  2.87514e-11
      22210.0  2.87980e-11
      22220.0  2.88358e-11
      22230.0  2.88644e-11
      22240.0  2.88836e-11
      22250.0  2.88931e-11
      22260.0  2.88926e-11
      22270.0  2.88818e-11
      22280.0  2.88606e-11
      22290.0  2.88287e-11
      22300.0  2.87861e-11
      22310.0  2.87326e-11
      22320.0  2.86681e-11
      22330.0  2.85926e-11
      22340.0  2.85062e-11
      22350.0  2.84087e-11
      22360.0  2.83004e-11
      22370.0  2.81813e-11
      22380.0  2.80516e-11
      22390.0  2.79115e-11
      22400.0  2.77613e-11
      22410.0  2.76012e-11
      22420.0  2.74315e-11
      22430.0  2.72527e-11
      22440.0  2.70651e-11
      22450.0  2.68691e-11
      22460.0  2.66653e-11
      22470.0  2.64541e-11
      22480.0  2.62361e-11
      22490.0  2.60119e-11
      22500.0  2.57820e-11
      22510.0  2.55470e-11
      22520.0  2.53077e-11
      22530.0  2.50647e-11
      22540.0  2.48187e-11
      22550.0  2.45703e-11
      22560.0  2.43203e-11
      22570.0  2.40695e-11
      22580.0  2.38184e-11
      22590.0  2.35680e-11
      22600.0  2.33187e-11
      22610.0  2.30715e-11
      22620.0  2.28268e-11
      22630.0  2.25855e-11
      22640.0  2.23481e-11
      22650.0  2.21152e-11
      22660.0  2.18875e-11
      22670.0  2.16654e-11
      22680.0  2.14495e-11
      22690.0  2.12401e-11
      22700.0  2.10378e-11
      22710.0  2.08427e-11
      22720.0  2.06553e-11
      22730.0  2.04757e-11
      22740.0  2.03042e-11
      22750.0  2.01409e-11
      22760.0  1.99858e-11
      22770.0  1.98390e-11
      22780.0  1.97005e-11
      22790.0  1.95702e-11
      22800.0  1.94479e-11
      22810.0  1.93335e-11
      22820.0  1.92269e-11
      22830.0  1.91277e-11
      22840.0  1.90358e-11
      22850.0  1.89508e-11
      22860.0  1.88724e-11
      22870.0  1.88004e-11
      22880.0  1.87343e-11
      22890.0  1.86739e-11
      22900.0  1.86188e-11
      22910.0  1.85687e-11
      22920.0  1.85232e-11
      22930.0  1.84821e-11
      22940.0  1.84449e-11
      22950.0  1.84115e-11
      22960.0  1.83816e-11
      22970.0  1.83548e-11
      22980.0  1.83309e-11
      22990.0  1.83097e-11
      23000.0  1.82910e-11
      23010.0  1.82746e-11
      23020.0  1.82602e-11
      23030.0  1.82476e-11
      23040.0  1.82368e-11
      23050.0  1.82275e-11
      23060.0  1.82196e-11
      23070.0  1.82129e-11
      23080.0  1.82072e-11
      23090.0  1.82023e-11
      23100.0  1.81982e-11
      23110.0  1.81946e-11
      23120.0  1.81914e-11
      23130.0  1.81884e-11
      23140.0  1.81855e-11
      23150.0  1.81825e-11
      23160.0  1.81792e-11
      23170.0  1.81755e-11
      23180.0  1.81713e-11
      23190.0  1.81666e-11
      23200.0  1.81613e-11
      23210.0  1.81553e-11
      23220.0  1.81486e-11
      23230.0  1.81413e-11
      23240.0  1.81335e-11
      23250.0  1.81252e-11
      23260.0  1.81166e-11
      23270.0  1.81079e-11
      23280.0  1.80991e-11
      23290.0  1.80905e-11
      23300.0  1.80823e-11
      23310.0  1.80745e-11
      23320.0  1.80674e-11
      23330.0  1.80611e-11
      23340.0  1.80557e-11
      23350.0  1.80512e-11
      23360.0  1.80477e-11
      23370.0  1.80450e-11
      23380.0  1.80433e-11
      23390.0  1.80422e-11
      23400.0  1.80418e-11
      23410.0  1.80417e-11
      23420.0  1.80417e-11
      23430.0  1.80416e-11
      23440.0  1.80412e-11
      23450.0  1.80402e-11
      23460.0  1.80382e-11
      23470.0  1.80351e-11
      23480.0  1.80305e-11
      23490.0  1.80244e-11
      23500.0  1.80164e-11
      23510.0  1.80065e-11
      23520.0  1.79944e-11
      23530.0  1.79802e-11
      23540.0  1.79638e-11
      23550.0  1.79452e-11
      23560.0  1.79244e-11
      23570.0  1.79015e-11
      23580.0  1.78768e-11
      23590.0  1.78503e-11
      23600.0  1.78222e-11
      23610.0  1.77929e-11
      23620.0  1.77626e-11
      23630.0  1.77317e-11
      23640.0  1.77004e-11
      23650.0  1.76693e-11
      23660.0  1.76387e-11
      23670.0  1.76092e-11
      23680.0  1.75812e-11
      23690.0  1.75552e-11
      23700.0  1.75319e-11
      23710.0  1.75117e-11
      23720.0  1.74954e-11
      23730.0  1.74836e-11
      23740.0  1.74768e-11
      23750.0  1.74759e-11
      23760.0  1.74813e-11
      23770.0  1.74938e-11
      23780.0  1.75140e-11
      23790.0  1.75426e-11
      23800.0  1.75800e-11
      23810.0  1.76269e-11
      23820.0  1.76837e-11
      23830.0  1.77514e-11
      23840.0  1.78299e-11
      23850.0  1.79194e-11
      23860.0  1.80199e-11
      23870.0  1.81314e-11
      23880.0  1.82538e-11
      23890.0  1.83869e-11
      23900.0  1.85303e-11
      23910.0  1.86835e-11
      23920.0  1.88459e-11
      23930.0  1.90167e-11
      23940.0  1.91949e-11
      23950.0  1.93797e-11
      23960.0  1.95699e-11
      23970.0  1.97644e-11
      23980.0  1.99619e-11
      23990.0  2.01613e-11
      24000.0  2.03612e-11
      24010.0  2.05604e-11
      24020.0  2.07578e-11
      24030.0  2.09522e-11
      24040.0  2.11424e-11
      24050.0  2.13277e-11
      24060.0  2.15071e-11
      24070.0  2.16799e-11
      24080.0  2.18454e-11
      24090.0  2.20034e-11
      24100.0  2.21533e-11
      24110.0  2.22950e-11
      24120.0  2.24284e-11
      24130.0  2.25536e-11
      24140.0  2.26706e-11
      24150.0  2.27796e-11
      24160.0  2.28809e-11
      24170.0  2.29748e-11
      24180.0  2.30616e-11
      24190.0  2.31418e-11
      24200.0  2.32158e-11
      24210.0  2.32839e-11
      24220.0  2.33465e-11
      24230.0  2.34040e-11
      24240.0  2.34568e-11
      24250.0  2.35052e-11
      24260.0  2.35496e-11
      24270.0  2.35902e-11
      24280.0  2.36272e-11
      24290.0  2.36610e-11
      24300.0  2.36917e-11
      24310.0  2.37196e-11
      24320.0  2.37447e-11
      24330.0  2.37673e-11
      24340.0  2.37874e-11
      24350.0  2.38052e-11
      24360.0  2.38207e-11
      24370.0  2.38340e-11
      24380.0  2.38453e-11
      24390.0  2.38546e-11
      24400.0  2.38618e-11
      24410.0  2.38672e-11
      24420.0  2.38707e-11
      24430.0  2.38724e-11
      24440.0  2.38723e-11
      24450.0  2.38705e-11
      24460.0  2.38672e-11
      24470.0  2.38623e-11
      24480.0  2.38560e-11
      24490.0  2.38483e-11
      24500.0  2.38394e-11
      24510.0  2.38295e-11
      24520.0  2.38186e-11
      24530.0  2.38069e-11
      24540.0  2.37945e-11
      24550.0  2.37816e-11
      24560.0  2.37685e-11
      24570.0  2.37551e-11
      24580.0  2.37417e-11
      24590.0  2.37284e-11
      24600.0  2.37154e-11
      24610.0  2.37027e-11
      24620.0  2.36905e-11
      24630.0  2.36789e-11
      24640.0  2.36679e-11
      24650.0  2.36576e-11
      24660.0  2.36480e-11
      24670.0  2.36392e-11
      24680.0  2.36311e-11
      24690.0  2.36238e-11
      24700.0  2.36172e-11
      24710.0  2.36113e-11
      24720.0  2.36060e-11
      24730.0  2.36014e-11
      24740.0  2.35973e-11
      24750.0  2.35938e-11
      24760.0  2.35907e-11
      24770.0  2.35881e-11
      24780.0  2.35859e-11
      24790.0  2.35840e-11
      24800.0  2.35825e-11
      24810.0  2.35812e-11
      24820.0  2.35801e-11
      24830.0  2.35793e-11
      24840.0  2.35786e-11
      24850.0  2.35781e-11
      24860.0  2.35777e-11
      24870.0  2.35774e-11
      24880.0  2.35772e-11
      24890.0  2.35771e-11
      24900.0  2.35771e-11
      24910.0  2.35770e-11
      24920.0  2.35771e-11
      24930.0  2.35771e-11
      24940.0  2.35772e-11
      24950.0  2.35773e-11
      24960.0  2.35774e-11
      24970.0  2.35775e-11
      24980.0  2.35776e-11
      24990.0  2.35777e-11
      25000.0  2.35778e-11
