      1000.00  2.85833e-14
      1010.00  3.46351e-14
      1020.00  4.21048e-14
      1030.00  5.12793e-14
      1040.00  6.25153e-14
      1050.00  7.62202e-14
      1060.00  9.28490e-14
      1070.00  1.12896e-13
      1080.00  1.36882e-13
      1090.00  1.65336e-13
      1100.00  1.98770e-13
      1110.00  2.37656e-13
      1120.00  2.82399e-13
      1130.00  3.33309e-13
      1140.00  3.90584e-13
      1150.00  4.54289e-13
      1160.00  5.24346e-13
      1170.00  6.00529e-13
      1180.00  6.82464e-13
      1190.00  7.69632e-13
      1200.00  8.61378e-13
      1210.00  9.56924e-13
      1220.00  1.05539e-12
      1230.00  1.15581e-12
      1240.00  1.25717e-12
      1250.00  1.35841e-12
      1260.00  1.45848e-12
      1270.00  1.55635e-12
      1280.00  1.65104e-12
      1290.00  1.74168e-12
      1300.00  1.82746e-12
      1310.00  1.90772e-12
      1320.00  1.98192e-12
      1330.00  2.04967e-12
      1340.00  2.11073e-12
      1350.00  2.16498e-12
      1360.00  2.21246e-12
      1370.00  2.25335e-12
      1380.00  2.28794e-12
      1390.00  2.31665e-12
      1400.00  2.33997e-12
      1410.00  2.35849e-12
      1420.00  2.37286e-12
      1430.00  2.38378e-12
      1440.00  2.39199e-12
      1450.00  2.39822e-12
      1460.00  2.40322e-12
      1470.00  2.40771e-12
      1480.00  2.41238e-12
      1490.00  2.41787e-12
      1500.00  2.42479e-12
      1510.00  2.43365e-12
      1520.00  2.44494e-12
      1530.00  2.45906e-12
      1540.00  2.47634e-12
      1550.00  2.49707e-12
      1560.00  2.52147e-12
      1570.00  2.54972e-12
      1580.00  2.58195e-12
      1590.00  2.61826e-12
      1600.00  2.65872e-12
      1610.00  2.70337e-12
      1620.00  2.75225e-12
      1630.00  2.80538e-12
      1640.00  2.86274e-12
      1650.00  2.92434e-12
      1660.00  2.99016e-12
      1670.00  3.06019e-12
      1680.00  3.13438e-12
      1690.00  3.21270e-12
      1700.00  3.29511e-12
      1710.00  3.38154e-12
      1720.00  3.47192e-12
      1730.00  3.56617e-12
      1740.00  3.66420e-12
      1750.00  3.76587e-12
      1760.00  3.87107e-12
      1770.00  3.97964e-12
      1780.00  4.09140e-12
      1790.00  4.20616e-12
      1800.00  4.32371e-12
      1810.00  4.44379e-12
      1820.00  4.56614e-12
      1830.00  4.69047e-12
      1840.00  4.81644e-12
      1850.00  4.94371e-12
      1860.00  5.07190e-12
      1870.00  5.20060e-12
      1880.00  5.32939e-12
      1890.00  5.45780e-12
      1900.00  5.58537e-12
      1910.00  5.71159e-12
      1920.00  5.83597e-12
      1930.00  5.95799e-12
      1940.00  6.07715e-12
      1950.00  6.19293e-12
      1960.00  6.30486e-12
      1970.00  6.41247e-12
      1980.00  6.51534e-12
      1990.00  6.61309e-12
      2000.00  6.70538e-12
      2010.00  6.79194e-12
      2020.00  6.87255e-12
      2030.00  6.94705e-12
      2040.00  7.01534e-12
      2050.00  7.07740e-12
      2060.00  7.13326e-12
      2070.00  7.18300e-12
      2080.00  7.22675e-12
      2090.00  7.26469e-12
      2100.00  7.29705e-12
      2110.00  7.32409e-12
      2120.00  7.34610e-12
      2130.00  7.36338e-12
      2140.00  7.37628e-12
      2150.00  7.38516e-12
      2160.00  7.39039e-12
      2170.00  7.39235e-12
      2180.00  7.39145e-12
      2190.00  7.38808e-12
      2200.00  7.38266e-12
      2210.00  7.37562e-12
      2220.00  7.36738e-12
      2230.00  7.35837e-12
      2240.00  7.34902e-12
      2250.00  7.33977e-12
      2260.00  7.33106e-12
      2270.00  7.32332e-12
      2280.00  7.31699e-12
      2290.00  7.31251e-12
      2300.00  7.31032e-12
      2310.00  7.31085e-12
      2320.00  7.31456e-12
      2330.00  7.32190e-12
      2340.00  7.33335e-12
      2350.00  7.34947e-12
      2360.00  7.37088e-12
      2370.00  7.39841e-12
      2380.00  7.43308e-12
      2390.00  7.47630e-12
      2400.00  7.52988e-12
      2410.00  7.59624e-12
      2420.00  7.67839e-12
      2430.00  7.77999e-12
      2440.00  7.90523e-12
      2450.00  8.05864e-12
      2460.00  8.24468e-12
      2470.00  8.46721e-12
      2480.00  8.72887e-12
      2490.00  9.03036e-12
      2500.00  9.36984e-12
      2510.00  9.74244e-12
      2520.00  1.01401e-11
      2530.00  1.05520e-11
      2540.00  1.09648e-11
      2550.00  1.13641e-11
      2560.00  1.17354e-11
      2570.00  1.20657e-11
      2580.00  1.23442e-11
      2590.00  1.25636e-11
      2600.00  1.27200e-11
      2610.00  1.28133e-11
      2620.00  1.28464e-11
      2630.00  1.28247e-11
      2640.00  1.27553e-11
      2650.00  1.26446e-11
      2660.00  1.24277e-11
      2670.00  1.15532e-11
      2680.00  1.09834e-11
      2690.00  1.50836e-11
      2700.00  2.40616e-11
      2710.00  3.46577e-11
      2720.00  4.20035e-11
      2730.00  4.45001e-11
      2740.00  4.52927e-11
      2750.00  4.63059e-11
      2760.00  4.67050e-11
      2770.00  4.67086e-11
      2780.00  4.79392e-11
      2790.00  5.14790e-11
      2800.00  5.31211e-11
      2810.00  5.29520e-11
      2820.00  5.21127e-11
      2830.00  4.97644e-11
      2840.00  4.76583e-11
      2850.00  4.76234e-11
      2860.00  4.79293e-11
      2870.00  4.81056e-11
      2880.00  4.87408e-11
      2890.00  5.17666e-11
      2900.00  5.71360e-11
      2910.00  6.28784e-11
      2920.00  6.84283e-11
      2930.00  7.25970e-11
      2940.00  7.49815e-11
      2950.00  7.50703e-11
      2960.00  7.34370e-11
      2970.00  7.17974e-11
      2980.00  7.04276e-11
      2990.00  6.79002e-11
      3000.00  6.39157e-11
      3010.00  6.00730e-11
      3020.00  5.74348e-11
      3030.00  5.73963e-11
      3040.00  5.86103e-11
      3050.00  5.91899e-11
      3060.00  5.91614e-11
      3070.00  5.93956e-11
      3080.00  6.05182e-11
      3090.00  5.95608e-11
      3100.00  5.67946e-11
      3110.00  5.71617e-11
      3120.00  6.01258e-11
      3130.00  6.20156e-11
      3140.00  6.30760e-11
      3150.00  6.41026e-11
      3160.00  6.60225e-11
      3170.00  6.97573e-11
      3180.00  7.54129e-11
      3190.00  8.08016e-11
      3200.00  8.39460e-11
      3210.00  8.32324e-11
      3220.00  7.97067e-11
      3230.00  7.49379e-11
      3240.00  7.09018e-11
      3250.00  6.75683e-11
      3260.00  6.42946e-11
      3270.00  6.10302e-11
      3280.00  5.79203e-11
      3290.00  5.61758e-11
      3300.00  5.59459e-11
      3310.00  5.66052e-11
      3320.00  5.78188e-11
      3330.00  5.86943e-11
      3340.00  5.85692e-11
      3350.00  5.63752e-11
      3360.00  5.35075e-11
      3370.00  5.40516e-11
      3380.00  5.72074e-11
      3390.00  6.04492e-11
      3400.00  6.37823e-11
      3410.00  6.83898e-11
      3420.00  7.42489e-11
      3430.00  7.90273e-11
      3440.00  8.08808e-11
      3450.00  7.99754e-11
      3460.00  7.75167e-11
      3470.00  7.50739e-11
      3480.00  7.31719e-11
      3490.00  7.16049e-11
      3500.00  7.11500e-11
      3510.00  7.28432e-11
      3520.00  7.52797e-11
      3530.00  7.75067e-11
      3540.00  7.99861e-11
      3550.00  8.28086e-11
      3560.00  8.59874e-11
      3570.00  8.99594e-11
      3580.00  9.47485e-11
      3590.00  9.93984e-11
      3600.00  1.02581e-10
      3610.00  1.03932e-10
      3620.00  1.04283e-10
      3630.00  1.04287e-10
      3640.00  1.04026e-10
      3650.00  1.04120e-10
      3660.00  1.06289e-10
      3670.00  1.11897e-10
      3680.00  1.20851e-10
      3690.00  1.33234e-10
      3700.00  1.47986e-10
      3710.00  1.62450e-10
      3720.00  1.74536e-10
      3730.00  1.80739e-10
      3740.00  1.79095e-10
      3750.00  1.69795e-10
      3760.00  1.53798e-10
      3770.00  1.33906e-10
      3780.00  1.13801e-10
      3790.00  9.59127e-11
      3800.00  8.09318e-11
      3810.00  6.97042e-11
      3820.00  6.42072e-11
      3830.00  6.55450e-11
      3840.00  7.35743e-11
      3850.00  8.73260e-11
      3860.00  1.04921e-10
      3870.00  1.24291e-10
      3880.00  1.44013e-10
      3890.00  1.63558e-10
      3900.00  1.83126e-10
      3910.00  2.02863e-10
      3920.00  2.21923e-10
      3930.00  2.38646e-10
      3940.00  2.51521e-10
      3950.00  2.59821e-10
      3960.00  2.63936e-10
      3970.00  2.65250e-10
      3980.00  2.65083e-10
      3990.00  2.63526e-10
      4000.00  2.59563e-10
      4010.00  2.52296e-10
      4020.00  2.41872e-10
      4030.00  2.29345e-10
      4040.00  2.15979e-10
      4050.00  2.02955e-10
      4060.00  1.91484e-10
      4070.00  1.82444e-10
      4080.00  1.75702e-10
      4090.00  1.70356e-10
      4100.00  1.65853e-10
      4110.00  1.62531e-10
      4120.00  1.61036e-10
      4130.00  1.61541e-10
      4140.00  1.63566e-10
      4150.00  1.66422e-10
      4160.00  1.69697e-10
      4170.00  1.73283e-10
      4180.00  1.77096e-10
      4190.00  1.80946e-10
      4200.00  1.84598e-10
      4210.00  1.87822e-10
      4220.00  1.90455e-10
      4230.00  1.92529e-10
      4240.00  1.94256e-10
      4250.00  1.95885e-10
      4260.00  1.97618e-10
      4270.00  1.99666e-10
      4280.00  2.02261e-10
      4290.00  2.05476e-10
      4300.00  2.09039e-10
      4310.00  2.12364e-10
      4320.00  2.14725e-10
      4330.00  2.15292e-10
      4340.00  2.13133e-10
      4350.00  2.07529e-10
      4360.00  1.98458e-10
      4370.00  1.86728e-10
      4380.00  1.73615e-10
      4390.00  1.60431e-10
      4400.00  1.48298e-10
      4410.00  1.38101e-10
      4420.00  1.30476e-10
      4430.00  1.25803e-10
      4440.00  1.24262e-10
      4450.00  1.25952e-10
      4460.00  1.30908e-10
      4470.00  1.38982e-10
      4480.00  1.49790e-10
      4490.00  1.62889e-10
      4500.00  1.78018e-10
      4510.00  1.95191e-10
      4520.00  2.14544e-10
      4530.00  2.36097e-10
      4540.00  2.59618e-10
      4550.00  2.84625e-10
      4560.00  3.10423e-10
      4570.00  3.36112e-10
      4580.00  3.60676e-10
      4590.00  3.83140e-10
      4600.00  4.02659e-10
      4610.00  4.18525e-10
      4620.00  4.30129e-10
      4630.00  4.36920e-10
      4640.00  4.38423e-10
      4650.00  4.34322e-10
      4660.00  4.24609e-10
      4670.00  4.09771e-10
      4680.00  3.90805e-10
      4690.00  3.68965e-10
      4700.00  3.45409e-10
      4710.00  3.21095e-10
      4720.00  2.96883e-10
      4730.00  2.73535e-10
      4740.00  2.51540e-10
      4750.00  2.31090e-10
      4760.00  2.12417e-10
      4770.00  1.96154e-10
      4780.00  1.83274e-10
      4790.00  1.74599e-10
      4800.00  1.70295e-10
      4810.00  1.69699e-10
      4820.00  1.71494e-10
      4830.00  1.74100e-10
      4840.00  1.76185e-10
      4850.00  1.77152e-10
      4860.00  1.77369e-10
      4870.00  1.77937e-10
      4880.00  1.80129e-10
      4890.00  1.84854e-10
      4900.00  1.92435e-10
      4910.00  2.02658e-10
      4920.00  2.14873e-10
      4930.00  2.28021e-10
      4940.00  2.40621e-10
      4950.00  2.50855e-10
      4960.00  2.56856e-10
      4970.00  2.57155e-10
      4980.00  2.51174e-10
      4990.00  2.39542e-10
      5000.00  2.24061e-10
      5010.00  2.07230e-10
      5020.00  1.91502e-10
      5030.00  1.78627e-10
      5040.00  1.69391e-10
      5050.00  1.63735e-10
      5060.00  1.61117e-10
      5070.00  1.60864e-10
      5080.00  1.62373e-10
      5090.00  1.65129e-10
      5100.00  1.68652e-10
      5110.00  1.72478e-10
      5120.00  1.76209e-10
      5130.00  1.79568e-10
      5140.00  1.82462e-10
      5150.00  1.85003e-10
      5160.00  1.87462e-10
      5170.00  1.90149e-10
      5180.00  1.93313e-10
      5190.00  1.97112e-10
      5200.00  2.01618e-10
      5210.00  2.06837e-10
      5220.00  2.12715e-10
      5230.00  2.19142e-10
      5240.00  2.25969e-10
      5250.00  2.33032e-10
      5260.00  2.40159e-10
      5270.00  2.47170e-10
      5280.00  2.53860e-10
      5290.00  2.60005e-10
      5300.00  2.65386e-10
      5310.00  2.69834e-10
      5320.00  2.73256e-10
      5330.00  2.75631e-10
      5340.00  2.76977e-10
      5350.00  2.77321e-10
      5360.00  2.76664e-10
      5370.00  2.74948e-10
      5380.00  2.72058e-10
      5390.00  2.67887e-10
      5400.00  2.62495e-10
      5410.00  2.56228e-10
      5420.00  2.49697e-10
      5430.00  2.43622e-10
      5440.00  2.38638e-10
      5450.00  2.35154e-10
      5460.00  2.33290e-10
      5470.00  2.32869e-10
      5480.00  2.33470e-10
      5490.00  2.34512e-10
      5500.00  2.35358e-10
      5510.00  2.35409e-10
      5520.00  2.34166e-10
      5530.00  2.31254e-10
      5540.00  2.26439e-10
      5550.00  2.19643e-10
      5560.00  2.10973e-10
      5570.00  2.00716e-10
      5580.00  1.89274e-10
      5590.00  1.77091e-10
      5600.00  1.64574e-10
      5610.00  1.52065e-10
      5620.00  1.39841e-10
      5630.00  1.28146e-10
      5640.00  1.17222e-10
      5650.00  1.07346e-10
      5660.00  9.88355e-11
      5670.00  9.20400e-11
      5680.00  8.73194e-11
      5690.00  8.50116e-11
      5700.00  8.53965e-11
      5710.00  8.86630e-11
      5720.00  9.48849e-11
      5730.00  1.04005e-10
      5740.00  1.15825e-10
      5750.00  1.30002e-10
      5760.00  1.46064e-10
      5770.00  1.63431e-10
      5780.00  1.81444e-10
      5790.00  1.99392e-10
      5800.00  2.16542e-10
      5810.00  2.32187e-10
      5820.00  2.45707e-10
      5830.00  2.56643e-10
      5840.00  2.64743e-10
      5850.00  2.69981e-10
      5860.00  2.72516e-10
      5870.00  2.72657e-10
      5880.00  2.70813e-10
      5890.00  2.67395e-10
      5900.00  2.62701e-10
      5910.00  2.56844e-10
      5920.00  2.49787e-10
      5930.00  2.41468e-10
      5940.00  2.31920e-10
      5950.00  2.21326e-10
      5960.00  2.09997e-10
      5970.00  1.98308e-10
      5980.00  1.86653e-10
      5990.00  1.75422e-10
      6000.00  1.64992e-10
      6010.00  1.55718e-10
      6020.00  1.47911e-10
      6030.00  1.41785e-10
      6040.00  1.37425e-10
      6050.00  1.34752e-10
      6060.00  1.33540e-10
      6070.00  1.33454e-10
      6080.00  1.34116e-10
      6090.00  1.35182e-10
      6100.00  1.36405e-10
      6110.00  1.37661e-10
      6120.00  1.38931e-10
      6130.00  1.40249e-10
      6140.00  1.41654e-10
      6150.00  1.43153e-10
      6160.00  1.44702e-10
      6170.00  1.46203e-10
      6180.00  1.47502e-10
      6190.00  1.48399e-10
      6200.00  1.48678e-10
      6210.00  1.48130e-10
      6220.00  1.46592e-10
      6230.00  1.43979e-10
      6240.00  1.40300e-10
      6250.00  1.35675e-10
      6260.00  1.30324e-10
      6270.00  1.24554e-10
      6280.00  1.18732e-10
      6290.00  1.13247e-10
      6300.00  1.08479e-10
      6310.00  1.04764e-10
      6320.00  1.02363e-10
      6330.00  1.01443e-10
      6340.00  1.02059e-10
      6350.00  1.04162e-10
      6360.00  1.07624e-10
      6370.00  1.12274e-10
      6380.00  1.17945e-10
      6390.00  1.24494e-10
      6400.00  1.31764e-10
      6410.00  1.39492e-10
      6420.00  1.47259e-10
      6430.00  1.54596e-10
      6440.00  1.61151e-10
      6450.00  1.66750e-10
      6460.00  1.71317e-10
      6470.00  1.74768e-10
      6480.00  1.76985e-10
      6490.00  1.77845e-10
      6500.00  1.77262e-10
      6510.00  1.75212e-10
      6520.00  1.71744e-10
      6530.00  1.66975e-10
      6540.00  1.61081e-10
      6550.00  1.54284e-10
      6560.00  1.46827e-10
      6570.00  1.38947e-10
      6580.00  1.30843e-10
      6590.00  1.22678e-10
      6600.00  1.14586e-10
      6610.00  1.06692e-10
      6620.00  9.91182e-11
      6630.00  9.19723e-11
      6640.00  8.53313e-11
      6650.00  7.92318e-11
      6660.00  7.36747e-11
      6670.00  6.86401e-11
      6680.00  6.41053e-11
      6690.00  6.00561e-11
      6700.00  5.64894e-11
      6710.00  5.34074e-11
      6720.00  5.08092e-11
      6730.00  4.86843e-11
      6740.00  4.70111e-11
      6750.00  4.57599e-11
      6760.00  4.48964e-11
      6770.00  4.43815e-11
      6780.00  4.41722e-11
      6790.00  4.42250e-11
      6800.00  4.45032e-11
      6810.00  4.49826e-11
      6820.00  4.56506e-11
      6830.00  4.65036e-11
      6840.00  4.75431e-11
      6850.00  4.87750e-11
      6860.00  5.02088e-11
      6870.00  5.18501e-11
      6880.00  5.36907e-11
      6890.00  5.56953e-11
      6900.00  5.77947e-11
      6910.00  5.98911e-11
      6920.00  6.18767e-11
      6930.00  6.36586e-11
      6940.00  6.51819e-11
      6950.00  6.64409e-11
      6960.00  6.74780e-11
      6970.00  6.83703e-11
      6980.00  6.92110e-11
      6990.00  7.00900e-11
      7000.00  7.10793e-11
      7010.00  7.22252e-11
      7020.00  7.35477e-11
      7030.00  7.50447e-11
      7040.00  7.66962e-11
      7050.00  7.84686e-11
      7060.00  8.03174e-11
      7070.00  8.21894e-11
      7080.00  8.40291e-11
      7090.00  8.57863e-11
      7100.00  8.74238e-11
      7110.00  8.89212e-11
      7120.00  9.02751e-11
      7130.00  9.14959e-11
      7140.00  9.26034e-11
      7150.00  9.36236e-11
      7160.00  9.45857e-11
      7170.00  9.55172e-11
      7180.00  9.64371e-11
      7190.00  9.73492e-11
      7200.00  9.82368e-11
      7210.00  9.90624e-11
      7220.00  9.97727e-11
      7230.00  1.00308e-10
      7240.00  1.00616e-10
      7250.00  1.00662e-10
      7260.00  1.00437e-10
      7270.00  9.99652e-11
      7280.00  9.93002e-11
      7290.00  9.85142e-11
      7300.00  9.76845e-11
      7310.00  9.68285e-11
      7320.00  9.59565e-11
      7330.00  9.51479e-11
      7340.00  9.43828e-11
      7350.00  9.36183e-11
      7360.00  9.28015e-11
      7370.00  9.18853e-11
      7380.00  9.08432e-11
      7390.00  8.96779e-11
      7400.00  8.84182e-11
      7410.00  8.71066e-11
      7420.00  8.57814e-11
      7430.00  8.44638e-11
      7440.00  8.31530e-11
      7450.00  8.18293e-11
      7460.00  8.04619e-11
      7470.00  7.90200e-11
      7480.00  7.74848e-11
      7490.00  7.58590e-11
      7500.00  7.41685e-11
      7510.00  7.24543e-11
      7520.00  7.07591e-11
      7530.00  6.91159e-11
      7540.00  6.75445e-11
      7550.00  6.60589e-11
      7560.00  6.46784e-11
      7570.00  6.34355e-11
      7580.00  6.23756e-11
      7590.00  6.15494e-11
      7600.00  6.10008e-11
      7610.00  6.07548e-11
      7620.00  6.08108e-11
      7630.00  6.11459e-11
      7640.00  6.17244e-11
      7650.00  6.25041e-11
      7660.00  6.34324e-11
      7670.00  6.44385e-11
      7680.00  6.54313e-11
      7690.00  6.63087e-11
      7700.00  6.69749e-11
      7710.00  6.73558e-11
      7720.00  6.74070e-11
      7730.00  6.71145e-11
      7740.00  6.64907e-11
      7750.00  6.55690e-11
      7760.00  6.44005e-11
      7770.00  6.30503e-11
      7780.00  6.15937e-11
      7790.00  6.01091e-11
      7800.00  5.86682e-11
      7810.00  5.73250e-11
      7820.00  5.61068e-11
      7830.00  5.50099e-11
      7840.00  5.40000e-11
      7850.00  5.30182e-11
      7860.00  5.19930e-11
      7870.00  5.08539e-11
      7880.00  4.95471e-11
      7890.00  4.80476e-11
      7900.00  4.63654e-11
      7910.00  4.45441e-11
      7920.00  4.26520e-11
      7930.00  4.07689e-11
      7940.00  3.89713e-11
      7950.00  3.73194e-11
      7960.00  3.58483e-11
      7970.00  3.45661e-11
      7980.00  3.34586e-11
      7990.00  3.24978e-11
      8000.00  3.16519e-11
      8010.00  3.08932e-11
      8020.00  3.02011e-11
      8030.00  2.95606e-11
      8040.00  2.89585e-11
      8050.00  2.83799e-11
      8060.00  2.78050e-11
      8070.00  2.72104e-11
      8080.00  2.65719e-11
      8090.00  2.58683e-11
      8100.00  2.50850e-11
      8110.00  2.42161e-11
      8120.00  2.32649e-11
      8130.00  2.22428e-11
      8140.00  2.11687e-11
      8150.00  2.00676e-11
      8160.00  1.89694e-11
      8170.00  1.79075e-11
      8180.00  1.69162e-11
      8190.00  1.60273e-11
      8200.00  1.52660e-11
      8210.00  1.46472e-11
      8220.00  1.41737e-11
      8230.00  1.38375e-11
      8240.00  1.36227e-11
      8250.00  1.35113e-11
      8260.00  1.34878e-11
      8270.00  1.35425e-11
      8280.00  1.36721e-11
      8290.00  1.38774e-11
      8300.00  1.41598e-11
      8310.00  1.45171e-11
      8320.00  1.49416e-11
      8330.00  1.54209e-11
      8340.00  1.59418e-11
      8350.00  1.64964e-11
      8360.00  1.70882e-11
      8370.00  1.77342e-11
      8380.00  1.84631e-11
      8390.00  1.93087e-11
      8400.00  2.03004e-11
      8410.00  2.14551e-11
      8420.00  2.27721e-11
      8430.00  2.42332e-11
      8440.00  2.58056e-11
      8450.00  2.74471e-11
      8460.00  2.91105e-11
      8470.00  3.07478e-11
      8480.00  3.23131e-11
      8490.00  3.37665e-11
      8500.00  3.50783e-11
      8510.00  3.62330e-11
      8520.00  3.72311e-11
      8530.00  3.80875e-11
      8540.00  3.88263e-11
      8550.00  3.94736e-11
      8560.00  4.00500e-11
      8570.00  4.05667e-11
      8580.00  4.10245e-11
      8590.00  4.14178e-11
      8600.00  4.17408e-11
      8610.00  4.19946e-11
      8620.00  4.21922e-11
      8630.00  4.23595e-11
      8640.00  4.25310e-11
      8650.00  4.27415e-11
      8660.00  4.30160e-11
      8670.00  4.33604e-11
      8680.00  4.37565e-11
      8690.00  4.41625e-11
      8700.00  4.45207e-11
      8710.00  4.47719e-11
      8720.00  4.48726e-11
      8730.00  4.48108e-11
      8740.00  4.46153e-11
      8750.00  4.43523e-11
      8760.00  4.41060e-11
      8770.00  4.39487e-11
      8780.00  4.39127e-11
      8790.00  4.39784e-11
      8800.00  4.40849e-11
      8810.00  4.41545e-11
      8820.00  4.41175e-11
      8830.00  4.39285e-11
      8840.00  4.35701e-11
      8850.00  4.30496e-11
      8860.00  4.23893e-11
      8870.00  4.16180e-11
      8880.00  4.07634e-11
      8890.00  3.98497e-11
      8900.00  3.88977e-11
      8910.00  3.79271e-11
      8920.00  3.69574e-11
      8930.00  3.60078e-11
      8940.00  3.50945e-11
      8950.00  3.42297e-11
      8960.00  3.34211e-11
      8970.00  3.26730e-11
      8980.00  3.19885e-11
      8990.00  3.13729e-11
      9000.00  3.08351e-11
      9010.00  3.03886e-11
      9020.00  3.00516e-11
      9030.00  2.98439e-11
      9040.00  2.97844e-11
      9050.00  2.98873e-11
      9060.00  3.01595e-11
      9070.00  3.05993e-11
      9080.00  3.11982e-11
      9090.00  3.19428e-11
      9100.00  3.28175e-11
      9110.00  3.38063e-11
      9120.00  3.48936e-11
      9130.00  3.60641e-11
      9140.00  3.73035e-11
      9150.00  3.85982e-11
      9160.00  3.99369e-11
      9170.00  4.13100e-11
      9180.00  4.27095e-11
      9190.00  4.41257e-11
      9200.00  4.55444e-11
      9210.00  4.69436e-11
      9220.00  4.82939e-11
      9230.00  4.95625e-11
      9240.00  5.07215e-11
      9250.00  5.17566e-11
      9260.00  5.26711e-11
      9270.00  5.34811e-11
      9280.00  5.42044e-11
      9290.00  5.48486e-11
      9300.00  5.54072e-11
      9310.00  5.58658e-11
      9320.00  5.62140e-11
      9330.00  5.64538e-11
      9340.00  5.65997e-11
      9350.00  5.66729e-11
      9360.00  5.66936e-11
      9370.00  5.66761e-11
      9380.00  5.66280e-11
      9390.00  5.65521e-11
      9400.00  5.64479e-11
      9410.00  5.63133e-11
      9420.00  5.61462e-11
      9430.00  5.59445e-11
      9440.00  5.57062e-11
      9450.00  5.54304e-11
      9460.00  5.51163e-11
      9470.00  5.47643e-11
      9480.00  5.43752e-11
      9490.00  5.39508e-11
      9500.00  5.34934e-11
      9510.00  5.30060e-11
      9520.00  5.24922e-11
      9530.00  5.19560e-11
      9540.00  5.14017e-11
      9550.00  5.08337e-11
      9560.00  5.02566e-11
      9570.00  4.96747e-11
      9580.00  4.90925e-11
      9590.00  4.85141e-11
      9600.00  4.79433e-11
      9610.00  4.73836e-11
      9620.00  4.68384e-11
      9630.00  4.63104e-11
      9640.00  4.58024e-11
      9650.00  4.53165e-11
      9660.00  4.48550e-11
      9670.00  4.44195e-11
      9680.00  4.40116e-11
      9690.00  4.36328e-11
      9700.00  4.32843e-11
      9710.00  4.29671e-11
      9720.00  4.26821e-11
      9730.00  4.24299e-11
      9740.00  4.22111e-11
      9750.00  4.20257e-11
      9760.00  4.18736e-11
      9770.00  4.17542e-11
      9780.00  4.16667e-11
      9790.00  4.16096e-11
      9800.00  4.15811e-11
      9810.00  4.15789e-11
      9820.00  4.16002e-11
      9830.00  4.16418e-11
      9840.00  4.17004e-11
      9850.00  4.17724e-11
      9860.00  4.18540e-11
      9870.00  4.19416e-11
      9880.00  4.20320e-11
      9890.00  4.21221e-11
      9900.00  4.22093e-11
      9910.00  4.22917e-11
      9920.00  4.23681e-11
      9930.00  4.24377e-11
      9940.00  4.25005e-11
      9950.00  4.25571e-11
      9960.00  4.26084e-11
      9970.00  4.26556e-11
      9980.00  4.27001e-11
      9990.00  4.27433e-11
      10000.0  4.27861e-11
      10010.0  4.28292e-11
      10020.0  4.28727e-11
      10030.0  4.29158e-11
      10040.0  4.29572e-11
      10050.0  4.29947e-11
      10060.0  4.30256e-11
      10070.0  4.30465e-11
      10080.0  4.30539e-11
      10090.0  4.30438e-11
      10100.0  4.30127e-11
      10110.0  4.29573e-11
      10120.0  4.28750e-11
      10130.0  4.27638e-11
      10140.0  4.26230e-11
      10150.0  4.24526e-11
      10160.0  4.22538e-11
      10170.0  4.20287e-11
      10180.0  4.17803e-11
      10190.0  4.15120e-11
      10200.0  4.12279e-11
      10210.0  4.09319e-11
      10220.0  4.06279e-11
      10230.0  4.03197e-11
      10240.0  4.00103e-11
      10250.0  3.97021e-11
      10260.0  3.93970e-11
      10270.0  3.90960e-11
      10280.0  3.87996e-11
      10290.0  3.85074e-11
      10300.0  3.82188e-11
      10310.0  3.79327e-11
      10320.0  3.76477e-11
      10330.0  3.73623e-11
      10340.0  3.70750e-11
      10350.0  3.67843e-11
      10360.0  3.64886e-11
      10370.0  3.61866e-11
      10380.0  3.58769e-11
      10390.0  3.55583e-11
      10400.0  3.52297e-11
      10410.0  3.48899e-11
      10420.0  3.45378e-11
      10430.0  3.41724e-11
      10440.0  3.37926e-11
      10450.0  3.33975e-11
      10460.0  3.29860e-11
      10470.0  3.25573e-11
      10480.0  3.21107e-11
      10490.0  3.16457e-11
      10500.0  3.11620e-11
      10510.0  3.06595e-11
      10520.0  3.01387e-11
      10530.0  2.96000e-11
      10540.0  2.90446e-11
      10550.0  2.84739e-11
      10560.0  2.78897e-11
      10570.0  2.72943e-11
      10580.0  2.66901e-11
      10590.0  2.60801e-11
      10600.0  2.54676e-11
      10610.0  2.48557e-11
      10620.0  2.42482e-11
      10630.0  2.36485e-11
      10640.0  2.30603e-11
      10650.0  2.24871e-11
      10660.0  2.19320e-11
      10670.0  2.13982e-11
      10680.0  2.08883e-11
      10690.0  2.04047e-11
      10700.0  1.99491e-11
      10710.0  1.95228e-11
      10720.0  1.91268e-11
      10730.0  1.87613e-11
      10740.0  1.84259e-11
      10750.0  1.81200e-11
      10760.0  1.78424e-11
      10770.0  1.75914e-11
      10780.0  1.73649e-11
      10790.0  1.71607e-11
      10800.0  1.69762e-11
      10810.0  1.68087e-11
      10820.0  1.66555e-11
      10830.0  1.65138e-11
      10840.0  1.63810e-11
      10850.0  1.62545e-11
      10860.0  1.61320e-11
      10870.0  1.60113e-11
      10880.0  1.58906e-11
      10890.0  1.57683e-11
      10900.0  1.56431e-11
      10910.0  1.55140e-11
      10920.0  1.53803e-11
      10930.0  1.52415e-11
      10940.0  1.50973e-11
      10950.0  1.49475e-11
      10960.0  1.47923e-11
      10970.0  1.46318e-11
      10980.0  1.44662e-11
      10990.0  1.42956e-11
      11000.0  1.41204e-11
      11010.0  1.39406e-11
      11020.0  1.37564e-11
      11030.0  1.35678e-11
      11040.0  1.33748e-11
      11050.0  1.31773e-11
      11060.0  1.29751e-11
      11070.0  1.27680e-11
      11080.0  1.25556e-11
      11090.0  1.23377e-11
      11100.0  1.21140e-11
      11110.0  1.18843e-11
      11120.0  1.16483e-11
      11130.0  1.14061e-11
      11140.0  1.11576e-11
      11150.0  1.09031e-11
      11160.0  1.06430e-11
      11170.0  1.03779e-11
      11180.0  1.01084e-11
      11190.0  9.83554e-12
      11200.0  9.56038e-12
      11210.0  9.28416e-12
      11220.0  9.00826e-12
      11230.0  8.73417e-12
      11240.0  8.46341e-12
      11250.0  8.19756e-12
      11260.0  7.93818e-12
      11270.0  7.68678e-12
      11280.0  7.44478e-12
      11290.0  7.21349e-12
      11300.0  6.99408e-12
      11310.0  6.78752e-12
      11320.0  6.59464e-12
      11330.0  6.41600e-12
      11340.0  6.25199e-12
      11350.0  6.10278e-12
      11360.0  5.96831e-12
      11370.0  5.84834e-12
      11380.0  5.74241e-12
      11390.0  5.64990e-12
      11400.0  5.57002e-12
      11410.0  5.50184e-12
      11420.0  5.44430e-12
      11430.0  5.39624e-12
      11440.0  5.35642e-12
      11450.0  5.32354e-12
      11460.0  5.29626e-12
      11470.0  5.27321e-12
      11480.0  5.25305e-12
      11490.0  5.23444e-12
      11500.0  5.21610e-12
      11510.0  5.19681e-12
      11520.0  5.17542e-12
      11530.0  5.15091e-12
      11540.0  5.12233e-12
      11550.0  5.08892e-12
      11560.0  5.05001e-12
      11570.0  5.00510e-12
      11580.0  4.95386e-12
      11590.0  4.89609e-12
      11600.0  4.83177e-12
      11610.0  4.76103e-12
      11620.0  4.68414e-12
      11630.0  4.60151e-12
      11640.0  4.51369e-12
      11650.0  4.42130e-12
      11660.0  4.32508e-12
      11670.0  4.22586e-12
      11680.0  4.12448e-12
      11690.0  4.02185e-12
      11700.0  3.91889e-12
      11710.0  3.81650e-12
      11720.0  3.71557e-12
      11730.0  3.61697e-12
      11740.0  3.52148e-12
      11750.0  3.42984e-12
      11760.0  3.34271e-12
      11770.0  3.26065e-12
      11780.0  3.18413e-12
      11790.0  3.11352e-12
      11800.0  3.04908e-12
      11810.0  2.99098e-12
      11820.0  2.93927e-12
      11830.0  2.89391e-12
      11840.0  2.85474e-12
      11850.0  2.82155e-12
      11860.0  2.79401e-12
      11870.0  2.77176e-12
      11880.0  2.75434e-12
      11890.0  2.74127e-12
      11900.0  2.73202e-12
      11910.0  2.72605e-12
      11920.0  2.72282e-12
      11930.0  2.72176e-12
      11940.0  2.72234e-12
      11950.0  2.72408e-12
      11960.0  2.72651e-12
      11970.0  2.72922e-12
      11980.0  2.73186e-12
      11990.0  2.73416e-12
      12000.0  2.73591e-12
      12010.0  2.73697e-12
      12020.0  2.73730e-12
      12030.0  2.73691e-12
      12040.0  2.73592e-12
      12050.0  2.73449e-12
      12060.0  2.73286e-12
      12070.0  2.73135e-12
      12080.0  2.73029e-12
      12090.0  2.73009e-12
      12100.0  2.73117e-12
      12110.0  2.73399e-12
      12120.0  2.73899e-12
      12130.0  2.74664e-12
      12140.0  2.75740e-12
      12150.0  2.77170e-12
      12160.0  2.78994e-12
      12170.0  2.81251e-12
      12180.0  2.83973e-12
      12190.0  2.87192e-12
      12200.0  2.90931e-12
      12210.0  2.95212e-12
      12220.0  3.00051e-12
      12230.0  3.05457e-12
      12240.0  3.11439e-12
      12250.0  3.17999e-12
      12260.0  3.25134e-12
      12270.0  3.32840e-12
      12280.0  3.41108e-12
      12290.0  3.49926e-12
      12300.0  3.59278e-12
      12310.0  3.69148e-12
      12320.0  3.79514e-12
      12330.0  3.90354e-12
      12340.0  4.01641e-12
      12350.0  4.13347e-12
      12360.0  4.25440e-12
      12370.0  4.37884e-12
      12380.0  4.50642e-12
      12390.0  4.63672e-12
      12400.0  4.76925e-12
      12410.0  4.90354e-12
      12420.0  5.03902e-12
      12430.0  5.17510e-12
      12440.0  5.31116e-12
      12450.0  5.44652e-12
      12460.0  5.58048e-12
      12470.0  5.71232e-12
      12480.0  5.84128e-12
      12490.0  5.96660e-12
      12500.0  6.08753e-12
      12510.0  6.20334e-12
      12520.0  6.31331e-12
      12530.0  6.41678e-12
      12540.0  6.51313e-12
      12550.0  6.60182e-12
      12560.0  6.68238e-12
      12570.0  6.75444e-12
      12580.0  6.81773e-12
      12590.0  6.87205e-12
      12600.0  6.91734e-12
      12610.0  6.95362e-12
      12620.0  6.98103e-12
      12630.0  6.99979e-12
      12640.0  7.01021e-12
      12650.0  7.01268e-12
      12660.0  7.00763e-12
      12670.0  6.99557e-12
      12680.0  6.97702e-12
      12690.0  6.95253e-12
      12700.0  6.92266e-12
      12710.0  6.88795e-12
      12720.0  6.84892e-12
      12730.0  6.80606e-12
      12740.0  6.75982e-12
      12750.0  6.71061e-12
      12760.0  6.65877e-12
      12770.0  6.60460e-12
      12780.0  6.54833e-12
      12790.0  6.49015e-12
      12800.0  6.43018e-12
      12810.0  6.36852e-12
      12820.0  6.30519e-12
      12830.0  6.24022e-12
      12840.0  6.17357e-12
      12850.0  6.10519e-12
      12860.0  6.03505e-12
      12870.0  5.96307e-12
      12880.0  5.88919e-12
      12890.0  5.81335e-12
      12900.0  5.73553e-12
      12910.0  5.65570e-12
      12920.0  5.57388e-12
      12930.0  5.49009e-12
      12940.0  5.40440e-12
      12950.0  5.31693e-12
      12960.0  5.22780e-12
      12970.0  5.13720e-12
      12980.0  5.04534e-12
      12990.0  4.95246e-12
      13000.0  4.85885e-12
      13010.0  4.76482e-12
      13020.0  4.67070e-12
      13030.0  4.57684e-12
      13040.0  4.48362e-12
      13050.0  4.39143e-12
      13060.0  4.30066e-12
      13070.0  4.21168e-12
      13080.0  4.12489e-12
      13090.0  4.04066e-12
      13100.0  3.95934e-12
      13110.0  3.88127e-12
      13120.0  3.80677e-12
      13130.0  3.73611e-12
      13140.0  3.66958e-12
      13150.0  3.60739e-12
      13160.0  3.54977e-12
      13170.0  3.49689e-12
      13180.0  3.44891e-12
      13190.0  3.40599e-12
      13200.0  3.36824e-12
      13210.0  3.33579e-12
      13220.0  3.30874e-12
      13230.0  3.28719e-12
      13240.0  3.27127e-12
      13250.0  3.26106e-12
      13260.0  3.25670e-12
      13270.0  3.25830e-12
      13280.0  3.26600e-12
      13290.0  3.27993e-12
      13300.0  3.30024e-12
      13310.0  3.32706e-12
      13320.0  3.36054e-12
      13330.0  3.40078e-12
      13340.0  3.44788e-12
      13350.0  3.50192e-12
      13360.0  3.56289e-12
      13370.0  3.63076e-12
      13380.0  3.70541e-12
      13390.0  3.78665e-12
      13400.0  3.87420e-12
      13410.0  3.96767e-12
      13420.0  4.06655e-12
      13430.0  4.17025e-12
      13440.0  4.27802e-12
      13450.0  4.38905e-12
      13460.0  4.50238e-12
      13470.0  4.61698e-12
      13480.0  4.73174e-12
      13490.0  4.84549e-12
      13500.0  4.95701e-12
      13510.0  5.06508e-12
      13520.0  5.16851e-12
      13530.0  5.26613e-12
      13540.0  5.35685e-12
      13550.0  5.43969e-12
      13560.0  5.51381e-12
      13570.0  5.57850e-12
      13580.0  5.63323e-12
      13590.0  5.67766e-12
      13600.0  5.71165e-12
      13610.0  5.73523e-12
      13620.0  5.74866e-12
      13630.0  5.75237e-12
      13640.0  5.74696e-12
      13650.0  5.73320e-12
      13660.0  5.71196e-12
      13670.0  5.68425e-12
      13680.0  5.65114e-12
      13690.0  5.61376e-12
      13700.0  5.57325e-12
      13710.0  5.53074e-12
      13720.0  5.48733e-12
      13730.0  5.44406e-12
      13740.0  5.40190e-12
      13750.0  5.36171e-12
      13760.0  5.32421e-12
      13770.0  5.29004e-12
      13780.0  5.25966e-12
      13790.0  5.23340e-12
      13800.0  5.21147e-12
      13810.0  5.19388e-12
      13820.0  5.18055e-12
      13830.0  5.17124e-12
      13840.0  5.16557e-12
      13850.0  5.16306e-12
      13860.0  5.16311e-12
      13870.0  5.16503e-12
      13880.0  5.16806e-12
      13890.0  5.17138e-12
      13900.0  5.17412e-12
      13910.0  5.17540e-12
      13920.0  5.17434e-12
      13930.0  5.17008e-12
      13940.0  5.16179e-12
      13950.0  5.14872e-12
      13960.0  5.13018e-12
      13970.0  5.10559e-12
      13980.0  5.07446e-12
      13990.0  5.03645e-12
      14000.0  4.99131e-12
      14010.0  4.93895e-12
      14020.0  4.87940e-12
      14030.0  4.81283e-12
      14040.0  4.73953e-12
      14050.0  4.65993e-12
      14060.0  4.57454e-12
      14070.0  4.48401e-12
      14080.0  4.38903e-12
      14090.0  4.29040e-12
      14100.0  4.18896e-12
      14110.0  4.08559e-12
      14120.0  3.98118e-12
      14130.0  3.87666e-12
      14140.0  3.77295e-12
      14150.0  3.67092e-12
      14160.0  3.57146e-12
      14170.0  3.47539e-12
      14180.0  3.38349e-12
      14190.0  3.29650e-12
      14200.0  3.21508e-12
      14210.0  3.13984e-12
      14220.0  3.07131e-12
      14230.0  3.00995e-12
      14240.0  2.95615e-12
      14250.0  2.91021e-12
      14260.0  2.87237e-12
      14270.0  2.84277e-12
      14280.0  2.82148e-12
      14290.0  2.80848e-12
      14300.0  2.80367e-12
      14310.0  2.80687e-12
      14320.0  2.81782e-12
      14330.0  2.83618e-12
      14340.0  2.86153e-12
      14350.0  2.89338e-12
      14360.0  2.93119e-12
      14370.0  2.97434e-12
      14380.0  3.02218e-12
      14390.0  3.07399e-12
      14400.0  3.12905e-12
      14410.0  3.18659e-12
      14420.0  3.24586e-12
      14430.0  3.30607e-12
      14440.0  3.36650e-12
      14450.0  3.42640e-12
      14460.0  3.48510e-12
      14470.0  3.54196e-12
      14480.0  3.59641e-12
      14490.0  3.64794e-12
      14500.0  3.69610e-12
      14510.0  3.74055e-12
      14520.0  3.78102e-12
      14530.0  3.81730e-12
      14540.0  3.84929e-12
      14550.0  3.87697e-12
      14560.0  3.90037e-12
      14570.0  3.91962e-12
      14580.0  3.93487e-12
      14590.0  3.94636e-12
      14600.0  3.95434e-12
      14610.0  3.95912e-12
      14620.0  3.96101e-12
      14630.0  3.96033e-12
      14640.0  3.95743e-12
      14650.0  3.95261e-12
      14660.0  3.94621e-12
      14670.0  3.93851e-12
      14680.0  3.92979e-12
      14690.0  3.92031e-12
      14700.0  3.91030e-12
      14710.0  3.89997e-12
      14720.0  3.88952e-12
      14730.0  3.87912e-12
      14740.0  3.86894e-12
      14750.0  3.85915e-12
      14760.0  3.84991e-12
      14770.0  3.84139e-12
      14780.0  3.83376e-12
      14790.0  3.82723e-12
      14800.0  3.82200e-12
      14810.0  3.81831e-12
      14820.0  3.81642e-12
      14830.0  3.81662e-12
      14840.0  3.81920e-12
      14850.0  3.82449e-12
      14860.0  3.83285e-12
      14870.0  3.84463e-12
      14880.0  3.86021e-12
      14890.0  3.87995e-12
      14900.0  3.90424e-12
      14910.0  3.93343e-12
      14920.0  3.96788e-12
      14930.0  4.00790e-12
      14940.0  4.05379e-12
      14950.0  4.10581e-12
      14960.0  4.16415e-12
      14970.0  4.22898e-12
      14980.0  4.30040e-12
      14990.0  4.37844e-12
      15000.0  4.46309e-12
      15010.0  4.55424e-12
      15020.0  4.65175e-12
      15030.0  4.75539e-12
      15040.0  4.86487e-12
      15050.0  4.97987e-12
      15060.0  5.09997e-12
      15070.0  5.22474e-12
      15080.0  5.35370e-12
      15090.0  5.48633e-12
      15100.0  5.62212e-12
      15110.0  5.76051e-12
      15120.0  5.90096e-12
      15130.0  6.04293e-12
      15140.0  6.18590e-12
      15150.0  6.32937e-12
      15160.0  6.47288e-12
      15170.0  6.61596e-12
      15180.0  6.75824e-12
      15190.0  6.89933e-12
      15200.0  7.03892e-12
      15210.0  7.17671e-12
      15220.0  7.31245e-12
      15230.0  7.44591e-12
      15240.0  7.57688e-12
      15250.0  7.70519e-12
      15260.0  7.83068e-12
      15270.0  7.95318e-12
      15280.0  8.07255e-12
      15290.0  8.18864e-12
      15300.0  8.30129e-12
      15310.0  8.41036e-12
      15320.0  8.51567e-12
      15330.0  8.61705e-12
      15340.0  8.71432e-12
      15350.0  8.80729e-12
      15360.0  8.89577e-12
      15370.0  8.97956e-12
      15380.0  9.05846e-12
      15390.0  9.13228e-12
      15400.0  9.20083e-12
      15410.0  9.26391e-12
      15420.0  9.32137e-12
      15430.0  9.37303e-12
      15440.0  9.41876e-12
      15450.0  9.45842e-12
      15460.0  9.49191e-12
      15470.0  9.51911e-12
      15480.0  9.53997e-12
      15490.0  9.55442e-12
      15500.0  9.56241e-12
      15510.0  9.56393e-12
      15520.0  9.55898e-12
      15530.0  9.54756e-12
      15540.0  9.52972e-12
      15550.0  9.50552e-12
      15560.0  9.47504e-12
      15570.0  9.43839e-12
      15580.0  9.39569e-12
      15590.0  9.34710e-12
      15600.0  9.29282e-12
      15610.0  9.23307e-12
      15620.0  9.16809e-12
      15630.0  9.09816e-12
      15640.0  9.02362e-12
      15650.0  8.94479e-12
      15660.0  8.86207e-12
      15670.0  8.77587e-12
      15680.0  8.68661e-12
      15690.0  8.59476e-12
      15700.0  8.50080e-12
      15710.0  8.40522e-12
      15720.0  8.30852e-12
      15730.0  8.21121e-12
      15740.0  8.11380e-12
      15750.0  8.01679e-12
      15760.0  7.92065e-12
      15770.0  7.82586e-12
      15780.0  7.73286e-12
      15790.0  7.64205e-12
      15800.0  7.55383e-12
      15810.0  7.46854e-12
      15820.0  7.38648e-12
      15830.0  7.30791e-12
      15840.0  7.23307e-12
      15850.0  7.16214e-12
      15860.0  7.09524e-12
      15870.0  7.03249e-12
      15880.0  6.97394e-12
      15890.0  6.91961e-12
      15900.0  6.86950e-12
      15910.0  6.82355e-12
      15920.0  6.78170e-12
      15930.0  6.74385e-12
      15940.0  6.70989e-12
      15950.0  6.67967e-12
      15960.0  6.65307e-12
      15970.0  6.62991e-12
      15980.0  6.61003e-12
      15990.0  6.59327e-12
      16000.0  6.57945e-12
      16010.0  6.56841e-12
      16020.0  6.55997e-12
      16030.0  6.55398e-12
      16040.0  6.55029e-12
      16050.0  6.54874e-12
      16060.0  6.54920e-12
      16070.0  6.55152e-12
      16080.0  6.55560e-12
      16090.0  6.56130e-12
      16100.0  6.56852e-12
      16110.0  6.57716e-12
      16120.0  6.58712e-12
      16130.0  6.59830e-12
      16140.0  6.61061e-12
      16150.0  6.62395e-12
      16160.0  6.63824e-12
      16170.0  6.65336e-12
      16180.0  6.66921e-12
      16190.0  6.68566e-12
      16200.0  6.70259e-12
      16210.0  6.71984e-12
      16220.0  6.73723e-12
      16230.0  6.75458e-12
      16240.0  6.77167e-12
      16250.0  6.78824e-12
      16260.0  6.80404e-12
      16270.0  6.81879e-12
      16280.0  6.83216e-12
      16290.0  6.84386e-12
      16300.0  6.85355e-12
      16310.0  6.86093e-12
      16320.0  6.86570e-12
      16330.0  6.86761e-12
      16340.0  6.86643e-12
      16350.0  6.86202e-12
      16360.0  6.85429e-12
      16370.0  6.84325e-12
      16380.0  6.82902e-12
      16390.0  6.81180e-12
      16400.0  6.79191e-12
      16410.0  6.76979e-12
      16420.0  6.74597e-12
      16430.0  6.72107e-12
      16440.0  6.69580e-12
      16450.0  6.67094e-12
      16460.0  6.64728e-12
      16470.0  6.62567e-12
      16480.0  6.60693e-12
      16490.0  6.59188e-12
      16500.0  6.58126e-12
      16510.0  6.57578e-12
      16520.0  6.57604e-12
      16530.0  6.58256e-12
      16540.0  6.59574e-12
      16550.0  6.61588e-12
      16560.0  6.64315e-12
      16570.0  6.67762e-12
      16580.0  6.71923e-12
      16590.0  6.76780e-12
      16600.0  6.82309e-12
      16610.0  6.88471e-12
      16620.0  6.95223e-12
      16630.0  7.02510e-12
      16640.0  7.10273e-12
      16650.0  7.18446e-12
      16660.0  7.26959e-12
      16670.0  7.35735e-12
      16680.0  7.44698e-12
      16690.0  7.53768e-12
      16700.0  7.62864e-12
      16710.0  7.71905e-12
      16720.0  7.80811e-12
      16730.0  7.89505e-12
      16740.0  7.97912e-12
      16750.0  8.05959e-12
      16760.0  8.13581e-12
      16770.0  8.20717e-12
      16780.0  8.27310e-12
      16790.0  8.33312e-12
      16800.0  8.38681e-12
      16810.0  8.43383e-12
      16820.0  8.47389e-12
      16830.0  8.50683e-12
      16840.0  8.53250e-12
      16850.0  8.55089e-12
      16860.0  8.56202e-12
      16870.0  8.56600e-12
      16880.0  8.56300e-12
      16890.0  8.55327e-12
      16900.0  8.53711e-12
      16910.0  8.51485e-12
      16920.0  8.48692e-12
      16930.0  8.45373e-12
      16940.0  8.41579e-12
      16950.0  8.37358e-12
      16960.0  8.32765e-12
      16970.0  8.27854e-12
      16980.0  8.22680e-12
      16990.0  8.17301e-12
      17000.0  8.11772e-12
      17010.0  8.06148e-12
      17020.0  8.00483e-12
      17030.0  7.94828e-12
      17040.0  7.89234e-12
      17050.0  7.83745e-12
      17060.0  7.78407e-12
      17070.0  7.73257e-12
      17080.0  7.68330e-12
      17090.0  7.63659e-12
      17100.0  7.59269e-12
      17110.0  7.55181e-12
      17120.0  7.51413e-12
      17130.0  7.47976e-12
      17140.0  7.44877e-12
      17150.0  7.42121e-12
      17160.0  7.39703e-12
      17170.0  7.37620e-12
      17180.0  7.35860e-12
      17190.0  7.34410e-12
      17200.0  7.33253e-12
      17210.0  7.32370e-12
      17220.0  7.31739e-12
      17230.0  7.31336e-12
      17240.0  7.31136e-12
      17250.0  7.31113e-12
      17260.0  7.31241e-12
      17270.0  7.31492e-12
      17280.0  7.31842e-12
      17290.0  7.32266e-12
      17300.0  7.32739e-12
      17310.0  7.33241e-12
      17320.0  7.33752e-12
      17330.0  7.34254e-12
      17340.0  7.34735e-12
      17350.0  7.35181e-12
      17360.0  7.35584e-12
      17370.0  7.35939e-12
      17380.0  7.36242e-12
      17390.0  7.36494e-12
      17400.0  7.36696e-12
      17410.0  7.36854e-12
      17420.0  7.36974e-12
      17430.0  7.37065e-12
      17440.0  7.37137e-12
      17450.0  7.37200e-12
      17460.0  7.37266e-12
      17470.0  7.37346e-12
      17480.0  7.37450e-12
      17490.0  7.37588e-12
      17500.0  7.37769e-12
      17510.0  7.37997e-12
      17520.0  7.38279e-12
      17530.0  7.38615e-12
      17540.0  7.39005e-12
      17550.0  7.39444e-12
      17560.0  7.39927e-12
      17570.0  7.40443e-12
      17580.0  7.40980e-12
      17590.0  7.41523e-12
      17600.0  7.42054e-12
      17610.0  7.42554e-12
      17620.0  7.43000e-12
      17630.0  7.43370e-12
      17640.0  7.43641e-12
      17650.0  7.43788e-12
      17660.0  7.43787e-12
      17670.0  7.43615e-12
      17680.0  7.43248e-12
      17690.0  7.42667e-12
      17700.0  7.41852e-12
      17710.0  7.40786e-12
      17720.0  7.39457e-12
      17730.0  7.37853e-12
      17740.0  7.35966e-12
      17750.0  7.33792e-12
      17760.0  7.31329e-12
      17770.0  7.28582e-12
      17780.0  7.25555e-12
      17790.0  7.22256e-12
      17800.0  7.18700e-12
      17810.0  7.14899e-12
      17820.0  7.10872e-12
      17830.0  7.06640e-12
      17840.0  7.02223e-12
      17850.0  6.97645e-12
      17860.0  6.92932e-12
      17870.0  6.88111e-12
      17880.0  6.83207e-12
      17890.0  6.78250e-12
      17900.0  6.73268e-12
      17910.0  6.68287e-12
      17920.0  6.63338e-12
      17930.0  6.58446e-12
      17940.0  6.53640e-12
      17950.0  6.48946e-12
      17960.0  6.44389e-12
      17970.0  6.39994e-12
      17980.0  6.35783e-12
      17990.0  6.31777e-12
      18000.0  6.27998e-12
      18010.0  6.24461e-12
      18020.0  6.21182e-12
      18030.0  6.18174e-12
      18040.0  6.15447e-12
      18050.0  6.13007e-12
      18060.0  6.10858e-12
      18070.0  6.09000e-12
      18080.0  6.07427e-12
      18090.0  6.06133e-12
      18100.0  6.05102e-12
      18110.0  6.04319e-12
      18120.0  6.03761e-12
      18130.0  6.03400e-12
      18140.0  6.03205e-12
      18150.0  6.03140e-12
      18160.0  6.03163e-12
      18170.0  6.03231e-12
      18180.0  6.03295e-12
      18190.0  6.03303e-12
      18200.0  6.03202e-12
      18210.0  6.02934e-12
      18220.0  6.02444e-12
      18230.0  6.01672e-12
      18240.0  6.00563e-12
      18250.0  5.99059e-12
      18260.0  5.97107e-12
      18270.0  5.94656e-12
      18280.0  5.91659e-12
      18290.0  5.88074e-12
      18300.0  5.83864e-12
      18310.0  5.78998e-12
      18320.0  5.73454e-12
      18330.0  5.67216e-12
      18340.0  5.60275e-12
      18350.0  5.52632e-12
      18360.0  5.44297e-12
      18370.0  5.35288e-12
      18380.0  5.25631e-12
      18390.0  5.15364e-12
      18400.0  5.04530e-12
      18410.0  4.93181e-12
      18420.0  4.81378e-12
      18430.0  4.69188e-12
      18440.0  4.56684e-12
      18450.0  4.43945e-12
      18460.0  4.31053e-12
      18470.0  4.18096e-12
      18480.0  4.05162e-12
      18490.0  3.92341e-12
      18500.0  3.79721e-12
      18510.0  3.67392e-12
      18520.0  3.55437e-12
      18530.0  3.43938e-12
      18540.0  3.32970e-12
      18550.0  3.22604e-12
      18560.0  3.12901e-12
      18570.0  3.03914e-12
      18580.0  2.95689e-12
      18590.0  2.88260e-12
      18600.0  2.81652e-12
      18610.0  2.75877e-12
      18620.0  2.70940e-12
      18630.0  2.66833e-12
      18640.0  2.63538e-12
      18650.0  2.61026e-12
      18660.0  2.59260e-12
      18670.0  2.58195e-12
      18680.0  2.57775e-12
      18690.0  2.57942e-12
      18700.0  2.58628e-12
      18710.0  2.59764e-12
      18720.0  2.61276e-12
      18730.0  2.63091e-12
      18740.0  2.65132e-12
      18750.0  2.67327e-12
      18760.0  2.69604e-12
      18770.0  2.71894e-12
      18780.0  2.74134e-12
      18790.0  2.76266e-12
      18800.0  2.78238e-12
      18810.0  2.80005e-12
      18820.0  2.81529e-12
      18830.0  2.82781e-12
      18840.0  2.83738e-12
      18850.0  2.84385e-12
      18860.0  2.84715e-12
      18870.0  2.84728e-12
      18880.0  2.84431e-12
      18890.0  2.83838e-12
      18900.0  2.82965e-12
      18910.0  2.81836e-12
      18920.0  2.80478e-12
      18930.0  2.78921e-12
      18940.0  2.77195e-12
      18950.0  2.75335e-12
      18960.0  2.73373e-12
      18970.0  2.71344e-12
      18980.0  2.69280e-12
      18990.0  2.67211e-12
      19000.0  2.65167e-12
      19010.0  2.63174e-12
      19020.0  2.61256e-12
      19030.0  2.59434e-12
      19040.0  2.57725e-12
      19050.0  2.56143e-12
      19060.0  2.54701e-12
      19070.0  2.53406e-12
      19080.0  2.52264e-12
      19090.0  2.51279e-12
      19100.0  2.50451e-12
      19110.0  2.49779e-12
      19120.0  2.49261e-12
      19130.0  2.48893e-12
      19140.0  2.48672e-12
      19150.0  2.48591e-12
      19160.0  2.48646e-12
      19170.0  2.48833e-12
      19180.0  2.49146e-12
      19190.0  2.49584e-12
      19200.0  2.50144e-12
      19210.0  2.50824e-12
      19220.0  2.51625e-12
      19230.0  2.52549e-12
      19240.0  2.53599e-12
      19250.0  2.54781e-12
      19260.0  2.56102e-12
      19270.0  2.57568e-12
      19280.0  2.59190e-12
      19290.0  2.60979e-12
      19300.0  2.62947e-12
      19310.0  2.65106e-12
      19320.0  2.67469e-12
      19330.0  2.70051e-12
      19340.0  2.72864e-12
      19350.0  2.75922e-12
      19360.0  2.79237e-12
      19370.0  2.82821e-12
      19380.0  2.86682e-12
      19390.0  2.90830e-12
      19400.0  2.95269e-12
      19410.0  3.00004e-12
      19420.0  3.05034e-12
      19430.0  3.10358e-12
      19440.0  3.15968e-12
      19450.0  3.21857e-12
      19460.0  3.28010e-12
      19470.0  3.34413e-12
      19480.0  3.41044e-12
      19490.0  3.47881e-12
      19500.0  3.54897e-12
      19510.0  3.62061e-12
      19520.0  3.69341e-12
      19530.0  3.76700e-12
      19540.0  3.84101e-12
      19550.0  3.91503e-12
      19560.0  3.98865e-12
      19570.0  4.06143e-12
      19580.0  4.13294e-12
      19590.0  4.20274e-12
      19600.0  4.27039e-12
      19610.0  4.33546e-12
      19620.0  4.39753e-12
      19630.0  4.45620e-12
      19640.0  4.51108e-12
      19650.0  4.56183e-12
      19660.0  4.60810e-12
      19670.0  4.64962e-12
      19680.0  4.68611e-12
      19690.0  4.71735e-12
      19700.0  4.74318e-12
      19710.0  4.76345e-12
      19720.0  4.77806e-12
      19730.0  4.78699e-12
      19740.0  4.79021e-12
      19750.0  4.78777e-12
      19760.0  4.77976e-12
      19770.0  4.76631e-12
      19780.0  4.74758e-12
      19790.0  4.72377e-12
      19800.0  4.69512e-12
      19810.0  4.66189e-12
      19820.0  4.62438e-12
      19830.0  4.58287e-12
      19840.0  4.53771e-12
      19850.0  4.48923e-12
      19860.0  4.43776e-12
      19870.0  4.38365e-12
      19880.0  4.32724e-12
      19890.0  4.26885e-12
      19900.0  4.20880e-12
      19910.0  4.14741e-12
      19920.0  4.08495e-12
      19930.0  4.02168e-12
      19940.0  3.95786e-12
      19950.0  3.89370e-12
      19960.0  3.82940e-12
      19970.0  3.76512e-12
      19980.0  3.70103e-12
      19990.0  3.63723e-12
      20000.0  3.57384e-12
      20010.0  3.51094e-12
      20020.0  3.44861e-12
      20030.0  3.38688e-12
      20040.0  3.32582e-12
      20050.0  3.26544e-12
      20060.0  3.20578e-12
      20070.0  3.14686e-12
      20080.0  3.08870e-12
      20090.0  3.03131e-12
      20100.0  2.97473e-12
      20110.0  2.91898e-12
      20120.0  2.86409e-12
      20130.0  2.81011e-12
      20140.0  2.75708e-12
      20150.0  2.70505e-12
      20160.0  2.65408e-12
      20170.0  2.60426e-12
      20180.0  2.55565e-12
      20190.0  2.50833e-12
      20200.0  2.46239e-12
      20210.0  2.41793e-12
      20220.0  2.37504e-12
      20230.0  2.33382e-12
      20240.0  2.29435e-12
      20250.0  2.25673e-12
      20260.0  2.22106e-12
      20270.0  2.18742e-12
      20280.0  2.15588e-12
      20290.0  2.12653e-12
      20300.0  2.09942e-12
      20310.0  2.07462e-12
      20320.0  2.05215e-12
      20330.0  2.03207e-12
      20340.0  2.01439e-12
      20350.0  1.99912e-12
      20360.0  1.98626e-12
      20370.0  1.97579e-12
      20380.0  1.96769e-12
      20390.0  1.96191e-12
      20400.0  1.95841e-12
      20410.0  1.95712e-12
      20420.0  1.95797e-12
      20430.0  1.96087e-12
      20440.0  1.96574e-12
      20450.0  1.97246e-12
      20460.0  1.98093e-12
      20470.0  1.99103e-12
      20480.0  2.00264e-12
      20490.0  2.01563e-12
      20500.0  2.02987e-12
      20510.0  2.04523e-12
      20520.0  2.06157e-12
      20530.0  2.07877e-12
      20540.0  2.09668e-12
      20550.0  2.11517e-12
      20560.0  2.13413e-12
      20570.0  2.15341e-12
      20580.0  2.17292e-12
      20590.0  2.19253e-12
      20600.0  2.21214e-12
      20610.0  2.23165e-12
      20620.0  2.25099e-12
      20630.0  2.27005e-12
      20640.0  2.28879e-12
      20650.0  2.30715e-12
      20660.0  2.32506e-12
      20670.0  2.34251e-12
      20680.0  2.35946e-12
      20690.0  2.37590e-12
      20700.0  2.39183e-12
      20710.0  2.40725e-12
      20720.0  2.42218e-12
      20730.0  2.43665e-12
      20740.0  2.45068e-12
      20750.0  2.46433e-12
      20760.0  2.47763e-12
      20770.0  2.49063e-12
      20780.0  2.50340e-12
      20790.0  2.51599e-12
      20800.0  2.52845e-12
      20810.0  2.54084e-12
      20820.0  2.55322e-12
      20830.0  2.56563e-12
      20840.0  2.57812e-12
      20850.0  2.59074e-12
      20860.0  2.60350e-12
      20870.0  2.61643e-12
      20880.0  2.62955e-12
      20890.0  2.64286e-12
      20900.0  2.65635e-12
      20910.0  2.67000e-12
      20920.0  2.68379e-12
      20930.0  2.69767e-12
      20940.0  2.71160e-12
      20950.0  2.72552e-12
      20960.0  2.73936e-12
      20970.0  2.75304e-12
      20980.0  2.76649e-12
      20990.0  2.77962e-12
      21000.0  2.79233e-12
      21010.0  2.80454e-12
      21020.0  2.81616e-12
      21030.0  2.82708e-12
      21040.0  2.83721e-12
      21050.0  2.84647e-12
      21060.0  2.85478e-12
      21070.0  2.86205e-12
      21080.0  2.86821e-12
      21090.0  2.87319e-12
      21100.0  2.87695e-12
      21110.0  2.87944e-12
      21120.0  2.88060e-12
      21130.0  2.88043e-12
      21140.0  2.87890e-12
      21150.0  2.87599e-12
      21160.0  2.87171e-12
      21170.0  2.86608e-12
      21180.0  2.85909e-12
      21190.0  2.85079e-12
      21200.0  2.84119e-12
      21210.0  2.83034e-12
      21220.0  2.81828e-12
      21230.0  2.80505e-12
      21240.0  2.79071e-12
      21250.0  2.77530e-12
      21260.0  2.75889e-12
      21270.0  2.74151e-12
      21280.0  2.72322e-12
      21290.0  2.70408e-12
      21300.0  2.68413e-12
      21310.0  2.66342e-12
      21320.0  2.64199e-12
      21330.0  2.61989e-12
      21340.0  2.59715e-12
      21350.0  2.57380e-12
      21360.0  2.54988e-12
      21370.0  2.52540e-12
      21380.0  2.50039e-12
      21390.0  2.47488e-12
      21400.0  2.44887e-12
      21410.0  2.42239e-12
      21420.0  2.39544e-12
      21430.0  2.36804e-12
      21440.0  2.34019e-12
      21450.0  2.31192e-12
      21460.0  2.28323e-12
      21470.0  2.25415e-12
      21480.0  2.22468e-12
      21490.0  2.19485e-12
      21500.0  2.16470e-12
      21510.0  2.13425e-12
      21520.0  2.10353e-12
      21530.0  2.07261e-12
      21540.0  2.04152e-12
      21550.0  2.01034e-12
      21560.0  1.97913e-12
      21570.0  1.94798e-12
      21580.0  1.91696e-12
      21590.0  1.88618e-12
      21600.0  1.85574e-12
      21610.0  1.82575e-12
      21620.0  1.79635e-12
      21630.0  1.76766e-12
      21640.0  1.73981e-12
      21650.0  1.71295e-12
      21660.0  1.68723e-12
      21670.0  1.66279e-12
      21680.0  1.63979e-12
      21690.0  1.61838e-12
      21700.0  1.59871e-12
      21710.0  1.58093e-12
      21720.0  1.56518e-12
      21730.0  1.55160e-12
      21740.0  1.54031e-12
      21750.0  1.53144e-12
      21760.0  1.52507e-12
      21770.0  1.52131e-12
      21780.0  1.52024e-12
      21790.0  1.52189e-12
      21800.0  1.52633e-12
      21810.0  1.53357e-12
      21820.0  1.54361e-12
      21830.0  1.55644e-12
      21840.0  1.57202e-12
      21850.0  1.59029e-12
      21860.0  1.61117e-12
      21870.0  1.63457e-12
      21880.0  1.66037e-12
      21890.0  1.68844e-12
      21900.0  1.71863e-12
      21910.0  1.75079e-12
      21920.0  1.78473e-12
      21930.0  1.82027e-12
      21940.0  1.85720e-12
      21950.0  1.89534e-12
      21960.0  1.93446e-12
      21970.0  1.97436e-12
      21980.0  2.01482e-12
      21990.0  2.05563e-12
      22000.0  2.09658e-12
      22010.0  2.13745e-12
      22020.0  2.17805e-12
      22030.0  2.21819e-12
      22040.0  2.25767e-12
      22050.0  2.29632e-12
      22060.0  2.33399e-12
      22070.0  2.37051e-12
      22080.0  2.40575e-12
      22090.0  2.43958e-12
      22100.0  2.47190e-12
      22110.0  2.50260e-12
      22120.0  2.53160e-12
      22130.0  2.55884e-12
      22140.0  2.58425e-12
      22150.0  2.60781e-12
      22160.0  2.62948e-12
      22170.0  2.64924e-12
      22180.0  2.66709e-12
      22190.0  2.68305e-12
      22200.0  2.69712e-12
      22210.0  2.70933e-12
      22220.0  2.71972e-12
      22230.0  2.72833e-12
      22240.0  2.73520e-12
      22250.0  2.74038e-12
      22260.0  2.74393e-12
      22270.0  2.74590e-12
      22280.0  2.74635e-12
      22290.0  2.74533e-12
      22300.0  2.74289e-12
      22310.0  2.73908e-12
      22320.0  2.73396e-12
      22330.0  2.72757e-12
      22340.0  2.71994e-12
      22350.0  2.71111e-12
      22360.0  2.70110e-12
      22370.0  2.68994e-12
      22380.0  2.67764e-12
      22390.0  2.66420e-12
      22400.0  2.64965e-12
      22410.0  2.63396e-12
      22420.0  2.61713e-12
      22430.0  2.59916e-12
      22440.0  2.58003e-12
      22450.0  2.55971e-12
      22460.0  2.53820e-12
      22470.0  2.51548e-12
      22480.0  2.49151e-12
      22490.0  2.46630e-12
      22500.0  2.43981e-12
      22510.0  2.41206e-12
      22520.0  2.38302e-12
      22530.0  2.35271e-12
      22540.0  2.32112e-12
      22550.0  2.28829e-12
      22560.0  2.25423e-12
      22570.0  2.21898e-12
      22580.0  2.18258e-12
      22590.0  2.14509e-12
      22600.0  2.10657e-12
      22610.0  2.06709e-12
      22620.0  2.02673e-12
      22630.0  1.98559e-12
      22640.0  1.94376e-12
      22650.0  1.90134e-12
      22660.0  1.85845e-12
      22670.0  1.81519e-12
      22680.0  1.77169e-12
      22690.0  1.72806e-12
      22700.0  1.68443e-12
      22710.0  1.64091e-12
      22720.0  1.59761e-12
      22730.0  1.55466e-12
      22740.0  1.51215e-12
      22750.0  1.47019e-12
      22760.0  1.42889e-12
      22770.0  1.38831e-12
      22780.0  1.34856e-12
      22790.0  1.30969e-12
      22800.0  1.27178e-12
      22810.0  1.23488e-12
      22820.0  1.19903e-12
      22830.0  1.16427e-12
      22840.0  1.13064e-12
      22850.0  1.09815e-12
      22860.0  1.06682e-12
      22870.0  1.03667e-12
      22880.0  1.00770e-12
      22890.0  9.79902e-13
      22900.0  9.53288e-13
      22910.0  9.27850e-13
      22920.0  9.03584e-13
      22930.0  8.80488e-13
      22940.0  8.58557e-13
      22950.0  8.37791e-13
      22960.0  8.18191e-13
      22970.0  7.99763e-13
      22980.0  7.82515e-13
      22990.0  7.66459e-13
      23000.0  7.51613e-13
      23010.0  7.37999e-13
      23020.0  7.25643e-13
      23030.0  7.14576e-13
      23040.0  7.04834e-13
      23050.0  6.96455e-13
      23060.0  6.89483e-13
      23070.0  6.83963e-13
      23080.0  6.79944e-13
      23090.0  6.77473e-13
      23100.0  6.76601e-13
      23110.0  6.77377e-13
      23120.0  6.79849e-13
      23130.0  6.84060e-13
      23140.0  6.90052e-13
      23150.0  6.97861e-13
      23160.0  7.07516e-13
      23170.0  7.19039e-13
      23180.0  7.32443e-13
      23190.0  7.47731e-13
      23200.0  7.64896e-13
      23210.0  7.83918e-13
      23220.0  8.04764e-13
      23230.0  8.27388e-13
      23240.0  8.51729e-13
      23250.0  8.77712e-13
      23260.0  9.05247e-13
      23270.0  9.34228e-13
      23280.0  9.64537e-13
      23290.0  9.96038e-13
      23300.0  1.02858e-12
      23310.0  1.06202e-12
      23320.0  1.09616e-12
      23330.0  1.13084e-12
      23340.0  1.16586e-12
      23350.0  1.20103e-12
      23360.0  1.23615e-12
      23370.0  1.27102e-12
      23380.0  1.30545e-12
      23390.0  1.33922e-12
      23400.0  1.37216e-12
      23410.0  1.40408e-12
      23420.0  1.43481e-12
      23430.0  1.46420e-12
      23440.0  1.49209e-12
      23450.0  1.51838e-12
      23460.0  1.54294e-12
      23470.0  1.56570e-12
      23480.0  1.58660e-12
      23490.0  1.60559e-12
      23500.0  1.62266e-12
      23510.0  1.63781e-12
      23520.0  1.65109e-12
      23530.0  1.66253e-12
      23540.0  1.67222e-12
      23550.0  1.68024e-12
      23560.0  1.68672e-12
      23570.0  1.69178e-12
      23580.0  1.69556e-12
      23590.0  1.69822e-12
      23600.0  1.69993e-12
      23610.0  1.70085e-12
      23620.0  1.70116e-12
      23630.0  1.70104e-12
      23640.0  1.70065e-12
      23650.0  1.70017e-12
      23660.0  1.69975e-12
      23670.0  1.69954e-12
      23680.0  1.69970e-12
      23690.0  1.70034e-12
      23700.0  1.70158e-12
      23710.0  1.70350e-12
      23720.0  1.70621e-12
      23730.0  1.70974e-12
      23740.0  1.71416e-12
      23750.0  1.71950e-12
      23760.0  1.72576e-12
      23770.0  1.73295e-12
      23780.0  1.74105e-12
      23790.0  1.75004e-12
      23800.0  1.75988e-12
      23810.0  1.77051e-12
      23820.0  1.78189e-12
      23830.0  1.79400e-12
      23840.0  1.80674e-12
      23850.0  1.82003e-12
      23860.0  1.83377e-12
      23870.0  1.84790e-12
      23880.0  1.86233e-12
      23890.0  1.87697e-12
      23900.0  1.89175e-12
      23910.0  1.90657e-12
      23920.0  1.92135e-12
      23930.0  1.93602e-12
      23940.0  1.95047e-12
      23950.0  1.96464e-12
      23960.0  1.97845e-12
      23970.0  1.99181e-12
      23980.0  2.00466e-12
      23990.0  2.01693e-12
      24000.0  2.02855e-12
      24010.0  2.03949e-12
      24020.0  2.04970e-12
      24030.0  2.05915e-12
      24040.0  2.06782e-12
      24050.0  2.07572e-12
      24060.0  2.08284e-12
      24070.0  2.08922e-12
      24080.0  2.09489e-12
      24090.0  2.09991e-12
      24100.0  2.10434e-12
      24110.0  2.10826e-12
      24120.0  2.11175e-12
      24130.0  2.11491e-12
      24140.0  2.11783e-12
      24150.0  2.12062e-12
      24160.0  2.12338e-12
      24170.0  2.12622e-12
      24180.0  2.12924e-12
      24190.0  2.13254e-12
      24200.0  2.13620e-12
      24210.0  2.14030e-12
      24220.0  2.14493e-12
      24230.0  2.15015e-12
      24240.0  2.15600e-12
      24250.0  2.16253e-12
      24260.0  2.16979e-12
      24270.0  2.17778e-12
      24280.0  2.18652e-12
      24290.0  2.19602e-12
      24300.0  2.20628e-12
      24310.0  2.21728e-12
      24320.0  2.22901e-12
      24330.0  2.24146e-12
      24340.0  2.25458e-12
      24350.0  2.26835e-12
      24360.0  2.28275e-12
      24370.0  2.29774e-12
      24380.0  2.31328e-12
      24390.0  2.32934e-12
      24400.0  2.34588e-12
      24410.0  2.36287e-12
      24420.0  2.38027e-12
      24430.0  2.39805e-12
      24440.0  2.41617e-12
      24450.0  2.43461e-12
      24460.0  2.45332e-12
      24470.0  2.47227e-12
      24480.0  2.49144e-12
      24490.0  2.51077e-12
      24500.0  2.53025e-12
      24510.0  2.54983e-12
      24520.0  2.56947e-12
      24530.0  2.58914e-12
      24540.0  2.60878e-12
      24550.0  2.62836e-12
      24560.0  2.64782e-12
      24570.0  2.66712e-12
      24580.0  2.68620e-12
      24590.0  2.70499e-12
      24600.0  2.72345e-12
      24610.0  2.74152e-12
      24620.0  2.75912e-12
      24630.0  2.77621e-12
      24640.0  2.79271e-12
      24650.0  2.80856e-12
      24660.0  2.82372e-12
      24670.0  2.83812e-12
      24680.0  2.85171e-12
      24690.0  2.86446e-12
      24700.0  2.87632e-12
      24710.0  2.88727e-12
      24720.0  2.89730e-12
      24730.0  2.90638e-12
      24740.0  2.91453e-12
      24750.0  2.92175e-12
      24760.0  2.92808e-12
      24770.0  2.93353e-12
      24780.0  2.93817e-12
      24790.0  2.94203e-12
      24800.0  2.94518e-12
      24810.0  2.94769e-12
      24820.0  2.94962e-12
      24830.0  2.95105e-12
      24840.0  2.95205e-12
      24850.0  2.95268e-12
      24860.0  2.95303e-12
      24870.0  2.95315e-12
      24880.0  2.95309e-12
      24890.0  2.95291e-12
      24900.0  2.95266e-12
      24910.0  2.95235e-12
      24920.0  2.95203e-12
      24930.0  2.95172e-12
      24940.0  2.95142e-12
      24950.0  2.95115e-12
      24960.0  2.95091e-12
      24970.0  2.95071e-12
      24980.0  2.95054e-12
      24990.0  2.95041e-12
      25000.0  2.95031e-12
