      1000.00  2.95559e-13
      1010.00  3.58337e-13
      1020.00  4.35939e-13
      1030.00  5.31420e-13
      1040.00  6.48593e-13
      1050.00  7.91848e-13
      1060.00  9.66135e-13
      1070.00  1.17690e-12
      1080.00  1.42996e-12
      1090.00  1.73135e-12
      1100.00  2.08710e-12
      1110.00  2.50299e-12
      1120.00  2.98426e-12
      1130.00  3.53541e-12
      1140.00  4.15996e-12
      1150.00  4.86025e-12
      1160.00  5.63733e-12
      1170.00  6.49085e-12
      1180.00  7.41906e-12
      1190.00  8.41876e-12
      1200.00  9.48535e-12
      1210.00  1.06129e-11
      1220.00  1.17944e-11
      1230.00  1.30214e-11
      1240.00  1.42850e-11
      1250.00  1.55754e-11
      1260.00  1.68822e-11
      1270.00  1.81952e-11
      1280.00  1.95038e-11
      1290.00  2.07981e-11
      1300.00  2.20683e-11
      1310.00  2.33057e-11
      1320.00  2.45022e-11
      1330.00  2.56509e-11
      1340.00  2.67460e-11
      1350.00  2.77830e-11
      1360.00  2.87584e-11
      1370.00  2.96704e-11
      1380.00  3.05180e-11
      1390.00  3.13018e-11
      1400.00  3.20234e-11
      1410.00  3.26853e-11
      1420.00  3.32913e-11
      1430.00  3.38457e-11
      1440.00  3.43536e-11
      1450.00  3.48205e-11
      1460.00  3.52524e-11
      1470.00  3.56553e-11
      1480.00  3.60354e-11
      1490.00  3.63984e-11
      1500.00  3.67500e-11
      1510.00  3.70952e-11
      1520.00  3.74386e-11
      1530.00  3.77839e-11
      1540.00  3.81343e-11
      1550.00  3.84920e-11
      1560.00  3.88585e-11
      1570.00  3.92343e-11
      1580.00  3.96194e-11
      1590.00  4.00131e-11
      1600.00  4.04145e-11
      1610.00  4.08225e-11
      1620.00  4.12363e-11
      1630.00  4.16557e-11
      1640.00  4.20817e-11
      1650.00  4.25162e-11
      1660.00  4.29626e-11
      1670.00  4.34253e-11
      1680.00  4.39096e-11
      1690.00  4.44213e-11
      1700.00  4.49656e-11
      1710.00  4.55470e-11
      1720.00  4.61681e-11
      1730.00  4.68300e-11
      1740.00  4.75318e-11
      1750.00  4.82708e-11
      1760.00  4.90438e-11
      1770.00  4.98473e-11
      1780.00  5.06788e-11
      1790.00  5.15371e-11
      1800.00  5.24231e-11
      1810.00  5.33391e-11
      1820.00  5.42889e-11
      1830.00  5.52766e-11
      1840.00  5.63055e-11
      1850.00  5.73771e-11
      1860.00  5.84907e-11
      1870.00  5.96424e-11
      1880.00  6.08256e-11
      1890.00  6.20313e-11
      1900.00  6.32484e-11
      1910.00  6.44648e-11
      1920.00  6.56674e-11
      1930.00  6.68432e-11
      1940.00  6.79791e-11
      1950.00  6.90622e-11
      1960.00  7.00801e-11
      1970.00  7.10214e-11
      1980.00  7.18758e-11
      1990.00  7.26352e-11
      2000.00  7.32941e-11
      2010.00  7.38492e-11
      2020.00  7.43000e-11
      2030.00  7.46471e-11
      2040.00  7.48919e-11
      2050.00  7.50349e-11
      2060.00  7.50755e-11
      2070.00  7.50119e-11
      2080.00  7.48429e-11
      2090.00  7.45697e-11
      2100.00  7.41994e-11
      2110.00  7.37484e-11
      2120.00  7.32447e-11
      2130.00  7.27294e-11
      2140.00  7.22558e-11
      2150.00  7.18871e-11
      2160.00  7.16915e-11
      2170.00  7.17361e-11
      2180.00  7.20808e-11
      2190.00  7.27723e-11
      2200.00  7.38391e-11
      2210.00  7.52891e-11
      2220.00  7.71091e-11
      2230.00  7.92659e-11
      2240.00  8.17103e-11
      2250.00  8.43810e-11
      2260.00  8.72098e-11
      2270.00  9.01263e-11
      2280.00  9.30620e-11
      2290.00  9.59535e-11
      2300.00  9.87449e-11
      2310.00  1.01389e-10
      2320.00  1.03851e-10
      2330.00  1.06103e-10
      2340.00  1.08134e-10
      2350.00  1.09941e-10
      2360.00  1.11539e-10
      2370.00  1.12952e-10
      2380.00  1.14222e-10
      2390.00  1.15399e-10
      2400.00  1.16544e-10
      2410.00  1.17723e-10
      2420.00  1.19003e-10
      2430.00  1.20444e-10
      2440.00  1.22096e-10
      2450.00  1.23987e-10
      2460.00  1.26123e-10
      2470.00  1.28484e-10
      2480.00  1.31022e-10
      2490.00  1.33664e-10
      2500.00  1.36321e-10
      2510.00  1.38894e-10
      2520.00  1.41286e-10
      2530.00  1.43416e-10
      2540.00  1.45223e-10
      2550.00  1.46675e-10
      2560.00  1.47772e-10
      2570.00  1.48546e-10
      2580.00  1.49049e-10
      2590.00  1.49350e-10
      2600.00  1.49525e-10
      2610.00  1.49647e-10
      2620.00  1.49782e-10
      2630.00  1.49980e-10
      2640.00  1.50279e-10
      2650.00  1.50740e-10
      2660.00  1.53445e-10
      2670.00  1.77672e-10
      2680.00  2.38222e-10
      2690.00  2.89458e-10
      2700.00  3.19252e-10
      2710.00  3.41278e-10
      2720.00  3.61532e-10
      2730.00  3.83638e-10
      2740.00  4.07107e-10
      2750.00  4.26810e-10
      2760.00  4.45095e-10
      2770.00  4.63535e-10
      2780.00  4.66482e-10
      2790.00  4.56396e-10
      2800.00  4.55153e-10
      2810.00  4.72766e-10
      2820.00  4.88969e-10
      2830.00  5.02730e-10
      2840.00  5.30576e-10
      2850.00  5.78923e-10
      2860.00  6.44147e-10
      2870.00  7.08137e-10
      2880.00  7.66615e-10
      2890.00  8.22980e-10
      2900.00  8.69393e-10
      2910.00  8.93754e-10
      2920.00  8.98082e-10
      2930.00  9.04861e-10
      2940.00  9.13760e-10
      2950.00  9.00588e-10
      2960.00  8.71225e-10
      2970.00  8.44482e-10
      2980.00  8.20282e-10
      2990.00  7.93466e-10
      3000.00  7.65519e-10
      3010.00  7.39435e-10
      3020.00  7.04590e-10
      3030.00  6.62648e-10
      3040.00  6.32587e-10
      3050.00  6.30442e-10
      3060.00  6.48254e-10
      3070.00  6.63994e-10
      3080.00  6.69273e-10
      3090.00  6.79447e-10
      3100.00  7.14548e-10
      3110.00  7.78311e-10
      3120.00  8.55323e-10
      3130.00  9.24865e-10
      3140.00  9.82060e-10
      3150.00  1.03128e-09
      3160.00  1.07199e-09
      3170.00  1.09624e-09
      3180.00  1.08856e-09
      3190.00  1.04699e-09
      3200.00  9.88747e-10
      3210.00  9.28450e-10
      3220.00  8.75413e-10
      3230.00  8.37852e-10
      3240.00  8.13287e-10
      3250.00  7.90046e-10
      3260.00  7.70311e-10
      3270.00  7.64879e-10
      3280.00  7.79442e-10
      3290.00  8.08662e-10
      3300.00  8.40153e-10
      3310.00  8.64501e-10
      3320.00  8.79303e-10
      3330.00  8.86236e-10
      3340.00  8.93453e-10
      3350.00  9.10708e-10
      3360.00  9.31626e-10
      3370.00  9.51593e-10
      3380.00  9.85369e-10
      3390.00  1.02590e-09
      3400.00  1.05906e-09
      3410.00  1.08697e-09
      3420.00  1.11600e-09
      3430.00  1.14712e-09
      3440.00  1.17944e-09
      3450.00  1.21309e-09
      3460.00  1.24857e-09
      3470.00  1.29048e-09
      3480.00  1.34851e-09
      3490.00  1.43071e-09
      3500.00  1.53342e-09
      3510.00  1.63921e-09
      3520.00  1.74943e-09
      3530.00  1.88680e-09
      3540.00  2.04047e-09
      3550.00  2.17203e-09
      3560.00  2.25205e-09
      3570.00  2.28449e-09
      3580.00  2.28316e-09
      3590.00  2.25431e-09
      3600.00  2.21479e-09
      3610.00  2.19612e-09
      3620.00  2.22137e-09
      3630.00  2.28666e-09
      3640.00  2.37990e-09
      3650.00  2.49315e-09
      3660.00  2.60832e-09
      3670.00  2.69413e-09
      3680.00  2.71159e-09
      3690.00  2.64169e-09
      3700.00  2.50275e-09
      3710.00  2.33495e-09
      3720.00  2.17685e-09
      3730.00  2.05049e-09
      3740.00  1.95746e-09
      3750.00  1.88668e-09
      3760.00  1.82797e-09
      3770.00  1.78091e-09
      3780.00  1.75481e-09
      3790.00  1.76317e-09
      3800.00  1.81726e-09
      3810.00  1.92371e-09
      3820.00  2.08667e-09
      3830.00  2.30883e-09
      3840.00  2.58783e-09
      3850.00  2.90899e-09
      3860.00  3.24399e-09
      3870.00  3.57447e-09
      3880.00  3.89617e-09
      3890.00  4.18665e-09
      3900.00  4.42035e-09
      3910.00  4.59458e-09
      3920.00  4.72002e-09
      3930.00  4.80289e-09
      3940.00  4.83274e-09
      3950.00  4.78459e-09
      3960.00  4.63811e-09
      3970.00  4.39963e-09
      3980.00  4.10544e-09
      3990.00  3.80493e-09
      4000.00  3.54088e-09
      4010.00  3.34017e-09
      4020.00  3.21267e-09
      4030.00  3.15294e-09
      4040.00  3.14305e-09
      4050.00  3.15802e-09
      4060.00  3.17431e-09
      4070.00  3.17732e-09
      4080.00  3.16364e-09
      4090.00  3.13885e-09
      4100.00  3.11323e-09
      4110.00  3.09753e-09
      4120.00  3.10032e-09
      4130.00  3.12631e-09
      4140.00  3.17507e-09
      4150.00  3.24013e-09
      4160.00  3.30917e-09
      4170.00  3.36698e-09
      4180.00  3.40110e-09
      4190.00  3.40634e-09
      4200.00  3.38505e-09
      4210.00  3.34393e-09
      4220.00  3.29025e-09
      4230.00  3.22979e-09
      4240.00  3.16703e-09
      4250.00  3.10552e-09
      4260.00  3.04716e-09
      4270.00  2.99163e-09
      4280.00  2.93615e-09
      4290.00  2.87602e-09
      4300.00  2.80581e-09
      4310.00  2.72087e-09
      4320.00  2.61882e-09
      4330.00  2.50086e-09
      4340.00  2.37260e-09
      4350.00  2.24288e-09
      4360.00  2.12082e-09
      4370.00  2.01337e-09
      4380.00  1.92512e-09
      4390.00  1.86000e-09
      4400.00  1.82237e-09
      4410.00  1.81632e-09
      4420.00  1.84394e-09
      4430.00  1.90401e-09
      4440.00  1.99175e-09
      4450.00  2.10067e-09
      4460.00  2.22545e-09
      4470.00  2.36368e-09
      4480.00  2.51579e-09
      4490.00  2.68452e-09
      4500.00  2.87402e-09
      4510.00  3.08742e-09
      4520.00  3.32313e-09
      4530.00  3.57238e-09
      4540.00  3.82031e-09
      4550.00  4.04997e-09
      4560.00  4.24747e-09
      4570.00  4.40518e-09
      4580.00  4.52075e-09
      4590.00  4.59251e-09
      4600.00  4.61559e-09
      4610.00  4.58157e-09
      4620.00  4.48289e-09
      4630.00  4.31912e-09
      4640.00  4.10026e-09
      4650.00  3.84548e-09
      4660.00  3.57843e-09
      4670.00  3.32106e-09
      4680.00  3.08803e-09
      4690.00  2.88412e-09
      4700.00  2.70609e-09
      4710.00  2.54748e-09
      4720.00  2.40378e-09
      4730.00  2.27550e-09
      4740.00  2.16808e-09
      4750.00  2.08919e-09
      4760.00  2.04412e-09
      4770.00  2.03144e-09
      4780.00  2.04161e-09
      4790.00  2.06016e-09
      4800.00  2.07354e-09
      4810.00  2.07401e-09
      4820.00  2.06153e-09
      4830.00  2.04267e-09
      4840.00  2.02771e-09
      4850.00  2.02718e-09
      4860.00  2.04896e-09
      4870.00  2.09674e-09
      4880.00  2.16940e-09
      4890.00  2.26060e-09
      4900.00  2.35836e-09
      4910.00  2.44649e-09
      4920.00  2.50847e-09
      4930.00  2.53259e-09
      4940.00  2.51541e-09
      4950.00  2.46193e-09
      4960.00  2.38302e-09
      4970.00  2.29175e-09
      4980.00  2.20053e-09
      4990.00  2.11941e-09
      5000.00  2.05527e-09
      5010.00  2.01159e-09
      5020.00  1.98876e-09
      5030.00  1.98480e-09
      5040.00  1.99633e-09
      5050.00  2.01939e-09
      5060.00  2.05009e-09
      5070.00  2.08514e-09
      5080.00  2.12253e-09
      5090.00  2.16203e-09
      5100.00  2.20522e-09
      5110.00  2.25498e-09
      5120.00  2.31478e-09
      5130.00  2.38788e-09
      5140.00  2.47640e-09
      5150.00  2.58042e-09
      5160.00  2.69753e-09
      5170.00  2.82312e-09
      5180.00  2.95106e-09
      5190.00  3.07452e-09
      5200.00  3.18669e-09
      5210.00  3.28150e-09
      5220.00  3.35392e-09
      5230.00  3.40015e-09
      5240.00  3.41822e-09
      5250.00  3.40895e-09
      5260.00  3.37659e-09
      5270.00  3.32830e-09
      5280.00  3.27244e-09
      5290.00  3.21647e-09
      5300.00  3.16535e-09
      5310.00  3.12110e-09
      5320.00  3.08340e-09
      5330.00  3.05084e-09
      5340.00  3.02211e-09
      5350.00  2.99639e-09
      5360.00  2.97302e-09
      5370.00  2.95107e-09
      5380.00  2.92923e-09
      5390.00  2.90586e-09
      5400.00  2.87917e-09
      5410.00  2.84733e-09
      5420.00  2.80871e-09
      5430.00  2.76232e-09
      5440.00  2.70857e-09
      5450.00  2.64980e-09
      5460.00  2.59020e-09
      5470.00  2.53481e-09
      5480.00  2.48794e-09
      5490.00  2.45189e-09
      5500.00  2.42641e-09
      5510.00  2.40913e-09
      5520.00  2.39637e-09
      5530.00  2.38338e-09
      5540.00  2.36466e-09
      5550.00  2.33570e-09
      5560.00  2.29521e-09
      5570.00  2.24528e-09
      5580.00  2.18946e-09
      5590.00  2.13086e-09
      5600.00  2.07147e-09
      5610.00  2.01215e-09
      5620.00  1.95317e-09
      5630.00  1.89475e-09
      5640.00  1.83746e-09
      5650.00  1.78228e-09
      5660.00  1.73054e-09
      5670.00  1.68390e-09
      5680.00  1.64438e-09
      5690.00  1.61422e-09
      5700.00  1.59557e-09
      5710.00  1.58998e-09
      5720.00  1.59818e-09
      5730.00  1.62009e-09
      5740.00  1.65515e-09
      5750.00  1.70269e-09
      5760.00  1.76223e-09
      5770.00  1.83334e-09
      5780.00  1.91522e-09
      5790.00  2.00606e-09
      5800.00  2.10249e-09
      5810.00  2.19958e-09
      5820.00  2.29136e-09
      5830.00  2.37186e-09
      5840.00  2.43615e-09
      5850.00  2.48106e-09
      5860.00  2.50547e-09
      5870.00  2.51020e-09
      5880.00  2.49746e-09
      5890.00  2.47018e-09
      5900.00  2.43138e-09
      5910.00  2.38375e-09
      5920.00  2.32970e-09
      5930.00  2.27157e-09
      5940.00  2.21165e-09
      5950.00  2.15195e-09
      5960.00  2.09367e-09
      5970.00  2.03707e-09
      5980.00  1.98182e-09
      5990.00  1.92753e-09
      6000.00  1.87405e-09
      6010.00  1.82132e-09
      6020.00  1.76875e-09
      6030.00  1.71458e-09
      6040.00  1.65581e-09
      6050.00  1.58882e-09
      6060.00  1.51069e-09
      6070.00  1.42080e-09
      6080.00  1.32186e-09
      6090.00  1.21971e-09
      6100.00  1.12199e-09
      6110.00  1.03620e-09
      6120.00  9.68144e-10
      6130.00  9.21354e-10
      6140.00  8.97213e-10
      6150.00  8.95512e-10
      6160.00  9.14857e-10
      6170.00  9.52840e-10
      6180.00  1.00610e-09
      6190.00  1.07049e-09
      6200.00  1.14147e-09
      6210.00  1.21469e-09
      6220.00  1.28652e-09
      6230.00  1.35437e-09
      6240.00  1.41668e-09
      6250.00  1.47263e-09
      6260.00  1.52190e-09
      6270.00  1.56455e-09
      6280.00  1.60091e-09
      6290.00  1.63143e-09
      6300.00  1.65647e-09
      6310.00  1.67621e-09
      6320.00  1.69072e-09
      6330.00  1.70014e-09
      6340.00  1.70503e-09
      6350.00  1.70638e-09
      6360.00  1.70544e-09
      6370.00  1.70332e-09
      6380.00  1.70078e-09
      6390.00  1.69826e-09
      6400.00  1.69595e-09
      6410.00  1.69376e-09
      6420.00  1.69134e-09
      6430.00  1.68819e-09
      6440.00  1.68380e-09
      6450.00  1.67775e-09
      6460.00  1.66975e-09
      6470.00  1.65966e-09
      6480.00  1.64736e-09
      6490.00  1.63274e-09
      6500.00  1.61554e-09
      6510.00  1.59548e-09
      6520.00  1.57231e-09
      6530.00  1.54602e-09
      6540.00  1.51684e-09
      6550.00  1.48521e-09
      6560.00  1.45163e-09
      6570.00  1.41654e-09
      6580.00  1.38038e-09
      6590.00  1.34348e-09
      6600.00  1.30613e-09
      6610.00  1.26852e-09
      6620.00  1.23089e-09
      6630.00  1.19355e-09
      6640.00  1.15695e-09
      6650.00  1.12154e-09
      6660.00  1.08770e-09
      6670.00  1.05559e-09
      6680.00  1.02518e-09
      6690.00  9.96424e-10
      6700.00  9.69362e-10
      6710.00  9.44193e-10
      6720.00  9.21216e-10
      6730.00  9.00696e-10
      6740.00  8.82708e-10
      6750.00  8.67026e-10
      6760.00  8.53095e-10
      6770.00  8.40153e-10
      6780.00  8.27475e-10
      6790.00  8.14698e-10
      6800.00  8.01997e-10
      6810.00  7.89948e-10
      6820.00  7.79118e-10
      6830.00  7.69691e-10
      6840.00  7.61439e-10
      6850.00  7.53987e-10
      6860.00  7.47065e-10
      6870.00  7.40612e-10
      6880.00  7.34710e-10
      6890.00  7.29433e-10
      6900.00  7.24723e-10
      6910.00  7.20346e-10
      6920.00  7.15962e-10
      6930.00  7.11251e-10
      6940.00  7.06048e-10
      6950.00  7.00389e-10
      6960.00  6.94461e-10
      6970.00  6.88500e-10
      6980.00  6.82691e-10
      6990.00  6.77138e-10
      7000.00  6.71907e-10
      7010.00  6.67085e-10
      7020.00  6.62812e-10
      7030.00  6.59246e-10
      7040.00  6.56501e-10
      7050.00  6.54576e-10
      7060.00  6.53344e-10
      7070.00  6.52571e-10
      7080.00  6.51978e-10
      7090.00  6.51293e-10
      7100.00  6.50297e-10
      7110.00  6.48849e-10
      7120.00  6.46898e-10
      7130.00  6.44465e-10
      7140.00  6.41637e-10
      7150.00  6.38533e-10
      7160.00  6.35290e-10
      7170.00  6.32067e-10
      7180.00  6.29049e-10
      7190.00  6.26439e-10
      7200.00  6.24400e-10
      7210.00  6.22990e-10
      7220.00  6.22116e-10
      7230.00  6.21540e-10
      7240.00  6.20937e-10
      7250.00  6.19973e-10
      7260.00  6.18382e-10
      7270.00  6.16001e-10
      7280.00  6.12781e-10
      7290.00  6.08737e-10
      7300.00  6.03903e-10
      7310.00  5.98289e-10
      7320.00  5.91880e-10
      7330.00  5.84663e-10
      7340.00  5.76664e-10
      7350.00  5.67988e-10
      7360.00  5.58816e-10
      7370.00  5.49379e-10
      7380.00  5.39888e-10
      7390.00  5.30459e-10
      7400.00  5.21059e-10
      7410.00  5.11513e-10
      7420.00  5.01579e-10
      7430.00  4.91092e-10
      7440.00  4.80153e-10
      7450.00  4.69206e-10
      7460.00  4.58935e-10
      7470.00  4.50009e-10
      7480.00  4.42854e-10
      7490.00  4.37585e-10
      7500.00  4.34083e-10
      7510.00  4.32121e-10
      7520.00  4.31456e-10
      7530.00  4.31878e-10
      7540.00  4.33196e-10
      7550.00  4.35217e-10
      7560.00  4.37721e-10
      7570.00  4.40456e-10
      7580.00  4.43167e-10
      7590.00  4.45634e-10
      7600.00  4.47705e-10
      7610.00  4.49567e-10
      7620.00  4.51221e-10
      7630.00  4.52641e-10
      7640.00  4.54045e-10
      7650.00  4.55690e-10
      7660.00  4.57809e-10
      7670.00  4.60573e-10
      7680.00  4.64058e-10
      7690.00  4.68251e-10
      7700.00  4.73059e-10
      7710.00  4.78335e-10
      7720.00  4.83897e-10
      7730.00  4.89558e-10
      7740.00  4.95153e-10
      7750.00  5.00572e-10
      7760.00  5.05773e-10
      7770.00  5.10777e-10
      7780.00  5.15639e-10
      7790.00  5.20410e-10
      7800.00  5.25094e-10
      7810.00  5.29626e-10
      7820.00  5.33871e-10
      7830.00  5.37637e-10
      7840.00  5.40705e-10
      7850.00  5.42864e-10
      7860.00  5.43931e-10
      7870.00  5.43780e-10
      7880.00  5.42353e-10
      7890.00  5.39662e-10
      7900.00  5.35787e-10
      7910.00  5.30867e-10
      7920.00  5.25090e-10
      7930.00  5.18663e-10
      7940.00  5.11787e-10
      7950.00  5.04627e-10
      7960.00  4.97300e-10
      7970.00  4.89888e-10
      7980.00  4.82459e-10
      7990.00  4.75065e-10
      8000.00  4.67721e-10
      8010.00  4.60372e-10
      8020.00  4.52897e-10
      8030.00  4.45146e-10
      8040.00  4.36983e-10
      8050.00  4.28302e-10
      8060.00  4.19017e-10
      8070.00  4.09030e-10
      8080.00  3.98223e-10
      8090.00  3.86477e-10
      8100.00  3.73725e-10
      8110.00  3.60001e-10
      8120.00  3.45462e-10
      8130.00  3.30379e-10
      8140.00  3.15100e-10
      8150.00  3.00014e-10
      8160.00  2.85521e-10
      8170.00  2.72017e-10
      8180.00  2.59881e-10
      8190.00  2.49468e-10
      8200.00  2.41092e-10
      8210.00  2.35002e-10
      8220.00  2.31340e-10
      8230.00  2.30110e-10
      8240.00  2.31150e-10
      8250.00  2.34141e-10
      8260.00  2.38651e-10
      8270.00  2.44201e-10
      8280.00  2.50358e-10
      8290.00  2.56800e-10
      8300.00  2.63361e-10
      8310.00  2.70034e-10
      8320.00  2.76954e-10
      8330.00  2.84359e-10
      8340.00  2.92557e-10
      8350.00  3.01899e-10
      8360.00  3.12755e-10
      8370.00  3.25480e-10
      8380.00  3.40367e-10
      8390.00  3.57597e-10
      8400.00  3.77184e-10
      8410.00  3.98948e-10
      8420.00  4.22522e-10
      8430.00  4.47394e-10
      8440.00  4.72977e-10
      8450.00  4.98685e-10
      8460.00  5.23996e-10
      8470.00  5.48496e-10
      8480.00  5.71887e-10
      8490.00  5.93975e-10
      8500.00  6.14661e-10
      8510.00  6.33916e-10
      8520.00  6.51775e-10
      8530.00  6.68326e-10
      8540.00  6.83692e-10
      8550.00  6.98018e-10
      8560.00  7.11445e-10
      8570.00  7.24092e-10
      8580.00  7.36042e-10
      8590.00  7.47325e-10
      8600.00  7.57913e-10
      8610.00  7.67720e-10
      8620.00  7.76611e-10
      8630.00  7.84427e-10
      8640.00  7.91034e-10
      8650.00  7.96361e-10
      8660.00  8.00420e-10
      8670.00  8.03289e-10
      8680.00  8.05077e-10
      8690.00  8.05887e-10
      8700.00  8.05809e-10
      8710.00  8.04920e-10
      8720.00  8.03279e-10
      8730.00  8.00917e-10
      8740.00  7.97817e-10
      8750.00  7.93905e-10
      8760.00  7.89056e-10
      8770.00  7.83115e-10
      8780.00  7.75940e-10
      8790.00  7.67439e-10
      8800.00  7.57609e-10
      8810.00  7.46538e-10
      8820.00  7.34405e-10
      8830.00  7.21443e-10
      8840.00  7.07908e-10
      8850.00  6.94047e-10
      8860.00  6.80071e-10
      8870.00  6.66142e-10
      8880.00  6.52378e-10
      8890.00  6.38864e-10
      8900.00  6.25667e-10
      8910.00  6.12858e-10
      8920.00  6.00713e-10
      8930.00  5.89206e-10
      8940.00  5.78396e-10
      8950.00  5.68398e-10
      8960.00  5.59291e-10
      8970.00  5.51095e-10
      8980.00  5.43737e-10
      8990.00  5.37057e-10
      9000.00  5.30822e-10
      9010.00  5.24773e-10
      9020.00  5.18688e-10
      9030.00  5.12429e-10
      9040.00  5.05981e-10
      9050.00  4.99436e-10
      9060.00  4.92965e-10
      9070.00  4.86749e-10
      9080.00  4.80932e-10
      9090.00  4.75581e-10
      9100.00  4.70689e-10
      9110.00  4.66191e-10
      9120.00  4.62005e-10
      9130.00  4.58048e-10
      9140.00  4.54245e-10
      9150.00  4.50514e-10
      9160.00  4.46756e-10
      9170.00  4.42867e-10
      9180.00  4.38749e-10
      9190.00  4.34343e-10
      9200.00  4.29631e-10
      9210.00  4.24638e-10
      9220.00  4.19406e-10
      9230.00  4.13963e-10
      9240.00  4.08289e-10
      9250.00  4.02309e-10
      9260.00  3.95923e-10
      9270.00  3.89089e-10
      9280.00  3.81912e-10
      9290.00  3.74692e-10
      9300.00  3.67869e-10
      9310.00  3.61880e-10
      9320.00  3.56997e-10
      9330.00  3.53247e-10
      9340.00  3.50443e-10
      9350.00  3.48287e-10
      9360.00  3.46490e-10
      9370.00  3.44829e-10
      9380.00  3.43167e-10
      9390.00  3.41431e-10
      9400.00  3.39589e-10
      9410.00  3.37628e-10
      9420.00  3.35549e-10
      9430.00  3.33353e-10
      9440.00  3.31049e-10
      9450.00  3.28647e-10
      9460.00  3.26158e-10
      9470.00  3.23597e-10
      9480.00  3.20981e-10
      9490.00  3.18326e-10
      9500.00  3.15650e-10
      9510.00  3.12972e-10
      9520.00  3.10308e-10
      9530.00  3.07674e-10
      9540.00  3.05083e-10
      9550.00  3.02548e-10
      9560.00  3.00077e-10
      9570.00  2.97677e-10
      9580.00  2.95352e-10
      9590.00  2.93103e-10
      9600.00  2.90930e-10
      9610.00  2.88832e-10
      9620.00  2.86806e-10
      9630.00  2.84850e-10
      9640.00  2.82961e-10
      9650.00  2.81138e-10
      9660.00  2.79379e-10
      9670.00  2.77686e-10
      9680.00  2.76059e-10
      9690.00  2.74501e-10
      9700.00  2.73016e-10
      9710.00  2.71606e-10
      9720.00  2.70275e-10
      9730.00  2.69028e-10
      9740.00  2.67866e-10
      9750.00  2.66791e-10
      9760.00  2.65804e-10
      9770.00  2.64902e-10
      9780.00  2.64082e-10
      9790.00  2.63341e-10
      9800.00  2.62673e-10
      9810.00  2.62071e-10
      9820.00  2.61526e-10
      9830.00  2.61032e-10
      9840.00  2.60580e-10
      9850.00  2.60163e-10
      9860.00  2.59771e-10
      9870.00  2.59400e-10
      9880.00  2.59042e-10
      9890.00  2.58692e-10
      9900.00  2.58344e-10
      9910.00  2.57993e-10
      9920.00  2.57634e-10
      9930.00  2.57263e-10
      9940.00  2.56874e-10
      9950.00  2.56460e-10
      9960.00  2.56016e-10
      9970.00  2.55535e-10
      9980.00  2.55008e-10
      9990.00  2.54429e-10
      10000.0  2.53789e-10
      10010.0  2.53081e-10
      10020.0  2.52299e-10
      10030.0  2.51435e-10
      10040.0  2.50487e-10
      10050.0  2.49450e-10
      10060.0  2.48325e-10
      10070.0  2.47112e-10
      10080.0  2.45813e-10
      10090.0  2.44435e-10
      10100.0  2.42983e-10
      10110.0  2.41467e-10
      10120.0  2.39896e-10
      10130.0  2.38280e-10
      10140.0  2.36632e-10
      10150.0  2.34963e-10
      10160.0  2.33286e-10
      10170.0  2.31613e-10
      10180.0  2.29956e-10
      10190.0  2.28326e-10
      10200.0  2.26734e-10
      10210.0  2.25191e-10
      10220.0  2.23703e-10
      10230.0  2.22279e-10
      10240.0  2.20924e-10
      10250.0  2.19641e-10
      10260.0  2.18433e-10
      10270.0  2.17300e-10
      10280.0  2.16239e-10
      10290.0  2.15246e-10
      10300.0  2.14316e-10
      10310.0  2.13441e-10
      10320.0  2.12612e-10
      10330.0  2.11820e-10
      10340.0  2.11053e-10
      10350.0  2.10301e-10
      10360.0  2.09554e-10
      10370.0  2.08800e-10
      10380.0  2.08030e-10
      10390.0  2.07235e-10
      10400.0  2.06406e-10
      10410.0  2.05539e-10
      10420.0  2.04627e-10
      10430.0  2.03665e-10
      10440.0  2.02652e-10
      10450.0  2.01585e-10
      10460.0  2.00463e-10
      10470.0  1.99287e-10
      10480.0  1.98055e-10
      10490.0  1.96770e-10
      10500.0  1.95432e-10
      10510.0  1.94043e-10
      10520.0  1.92606e-10
      10530.0  1.91121e-10
      10540.0  1.89590e-10
      10550.0  1.88017e-10
      10560.0  1.86403e-10
      10570.0  1.84751e-10
      10580.0  1.83063e-10
      10590.0  1.81341e-10
      10600.0  1.79590e-10
      10610.0  1.77813e-10
      10620.0  1.76012e-10
      10630.0  1.74191e-10
      10640.0  1.72356e-10
      10650.0  1.70509e-10
      10660.0  1.68656e-10
      10670.0  1.66801e-10
      10680.0  1.64948e-10
      10690.0  1.63104e-10
      10700.0  1.61271e-10
      10710.0  1.59456e-10
      10720.0  1.57660e-10
      10730.0  1.55889e-10
      10740.0  1.54146e-10
      10750.0  1.52433e-10
      10760.0  1.50752e-10
      10770.0  1.49105e-10
      10780.0  1.47494e-10
      10790.0  1.45917e-10
      10800.0  1.44376e-10
      10810.0  1.42870e-10
      10820.0  1.41398e-10
      10830.0  1.39959e-10
      10840.0  1.38552e-10
      10850.0  1.37174e-10
      10860.0  1.35824e-10
      10870.0  1.34502e-10
      10880.0  1.33204e-10
      10890.0  1.31930e-10
      10900.0  1.30678e-10
      10910.0  1.29448e-10
      10920.0  1.28237e-10
      10930.0  1.27046e-10
      10940.0  1.25872e-10
      10950.0  1.24717e-10
      10960.0  1.23579e-10
      10970.0  1.22458e-10
      10980.0  1.21353e-10
      10990.0  1.20265e-10
      11000.0  1.19194e-10
      11010.0  1.18140e-10
      11020.0  1.17103e-10
      11030.0  1.16083e-10
      11040.0  1.15082e-10
      11050.0  1.14099e-10
      11060.0  1.13137e-10
      11070.0  1.12195e-10
      11080.0  1.11275e-10
      11090.0  1.10378e-10
      11100.0  1.09505e-10
      11110.0  1.08656e-10
      11120.0  1.07834e-10
      11130.0  1.07039e-10
      11140.0  1.06271e-10
      11150.0  1.05532e-10
      11160.0  1.04822e-10
      11170.0  1.04141e-10
      11180.0  1.03489e-10
      11190.0  1.02866e-10
      11200.0  1.02272e-10
      11210.0  1.01705e-10
      11220.0  1.01166e-10
      11230.0  1.00654e-10
      11240.0  1.00166e-10
      11250.0  9.97014e-11
      11260.0  9.92592e-11
      11270.0  9.88375e-11
      11280.0  9.84345e-11
      11290.0  9.80484e-11
      11300.0  9.76773e-11
      11310.0  9.73194e-11
      11320.0  9.69725e-11
      11330.0  9.66347e-11
      11340.0  9.63038e-11
      11350.0  9.59778e-11
      11360.0  9.56544e-11
      11370.0  9.53316e-11
      11380.0  9.50072e-11
      11390.0  9.46790e-11
      11400.0  9.43449e-11
      11410.0  9.40027e-11
      11420.0  9.36504e-11
      11430.0  9.32862e-11
      11440.0  9.29080e-11
      11450.0  9.25144e-11
      11460.0  9.21036e-11
      11470.0  9.16744e-11
      11480.0  9.12257e-11
      11490.0  9.07566e-11
      11500.0  9.02664e-11
      11510.0  8.97549e-11
      11520.0  8.92220e-11
      11530.0  8.86679e-11
      11540.0  8.80929e-11
      11550.0  8.74980e-11
      11560.0  8.68839e-11
      11570.0  8.62519e-11
      11580.0  8.56032e-11
      11590.0  8.49394e-11
      11600.0  8.42621e-11
      11610.0  8.35729e-11
      11620.0  8.28735e-11
      11630.0  8.21657e-11
      11640.0  8.14510e-11
      11650.0  8.07310e-11
      11660.0  8.00073e-11
      11670.0  7.92813e-11
      11680.0  7.85541e-11
      11690.0  7.78268e-11
      11700.0  7.71003e-11
      11710.0  7.63753e-11
      11720.0  7.56523e-11
      11730.0  7.49318e-11
      11740.0  7.42138e-11
      11750.0  7.34984e-11
      11760.0  7.27855e-11
      11770.0  7.20750e-11
      11780.0  7.13665e-11
      11790.0  7.06596e-11
      11800.0  6.99541e-11
      11810.0  6.92494e-11
      11820.0  6.85453e-11
      11830.0  6.78413e-11
      11840.0  6.71373e-11
      11850.0  6.64330e-11
      11860.0  6.57285e-11
      11870.0  6.50237e-11
      11880.0  6.43189e-11
      11890.0  6.36144e-11
      11900.0  6.29107e-11
      11910.0  6.22083e-11
      11920.0  6.15082e-11
      11930.0  6.08110e-11
      11940.0  6.01179e-11
      11950.0  5.94298e-11
      11960.0  5.87479e-11
      11970.0  5.80733e-11
      11980.0  5.74074e-11
      11990.0  5.67514e-11
      12000.0  5.61064e-11
      12010.0  5.54738e-11
      12020.0  5.48546e-11
      12030.0  5.42501e-11
      12040.0  5.36613e-11
      12050.0  5.30892e-11
      12060.0  5.25347e-11
      12070.0  5.19988e-11
      12080.0  5.14823e-11
      12090.0  5.09860e-11
      12100.0  5.05106e-11
      12110.0  5.00567e-11
      12120.0  4.96251e-11
      12130.0  4.92164e-11
      12140.0  4.88313e-11
      12150.0  4.84704e-11
      12160.0  4.81344e-11
      12170.0  4.78241e-11
      12180.0  4.75400e-11
      12190.0  4.72830e-11
      12200.0  4.70536e-11
      12210.0  4.68525e-11
      12220.0  4.66803e-11
      12230.0  4.65376e-11
      12240.0  4.64247e-11
      12250.0  4.63421e-11
      12260.0  4.62899e-11
      12270.0  4.62681e-11
      12280.0  4.62766e-11
      12290.0  4.63150e-11
      12300.0  4.63829e-11
      12310.0  4.64794e-11
      12320.0  4.66038e-11
      12330.0  4.67549e-11
      12340.0  4.69315e-11
      12350.0  4.71323e-11
      12360.0  4.73557e-11
      12370.0  4.76003e-11
      12380.0  4.78646e-11
      12390.0  4.81468e-11
      12400.0  4.84455e-11
      12410.0  4.87592e-11
      12420.0  4.90865e-11
      12430.0  4.94260e-11
      12440.0  4.97764e-11
      12450.0  5.01365e-11
      12460.0  5.05052e-11
      12470.0  5.08816e-11
      12480.0  5.12646e-11
      12490.0  5.16532e-11
      12500.0  5.20465e-11
      12510.0  5.24435e-11
      12520.0  5.28431e-11
      12530.0  5.32443e-11
      12540.0  5.36459e-11
      12550.0  5.40466e-11
      12560.0  5.44451e-11
      12570.0  5.48397e-11
      12580.0  5.52289e-11
      12590.0  5.56110e-11
      12600.0  5.59841e-11
      12610.0  5.63465e-11
      12620.0  5.66961e-11
      12630.0  5.70311e-11
      12640.0  5.73494e-11
      12650.0  5.76491e-11
      12660.0  5.79283e-11
      12670.0  5.81852e-11
      12680.0  5.84180e-11
      12690.0  5.86252e-11
      12700.0  5.88052e-11
      12710.0  5.89567e-11
      12720.0  5.90787e-11
      12730.0  5.91702e-11
      12740.0  5.92305e-11
      12750.0  5.92591e-11
      12760.0  5.92559e-11
      12770.0  5.92208e-11
      12780.0  5.91541e-11
      12790.0  5.90564e-11
      12800.0  5.89284e-11
      12810.0  5.87713e-11
      12820.0  5.85861e-11
      12830.0  5.83746e-11
      12840.0  5.81383e-11
      12850.0  5.78790e-11
      12860.0  5.75989e-11
      12870.0  5.72999e-11
      12880.0  5.69842e-11
      12890.0  5.66541e-11
      12900.0  5.63116e-11
      12910.0  5.59590e-11
      12920.0  5.55982e-11
      12930.0  5.52311e-11
      12940.0  5.48595e-11
      12950.0  5.44849e-11
      12960.0  5.41088e-11
      12970.0  5.37323e-11
      12980.0  5.33562e-11
      12990.0  5.29814e-11
      13000.0  5.26083e-11
      13010.0  5.22372e-11
      13020.0  5.18684e-11
      13030.0  5.15019e-11
      13040.0  5.11375e-11
      13050.0  5.07751e-11
      13060.0  5.04145e-11
      13070.0  5.00555e-11
      13080.0  4.96979e-11
      13090.0  4.93414e-11
      13100.0  4.89861e-11
      13110.0  4.86319e-11
      13120.0  4.82788e-11
      13130.0  4.79271e-11
      13140.0  4.75770e-11
      13150.0  4.72288e-11
      13160.0  4.68830e-11
      13170.0  4.65400e-11
      13180.0  4.62003e-11
      13190.0  4.58644e-11
      13200.0  4.55329e-11
      13210.0  4.52062e-11
      13220.0  4.48848e-11
      13230.0  4.45691e-11
      13240.0  4.42595e-11
      13250.0  4.39562e-11
      13260.0  4.36595e-11
      13270.0  4.33695e-11
      13280.0  4.30865e-11
      13290.0  4.28106e-11
      13300.0  4.25418e-11
      13310.0  4.22802e-11
      13320.0  4.20260e-11
      13330.0  4.17792e-11
      13340.0  4.15400e-11
      13350.0  4.13085e-11
      13360.0  4.10850e-11
      13370.0  4.08695e-11
      13380.0  4.06624e-11
      13390.0  4.04639e-11
      13400.0  4.02741e-11
      13410.0  4.00932e-11
      13420.0  3.99214e-11
      13430.0  3.97587e-11
      13440.0  3.96051e-11
      13450.0  3.94607e-11
      13460.0  3.93251e-11
      13470.0  3.91982e-11
      13480.0  3.90796e-11
      13490.0  3.89689e-11
      13500.0  3.88656e-11
      13510.0  3.87690e-11
      13520.0  3.86786e-11
      13530.0  3.85937e-11
      13540.0  3.85135e-11
      13550.0  3.84373e-11
      13560.0  3.83643e-11
      13570.0  3.82940e-11
      13580.0  3.82256e-11
      13590.0  3.81584e-11
      13600.0  3.80920e-11
      13610.0  3.80257e-11
      13620.0  3.79591e-11
      13630.0  3.78920e-11
      13640.0  3.78238e-11
      13650.0  3.77545e-11
      13660.0  3.76839e-11
      13670.0  3.76118e-11
      13680.0  3.75381e-11
      13690.0  3.74630e-11
      13700.0  3.73864e-11
      13710.0  3.73084e-11
      13720.0  3.72292e-11
      13730.0  3.71489e-11
      13740.0  3.70676e-11
      13750.0  3.69855e-11
      13760.0  3.69028e-11
      13770.0  3.68196e-11
      13780.0  3.67362e-11
      13790.0  3.66526e-11
      13800.0  3.65691e-11
      13810.0  3.64857e-11
      13820.0  3.64026e-11
      13830.0  3.63197e-11
      13840.0  3.62373e-11
      13850.0  3.61551e-11
      13860.0  3.60734e-11
      13870.0  3.59919e-11
      13880.0  3.59105e-11
      13890.0  3.58292e-11
      13900.0  3.57478e-11
      13910.0  3.56660e-11
      13920.0  3.55836e-11
      13930.0  3.55004e-11
      13940.0  3.54161e-11
      13950.0  3.53303e-11
      13960.0  3.52428e-11
      13970.0  3.51532e-11
      13980.0  3.50612e-11
      13990.0  3.49665e-11
      14000.0  3.48688e-11
      14010.0  3.47679e-11
      14020.0  3.46635e-11
      14030.0  3.45553e-11
      14040.0  3.44433e-11
      14050.0  3.43274e-11
      14060.0  3.42075e-11
      14070.0  3.40835e-11
      14080.0  3.39556e-11
      14090.0  3.38239e-11
      14100.0  3.36885e-11
      14110.0  3.35497e-11
      14120.0  3.34078e-11
      14130.0  3.32631e-11
      14140.0  3.31159e-11
      14150.0  3.29668e-11
      14160.0  3.28161e-11
      14170.0  3.26644e-11
      14180.0  3.25121e-11
      14190.0  3.23598e-11
      14200.0  3.22080e-11
      14210.0  3.20572e-11
      14220.0  3.19079e-11
      14230.0  3.17606e-11
      14240.0  3.16158e-11
      14250.0  3.14739e-11
      14260.0  3.13354e-11
      14270.0  3.12007e-11
      14280.0  3.10700e-11
      14290.0  3.09438e-11
      14300.0  3.08221e-11
      14310.0  3.07054e-11
      14320.0  3.05937e-11
      14330.0  3.04872e-11
      14340.0  3.03860e-11
      14350.0  3.02902e-11
      14360.0  3.01997e-11
      14370.0  3.01146e-11
      14380.0  3.00348e-11
      14390.0  2.99602e-11
      14400.0  2.98907e-11
      14410.0  2.98260e-11
      14420.0  2.97661e-11
      14430.0  2.97106e-11
      14440.0  2.96592e-11
      14450.0  2.96117e-11
      14460.0  2.95677e-11
      14470.0  2.95268e-11
      14480.0  2.94886e-11
      14490.0  2.94526e-11
      14500.0  2.94186e-11
      14510.0  2.93860e-11
      14520.0  2.93544e-11
      14530.0  2.93234e-11
      14540.0  2.92927e-11
      14550.0  2.92619e-11
      14560.0  2.92307e-11
      14570.0  2.91990e-11
      14580.0  2.91667e-11
      14590.0  2.91335e-11
      14600.0  2.90997e-11
      14610.0  2.90652e-11
      14620.0  2.90304e-11
      14630.0  2.89955e-11
      14640.0  2.89609e-11
      14650.0  2.89272e-11
      14660.0  2.88948e-11
      14670.0  2.88645e-11
      14680.0  2.88368e-11
      14690.0  2.88128e-11
      14700.0  2.87930e-11
      14710.0  2.87784e-11
      14720.0  2.87700e-11
      14730.0  2.87686e-11
      14740.0  2.87751e-11
      14750.0  2.87906e-11
      14760.0  2.88161e-11
      14770.0  2.88524e-11
      14780.0  2.89006e-11
      14790.0  2.89617e-11
      14800.0  2.90367e-11
      14810.0  2.91266e-11
      14820.0  2.92324e-11
      14830.0  2.93552e-11
      14840.0  2.94960e-11
      14850.0  2.96559e-11
      14860.0  2.98359e-11
      14870.0  3.00370e-11
      14880.0  3.02603e-11
      14890.0  3.05069e-11
      14900.0  3.07777e-11
      14910.0  3.10738e-11
      14920.0  3.13961e-11
      14930.0  3.17455e-11
      14940.0  3.21227e-11
      14950.0  3.25286e-11
      14960.0  3.29638e-11
      14970.0  3.34288e-11
      14980.0  3.39241e-11
      14990.0  3.44501e-11
      15000.0  3.50068e-11
      15010.0  3.55945e-11
      15020.0  3.62130e-11
      15030.0  3.68621e-11
      15040.0  3.75416e-11
      15050.0  3.82509e-11
      15060.0  3.89894e-11
      15070.0  3.97565e-11
      15080.0  4.05513e-11
      15090.0  4.13728e-11
      15100.0  4.22200e-11
      15110.0  4.30916e-11
      15120.0  4.39863e-11
      15130.0  4.49026e-11
      15140.0  4.58390e-11
      15150.0  4.67937e-11
      15160.0  4.77650e-11
      15170.0  4.87508e-11
      15180.0  4.97490e-11
      15190.0  5.07574e-11
      15200.0  5.17737e-11
      15210.0  5.27954e-11
      15220.0  5.38197e-11
      15230.0  5.48440e-11
      15240.0  5.58655e-11
      15250.0  5.68812e-11
      15260.0  5.78880e-11
      15270.0  5.88830e-11
      15280.0  5.98630e-11
      15290.0  6.08249e-11
      15300.0  6.17656e-11
      15310.0  6.26821e-11
      15320.0  6.35716e-11
      15330.0  6.44310e-11
      15340.0  6.52579e-11
      15350.0  6.60495e-11
      15360.0  6.68038e-11
      15370.0  6.75185e-11
      15380.0  6.81918e-11
      15390.0  6.88221e-11
      15400.0  6.94082e-11
      15410.0  6.99489e-11
      15420.0  7.04436e-11
      15430.0  7.08918e-11
      15440.0  7.12933e-11
      15450.0  7.16482e-11
      15460.0  7.19568e-11
      15470.0  7.22198e-11
      15480.0  7.24378e-11
      15490.0  7.26119e-11
      15500.0  7.27432e-11
      15510.0  7.28330e-11
      15520.0  7.28827e-11
      15530.0  7.28939e-11
      15540.0  7.28680e-11
      15550.0  7.28067e-11
      15560.0  7.27115e-11
      15570.0  7.25842e-11
      15580.0  7.24263e-11
      15590.0  7.22395e-11
      15600.0  7.20252e-11
      15610.0  7.17849e-11
      15620.0  7.15202e-11
      15630.0  7.12325e-11
      15640.0  7.09231e-11
      15650.0  7.05935e-11
      15660.0  7.02448e-11
      15670.0  6.98784e-11
      15680.0  6.94956e-11
      15690.0  6.90977e-11
      15700.0  6.86859e-11
      15710.0  6.82615e-11
      15720.0  6.78257e-11
      15730.0  6.73799e-11
      15740.0  6.69253e-11
      15750.0  6.64632e-11
      15760.0  6.59949e-11
      15770.0  6.55217e-11
      15780.0  6.50449e-11
      15790.0  6.45656e-11
      15800.0  6.40852e-11
      15810.0  6.36048e-11
      15820.0  6.31255e-11
      15830.0  6.26484e-11
      15840.0  6.21744e-11
      15850.0  6.17046e-11
      15860.0  6.12397e-11
      15870.0  6.07805e-11
      15880.0  6.03278e-11
      15890.0  5.98820e-11
      15900.0  5.94437e-11
      15910.0  5.90133e-11
      15920.0  5.85914e-11
      15930.0  5.81781e-11
      15940.0  5.77737e-11
      15950.0  5.73785e-11
      15960.0  5.69928e-11
      15970.0  5.66166e-11
      15980.0  5.62501e-11
      15990.0  5.58935e-11
      16000.0  5.55471e-11
      16010.0  5.52108e-11
      16020.0  5.48850e-11
      16030.0  5.45697e-11
      16040.0  5.42652e-11
      16050.0  5.39718e-11
      16060.0  5.36895e-11
      16070.0  5.34186e-11
      16080.0  5.31593e-11
      16090.0  5.29119e-11
      16100.0  5.26763e-11
      16110.0  5.24529e-11
      16120.0  5.22417e-11
      16130.0  5.20428e-11
      16140.0  5.18561e-11
      16150.0  5.16816e-11
      16160.0  5.15193e-11
      16170.0  5.13689e-11
      16180.0  5.12301e-11
      16190.0  5.11027e-11
      16200.0  5.09863e-11
      16210.0  5.08803e-11
      16220.0  5.07842e-11
      16230.0  5.06974e-11
      16240.0  5.06193e-11
      16250.0  5.05491e-11
      16260.0  5.04861e-11
      16270.0  5.04295e-11
      16280.0  5.03784e-11
      16290.0  5.03322e-11
      16300.0  5.02900e-11
      16310.0  5.02509e-11
      16320.0  5.02143e-11
      16330.0  5.01794e-11
      16340.0  5.01454e-11
      16350.0  5.01119e-11
      16360.0  5.00782e-11
      16370.0  5.00437e-11
      16380.0  5.00082e-11
      16390.0  4.99713e-11
      16400.0  4.99326e-11
      16410.0  4.98920e-11
      16420.0  4.98494e-11
      16430.0  4.98048e-11
      16440.0  4.97582e-11
      16450.0  4.97097e-11
      16460.0  4.96594e-11
      16470.0  4.96077e-11
      16480.0  4.95548e-11
      16490.0  4.95009e-11
      16500.0  4.94466e-11
      16510.0  4.93920e-11
      16520.0  4.93377e-11
      16530.0  4.92840e-11
      16540.0  4.92314e-11
      16550.0  4.91802e-11
      16560.0  4.91310e-11
      16570.0  4.90840e-11
      16580.0  4.90398e-11
      16590.0  4.89986e-11
      16600.0  4.89609e-11
      16610.0  4.89272e-11
      16620.0  4.88976e-11
      16630.0  4.88727e-11
      16640.0  4.88528e-11
      16650.0  4.88384e-11
      16660.0  4.88297e-11
      16670.0  4.88273e-11
      16680.0  4.88316e-11
      16690.0  4.88430e-11
      16700.0  4.88621e-11
      16710.0  4.88893e-11
      16720.0  4.89252e-11
      16730.0  4.89704e-11
      16740.0  4.90253e-11
      16750.0  4.90908e-11
      16760.0  4.91672e-11
      16770.0  4.92553e-11
      16780.0  4.93557e-11
      16790.0  4.94690e-11
      16800.0  4.95957e-11
      16810.0  4.97364e-11
      16820.0  4.98917e-11
      16830.0  5.00618e-11
      16840.0  5.02474e-11
      16850.0  5.04486e-11
      16860.0  5.06657e-11
      16870.0  5.08990e-11
      16880.0  5.11484e-11
      16890.0  5.14140e-11
      16900.0  5.16956e-11
      16910.0  5.19932e-11
      16920.0  5.23063e-11
      16930.0  5.26346e-11
      16940.0  5.29778e-11
      16950.0  5.33352e-11
      16960.0  5.37064e-11
      16970.0  5.40907e-11
      16980.0  5.44875e-11
      16990.0  5.48961e-11
      17000.0  5.53159e-11
      17010.0  5.57463e-11
      17020.0  5.61866e-11
      17030.0  5.66361e-11
      17040.0  5.70943e-11
      17050.0  5.75606e-11
      17060.0  5.80346e-11
      17070.0  5.85158e-11
      17080.0  5.90038e-11
      17090.0  5.94983e-11
      17100.0  5.99989e-11
      17110.0  6.05053e-11
      17120.0  6.10173e-11
      17130.0  6.15346e-11
      17140.0  6.20571e-11
      17150.0  6.25844e-11
      17160.0  6.31162e-11
      17170.0  6.36523e-11
      17180.0  6.41923e-11
      17190.0  6.47358e-11
      17200.0  6.52823e-11
      17210.0  6.58311e-11
      17220.0  6.63817e-11
      17230.0  6.69333e-11
      17240.0  6.74851e-11
      17250.0  6.80361e-11
      17260.0  6.85853e-11
      17270.0  6.91315e-11
      17280.0  6.96737e-11
      17290.0  7.02105e-11
      17300.0  7.07406e-11
      17310.0  7.12626e-11
      17320.0  7.17753e-11
      17330.0  7.22771e-11
      17340.0  7.27667e-11
      17350.0  7.32427e-11
      17360.0  7.37038e-11
      17370.0  7.41486e-11
      17380.0  7.45759e-11
      17390.0  7.49847e-11
      17400.0  7.53737e-11
      17410.0  7.57420e-11
      17420.0  7.60888e-11
      17430.0  7.64133e-11
      17440.0  7.67149e-11
      17450.0  7.69931e-11
      17460.0  7.72473e-11
      17470.0  7.74774e-11
      17480.0  7.76832e-11
      17490.0  7.78647e-11
      17500.0  7.80218e-11
      17510.0  7.81547e-11
      17520.0  7.82637e-11
      17530.0  7.83490e-11
      17540.0  7.84112e-11
      17550.0  7.84506e-11
      17560.0  7.84678e-11
      17570.0  7.84634e-11
      17580.0  7.84380e-11
      17590.0  7.83925e-11
      17600.0  7.83273e-11
      17610.0  7.82435e-11
      17620.0  7.81417e-11
      17630.0  7.80227e-11
      17640.0  7.78875e-11
      17650.0  7.77367e-11
      17660.0  7.75714e-11
      17670.0  7.73923e-11
      17680.0  7.72004e-11
      17690.0  7.69964e-11
      17700.0  7.67813e-11
      17710.0  7.65558e-11
      17720.0  7.63208e-11
      17730.0  7.60771e-11
      17740.0  7.58254e-11
      17750.0  7.55665e-11
      17760.0  7.53010e-11
      17770.0  7.50297e-11
      17780.0  7.47530e-11
      17790.0  7.44716e-11
      17800.0  7.41859e-11
      17810.0  7.38963e-11
      17820.0  7.36031e-11
      17830.0  7.33067e-11
      17840.0  7.30073e-11
      17850.0  7.27050e-11
      17860.0  7.23998e-11
      17870.0  7.20918e-11
      17880.0  7.17809e-11
      17890.0  7.14670e-11
      17900.0  7.11499e-11
      17910.0  7.08294e-11
      17920.0  7.05052e-11
      17930.0  7.01771e-11
      17940.0  6.98448e-11
      17950.0  6.95078e-11
      17960.0  6.91660e-11
      17970.0  6.88189e-11
      17980.0  6.84662e-11
      17990.0  6.81077e-11
      18000.0  6.77430e-11
      18010.0  6.73719e-11
      18020.0  6.69942e-11
      18030.0  6.66098e-11
      18040.0  6.62184e-11
      18050.0  6.58200e-11
      18060.0  6.54146e-11
      18070.0  6.50022e-11
      18080.0  6.45829e-11
      18090.0  6.41569e-11
      18100.0  6.37242e-11
      18110.0  6.32853e-11
      18120.0  6.28403e-11
      18130.0  6.23897e-11
      18140.0  6.19337e-11
      18150.0  6.14729e-11
      18160.0  6.10077e-11
      18170.0  6.05385e-11
      18180.0  6.00659e-11
      18190.0  5.95904e-11
      18200.0  5.91126e-11
      18210.0  5.86329e-11
      18220.0  5.81519e-11
      18230.0  5.76700e-11
      18240.0  5.71879e-11
      18250.0  5.67059e-11
      18260.0  5.62245e-11
      18270.0  5.57440e-11
      18280.0  5.52649e-11
      18290.0  5.47874e-11
      18300.0  5.43118e-11
      18310.0  5.38384e-11
      18320.0  5.33672e-11
      18330.0  5.28986e-11
      18340.0  5.24325e-11
      18350.0  5.19691e-11
      18360.0  5.15084e-11
      18370.0  5.10505e-11
      18380.0  5.05954e-11
      18390.0  5.01432e-11
      18400.0  4.96938e-11
      18410.0  4.92473e-11
      18420.0  4.88037e-11
      18430.0  4.83631e-11
      18440.0  4.79256e-11
      18450.0  4.74913e-11
      18460.0  4.70603e-11
      18470.0  4.66328e-11
      18480.0  4.62091e-11
      18490.0  4.57893e-11
      18500.0  4.53736e-11
      18510.0  4.49625e-11
      18520.0  4.45562e-11
      18530.0  4.41551e-11
      18540.0  4.37596e-11
      18550.0  4.33699e-11
      18560.0  4.29865e-11
      18570.0  4.26098e-11
      18580.0  4.22402e-11
      18590.0  4.18780e-11
      18600.0  4.15236e-11
      18610.0  4.11774e-11
      18620.0  4.08398e-11
      18630.0  4.05109e-11
      18640.0  4.01911e-11
      18650.0  3.98807e-11
      18660.0  3.95798e-11
      18670.0  3.92886e-11
      18680.0  3.90073e-11
      18690.0  3.87359e-11
      18700.0  3.84744e-11
      18710.0  3.82229e-11
      18720.0  3.79814e-11
      18730.0  3.77497e-11
      18740.0  3.75278e-11
      18750.0  3.73154e-11
      18760.0  3.71124e-11
      18770.0  3.69185e-11
      18780.0  3.67336e-11
      18790.0  3.65572e-11
      18800.0  3.63891e-11
      18810.0  3.62290e-11
      18820.0  3.60766e-11
      18830.0  3.59315e-11
      18840.0  3.57935e-11
      18850.0  3.56622e-11
      18860.0  3.55372e-11
      18870.0  3.54185e-11
      18880.0  3.53056e-11
      18890.0  3.51984e-11
      18900.0  3.50966e-11
      18910.0  3.50002e-11
      18920.0  3.49091e-11
      18930.0  3.48231e-11
      18940.0  3.47423e-11
      18950.0  3.46666e-11
      18960.0  3.45962e-11
      18970.0  3.45310e-11
      18980.0  3.44713e-11
      18990.0  3.44171e-11
      19000.0  3.43687e-11
      19010.0  3.43261e-11
      19020.0  3.42895e-11
      19030.0  3.42592e-11
      19040.0  3.42353e-11
      19050.0  3.42180e-11
      19060.0  3.42073e-11
      19070.0  3.42034e-11
      19080.0  3.42064e-11
      19090.0  3.42164e-11
      19100.0  3.42333e-11
      19110.0  3.42571e-11
      19120.0  3.42878e-11
      19130.0  3.43253e-11
      19140.0  3.43694e-11
      19150.0  3.44201e-11
      19160.0  3.44771e-11
      19170.0  3.45402e-11
      19180.0  3.46093e-11
      19190.0  3.46840e-11
      19200.0  3.47642e-11
      19210.0  3.48496e-11
      19220.0  3.49398e-11
      19230.0  3.50348e-11
      19240.0  3.51342e-11
      19250.0  3.52377e-11
      19260.0  3.53453e-11
      19270.0  3.54565e-11
      19280.0  3.55713e-11
      19290.0  3.56895e-11
      19300.0  3.58109e-11
      19310.0  3.59353e-11
      19320.0  3.60626e-11
      19330.0  3.61927e-11
      19340.0  3.63254e-11
      19350.0  3.64607e-11
      19360.0  3.65984e-11
      19370.0  3.67385e-11
      19380.0  3.68807e-11
      19390.0  3.70251e-11
      19400.0  3.71714e-11
      19410.0  3.73196e-11
      19420.0  3.74694e-11
      19430.0  3.76208e-11
      19440.0  3.77736e-11
      19450.0  3.79275e-11
      19460.0  3.80823e-11
      19470.0  3.82379e-11
      19480.0  3.83938e-11
      19490.0  3.85499e-11
      19500.0  3.87057e-11
      19510.0  3.88611e-11
      19520.0  3.90156e-11
      19530.0  3.91688e-11
      19540.0  3.93204e-11
      19550.0  3.94699e-11
      19560.0  3.96169e-11
      19570.0  3.97610e-11
      19580.0  3.99017e-11
      19590.0  4.00385e-11
      19600.0  4.01710e-11
      19610.0  4.02987e-11
      19620.0  4.04211e-11
      19630.0  4.05377e-11
      19640.0  4.06481e-11
      19650.0  4.07517e-11
      19660.0  4.08480e-11
      19670.0  4.09366e-11
      19680.0  4.10170e-11
      19690.0  4.10887e-11
      19700.0  4.11513e-11
      19710.0  4.12044e-11
      19720.0  4.12476e-11
      19730.0  4.12805e-11
      19740.0  4.13026e-11
      19750.0  4.13138e-11
      19760.0  4.13136e-11
      19770.0  4.13019e-11
      19780.0  4.12784e-11
      19790.0  4.12429e-11
      19800.0  4.11953e-11
      19810.0  4.11356e-11
      19820.0  4.10637e-11
      19830.0  4.09796e-11
      19840.0  4.08834e-11
      19850.0  4.07752e-11
      19860.0  4.06552e-11
      19870.0  4.05236e-11
      19880.0  4.03806e-11
      19890.0  4.02267e-11
      19900.0  4.00621e-11
      19910.0  3.98873e-11
      19920.0  3.97026e-11
      19930.0  3.95086e-11
      19940.0  3.93056e-11
      19950.0  3.90943e-11
      19960.0  3.88751e-11
      19970.0  3.86486e-11
      19980.0  3.84153e-11
      19990.0  3.81756e-11
      20000.0  3.79302e-11
      20010.0  3.76796e-11
      20020.0  3.74242e-11
      20030.0  3.71646e-11
      20040.0  3.69013e-11
      20050.0  3.66347e-11
      20060.0  3.63652e-11
      20070.0  3.60933e-11
      20080.0  3.58195e-11
      20090.0  3.55441e-11
      20100.0  3.52675e-11
      20110.0  3.49901e-11
      20120.0  3.47122e-11
      20130.0  3.44342e-11
      20140.0  3.41564e-11
      20150.0  3.38792e-11
      20160.0  3.36029e-11
      20170.0  3.33277e-11
      20180.0  3.30541e-11
      20190.0  3.27824e-11
      20200.0  3.25127e-11
      20210.0  3.22455e-11
      20220.0  3.19811e-11
      20230.0  3.17197e-11
      20240.0  3.14617e-11
      20250.0  3.12073e-11
      20260.0  3.09569e-11
      20270.0  3.07107e-11
      20280.0  3.04691e-11
      20290.0  3.02322e-11
      20300.0  3.00005e-11
      20310.0  2.97740e-11
      20320.0  2.95532e-11
      20330.0  2.93381e-11
      20340.0  2.91291e-11
      20350.0  2.89263e-11
      20360.0  2.87299e-11
      20370.0  2.85402e-11
      20380.0  2.83572e-11
      20390.0  2.81810e-11
      20400.0  2.80119e-11
      20410.0  2.78499e-11
      20420.0  2.76950e-11
      20430.0  2.75474e-11
      20440.0  2.74070e-11
      20450.0  2.72739e-11
      20460.0  2.71480e-11
      20470.0  2.70294e-11
      20480.0  2.69180e-11
      20490.0  2.68137e-11
      20500.0  2.67164e-11
      20510.0  2.66261e-11
      20520.0  2.65426e-11
      20530.0  2.64657e-11
      20540.0  2.63953e-11
      20550.0  2.63313e-11
      20560.0  2.62734e-11
      20570.0  2.62214e-11
      20580.0  2.61751e-11
      20590.0  2.61342e-11
      20600.0  2.60985e-11
      20610.0  2.60677e-11
      20620.0  2.60415e-11
      20630.0  2.60196e-11
      20640.0  2.60016e-11
      20650.0  2.59874e-11
      20660.0  2.59764e-11
      20670.0  2.59684e-11
      20680.0  2.59629e-11
      20690.0  2.59597e-11
      20700.0  2.59583e-11
      20710.0  2.59584e-11
      20720.0  2.59596e-11
      20730.0  2.59615e-11
      20740.0  2.59638e-11
      20750.0  2.59660e-11
      20760.0  2.59678e-11
      20770.0  2.59689e-11
      20780.0  2.59689e-11
      20790.0  2.59675e-11
      20800.0  2.59643e-11
      20810.0  2.59592e-11
      20820.0  2.59517e-11
      20830.0  2.59417e-11
      20840.0  2.59290e-11
      20850.0  2.59132e-11
      20860.0  2.58943e-11
      20870.0  2.58721e-11
      20880.0  2.58465e-11
      20890.0  2.58173e-11
      20900.0  2.57844e-11
      20910.0  2.57479e-11
      20920.0  2.57076e-11
      20930.0  2.56636e-11
      20940.0  2.56159e-11
      20950.0  2.55645e-11
      20960.0  2.55095e-11
      20970.0  2.54509e-11
      20980.0  2.53888e-11
      20990.0  2.53233e-11
      21000.0  2.52546e-11
      21010.0  2.51828e-11
      21020.0  2.51080e-11
      21030.0  2.50303e-11
      21040.0  2.49499e-11
      21050.0  2.48671e-11
      21060.0  2.47818e-11
      21070.0  2.46944e-11
      21080.0  2.46049e-11
      21090.0  2.45136e-11
      21100.0  2.44206e-11
      21110.0  2.43261e-11
      21120.0  2.42303e-11
      21130.0  2.41333e-11
      21140.0  2.40353e-11
      21150.0  2.39365e-11
      21160.0  2.38370e-11
      21170.0  2.37370e-11
      21180.0  2.36366e-11
      21190.0  2.35361e-11
      21200.0  2.34354e-11
      21210.0  2.33348e-11
      21220.0  2.32344e-11
      21230.0  2.31344e-11
      21240.0  2.30349e-11
      21250.0  2.29360e-11
      21260.0  2.28378e-11
      21270.0  2.27405e-11
      21280.0  2.26442e-11
      21290.0  2.25490e-11
      21300.0  2.24551e-11
      21310.0  2.23625e-11
      21320.0  2.22714e-11
      21330.0  2.21819e-11
      21340.0  2.20942e-11
      21350.0  2.20082e-11
      21360.0  2.19243e-11
      21370.0  2.18423e-11
      21380.0  2.17626e-11
      21390.0  2.16850e-11
      21400.0  2.16099e-11
      21410.0  2.15372e-11
      21420.0  2.14670e-11
      21430.0  2.13994e-11
      21440.0  2.13345e-11
      21450.0  2.12722e-11
      21460.0  2.12128e-11
      21470.0  2.11561e-11
      21480.0  2.11023e-11
      21490.0  2.10512e-11
      21500.0  2.10030e-11
      21510.0  2.09575e-11
      21520.0  2.09148e-11
      21530.0  2.08748e-11
      21540.0  2.08374e-11
      21550.0  2.08025e-11
      21560.0  2.07702e-11
      21570.0  2.07401e-11
      21580.0  2.07124e-11
      21590.0  2.06867e-11
      21600.0  2.06631e-11
      21610.0  2.06413e-11
      21620.0  2.06212e-11
      21630.0  2.06027e-11
      21640.0  2.05856e-11
      21650.0  2.05698e-11
      21660.0  2.05550e-11
      21670.0  2.05413e-11
      21680.0  2.05283e-11
      21690.0  2.05160e-11
      21700.0  2.05043e-11
      21710.0  2.04929e-11
      21720.0  2.04819e-11
      21730.0  2.04710e-11
      21740.0  2.04603e-11
      21750.0  2.04495e-11
      21760.0  2.04386e-11
      21770.0  2.04275e-11
      21780.0  2.04162e-11
      21790.0  2.04047e-11
      21800.0  2.03928e-11
      21810.0  2.03805e-11
      21820.0  2.03679e-11
      21830.0  2.03549e-11
      21840.0  2.03415e-11
      21850.0  2.03277e-11
      21860.0  2.03134e-11
      21870.0  2.02988e-11
      21880.0  2.02838e-11
      21890.0  2.02685e-11
      21900.0  2.02528e-11
      21910.0  2.02367e-11
      21920.0  2.02204e-11
      21930.0  2.02038e-11
      21940.0  2.01870e-11
      21950.0  2.01699e-11
      21960.0  2.01526e-11
      21970.0  2.01351e-11
      21980.0  2.01175e-11
      21990.0  2.00996e-11
      22000.0  2.00817e-11
      22010.0  2.00636e-11
      22020.0  2.00453e-11
      22030.0  2.00270e-11
      22040.0  2.00084e-11
      22050.0  1.99898e-11
      22060.0  1.99709e-11
      22070.0  1.99519e-11
      22080.0  1.99327e-11
      22090.0  1.99133e-11
      22100.0  1.98936e-11
      22110.0  1.98737e-11
      22120.0  1.98535e-11
      22130.0  1.98329e-11
      22140.0  1.98119e-11
      22150.0  1.97905e-11
      22160.0  1.97687e-11
      22170.0  1.97463e-11
      22180.0  1.97234e-11
      22190.0  1.96998e-11
      22200.0  1.96756e-11
      22210.0  1.96506e-11
      22220.0  1.96248e-11
      22230.0  1.95982e-11
      22240.0  1.95707e-11
      22250.0  1.95422e-11
      22260.0  1.95127e-11
      22270.0  1.94820e-11
      22280.0  1.94502e-11
      22290.0  1.94171e-11
      22300.0  1.93826e-11
      22310.0  1.93468e-11
      22320.0  1.93094e-11
      22330.0  1.92704e-11
      22340.0  1.92298e-11
      22350.0  1.91875e-11
      22360.0  1.91433e-11
      22370.0  1.90972e-11
      22380.0  1.90491e-11
      22390.0  1.89989e-11
      22400.0  1.89466e-11
      22410.0  1.88921e-11
      22420.0  1.88352e-11
      22430.0  1.87760e-11
      22440.0  1.87144e-11
      22450.0  1.86503e-11
      22460.0  1.85837e-11
      22470.0  1.85147e-11
      22480.0  1.84431e-11
      22490.0  1.83690e-11
      22500.0  1.82924e-11
      22510.0  1.82134e-11
      22520.0  1.81320e-11
      22530.0  1.80483e-11
      22540.0  1.79623e-11
      22550.0  1.78742e-11
      22560.0  1.77842e-11
      22570.0  1.76923e-11
      22580.0  1.75987e-11
      22590.0  1.75036e-11
      22600.0  1.74071e-11
      22610.0  1.73095e-11
      22620.0  1.72111e-11
      22630.0  1.71119e-11
      22640.0  1.70123e-11
      22650.0  1.69124e-11
      22660.0  1.68126e-11
      22670.0  1.67130e-11
      22680.0  1.66139e-11
      22690.0  1.65155e-11
      22700.0  1.64180e-11
      22710.0  1.63217e-11
      22720.0  1.62268e-11
      22730.0  1.61334e-11
      22740.0  1.60417e-11
      22750.0  1.59520e-11
      22760.0  1.58643e-11
      22770.0  1.57788e-11
      22780.0  1.56956e-11
      22790.0  1.56148e-11
      22800.0  1.55365e-11
      22810.0  1.54608e-11
      22820.0  1.53877e-11
      22830.0  1.53171e-11
      22840.0  1.52492e-11
      22850.0  1.51840e-11
      22860.0  1.51213e-11
      22870.0  1.50612e-11
      22880.0  1.50035e-11
      22890.0  1.49484e-11
      22900.0  1.48955e-11
      22910.0  1.48449e-11
      22920.0  1.47965e-11
      22930.0  1.47501e-11
      22940.0  1.47055e-11
      22950.0  1.46628e-11
      22960.0  1.46217e-11
      22970.0  1.45820e-11
      22980.0  1.45437e-11
      22990.0  1.45065e-11
      23000.0  1.44703e-11
      23010.0  1.44349e-11
      23020.0  1.44002e-11
      23030.0  1.43661e-11
      23040.0  1.43322e-11
      23050.0  1.42985e-11
      23060.0  1.42648e-11
      23070.0  1.42310e-11
      23080.0  1.41969e-11
      23090.0  1.41624e-11
      23100.0  1.41273e-11
      23110.0  1.40916e-11
      23120.0  1.40551e-11
      23130.0  1.40177e-11
      23140.0  1.39794e-11
      23150.0  1.39401e-11
      23160.0  1.38997e-11
      23170.0  1.38583e-11
      23180.0  1.38158e-11
      23190.0  1.37723e-11
      23200.0  1.37276e-11
      23210.0  1.36820e-11
      23220.0  1.36354e-11
      23230.0  1.35879e-11
      23240.0  1.35396e-11
      23250.0  1.34906e-11
      23260.0  1.34409e-11
      23270.0  1.33908e-11
      23280.0  1.33403e-11
      23290.0  1.32895e-11
      23300.0  1.32386e-11
      23310.0  1.31877e-11
      23320.0  1.31369e-11
      23330.0  1.30864e-11
      23340.0  1.30363e-11
      23350.0  1.29867e-11
      23360.0  1.29377e-11
      23370.0  1.28895e-11
      23380.0  1.28420e-11
      23390.0  1.27955e-11
      23400.0  1.27499e-11
      23410.0  1.27054e-11
      23420.0  1.26619e-11
      23430.0  1.26196e-11
      23440.0  1.25784e-11
      23450.0  1.25384e-11
      23460.0  1.24996e-11
      23470.0  1.24620e-11
      23480.0  1.24256e-11
      23490.0  1.23903e-11
      23500.0  1.23562e-11
      23510.0  1.23233e-11
      23520.0  1.22915e-11
      23530.0  1.22608e-11
      23540.0  1.22313e-11
      23550.0  1.22029e-11
      23560.0  1.21755e-11
      23570.0  1.21494e-11
      23580.0  1.21243e-11
      23590.0  1.21005e-11
      23600.0  1.20779e-11
      23610.0  1.20566e-11
      23620.0  1.20367e-11
      23630.0  1.20183e-11
      23640.0  1.20015e-11
      23650.0  1.19864e-11
      23660.0  1.19733e-11
      23670.0  1.19624e-11
      23680.0  1.19538e-11
      23690.0  1.19479e-11
      23700.0  1.19449e-11
      23710.0  1.19452e-11
      23720.0  1.19493e-11
      23730.0  1.19575e-11
      23740.0  1.19703e-11
      23750.0  1.19882e-11
      23760.0  1.20118e-11
      23770.0  1.20417e-11
      23780.0  1.20785e-11
      23790.0  1.21229e-11
      23800.0  1.21755e-11
      23810.0  1.22368e-11
      23820.0  1.23077e-11
      23830.0  1.23888e-11
      23840.0  1.24806e-11
      23850.0  1.25835e-11
      23860.0  1.26976e-11
      23870.0  1.28233e-11
      23880.0  1.29605e-11
      23890.0  1.31092e-11
      23900.0  1.32692e-11
      23910.0  1.34399e-11
      23920.0  1.36208e-11
      23930.0  1.38110e-11
      23940.0  1.40095e-11
      23950.0  1.42153e-11
      23960.0  1.44270e-11
      23970.0  1.46433e-11
      23980.0  1.48628e-11
      23990.0  1.50838e-11
      24000.0  1.53050e-11
      24010.0  1.55249e-11
      24020.0  1.57420e-11
      24030.0  1.59550e-11
      24040.0  1.61627e-11
      24050.0  1.63641e-11
      24060.0  1.65583e-11
      24070.0  1.67445e-11
      24080.0  1.69221e-11
      24090.0  1.70909e-11
      24100.0  1.72506e-11
      24110.0  1.74013e-11
      24120.0  1.75429e-11
      24130.0  1.76757e-11
      24140.0  1.78002e-11
      24150.0  1.79168e-11
      24160.0  1.80258e-11
      24170.0  1.81281e-11
      24180.0  1.82240e-11
      24190.0  1.83142e-11
      24200.0  1.83992e-11
      24210.0  1.84798e-11
      24220.0  1.85563e-11
      24230.0  1.86292e-11
      24240.0  1.86991e-11
      24250.0  1.87663e-11
      24260.0  1.88313e-11
      24270.0  1.88943e-11
      24280.0  1.89556e-11
      24290.0  1.90154e-11
      24300.0  1.90741e-11
      24310.0  1.91317e-11
      24320.0  1.91885e-11
      24330.0  1.92445e-11
      24340.0  1.93000e-11
      24350.0  1.93550e-11
      24360.0  1.94096e-11
      24370.0  1.94640e-11
      24380.0  1.95182e-11
      24390.0  1.95723e-11
      24400.0  1.96264e-11
      24410.0  1.96806e-11
      24420.0  1.97349e-11
      24430.0  1.97894e-11
      24440.0  1.98440e-11
      24450.0  1.98989e-11
      24460.0  1.99539e-11
      24470.0  2.00090e-11
      24480.0  2.00642e-11
      24490.0  2.01193e-11
      24500.0  2.01743e-11
      24510.0  2.02290e-11
      24520.0  2.02832e-11
      24530.0  2.03368e-11
      24540.0  2.03896e-11
      24550.0  2.04414e-11
      24560.0  2.04919e-11
      24570.0  2.05411e-11
      24580.0  2.05887e-11
      24590.0  2.06345e-11
      24600.0  2.06784e-11
      24610.0  2.07203e-11
      24620.0  2.07600e-11
      24630.0  2.07976e-11
      24640.0  2.08329e-11
      24650.0  2.08659e-11
      24660.0  2.08968e-11
      24670.0  2.09254e-11
      24680.0  2.09520e-11
      24690.0  2.09766e-11
      24700.0  2.09993e-11
      24710.0  2.10202e-11
      24720.0  2.10396e-11
      24730.0  2.10575e-11
      24740.0  2.10742e-11
      24750.0  2.10897e-11
      24760.0  2.11042e-11
      24770.0  2.11178e-11
      24780.0  2.11307e-11
      24790.0  2.11430e-11
      24800.0  2.11547e-11
      24810.0  2.11660e-11
      24820.0  2.11769e-11
      24830.0  2.11873e-11
      24840.0  2.11974e-11
      24850.0  2.12072e-11
      24860.0  2.12166e-11
      24870.0  2.12256e-11
      24880.0  2.12343e-11
      24890.0  2.12425e-11
      24900.0  2.12504e-11
      24910.0  2.12578e-11
      24920.0  2.12648e-11
      24930.0  2.12713e-11
      24940.0  2.12773e-11
      24950.0  2.12830e-11
      24960.0  2.12882e-11
      24970.0  2.12930e-11
      24980.0  2.12974e-11
      24990.0  2.13014e-11
      25000.0  2.13052e-11
