      1000.00  1.74257e-15
      1010.00  2.09799e-15
      1020.00  2.54727e-15
      1030.00  3.11308e-15
      1040.00  3.82469e-15
      1050.00  4.71786e-15
      1060.00  5.83572e-15
      1070.00  7.22969e-15
      1080.00  8.96023e-15
      1090.00  1.10975e-14
      1100.00  1.37217e-14
      1110.00  1.69235e-14
      1120.00  2.08040e-14
      1130.00  2.54747e-14
      1140.00  3.10575e-14
      1150.00  3.76841e-14
      1160.00  4.54961e-14
      1170.00  5.46436e-14
      1180.00  6.52850e-14
      1190.00  7.75848e-14
      1200.00  9.17119e-14
      1210.00  1.07837e-13
      1220.00  1.26131e-13
      1230.00  1.46756e-13
      1240.00  1.69871e-13
      1250.00  1.95617e-13
      1260.00  2.24120e-13
      1270.00  2.55482e-13
      1280.00  2.89783e-13
      1290.00  3.27067e-13
      1300.00  3.67351e-13
      1310.00  4.10611e-13
      1320.00  4.56790e-13
      1330.00  5.05790e-13
      1340.00  5.57474e-13
      1350.00  6.11669e-13
      1360.00  6.68166e-13
      1370.00  7.26724e-13
      1380.00  7.87072e-13
      1390.00  8.48915e-13
      1400.00  9.11938e-13
      1410.00  9.75814e-13
      1420.00  1.04021e-12
      1430.00  1.10478e-12
      1440.00  1.16919e-12
      1450.00  1.23313e-12
      1460.00  1.29628e-12
      1470.00  1.35835e-12
      1480.00  1.41907e-12
      1490.00  1.47820e-12
      1500.00  1.53552e-12
      1510.00  1.59085e-12
      1520.00  1.64402e-12
      1530.00  1.69490e-12
      1540.00  1.74339e-12
      1550.00  1.78941e-12
      1560.00  1.83291e-12
      1570.00  1.87385e-12
      1580.00  1.91220e-12
      1590.00  1.94797e-12
      1600.00  1.98117e-12
      1610.00  2.01183e-12
      1620.00  2.03998e-12
      1630.00  2.06566e-12
      1640.00  2.08893e-12
      1650.00  2.10986e-12
      1660.00  2.12850e-12
      1670.00  2.14493e-12
      1680.00  2.15923e-12
      1690.00  2.17148e-12
      1700.00  2.18177e-12
      1710.00  2.19020e-12
      1720.00  2.19687e-12
      1730.00  2.20187e-12
      1740.00  2.20532e-12
      1750.00  2.20735e-12
      1760.00  2.20808e-12
      1770.00  2.20768e-12
      1780.00  2.20633e-12
      1790.00  2.20426e-12
      1800.00  2.20178e-12
      1810.00  2.19930e-12
      1820.00  2.19738e-12
      1830.00  2.19679e-12
      1840.00  2.19857e-12
      1850.00  2.20412e-12
      1860.00  2.21523e-12
      1870.00  2.23420e-12
      1880.00  2.26383e-12
      1890.00  2.30742e-12
      1900.00  2.36878e-12
      1910.00  2.45209e-12
      1920.00  2.56181e-12
      1930.00  2.70255e-12
      1940.00  2.87895e-12
      1950.00  3.09557e-12
      1960.00  3.35689e-12
      1970.00  3.66730e-12
      1980.00  4.03120e-12
      1990.00  4.45297e-12
      2000.00  4.93696e-12
      2010.00  5.48720e-12
      2020.00  6.10698e-12
      2030.00  6.79813e-12
      2040.00  7.56010e-12
      2050.00  8.38905e-12
      2060.00  9.27688e-12
      2070.00  1.02107e-11
      2080.00  1.11727e-11
      2090.00  1.21406e-11
      2100.00  1.30889e-11
      2110.00  1.39903e-11
      2120.00  1.48181e-11
      2130.00  1.55482e-11
      2140.00  1.61614e-11
      2150.00  1.66447e-11
      2160.00  1.69928e-11
      2170.00  1.72079e-11
      2180.00  1.72994e-11
      2190.00  1.72830e-11
      2200.00  1.71788e-11
      2210.00  1.70095e-11
      2220.00  1.67989e-11
      2230.00  1.65694e-11
      2240.00  1.63411e-11
      2250.00  1.61305e-11
      2260.00  1.59496e-11
      2270.00  1.58060e-11
      2280.00  1.57028e-11
      2290.00  1.56391e-11
      2300.00  1.56107e-11
      2310.00  1.56113e-11
      2320.00  1.56328e-11
      2330.00  1.56667e-11
      2340.00  1.57045e-11
      2350.00  1.57385e-11
      2360.00  1.57617e-11
      2370.00  1.57688e-11
      2380.00  1.57556e-11
      2390.00  1.57189e-11
      2400.00  1.56571e-11
      2410.00  1.55694e-11
      2420.00  1.54561e-11
      2430.00  1.53189e-11
      2440.00  1.51610e-11
      2450.00  1.49875e-11
      2460.00  1.48056e-11
      2470.00  1.46251e-11
      2480.00  1.44581e-11
      2490.00  1.43188e-11
      2500.00  1.42228e-11
      2510.00  1.41856e-11
      2520.00  1.42215e-11
      2530.00  1.43419e-11
      2540.00  1.45540e-11
      2550.00  1.48598e-11
      2560.00  1.52557e-11
      2570.00  1.57328e-11
      2580.00  1.62778e-11
      2590.00  1.68745e-11
      2600.00  1.75049e-11
      2610.00  1.81517e-11
      2620.00  1.87985e-11
      2630.00  1.94315e-11
      2640.00  2.00399e-11
      2650.00  2.06185e-11
      2660.00  2.13062e-11
      2670.00  2.34069e-11
      2680.00  2.77479e-11
      2690.00  3.29309e-11
      2700.00  4.03166e-11
      2710.00  4.62766e-11
      2720.00  5.13971e-11
      2730.00  5.60051e-11
      2740.00  5.98125e-11
      2750.00  6.43439e-11
      2760.00  7.07484e-11
      2770.00  7.82096e-11
      2780.00  8.54879e-11
      2790.00  9.18651e-11
      2800.00  9.90271e-11
      2810.00  1.08355e-10
      2820.00  1.18132e-10
      2830.00  1.24553e-10
      2840.00  1.26561e-10
      2850.00  1.27963e-10
      2860.00  1.30789e-10
      2870.00  1.33120e-10
      2880.00  1.34257e-10
      2890.00  1.35259e-10
      2900.00  1.37297e-10
      2910.00  1.38338e-10
      2920.00  1.38844e-10
      2930.00  1.41786e-10
      2940.00  1.47891e-10
      2950.00  1.56561e-10
      2960.00  1.67935e-10
      2970.00  1.82612e-10
      2980.00  2.00168e-10
      2990.00  2.26891e-10
      3000.00  2.63018e-10
      3010.00  2.83905e-10
      3020.00  2.87380e-10
      3030.00  2.84774e-10
      3040.00  2.82030e-10
      3050.00  2.79818e-10
      3060.00  2.75668e-10
      3070.00  2.67606e-10
      3080.00  2.57696e-10
      3090.00  2.49860e-10
      3100.00  2.42434e-10
      3110.00  2.32123e-10
      3120.00  2.21747e-10
      3130.00  2.11230e-10
      3140.00  1.95772e-10
      3150.00  1.76893e-10
      3160.00  1.62644e-10
      3170.00  1.55383e-10
      3180.00  1.47098e-10
      3190.00  1.33546e-10
      3200.00  1.20740e-10
      3210.00  1.12810e-10
      3220.00  1.07939e-10
      3230.00  1.04295e-10
      3240.00  1.00708e-10
      3250.00  9.65199e-11
      3260.00  9.28825e-11
      3270.00  9.15837e-11
      3280.00  9.35874e-11
      3290.00  9.84491e-11
      3300.00  1.04479e-10
      3310.00  1.10042e-10
      3320.00  1.14616e-10
      3330.00  1.18775e-10
      3340.00  1.23540e-10
      3350.00  1.29602e-10
      3360.00  1.37312e-10
      3370.00  1.47244e-10
      3380.00  1.59926e-10
      3390.00  1.75184e-10
      3400.00  1.92838e-10
      3410.00  2.14529e-10
      3420.00  2.41153e-10
      3430.00  2.68049e-10
      3440.00  2.89310e-10
      3450.00  3.01757e-10
      3460.00  3.04569e-10
      3470.00  2.99128e-10
      3480.00  2.88744e-10
      3490.00  2.76970e-10
      3500.00  2.65614e-10
      3510.00  2.54460e-10
      3520.00  2.42615e-10
      3530.00  2.29574e-10
      3540.00  2.15296e-10
      3550.00  2.00186e-10
      3560.00  1.85147e-10
      3570.00  1.70967e-10
      3580.00  1.57773e-10
      3590.00  1.45590e-10
      3600.00  1.34996e-10
      3610.00  1.26862e-10
      3620.00  1.21714e-10
      3630.00  1.19526e-10
      3640.00  1.19972e-10
      3650.00  1.22858e-10
      3660.00  1.28165e-10
      3670.00  1.35710e-10
      3680.00  1.44857e-10
      3690.00  1.52525e-10
      3700.00  1.51938e-10
      3710.00  1.44546e-10
      3720.00  1.43088e-10
      3730.00  1.50644e-10
      3740.00  1.61702e-10
      3750.00  1.73327e-10
      3760.00  1.85080e-10
      3770.00  1.97158e-10
      3780.00  2.10350e-10
      3790.00  2.24622e-10
      3800.00  2.34695e-10
      3810.00  2.37615e-10
      3820.00  2.40818e-10
      3830.00  2.47882e-10
      3840.00  2.55913e-10
      3850.00  2.63290e-10
      3860.00  2.70063e-10
      3870.00  2.76399e-10
      3880.00  2.82114e-10
      3890.00  2.86730e-10
      3900.00  2.89874e-10
      3910.00  2.91630e-10
      3920.00  2.92359e-10
      3930.00  2.92282e-10
      3940.00  2.91431e-10
      3950.00  2.90021e-10
      3960.00  2.88571e-10
      3970.00  2.87465e-10
      3980.00  2.86559e-10
      3990.00  2.85358e-10
      4000.00  2.83373e-10
      4010.00  2.80315e-10
      4020.00  2.76195e-10
      4030.00  2.71263e-10
      4040.00  2.65759e-10
      4050.00  2.59804e-10
      4060.00  2.53600e-10
      4070.00  2.47525e-10
      4080.00  2.41833e-10
      4090.00  2.36395e-10
      4100.00  2.30861e-10
      4110.00  2.24976e-10
      4120.00  2.18637e-10
      4130.00  2.11781e-10
      4140.00  2.04405e-10
      4150.00  1.96680e-10
      4160.00  1.88916e-10
      4170.00  1.81344e-10
      4180.00  1.74017e-10
      4190.00  1.66939e-10
      4200.00  1.60237e-10
      4210.00  1.54162e-10
      4220.00  1.49020e-10
      4230.00  1.45085e-10
      4240.00  1.42458e-10
      4250.00  1.40969e-10
      4260.00  1.40248e-10
      4270.00  1.39965e-10
      4280.00  1.40018e-10
      4290.00  1.40460e-10
      4300.00  1.41238e-10
      4310.00  1.41987e-10
      4320.00  1.42090e-10
      4330.00  1.41006e-10
      4340.00  1.38626e-10
      4350.00  1.35412e-10
      4360.00  1.32183e-10
      4370.00  1.29713e-10
      4380.00  1.28415e-10
      4390.00  1.28248e-10
      4400.00  1.28858e-10
      4410.00  1.29781e-10
      4420.00  1.30602e-10
      4430.00  1.31051e-10
      4440.00  1.31048e-10
      4450.00  1.30715e-10
      4460.00  1.30309e-10
      4470.00  1.30065e-10
      4480.00  1.30068e-10
      4490.00  1.30240e-10
      4500.00  1.30422e-10
      4510.00  1.30475e-10
      4520.00  1.30347e-10
      4530.00  1.30067e-10
      4540.00  1.29666e-10
      4550.00  1.29089e-10
      4560.00  1.28184e-10
      4570.00  1.26767e-10
      4580.00  1.24752e-10
      4590.00  1.22226e-10
      4600.00  1.19438e-10
      4610.00  1.16708e-10
      4620.00  1.14299e-10
      4630.00  1.12313e-10
      4640.00  1.10661e-10
      4650.00  1.09157e-10
      4660.00  1.07665e-10
      4670.00  1.06182e-10
      4680.00  1.04787e-10
      4690.00  1.03533e-10
      4700.00  1.02406e-10
      4710.00  1.01369e-10
      4720.00  1.00419e-10
      4730.00  9.95782e-11
      4740.00  9.88303e-11
      4750.00  9.80936e-11
      4760.00  9.72551e-11
      4770.00  9.62275e-11
      4780.00  9.49764e-11
      4790.00  9.35187e-11
      4800.00  9.19167e-11
      4810.00  9.02690e-11
      4820.00  8.86819e-11
      4830.00  8.72347e-11
      4840.00  8.59706e-11
      4850.00  8.49096e-11
      4860.00  8.40575e-11
      4870.00  8.34071e-11
      4880.00  8.29501e-11
      4890.00  8.26995e-11
      4900.00  8.27040e-11
      4910.00  8.30371e-11
      4920.00  8.37671e-11
      4930.00  8.49219e-11
      4940.00  8.64662e-11
      4950.00  8.83068e-11
      4960.00  9.03204e-11
      4970.00  9.23820e-11
      4980.00  9.43826e-11
      4990.00  9.62725e-11
      5000.00  9.81207e-11
      5010.00  1.00065e-10
      5020.00  1.02152e-10
      5030.00  1.04275e-10
      5040.00  1.06262e-10
      5050.00  1.07964e-10
      5060.00  1.09281e-10
      5070.00  1.10150e-10
      5080.00  1.10554e-10
      5090.00  1.10548e-10
      5100.00  1.10260e-10
      5110.00  1.09848e-10
      5120.00  1.09449e-10
      5130.00  1.09126e-10
      5140.00  1.08838e-10
      5150.00  1.08445e-10
      5160.00  1.07752e-10
      5170.00  1.06573e-10
      5180.00  1.04797e-10
      5190.00  1.02447e-10
      5200.00  9.97012e-11
      5210.00  9.68582e-11
      5220.00  9.42418e-11
      5230.00  9.20983e-11
      5240.00  9.05412e-11
      5250.00  8.95580e-11
      5260.00  8.90605e-11
      5270.00  8.89374e-11
      5280.00  8.90749e-11
      5290.00  8.93500e-11
      5300.00  8.96243e-11
      5310.00  8.97651e-11
      5320.00  8.96773e-11
      5330.00  8.93182e-11
      5340.00  8.86936e-11
      5350.00  8.78458e-11
      5360.00  8.68399e-11
      5370.00  8.57526e-11
      5380.00  8.46703e-11
      5390.00  8.36969e-11
      5400.00  8.29472e-11
      5410.00  8.25110e-11
      5420.00  8.24093e-11
      5430.00  8.25836e-11
      5440.00  8.29301e-11
      5450.00  8.33488e-11
      5460.00  8.37697e-11
      5470.00  8.41535e-11
      5480.00  8.44880e-11
      5490.00  8.47937e-11
      5500.00  8.51312e-11
      5510.00  8.55838e-11
      5520.00  8.62045e-11
      5530.00  8.69581e-11
      5540.00  8.77193e-11
      5550.00  8.83462e-11
      5560.00  8.87733e-11
      5570.00  8.90412e-11
      5580.00  8.92440e-11
      5590.00  8.94535e-11
      5600.00  8.96784e-11
      5610.00  8.98721e-11
      5620.00  8.99670e-11
      5630.00  8.99096e-11
      5640.00  8.96821e-11
      5650.00  8.93023e-11
      5660.00  8.88062e-11
      5670.00  8.82282e-11
      5680.00  8.75934e-11
      5690.00  8.69217e-11
      5700.00  8.62353e-11
      5710.00  8.55597e-11
      5720.00  8.49202e-11
      5730.00  8.43396e-11
      5740.00  8.38396e-11
      5750.00  8.34390e-11
      5760.00  8.31455e-11
      5770.00  8.29448e-11
      5780.00  8.27973e-11
      5790.00  8.26437e-11
      5800.00  8.24191e-11
      5810.00  8.20673e-11
      5820.00  8.15527e-11
      5830.00  8.08682e-11
      5840.00  8.00333e-11
      5850.00  7.90847e-11
      5860.00  7.80600e-11
      5870.00  7.69864e-11
      5880.00  7.58760e-11
      5890.00  7.47255e-11
      5900.00  7.35204e-11
      5910.00  7.22421e-11
      5920.00  7.08790e-11
      5930.00  6.94351e-11
      5940.00  6.79294e-11
      5950.00  6.63898e-11
      5960.00  6.48444e-11
      5970.00  6.33138e-11
      5980.00  6.18094e-11
      5990.00  6.03363e-11
      6000.00  5.89010e-11
      6010.00  5.75184e-11
      6020.00  5.62148e-11
      6030.00  5.50228e-11
      6040.00  5.39716e-11
      6050.00  5.30768e-11
      6060.00  5.23406e-11
      6070.00  5.17668e-11
      6080.00  5.13810e-11
      6090.00  5.12378e-11
      6100.00  5.14043e-11
      6110.00  5.19291e-11
      6120.00  5.28185e-11
      6130.00  5.40314e-11
      6140.00  5.54899e-11
      6150.00  5.70974e-11
      6160.00  5.87548e-11
      6170.00  6.03731e-11
      6180.00  6.18791e-11
      6190.00  6.32160e-11
      6200.00  6.43421e-11
      6210.00  6.52321e-11
      6220.00  6.58821e-11
      6230.00  6.63127e-11
      6240.00  6.65632e-11
      6250.00  6.66789e-11
      6260.00  6.66993e-11
      6270.00  6.66565e-11
      6280.00  6.65809e-11
      6290.00  6.65086e-11
      6300.00  6.64786e-11
      6310.00  6.65212e-11
      6320.00  6.66441e-11
      6330.00  6.68271e-11
      6340.00  6.70276e-11
      6350.00  6.71949e-11
      6360.00  6.72849e-11
      6370.00  6.72720e-11
      6380.00  6.71520e-11
      6390.00  6.69371e-11
      6400.00  6.66471e-11
      6410.00  6.63006e-11
      6420.00  6.59118e-11
      6430.00  6.54928e-11
      6440.00  6.50587e-11
      6450.00  6.46291e-11
      6460.00  6.42238e-11
      6470.00  6.38549e-11
      6480.00  6.35199e-11
      6490.00  6.32002e-11
      6500.00  6.28681e-11
      6510.00  6.24972e-11
      6520.00  6.20721e-11
      6530.00  6.15923e-11
      6540.00  6.10698e-11
      6550.00  6.05225e-11
      6560.00  5.99670e-11
      6570.00  5.94136e-11
      6580.00  5.88654e-11
      6590.00  5.83204e-11
      6600.00  5.77755e-11
      6610.00  5.72281e-11
      6620.00  5.66767e-11
      6630.00  5.61197e-11
      6640.00  5.55549e-11
      6650.00  5.49805e-11
      6660.00  5.43961e-11
      6670.00  5.38034e-11
      6680.00  5.32072e-11
      6690.00  5.26147e-11
      6700.00  5.20343e-11
      6710.00  5.14739e-11
      6720.00  5.09376e-11
      6730.00  5.04254e-11
      6740.00  4.99324e-11
      6750.00  4.94494e-11
      6760.00  4.89600e-11
      6770.00  4.84391e-11
      6780.00  4.78589e-11
      6790.00  4.72024e-11
      6800.00  4.64804e-11
      6810.00  4.57353e-11
      6820.00  4.50278e-11
      6830.00  4.44117e-11
      6840.00  4.39134e-11
      6850.00  4.35273e-11
      6860.00  4.32250e-11
      6870.00  4.29697e-11
      6880.00  4.27290e-11
      6890.00  4.24818e-11
      6900.00  4.22220e-11
      6910.00  4.19596e-11
      6920.00  4.17171e-11
      6930.00  4.15229e-11
      6940.00  4.14017e-11
      6950.00  4.13646e-11
      6960.00  4.14055e-11
      6970.00  4.15042e-11
      6980.00  4.16354e-11
      6990.00  4.17771e-11
      7000.00  4.19157e-11
      7010.00  4.20452e-11
      7020.00  4.21639e-11
      7030.00  4.22709e-11
      7040.00  4.23628e-11
      7050.00  4.24326e-11
      7060.00  4.24678e-11
      7070.00  4.24511e-11
      7080.00  4.23633e-11
      7090.00  4.21889e-11
      7100.00  4.19223e-11
      7110.00  4.15718e-11
      7120.00  4.11596e-11
      7130.00  4.07165e-11
      7140.00  4.02749e-11
      7150.00  3.98613e-11
      7160.00  3.94925e-11
      7170.00  3.91740e-11
      7180.00  3.89030e-11
      7190.00  3.86711e-11
      7200.00  3.84680e-11
      7210.00  3.82832e-11
      7220.00  3.81079e-11
      7230.00  3.79351e-11
      7240.00  3.77596e-11
      7250.00  3.75777e-11
      7260.00  3.73863e-11
      7270.00  3.71826e-11
      7280.00  3.69647e-11
      7290.00  3.67325e-11
      7300.00  3.64892e-11
      7310.00  3.62412e-11
      7320.00  3.59960e-11
      7330.00  3.57590e-11
      7340.00  3.55301e-11
      7350.00  3.53033e-11
      7360.00  3.50678e-11
      7370.00  3.48130e-11
      7380.00  3.45311e-11
      7390.00  3.42186e-11
      7400.00  3.38765e-11
      7410.00  3.35091e-11
      7420.00  3.31255e-11
      7430.00  3.27412e-11
      7440.00  3.23793e-11
      7450.00  3.20663e-11
      7460.00  3.18260e-11
      7470.00  3.16704e-11
      7480.00  3.15945e-11
      7490.00  3.15765e-11
      7500.00  3.15836e-11
      7510.00  3.15831e-11
      7520.00  3.15533e-11
      7530.00  3.14913e-11
      7540.00  3.14132e-11
      7550.00  3.13463e-11
      7560.00  3.13175e-11
      7570.00  3.13430e-11
      7580.00  3.14255e-11
      7590.00  3.15577e-11
      7600.00  3.17282e-11
      7610.00  3.19249e-11
      7620.00  3.21357e-11
      7630.00  3.23465e-11
      7640.00  3.25414e-11
      7650.00  3.27039e-11
      7660.00  3.28206e-11
      7670.00  3.28824e-11
      7680.00  3.28856e-11
      7690.00  3.28299e-11
      7700.00  3.27167e-11
      7710.00  3.25472e-11
      7720.00  3.23207e-11
      7730.00  3.20343e-11
      7740.00  3.16843e-11
      7750.00  3.12685e-11
      7760.00  3.07875e-11
      7770.00  3.02467e-11
      7780.00  2.96543e-11
      7790.00  2.90198e-11
      7800.00  2.83515e-11
      7810.00  2.76555e-11
      7820.00  2.69367e-11
      7830.00  2.62009e-11
      7840.00  2.54570e-11
      7850.00  2.47185e-11
      7860.00  2.40025e-11
      7870.00  2.33270e-11
      7880.00  2.27088e-11
      7890.00  2.21609e-11
      7900.00  2.16925e-11
      7910.00  2.13093e-11
      7920.00  2.10140e-11
      7930.00  2.08057e-11
      7940.00  2.06799e-11
      7950.00  2.06279e-11
      7960.00  2.06394e-11
      7970.00  2.07042e-11
      7980.00  2.08166e-11
      7990.00  2.09760e-11
      8000.00  2.11866e-11
      8010.00  2.14535e-11
      8020.00  2.17771e-11
      8030.00  2.21476e-11
      8040.00  2.25420e-11
      8050.00  2.29254e-11
      8060.00  2.32594e-11
      8070.00  2.35131e-11
      8080.00  2.36734e-11
      8090.00  2.37480e-11
      8100.00  2.37607e-11
      8110.00  2.37406e-11
      8120.00  2.37123e-11
      8130.00  2.36919e-11
      8140.00  2.36876e-11
      8150.00  2.37045e-11
      8160.00  2.37478e-11
      8170.00  2.38241e-11
      8180.00  2.39400e-11
      8190.00  2.41005e-11
      8200.00  2.43065e-11
      8210.00  2.45551e-11
      8220.00  2.48397e-11
      8230.00  2.51516e-11
      8240.00  2.54811e-11
      8250.00  2.58189e-11
      8260.00  2.61576e-11
      8270.00  2.64923e-11
      8280.00  2.68221e-11
      8290.00  2.71501e-11
      8300.00  2.74818e-11
      8310.00  2.78234e-11
      8320.00  2.81781e-11
      8330.00  2.85438e-11
      8340.00  2.89116e-11
      8350.00  2.92676e-11
      8360.00  2.95962e-11
      8370.00  2.98843e-11
      8380.00  3.01252e-11
      8390.00  3.03191e-11
      8400.00  3.04729e-11
      8410.00  3.05965e-11
      8420.00  3.06997e-11
      8430.00  3.07893e-11
      8440.00  3.08682e-11
      8450.00  3.09362e-11
      8460.00  3.09913e-11
      8470.00  3.10316e-11
      8480.00  3.10568e-11
      8490.00  3.10673e-11
      8500.00  3.10645e-11
      8510.00  3.10488e-11
      8520.00  3.10199e-11
      8530.00  3.09763e-11
      8540.00  3.09165e-11
      8550.00  3.08400e-11
      8560.00  3.07479e-11
      8570.00  3.06430e-11
      8580.00  3.05293e-11
      8590.00  3.04102e-11
      8600.00  3.02881e-11
      8610.00  3.01634e-11
      8620.00  3.00349e-11
      8630.00  2.99009e-11
      8640.00  2.97601e-11
      8650.00  2.96128e-11
      8660.00  2.94609e-11
      8670.00  2.93076e-11
      8680.00  2.91564e-11
      8690.00  2.90101e-11
      8700.00  2.88696e-11
      8710.00  2.87338e-11
      8720.00  2.85997e-11
      8730.00  2.84633e-11
      8740.00  2.83203e-11
      8750.00  2.81674e-11
      8760.00  2.80025e-11
      8770.00  2.78250e-11
      8780.00  2.76352e-11
      8790.00  2.74328e-11
      8800.00  2.72160e-11
      8810.00  2.69810e-11
      8820.00  2.67223e-11
      8830.00  2.64337e-11
      8840.00  2.61106e-11
      8850.00  2.57516e-11
      8860.00  2.53605e-11
      8870.00  2.49469e-11
      8880.00  2.45257e-11
      8890.00  2.41150e-11
      8900.00  2.37339e-11
      8910.00  2.33988e-11
      8920.00  2.31212e-11
      8930.00  2.29056e-11
      8940.00  2.27493e-11
      8950.00  2.26431e-11
      8960.00  2.25743e-11
      8970.00  2.25293e-11
      8980.00  2.24972e-11
      8990.00  2.24717e-11
      9000.00  2.24513e-11
      9010.00  2.24383e-11
      9020.00  2.24359e-11
      9030.00  2.24461e-11
      9040.00  2.24681e-11
      9050.00  2.24981e-11
      9060.00  2.25312e-11
      9070.00  2.25629e-11
      9080.00  2.25912e-11
      9090.00  2.26161e-11
      9100.00  2.26392e-11
      9110.00  2.26617e-11
      9120.00  2.26826e-11
      9130.00  2.26977e-11
      9140.00  2.26993e-11
      9150.00  2.26767e-11
      9160.00  2.26182e-11
      9170.00  2.25127e-11
      9180.00  2.23523e-11
      9190.00  2.21334e-11
      9200.00  2.18583e-11
      9210.00  2.15351e-11
      9220.00  2.11762e-11
      9230.00  2.07957e-11
      9240.00  2.04054e-11
      9250.00  2.00110e-11
      9260.00  1.96109e-11
      9270.00  1.91996e-11
      9280.00  1.87753e-11
      9290.00  1.83474e-11
      9300.00  1.79378e-11
      9310.00  1.75739e-11
      9320.00  1.72773e-11
      9330.00  1.70554e-11
      9340.00  1.69005e-11
      9350.00  1.67956e-11
      9360.00  1.67223e-11
      9370.00  1.66657e-11
      9380.00  1.66165e-11
      9390.00  1.65696e-11
      9400.00  1.65229e-11
      9410.00  1.64757e-11
      9420.00  1.64278e-11
      9430.00  1.63793e-11
      9440.00  1.63305e-11
      9450.00  1.62813e-11
      9460.00  1.62321e-11
      9470.00  1.61829e-11
      9480.00  1.61337e-11
      9490.00  1.60844e-11
      9500.00  1.60349e-11
      9510.00  1.59851e-11
      9520.00  1.59347e-11
      9530.00  1.58834e-11
      9540.00  1.58309e-11
      9550.00  1.57768e-11
      9560.00  1.57208e-11
      9570.00  1.56626e-11
      9580.00  1.56019e-11
      9590.00  1.55384e-11
      9600.00  1.54720e-11
      9610.00  1.54026e-11
      9620.00  1.53302e-11
      9630.00  1.52546e-11
      9640.00  1.51761e-11
      9650.00  1.50947e-11
      9660.00  1.50107e-11
      9670.00  1.49242e-11
      9680.00  1.48355e-11
      9690.00  1.47450e-11
      9700.00  1.46531e-11
      9710.00  1.45600e-11
      9720.00  1.44661e-11
      9730.00  1.43720e-11
      9740.00  1.42780e-11
      9750.00  1.41845e-11
      9760.00  1.40921e-11
      9770.00  1.40012e-11
      9780.00  1.39122e-11
      9790.00  1.38257e-11
      9800.00  1.37422e-11
      9810.00  1.36621e-11
      9820.00  1.35859e-11
      9830.00  1.35143e-11
      9840.00  1.34477e-11
      9850.00  1.33866e-11
      9860.00  1.33317e-11
      9870.00  1.32835e-11
      9880.00  1.32424e-11
      9890.00  1.32089e-11
      9900.00  1.31835e-11
      9910.00  1.31662e-11
      9920.00  1.31574e-11
      9930.00  1.31569e-11
      9940.00  1.31646e-11
      9950.00  1.31800e-11
      9960.00  1.32026e-11
      9970.00  1.32316e-11
      9980.00  1.32659e-11
      9990.00  1.33045e-11
      10000.0  1.33461e-11
      10010.0  1.33895e-11
      10020.0  1.34333e-11
      10030.0  1.34763e-11
      10040.0  1.35173e-11
      10050.0  1.35553e-11
      10060.0  1.35896e-11
      10070.0  1.36194e-11
      10080.0  1.36446e-11
      10090.0  1.36649e-11
      10100.0  1.36805e-11
      10110.0  1.36918e-11
      10120.0  1.36995e-11
      10130.0  1.37043e-11
      10140.0  1.37072e-11
      10150.0  1.37092e-11
      10160.0  1.37115e-11
      10170.0  1.37150e-11
      10180.0  1.37209e-11
      10190.0  1.37299e-11
      10200.0  1.37430e-11
      10210.0  1.37607e-11
      10220.0  1.37832e-11
      10230.0  1.38106e-11
      10240.0  1.38428e-11
      10250.0  1.38791e-11
      10260.0  1.39190e-11
      10270.0  1.39613e-11
      10280.0  1.40049e-11
      10290.0  1.40485e-11
      10300.0  1.40907e-11
      10310.0  1.41300e-11
      10320.0  1.41651e-11
      10330.0  1.41947e-11
      10340.0  1.42177e-11
      10350.0  1.42332e-11
      10360.0  1.42406e-11
      10370.0  1.42395e-11
      10380.0  1.42299e-11
      10390.0  1.42120e-11
      10400.0  1.41861e-11
      10410.0  1.41531e-11
      10420.0  1.41138e-11
      10430.0  1.40691e-11
      10440.0  1.40203e-11
      10450.0  1.39684e-11
      10460.0  1.39147e-11
      10470.0  1.38603e-11
      10480.0  1.38063e-11
      10490.0  1.37536e-11
      10500.0  1.37032e-11
      10510.0  1.36557e-11
      10520.0  1.36117e-11
      10530.0  1.35718e-11
      10540.0  1.35361e-11
      10550.0  1.35050e-11
      10560.0  1.34783e-11
      10570.0  1.34561e-11
      10580.0  1.34381e-11
      10590.0  1.34241e-11
      10600.0  1.34137e-11
      10610.0  1.34066e-11
      10620.0  1.34021e-11
      10630.0  1.33999e-11
      10640.0  1.33994e-11
      10650.0  1.34002e-11
      10660.0  1.34016e-11
      10670.0  1.34033e-11
      10680.0  1.34047e-11
      10690.0  1.34054e-11
      10700.0  1.34050e-11
      10710.0  1.34032e-11
      10720.0  1.33997e-11
      10730.0  1.33942e-11
      10740.0  1.33864e-11
      10750.0  1.33763e-11
      10760.0  1.33638e-11
      10770.0  1.33487e-11
      10780.0  1.33312e-11
      10790.0  1.33112e-11
      10800.0  1.32888e-11
      10810.0  1.32643e-11
      10820.0  1.32377e-11
      10830.0  1.32092e-11
      10840.0  1.31792e-11
      10850.0  1.31479e-11
      10860.0  1.31155e-11
      10870.0  1.30823e-11
      10880.0  1.30487e-11
      10890.0  1.30149e-11
      10900.0  1.29812e-11
      10910.0  1.29478e-11
      10920.0  1.29150e-11
      10930.0  1.28828e-11
      10940.0  1.28515e-11
      10950.0  1.28212e-11
      10960.0  1.27918e-11
      10970.0  1.27635e-11
      10980.0  1.27361e-11
      10990.0  1.27095e-11
      11000.0  1.26838e-11
      11010.0  1.26586e-11
      11020.0  1.26338e-11
      11030.0  1.26091e-11
      11040.0  1.25844e-11
      11050.0  1.25594e-11
      11060.0  1.25337e-11
      11070.0  1.25073e-11
      11080.0  1.24798e-11
      11090.0  1.24510e-11
      11100.0  1.24207e-11
      11110.0  1.23888e-11
      11120.0  1.23550e-11
      11130.0  1.23193e-11
      11140.0  1.22816e-11
      11150.0  1.22418e-11
      11160.0  1.22000e-11
      11170.0  1.21562e-11
      11180.0  1.21103e-11
      11190.0  1.20627e-11
      11200.0  1.20132e-11
      11210.0  1.19622e-11
      11220.0  1.19098e-11
      11230.0  1.18561e-11
      11240.0  1.18014e-11
      11250.0  1.17459e-11
      11260.0  1.16897e-11
      11270.0  1.16330e-11
      11280.0  1.15761e-11
      11290.0  1.15191e-11
      11300.0  1.14621e-11
      11310.0  1.14054e-11
      11320.0  1.13489e-11
      11330.0  1.12929e-11
      11340.0  1.12374e-11
      11350.0  1.11825e-11
      11360.0  1.11282e-11
      11370.0  1.10745e-11
      11380.0  1.10215e-11
      11390.0  1.09692e-11
      11400.0  1.09176e-11
      11410.0  1.08666e-11
      11420.0  1.08163e-11
      11430.0  1.07667e-11
      11440.0  1.07176e-11
      11450.0  1.06692e-11
      11460.0  1.06213e-11
      11470.0  1.05739e-11
      11480.0  1.05270e-11
      11490.0  1.04806e-11
      11500.0  1.04346e-11
      11510.0  1.03891e-11
      11520.0  1.03439e-11
      11530.0  1.02990e-11
      11540.0  1.02545e-11
      11550.0  1.02103e-11
      11560.0  1.01663e-11
      11570.0  1.01226e-11
      11580.0  1.00791e-11
      11590.0  1.00357e-11
      11600.0  9.99252e-12
      11610.0  9.94942e-12
      11620.0  9.90640e-12
      11630.0  9.86343e-12
      11640.0  9.82049e-12
      11650.0  9.77755e-12
      11660.0  9.73459e-12
      11670.0  9.69159e-12
      11680.0  9.64853e-12
      11690.0  9.60540e-12
      11700.0  9.56219e-12
      11710.0  9.51889e-12
      11720.0  9.47551e-12
      11730.0  9.43205e-12
      11740.0  9.38851e-12
      11750.0  9.34491e-12
      11760.0  9.30125e-12
      11770.0  9.25754e-12
      11780.0  9.21382e-12
      11790.0  9.17008e-12
      11800.0  9.12635e-12
      11810.0  9.08263e-12
      11820.0  9.03895e-12
      11830.0  8.99530e-12
      11840.0  8.95171e-12
      11850.0  8.90817e-12
      11860.0  8.86468e-12
      11870.0  8.82126e-12
      11880.0  8.77789e-12
      11890.0  8.73458e-12
      11900.0  8.69133e-12
      11910.0  8.64813e-12
      11920.0  8.60498e-12
      11930.0  8.56190e-12
      11940.0  8.51889e-12
      11950.0  8.47596e-12
      11960.0  8.43314e-12
      11970.0  8.39046e-12
      11980.0  8.34795e-12
      11990.0  8.30565e-12
      12000.0  8.26362e-12
      12010.0  8.22192e-12
      12020.0  8.18063e-12
      12030.0  8.13981e-12
      12040.0  8.09956e-12
      12050.0  8.05996e-12
      12060.0  8.02110e-12
      12070.0  7.98308e-12
      12080.0  7.94598e-12
      12090.0  7.90990e-12
      12100.0  7.87491e-12
      12110.0  7.84109e-12
      12120.0  7.80850e-12
      12130.0  7.77719e-12
      12140.0  7.74718e-12
      12150.0  7.71850e-12
      12160.0  7.69115e-12
      12170.0  7.66510e-12
      12180.0  7.64031e-12
      12190.0  7.61673e-12
      12200.0  7.59428e-12
      12210.0  7.57287e-12
      12220.0  7.55240e-12
      12230.0  7.53276e-12
      12240.0  7.51380e-12
      12250.0  7.49542e-12
      12260.0  7.47746e-12
      12270.0  7.45980e-12
      12280.0  7.44231e-12
      12290.0  7.42485e-12
      12300.0  7.40731e-12
      12310.0  7.38958e-12
      12320.0  7.37155e-12
      12330.0  7.35316e-12
      12340.0  7.33432e-12
      12350.0  7.31498e-12
      12360.0  7.29509e-12
      12370.0  7.27463e-12
      12380.0  7.25359e-12
      12390.0  7.23195e-12
      12400.0  7.20972e-12
      12410.0  7.18692e-12
      12420.0  7.16357e-12
      12430.0  7.13971e-12
      12440.0  7.11536e-12
      12450.0  7.09057e-12
      12460.0  7.06536e-12
      12470.0  7.03978e-12
      12480.0  7.01387e-12
      12490.0  6.98765e-12
      12500.0  6.96116e-12
      12510.0  6.93443e-12
      12520.0  6.90748e-12
      12530.0  6.88033e-12
      12540.0  6.85300e-12
      12550.0  6.82551e-12
      12560.0  6.79786e-12
      12570.0  6.77006e-12
      12580.0  6.74213e-12
      12590.0  6.71407e-12
      12600.0  6.68589e-12
      12610.0  6.65760e-12
      12620.0  6.62921e-12
      12630.0  6.60073e-12
      12640.0  6.57218e-12
      12650.0  6.54356e-12
      12660.0  6.51490e-12
      12670.0  6.48621e-12
      12680.0  6.45751e-12
      12690.0  6.42883e-12
      12700.0  6.40019e-12
      12710.0  6.37161e-12
      12720.0  6.34312e-12
      12730.0  6.31474e-12
      12740.0  6.28651e-12
      12750.0  6.25844e-12
      12760.0  6.23058e-12
      12770.0  6.20294e-12
      12780.0  6.17556e-12
      12790.0  6.14847e-12
      12800.0  6.12169e-12
      12810.0  6.09526e-12
      12820.0  6.06920e-12
      12830.0  6.04354e-12
      12840.0  6.01831e-12
      12850.0  5.99352e-12
      12860.0  5.96921e-12
      12870.0  5.94540e-12
      12880.0  5.92209e-12
      12890.0  5.89930e-12
      12900.0  5.87705e-12
      12910.0  5.85534e-12
      12920.0  5.83417e-12
      12930.0  5.81354e-12
      12940.0  5.79345e-12
      12950.0  5.77389e-12
      12960.0  5.75485e-12
      12970.0  5.73634e-12
      12980.0  5.71832e-12
      12990.0  5.70080e-12
      13000.0  5.68377e-12
      13010.0  5.66722e-12
      13020.0  5.65114e-12
      13030.0  5.63554e-12
      13040.0  5.62041e-12
      13050.0  5.60576e-12
      13060.0  5.59160e-12
      13070.0  5.57795e-12
      13080.0  5.56481e-12
      13090.0  5.55220e-12
      13100.0  5.54015e-12
      13110.0  5.52867e-12
      13120.0  5.51778e-12
      13130.0  5.50749e-12
      13140.0  5.49781e-12
      13150.0  5.48876e-12
      13160.0  5.48032e-12
      13170.0  5.47248e-12
      13180.0  5.46524e-12
      13190.0  5.45857e-12
      13200.0  5.45242e-12
      13210.0  5.44676e-12
      13220.0  5.44152e-12
      13230.0  5.43665e-12
      13240.0  5.43207e-12
      13250.0  5.42771e-12
      13260.0  5.42349e-12
      13270.0  5.41931e-12
      13280.0  5.41510e-12
      13290.0  5.41075e-12
      13300.0  5.40619e-12
      13310.0  5.40133e-12
      13320.0  5.39609e-12
      13330.0  5.39040e-12
      13340.0  5.38420e-12
      13350.0  5.37743e-12
      13360.0  5.37004e-12
      13370.0  5.36199e-12
      13380.0  5.35326e-12
      13390.0  5.34382e-12
      13400.0  5.33366e-12
      13410.0  5.32278e-12
      13420.0  5.31118e-12
      13430.0  5.29887e-12
      13440.0  5.28586e-12
      13450.0  5.27217e-12
      13460.0  5.25783e-12
      13470.0  5.24287e-12
      13480.0  5.22729e-12
      13490.0  5.21115e-12
      13500.0  5.19445e-12
      13510.0  5.17724e-12
      13520.0  5.15954e-12
      13530.0  5.14137e-12
      13540.0  5.12277e-12
      13550.0  5.10376e-12
      13560.0  5.08438e-12
      13570.0  5.06464e-12
      13580.0  5.04457e-12
      13590.0  5.02420e-12
      13600.0  5.00356e-12
      13610.0  4.98267e-12
      13620.0  4.96156e-12
      13630.0  4.94026e-12
      13640.0  4.91878e-12
      13650.0  4.89717e-12
      13660.0  4.87545e-12
      13670.0  4.85365e-12
      13680.0  4.83179e-12
      13690.0  4.80991e-12
      13700.0  4.78803e-12
      13710.0  4.76619e-12
      13720.0  4.74442e-12
      13730.0  4.72274e-12
      13740.0  4.70119e-12
      13750.0  4.67980e-12
      13760.0  4.65859e-12
      13770.0  4.63759e-12
      13780.0  4.61683e-12
      13790.0  4.59634e-12
      13800.0  4.57614e-12
      13810.0  4.55624e-12
      13820.0  4.53668e-12
      13830.0  4.51746e-12
      13840.0  4.49860e-12
      13850.0  4.48011e-12
      13860.0  4.46200e-12
      13870.0  4.44427e-12
      13880.0  4.42693e-12
      13890.0  4.40997e-12
      13900.0  4.39338e-12
      13910.0  4.37717e-12
      13920.0  4.36132e-12
      13930.0  4.34581e-12
      13940.0  4.33066e-12
      13950.0  4.31583e-12
      13960.0  4.30132e-12
      13970.0  4.28712e-12
      13980.0  4.27322e-12
      13990.0  4.25963e-12
      14000.0  4.24633e-12
      14010.0  4.23333e-12
      14020.0  4.22064e-12
      14030.0  4.20825e-12
      14040.0  4.19620e-12
      14050.0  4.18447e-12
      14060.0  4.17310e-12
      14070.0  4.16210e-12
      14080.0  4.15149e-12
      14090.0  4.14128e-12
      14100.0  4.13148e-12
      14110.0  4.12211e-12
      14120.0  4.11318e-12
      14130.0  4.10468e-12
      14140.0  4.09662e-12
      14150.0  4.08899e-12
      14160.0  4.08176e-12
      14170.0  4.07491e-12
      14180.0  4.06842e-12
      14190.0  4.06225e-12
      14200.0  4.05635e-12
      14210.0  4.05069e-12
      14220.0  4.04520e-12
      14230.0  4.03984e-12
      14240.0  4.03454e-12
      14250.0  4.02927e-12
      14260.0  4.02396e-12
      14270.0  4.01856e-12
      14280.0  4.01303e-12
      14290.0  4.00732e-12
      14300.0  4.00141e-12
      14310.0  3.99527e-12
      14320.0  3.98887e-12
      14330.0  3.98221e-12
      14340.0  3.97527e-12
      14350.0  3.96807e-12
      14360.0  3.96062e-12
      14370.0  3.95293e-12
      14380.0  3.94503e-12
      14390.0  3.93694e-12
      14400.0  3.92871e-12
      14410.0  3.92037e-12
      14420.0  3.91195e-12
      14430.0  3.90350e-12
      14440.0  3.89505e-12
      14450.0  3.88664e-12
      14460.0  3.87831e-12
      14470.0  3.87010e-12
      14480.0  3.86202e-12
      14490.0  3.85411e-12
      14500.0  3.84639e-12
      14510.0  3.83887e-12
      14520.0  3.83156e-12
      14530.0  3.82447e-12
      14540.0  3.81760e-12
      14550.0  3.81094e-12
      14560.0  3.80448e-12
      14570.0  3.79821e-12
      14580.0  3.79210e-12
      14590.0  3.78614e-12
      14600.0  3.78029e-12
      14610.0  3.77453e-12
      14620.0  3.76882e-12
      14630.0  3.76312e-12
      14640.0  3.75741e-12
      14650.0  3.75164e-12
      14660.0  3.74578e-12
      14670.0  3.73979e-12
      14680.0  3.73364e-12
      14690.0  3.72731e-12
      14700.0  3.72075e-12
      14710.0  3.71395e-12
      14720.0  3.70689e-12
      14730.0  3.69954e-12
      14740.0  3.69190e-12
      14750.0  3.68396e-12
      14760.0  3.67571e-12
      14770.0  3.66717e-12
      14780.0  3.65832e-12
      14790.0  3.64919e-12
      14800.0  3.63980e-12
      14810.0  3.63015e-12
      14820.0  3.62028e-12
      14830.0  3.61021e-12
      14840.0  3.59996e-12
      14850.0  3.58957e-12
      14860.0  3.57907e-12
      14870.0  3.56849e-12
      14880.0  3.55786e-12
      14890.0  3.54722e-12
      14900.0  3.53658e-12
      14910.0  3.52598e-12
      14920.0  3.51546e-12
      14930.0  3.50502e-12
      14940.0  3.49469e-12
      14950.0  3.48450e-12
      14960.0  3.47446e-12
      14970.0  3.46458e-12
      14980.0  3.45486e-12
      14990.0  3.44533e-12
      15000.0  3.43597e-12
      15010.0  3.42680e-12
      15020.0  3.41781e-12
      15030.0  3.40898e-12
      15040.0  3.40033e-12
      15050.0  3.39183e-12
      15060.0  3.38347e-12
      15070.0  3.37524e-12
      15080.0  3.36712e-12
      15090.0  3.35909e-12
      15100.0  3.35115e-12
      15110.0  3.34326e-12
      15120.0  3.33542e-12
      15130.0  3.32759e-12
      15140.0  3.31978e-12
      15150.0  3.31195e-12
      15160.0  3.30409e-12
      15170.0  3.29620e-12
      15180.0  3.28825e-12
      15190.0  3.28024e-12
      15200.0  3.27216e-12
      15210.0  3.26401e-12
      15220.0  3.25578e-12
      15230.0  3.24748e-12
      15240.0  3.23909e-12
      15250.0  3.23064e-12
      15260.0  3.22213e-12
      15270.0  3.21356e-12
      15280.0  3.20495e-12
      15290.0  3.19631e-12
      15300.0  3.18764e-12
      15310.0  3.17897e-12
      15320.0  3.17031e-12
      15330.0  3.16166e-12
      15340.0  3.15305e-12
      15350.0  3.14448e-12
      15360.0  3.13596e-12
      15370.0  3.12752e-12
      15380.0  3.11914e-12
      15390.0  3.11085e-12
      15400.0  3.10265e-12
      15410.0  3.09454e-12
      15420.0  3.08653e-12
      15430.0  3.07861e-12
      15440.0  3.07079e-12
      15450.0  3.06307e-12
      15460.0  3.05544e-12
      15470.0  3.04791e-12
      15480.0  3.04046e-12
      15490.0  3.03310e-12
      15500.0  3.02582e-12
      15510.0  3.01861e-12
      15520.0  3.01147e-12
      15530.0  3.00440e-12
      15540.0  2.99738e-12
      15550.0  2.99042e-12
      15560.0  2.98349e-12
      15570.0  2.97660e-12
      15580.0  2.96974e-12
      15590.0  2.96290e-12
      15600.0  2.95608e-12
      15610.0  2.94926e-12
      15620.0  2.94243e-12
      15630.0  2.93560e-12
      15640.0  2.92875e-12
      15650.0  2.92187e-12
      15660.0  2.91496e-12
      15670.0  2.90802e-12
      15680.0  2.90104e-12
      15690.0  2.89402e-12
      15700.0  2.88695e-12
      15710.0  2.87983e-12
      15720.0  2.87267e-12
      15730.0  2.86547e-12
      15740.0  2.85823e-12
      15750.0  2.85096e-12
      15760.0  2.84365e-12
      15770.0  2.83633e-12
      15780.0  2.82900e-12
      15790.0  2.82167e-12
      15800.0  2.81435e-12
      15810.0  2.80705e-12
      15820.0  2.79978e-12
      15830.0  2.79256e-12
      15840.0  2.78539e-12
      15850.0  2.77829e-12
      15860.0  2.77127e-12
      15870.0  2.76434e-12
      15880.0  2.75752e-12
      15890.0  2.75080e-12
      15900.0  2.74421e-12
      15910.0  2.73775e-12
      15920.0  2.73144e-12
      15930.0  2.72527e-12
      15940.0  2.71927e-12
      15950.0  2.71344e-12
      15960.0  2.70779e-12
      15970.0  2.70234e-12
      15980.0  2.69709e-12
      15990.0  2.69205e-12
      16000.0  2.68725e-12
      16010.0  2.68268e-12
      16020.0  2.67837e-12
      16030.0  2.67432e-12
      16040.0  2.67055e-12
      16050.0  2.66708e-12
      16060.0  2.66391e-12
      16070.0  2.66107e-12
      16080.0  2.65855e-12
      16090.0  2.65639e-12
      16100.0  2.65457e-12
      16110.0  2.65312e-12
      16120.0  2.65204e-12
      16130.0  2.65134e-12
      16140.0  2.65101e-12
      16150.0  2.65107e-12
      16160.0  2.65150e-12
      16170.0  2.65230e-12
      16180.0  2.65348e-12
      16190.0  2.65500e-12
      16200.0  2.65687e-12
      16210.0  2.65907e-12
      16220.0  2.66158e-12
      16230.0  2.66438e-12
      16240.0  2.66745e-12
      16250.0  2.67076e-12
      16260.0  2.67430e-12
      16270.0  2.67803e-12
      16280.0  2.68192e-12
      16290.0  2.68596e-12
      16300.0  2.69012e-12
      16310.0  2.69436e-12
      16320.0  2.69867e-12
      16330.0  2.70301e-12
      16340.0  2.70737e-12
      16350.0  2.71173e-12
      16360.0  2.71605e-12
      16370.0  2.72034e-12
      16380.0  2.72456e-12
      16390.0  2.72871e-12
      16400.0  2.73277e-12
      16410.0  2.73672e-12
      16420.0  2.74057e-12
      16430.0  2.74429e-12
      16440.0  2.74789e-12
      16450.0  2.75136e-12
      16460.0  2.75468e-12
      16470.0  2.75786e-12
      16480.0  2.76089e-12
      16490.0  2.76377e-12
      16500.0  2.76648e-12
      16510.0  2.76903e-12
      16520.0  2.77141e-12
      16530.0  2.77362e-12
      16540.0  2.77564e-12
      16550.0  2.77749e-12
      16560.0  2.77913e-12
      16570.0  2.78059e-12
      16580.0  2.78184e-12
      16590.0  2.78288e-12
      16600.0  2.78370e-12
      16610.0  2.78431e-12
      16620.0  2.78469e-12
      16630.0  2.78484e-12
      16640.0  2.78476e-12
      16650.0  2.78445e-12
      16660.0  2.78389e-12
      16670.0  2.78310e-12
      16680.0  2.78207e-12
      16690.0  2.78080e-12
      16700.0  2.77930e-12
      16710.0  2.77757e-12
      16720.0  2.77561e-12
      16730.0  2.77343e-12
      16740.0  2.77104e-12
      16750.0  2.76844e-12
      16760.0  2.76564e-12
      16770.0  2.76265e-12
      16780.0  2.75949e-12
      16790.0  2.75616e-12
      16800.0  2.75267e-12
      16810.0  2.74903e-12
      16820.0  2.74526e-12
      16830.0  2.74136e-12
      16840.0  2.73735e-12
      16850.0  2.73323e-12
      16860.0  2.72902e-12
      16870.0  2.72473e-12
      16880.0  2.72037e-12
      16890.0  2.71595e-12
      16900.0  2.71147e-12
      16910.0  2.70695e-12
      16920.0  2.70239e-12
      16930.0  2.69781e-12
      16940.0  2.69320e-12
      16950.0  2.68859e-12
      16960.0  2.68398e-12
      16970.0  2.67937e-12
      16980.0  2.67477e-12
      16990.0  2.67019e-12
      17000.0  2.66563e-12
      17010.0  2.66110e-12
      17020.0  2.65660e-12
      17030.0  2.65214e-12
      17040.0  2.64771e-12
      17050.0  2.64333e-12
      17060.0  2.63898e-12
      17070.0  2.63468e-12
      17080.0  2.63042e-12
      17090.0  2.62621e-12
      17100.0  2.62202e-12
      17110.0  2.61788e-12
      17120.0  2.61376e-12
      17130.0  2.60967e-12
      17140.0  2.60560e-12
      17150.0  2.60154e-12
      17160.0  2.59749e-12
      17170.0  2.59345e-12
      17180.0  2.58939e-12
      17190.0  2.58532e-12
      17200.0  2.58124e-12
      17210.0  2.57712e-12
      17220.0  2.57297e-12
      17230.0  2.56877e-12
      17240.0  2.56452e-12
      17250.0  2.56022e-12
      17260.0  2.55585e-12
      17270.0  2.55142e-12
      17280.0  2.54691e-12
      17290.0  2.54232e-12
      17300.0  2.53765e-12
      17310.0  2.53290e-12
      17320.0  2.52805e-12
      17330.0  2.52312e-12
      17340.0  2.51809e-12
      17350.0  2.51298e-12
      17360.0  2.50777e-12
      17370.0  2.50248e-12
      17380.0  2.49711e-12
      17390.0  2.49165e-12
      17400.0  2.48611e-12
      17410.0  2.48050e-12
      17420.0  2.47482e-12
      17430.0  2.46907e-12
      17440.0  2.46327e-12
      17450.0  2.45741e-12
      17460.0  2.45151e-12
      17470.0  2.44556e-12
      17480.0  2.43958e-12
      17490.0  2.43357e-12
      17500.0  2.42753e-12
      17510.0  2.42146e-12
      17520.0  2.41538e-12
      17530.0  2.40928e-12
      17540.0  2.40316e-12
      17550.0  2.39703e-12
      17560.0  2.39089e-12
      17570.0  2.38473e-12
      17580.0  2.37855e-12
      17590.0  2.37235e-12
      17600.0  2.36613e-12
      17610.0  2.35987e-12
      17620.0  2.35358e-12
      17630.0  2.34725e-12
      17640.0  2.34086e-12
      17650.0  2.33440e-12
      17660.0  2.32788e-12
      17670.0  2.32127e-12
      17680.0  2.31457e-12
      17690.0  2.30777e-12
      17700.0  2.30085e-12
      17710.0  2.29382e-12
      17720.0  2.28665e-12
      17730.0  2.27935e-12
      17740.0  2.27192e-12
      17750.0  2.26435e-12
      17760.0  2.25664e-12
      17770.0  2.24881e-12
      17780.0  2.24085e-12
      17790.0  2.23278e-12
      17800.0  2.22462e-12
      17810.0  2.21638e-12
      17820.0  2.20808e-12
      17830.0  2.19975e-12
      17840.0  2.19141e-12
      17850.0  2.18310e-12
      17860.0  2.17483e-12
      17870.0  2.16664e-12
      17880.0  2.15857e-12
      17890.0  2.15063e-12
      17900.0  2.14286e-12
      17910.0  2.13528e-12
      17920.0  2.12793e-12
      17930.0  2.12081e-12
      17940.0  2.11395e-12
      17950.0  2.10736e-12
      17960.0  2.10106e-12
      17970.0  2.09504e-12
      17980.0  2.08933e-12
      17990.0  2.08390e-12
      18000.0  2.07877e-12
      18010.0  2.07393e-12
      18020.0  2.06936e-12
      18030.0  2.06504e-12
      18040.0  2.06098e-12
      18050.0  2.05715e-12
      18060.0  2.05353e-12
      18070.0  2.05010e-12
      18080.0  2.04685e-12
      18090.0  2.04375e-12
      18100.0  2.04079e-12
      18110.0  2.03794e-12
      18120.0  2.03519e-12
      18130.0  2.03252e-12
      18140.0  2.02992e-12
      18150.0  2.02737e-12
      18160.0  2.02486e-12
      18170.0  2.02238e-12
      18180.0  2.01991e-12
      18190.0  2.01745e-12
      18200.0  2.01499e-12
      18210.0  2.01253e-12
      18220.0  2.01006e-12
      18230.0  2.00758e-12
      18240.0  2.00508e-12
      18250.0  2.00257e-12
      18260.0  2.00005e-12
      18270.0  1.99751e-12
      18280.0  1.99496e-12
      18290.0  1.99241e-12
      18300.0  1.98984e-12
      18310.0  1.98726e-12
      18320.0  1.98469e-12
      18330.0  1.98211e-12
      18340.0  1.97954e-12
      18350.0  1.97698e-12
      18360.0  1.97442e-12
      18370.0  1.97188e-12
      18380.0  1.96936e-12
      18390.0  1.96685e-12
      18400.0  1.96436e-12
      18410.0  1.96189e-12
      18420.0  1.95944e-12
      18430.0  1.95701e-12
      18440.0  1.95459e-12
      18450.0  1.95220e-12
      18460.0  1.94981e-12
      18470.0  1.94744e-12
      18480.0  1.94507e-12
      18490.0  1.94269e-12
      18500.0  1.94031e-12
      18510.0  1.93790e-12
      18520.0  1.93546e-12
      18530.0  1.93298e-12
      18540.0  1.93045e-12
      18550.0  1.92784e-12
      18560.0  1.92515e-12
      18570.0  1.92236e-12
      18580.0  1.91946e-12
      18590.0  1.91642e-12
      18600.0  1.91324e-12
      18610.0  1.90989e-12
      18620.0  1.90636e-12
      18630.0  1.90264e-12
      18640.0  1.89871e-12
      18650.0  1.89456e-12
      18660.0  1.89019e-12
      18670.0  1.88557e-12
      18680.0  1.88072e-12
      18690.0  1.87563e-12
      18700.0  1.87030e-12
      18710.0  1.86473e-12
      18720.0  1.85894e-12
      18730.0  1.85293e-12
      18740.0  1.84672e-12
      18750.0  1.84032e-12
      18760.0  1.83377e-12
      18770.0  1.82707e-12
      18780.0  1.82026e-12
      18790.0  1.81337e-12
      18800.0  1.80642e-12
      18810.0  1.79945e-12
      18820.0  1.79248e-12
      18830.0  1.78554e-12
      18840.0  1.77867e-12
      18850.0  1.77188e-12
      18860.0  1.76522e-12
      18870.0  1.75869e-12
      18880.0  1.75233e-12
      18890.0  1.74614e-12
      18900.0  1.74015e-12
      18910.0  1.73436e-12
      18920.0  1.72879e-12
      18930.0  1.72342e-12
      18940.0  1.71827e-12
      18950.0  1.71333e-12
      18960.0  1.70860e-12
      18970.0  1.70405e-12
      18980.0  1.69968e-12
      18990.0  1.69548e-12
      19000.0  1.69143e-12
      19010.0  1.68751e-12
      19020.0  1.68369e-12
      19030.0  1.67997e-12
      19040.0  1.67631e-12
      19050.0  1.67270e-12
      19060.0  1.66913e-12
      19070.0  1.66557e-12
      19080.0  1.66200e-12
      19090.0  1.65842e-12
      19100.0  1.65480e-12
      19110.0  1.65114e-12
      19120.0  1.64743e-12
      19130.0  1.64366e-12
      19140.0  1.63982e-12
      19150.0  1.63592e-12
      19160.0  1.63194e-12
      19170.0  1.62790e-12
      19180.0  1.62378e-12
      19190.0  1.61960e-12
      19200.0  1.61536e-12
      19210.0  1.61105e-12
      19220.0  1.60669e-12
      19230.0  1.60228e-12
      19240.0  1.59783e-12
      19250.0  1.59334e-12
      19260.0  1.58882e-12
      19270.0  1.58426e-12
      19280.0  1.57969e-12
      19290.0  1.57510e-12
      19300.0  1.57049e-12
      19310.0  1.56588e-12
      19320.0  1.56126e-12
      19330.0  1.55664e-12
      19340.0  1.55202e-12
      19350.0  1.54741e-12
      19360.0  1.54281e-12
      19370.0  1.53823e-12
      19380.0  1.53366e-12
      19390.0  1.52911e-12
      19400.0  1.52460e-12
      19410.0  1.52011e-12
      19420.0  1.51565e-12
      19430.0  1.51124e-12
      19440.0  1.50687e-12
      19450.0  1.50254e-12
      19460.0  1.49827e-12
      19470.0  1.49405e-12
      19480.0  1.48988e-12
      19490.0  1.48578e-12
      19500.0  1.48173e-12
      19510.0  1.47774e-12
      19520.0  1.47381e-12
      19530.0  1.46993e-12
      19540.0  1.46611e-12
      19550.0  1.46234e-12
      19560.0  1.45862e-12
      19570.0  1.45493e-12
      19580.0  1.45127e-12
      19590.0  1.44765e-12
      19600.0  1.44404e-12
      19610.0  1.44044e-12
      19620.0  1.43684e-12
      19630.0  1.43324e-12
      19640.0  1.42962e-12
      19650.0  1.42599e-12
      19660.0  1.42234e-12
      19670.0  1.41865e-12
      19680.0  1.41493e-12
      19690.0  1.41118e-12
      19700.0  1.40740e-12
      19710.0  1.40358e-12
      19720.0  1.39974e-12
      19730.0  1.39587e-12
      19740.0  1.39199e-12
      19750.0  1.38809e-12
      19760.0  1.38420e-12
      19770.0  1.38033e-12
      19780.0  1.37648e-12
      19790.0  1.37267e-12
      19800.0  1.36891e-12
      19810.0  1.36522e-12
      19820.0  1.36162e-12
      19830.0  1.35812e-12
      19840.0  1.35472e-12
      19850.0  1.35146e-12
      19860.0  1.34834e-12
      19870.0  1.34536e-12
      19880.0  1.34255e-12
      19890.0  1.33991e-12
      19900.0  1.33745e-12
      19910.0  1.33517e-12
      19920.0  1.33307e-12
      19930.0  1.33116e-12
      19940.0  1.32944e-12
      19950.0  1.32789e-12
      19960.0  1.32653e-12
      19970.0  1.32533e-12
      19980.0  1.32429e-12
      19990.0  1.32341e-12
      20000.0  1.32266e-12
      20010.0  1.32204e-12
      20020.0  1.32153e-12
      20030.0  1.32111e-12
      20040.0  1.32078e-12
      20050.0  1.32051e-12
      20060.0  1.32029e-12
      20070.0  1.32010e-12
      20080.0  1.31993e-12
      20090.0  1.31975e-12
      20100.0  1.31957e-12
      20110.0  1.31935e-12
      20120.0  1.31909e-12
      20130.0  1.31878e-12
      20140.0  1.31840e-12
      20150.0  1.31795e-12
      20160.0  1.31742e-12
      20170.0  1.31680e-12
      20180.0  1.31610e-12
      20190.0  1.31530e-12
      20200.0  1.31441e-12
      20210.0  1.31342e-12
      20220.0  1.31235e-12
      20230.0  1.31119e-12
      20240.0  1.30996e-12
      20250.0  1.30865e-12
      20260.0  1.30728e-12
      20270.0  1.30585e-12
      20280.0  1.30438e-12
      20290.0  1.30288e-12
      20300.0  1.30136e-12
      20310.0  1.29982e-12
      20320.0  1.29829e-12
      20330.0  1.29677e-12
      20340.0  1.29527e-12
      20350.0  1.29381e-12
      20360.0  1.29239e-12
      20370.0  1.29103e-12
      20380.0  1.28973e-12
      20390.0  1.28849e-12
      20400.0  1.28733e-12
      20410.0  1.28625e-12
      20420.0  1.28526e-12
      20430.0  1.28434e-12
      20440.0  1.28352e-12
      20450.0  1.28278e-12
      20460.0  1.28213e-12
      20470.0  1.28157e-12
      20480.0  1.28108e-12
      20490.0  1.28067e-12
      20500.0  1.28033e-12
      20510.0  1.28006e-12
      20520.0  1.27985e-12
      20530.0  1.27969e-12
      20540.0  1.27958e-12
      20550.0  1.27951e-12
      20560.0  1.27947e-12
      20570.0  1.27945e-12
      20580.0  1.27945e-12
      20590.0  1.27946e-12
      20600.0  1.27947e-12
      20610.0  1.27948e-12
      20620.0  1.27947e-12
      20630.0  1.27944e-12
      20640.0  1.27938e-12
      20650.0  1.27929e-12
      20660.0  1.27916e-12
      20670.0  1.27899e-12
      20680.0  1.27877e-12
      20690.0  1.27849e-12
      20700.0  1.27815e-12
      20710.0  1.27774e-12
      20720.0  1.27727e-12
      20730.0  1.27672e-12
      20740.0  1.27609e-12
      20750.0  1.27539e-12
      20760.0  1.27460e-12
      20770.0  1.27373e-12
      20780.0  1.27277e-12
      20790.0  1.27173e-12
      20800.0  1.27059e-12
      20810.0  1.26937e-12
      20820.0  1.26805e-12
      20830.0  1.26665e-12
      20840.0  1.26516e-12
      20850.0  1.26358e-12
      20860.0  1.26191e-12
      20870.0  1.26016e-12
      20880.0  1.25833e-12
      20890.0  1.25643e-12
      20900.0  1.25445e-12
      20910.0  1.25240e-12
      20920.0  1.25028e-12
      20930.0  1.24811e-12
      20940.0  1.24588e-12
      20950.0  1.24359e-12
      20960.0  1.24126e-12
      20970.0  1.23889e-12
      20980.0  1.23648e-12
      20990.0  1.23405e-12
      21000.0  1.23159e-12
      21010.0  1.22911e-12
      21020.0  1.22662e-12
      21030.0  1.22412e-12
      21040.0  1.22161e-12
      21050.0  1.21911e-12
      21060.0  1.21662e-12
      21070.0  1.21413e-12
      21080.0  1.21167e-12
      21090.0  1.20922e-12
      21100.0  1.20681e-12
      21110.0  1.20442e-12
      21120.0  1.20206e-12
      21130.0  1.19975e-12
      21140.0  1.19747e-12
      21150.0  1.19525e-12
      21160.0  1.19307e-12
      21170.0  1.19094e-12
      21180.0  1.18886e-12
      21190.0  1.18685e-12
      21200.0  1.18489e-12
      21210.0  1.18299e-12
      21220.0  1.18116e-12
      21230.0  1.17940e-12
      21240.0  1.17769e-12
      21250.0  1.17606e-12
      21260.0  1.17449e-12
      21270.0  1.17298e-12
      21280.0  1.17155e-12
      21290.0  1.17017e-12
      21300.0  1.16885e-12
      21310.0  1.16760e-12
      21320.0  1.16639e-12
      21330.0  1.16524e-12
      21340.0  1.16414e-12
      21350.0  1.16308e-12
      21360.0  1.16205e-12
      21370.0  1.16106e-12
      21380.0  1.16009e-12
      21390.0  1.15913e-12
      21400.0  1.15819e-12
      21410.0  1.15726e-12
      21420.0  1.15632e-12
      21430.0  1.15537e-12
      21440.0  1.15441e-12
      21450.0  1.15342e-12
      21460.0  1.15240e-12
      21470.0  1.15134e-12
      21480.0  1.15024e-12
      21490.0  1.14909e-12
      21500.0  1.14789e-12
      21510.0  1.14662e-12
      21520.0  1.14529e-12
      21530.0  1.14390e-12
      21540.0  1.14243e-12
      21550.0  1.14088e-12
      21560.0  1.13926e-12
      21570.0  1.13756e-12
      21580.0  1.13579e-12
      21590.0  1.13393e-12
      21600.0  1.13200e-12
      21610.0  1.12999e-12
      21620.0  1.12790e-12
      21630.0  1.12574e-12
      21640.0  1.12350e-12
      21650.0  1.12120e-12
      21660.0  1.11884e-12
      21670.0  1.11641e-12
      21680.0  1.11393e-12
      21690.0  1.11139e-12
      21700.0  1.10881e-12
      21710.0  1.10618e-12
      21720.0  1.10351e-12
      21730.0  1.10081e-12
      21740.0  1.09807e-12
      21750.0  1.09532e-12
      21760.0  1.09254e-12
      21770.0  1.08974e-12
      21780.0  1.08693e-12
      21790.0  1.08412e-12
      21800.0  1.08130e-12
      21810.0  1.07849e-12
      21820.0  1.07567e-12
      21830.0  1.07287e-12
      21840.0  1.07007e-12
      21850.0  1.06729e-12
      21860.0  1.06452e-12
      21870.0  1.06178e-12
      21880.0  1.05905e-12
      21890.0  1.05635e-12
      21900.0  1.05367e-12
      21910.0  1.05102e-12
      21920.0  1.04840e-12
      21930.0  1.04581e-12
      21940.0  1.04324e-12
      21950.0  1.04071e-12
      21960.0  1.03821e-12
      21970.0  1.03574e-12
      21980.0  1.03331e-12
      21990.0  1.03091e-12
      22000.0  1.02855e-12
      22010.0  1.02622e-12
      22020.0  1.02393e-12
      22030.0  1.02168e-12
      22040.0  1.01946e-12
      22050.0  1.01728e-12
      22060.0  1.01514e-12
      22070.0  1.01304e-12
      22080.0  1.01098e-12
      22090.0  1.00896e-12
      22100.0  1.00698e-12
      22110.0  1.00505e-12
      22120.0  1.00316e-12
      22130.0  1.00131e-12
      22140.0  9.99510e-13
      22150.0  9.97752e-13
      22160.0  9.96041e-13
      22170.0  9.94375e-13
      22180.0  9.92755e-13
      22190.0  9.91181e-13
      22200.0  9.89653e-13
      22210.0  9.88170e-13
      22220.0  9.86732e-13
      22230.0  9.85338e-13
      22240.0  9.83988e-13
      22250.0  9.82679e-13
      22260.0  9.81410e-13
      22270.0  9.80179e-13
      22280.0  9.78985e-13
      22290.0  9.77825e-13
      22300.0  9.76697e-13
      22310.0  9.75598e-13
      22320.0  9.74526e-13
      22330.0  9.73476e-13
      22340.0  9.72448e-13
      22350.0  9.71436e-13
      22360.0  9.70438e-13
      22370.0  9.69451e-13
      22380.0  9.68471e-13
      22390.0  9.67495e-13
      22400.0  9.66520e-13
      22410.0  9.65542e-13
      22420.0  9.64558e-13
      22430.0  9.63566e-13
      22440.0  9.62563e-13
      22450.0  9.61545e-13
      22460.0  9.60511e-13
      22470.0  9.59458e-13
      22480.0  9.58385e-13
      22490.0  9.57289e-13
      22500.0  9.56170e-13
      22510.0  9.55025e-13
      22520.0  9.53856e-13
      22530.0  9.52660e-13
      22540.0  9.51438e-13
      22550.0  9.50189e-13
      22560.0  9.48916e-13
      22570.0  9.47618e-13
      22580.0  9.46296e-13
      22590.0  9.44953e-13
      22600.0  9.43589e-13
      22610.0  9.42207e-13
      22620.0  9.40810e-13
      22630.0  9.39399e-13
      22640.0  9.37977e-13
      22650.0  9.36548e-13
      22660.0  9.35114e-13
      22670.0  9.33679e-13
      22680.0  9.32245e-13
      22690.0  9.30817e-13
      22700.0  9.29397e-13
      22710.0  9.27988e-13
      22720.0  9.26595e-13
      22730.0  9.25220e-13
      22740.0  9.23865e-13
      22750.0  9.22535e-13
      22760.0  9.21231e-13
      22770.0  9.19956e-13
      22780.0  9.18712e-13
      22790.0  9.17501e-13
      22800.0  9.16326e-13
      22810.0  9.15187e-13
      22820.0  9.14085e-13
      22830.0  9.13022e-13
      22840.0  9.11998e-13
      22850.0  9.11014e-13
      22860.0  9.10070e-13
      22870.0  9.09165e-13
      22880.0  9.08299e-13
      22890.0  9.07471e-13
      22900.0  9.06681e-13
      22910.0  9.05928e-13
      22920.0  9.05209e-13
      22930.0  9.04525e-13
      22940.0  9.03872e-13
      22950.0  9.03250e-13
      22960.0  9.02657e-13
      22970.0  9.02090e-13
      22980.0  9.01548e-13
      22990.0  9.01028e-13
      23000.0  9.00529e-13
      23010.0  9.00048e-13
      23020.0  8.99582e-13
      23030.0  8.99130e-13
      23040.0  8.98688e-13
      23050.0  8.98255e-13
      23060.0  8.97827e-13
      23070.0  8.97402e-13
      23080.0  8.96978e-13
      23090.0  8.96550e-13
      23100.0  8.96117e-13
      23110.0  8.95675e-13
      23120.0  8.95221e-13
      23130.0  8.94751e-13
      23140.0  8.94264e-13
      23150.0  8.93754e-13
      23160.0  8.93219e-13
      23170.0  8.92656e-13
      23180.0  8.92060e-13
      23190.0  8.91429e-13
      23200.0  8.90759e-13
      23210.0  8.90047e-13
      23220.0  8.89289e-13
      23230.0  8.88484e-13
      23240.0  8.87627e-13
      23250.0  8.86717e-13
      23260.0  8.85751e-13
      23270.0  8.84727e-13
      23280.0  8.83644e-13
      23290.0  8.82502e-13
      23300.0  8.81299e-13
      23310.0  8.80035e-13
      23320.0  8.78710e-13
      23330.0  8.77327e-13
      23340.0  8.75886e-13
      23350.0  8.74389e-13
      23360.0  8.72839e-13
      23370.0  8.71239e-13
      23380.0  8.69593e-13
      23390.0  8.67905e-13
      23400.0  8.66180e-13
      23410.0  8.64422e-13
      23420.0  8.62638e-13
      23430.0  8.60833e-13
      23440.0  8.59013e-13
      23450.0  8.57185e-13
      23460.0  8.55354e-13
      23470.0  8.53528e-13
      23480.0  8.51713e-13
      23490.0  8.49915e-13
      23500.0  8.48141e-13
      23510.0  8.46397e-13
      23520.0  8.44689e-13
      23530.0  8.43022e-13
      23540.0  8.41402e-13
      23550.0  8.39833e-13
      23560.0  8.38319e-13
      23570.0  8.36863e-13
      23580.0  8.35469e-13
      23590.0  8.34139e-13
      23600.0  8.32873e-13
      23610.0  8.31674e-13
      23620.0  8.30539e-13
      23630.0  8.29468e-13
      23640.0  8.28458e-13
      23650.0  8.27506e-13
      23660.0  8.26606e-13
      23670.0  8.25753e-13
      23680.0  8.24939e-13
      23690.0  8.24154e-13
      23700.0  8.23388e-13
      23710.0  8.22627e-13
      23720.0  8.21856e-13
      23730.0  8.21059e-13
      23740.0  8.20216e-13
      23750.0  8.19305e-13
      23760.0  8.18303e-13
      23770.0  8.17183e-13
      23780.0  8.15918e-13
      23790.0  8.14479e-13
      23800.0  8.12833e-13
      23810.0  8.10950e-13
      23820.0  8.08799e-13
      23830.0  8.06367e-13
      23840.0  8.03615e-13
      23850.0  8.00508e-13
      23860.0  7.97023e-13
      23870.0  7.93143e-13
      23880.0  7.88855e-13
      23890.0  7.84154e-13
      23900.0  7.79043e-13
      23910.0  7.73533e-13
      23920.0  7.67643e-13
      23930.0  7.61403e-13
      23940.0  7.54849e-13
      23950.0  7.48029e-13
      23960.0  7.40996e-13
      23970.0  7.33809e-13
      23980.0  7.26535e-13
      23990.0  7.19241e-13
      24000.0  7.11999e-13
      24010.0  7.04878e-13
      24020.0  6.97948e-13
      24030.0  6.91273e-13
      24040.0  6.84911e-13
      24050.0  6.78917e-13
      24060.0  6.73333e-13
      24070.0  6.68196e-13
      24080.0  6.63533e-13
      24090.0  6.59361e-13
      24100.0  6.55688e-13
      24110.0  6.52514e-13
      24120.0  6.49828e-13
      24130.0  6.47617e-13
      24140.0  6.45857e-13
      24150.0  6.44523e-13
      24160.0  6.43584e-13
      24170.0  6.43006e-13
      24180.0  6.42757e-13
      24190.0  6.42801e-13
      24200.0  6.43103e-13
      24210.0  6.43632e-13
      24220.0  6.44356e-13
      24230.0  6.45246e-13
      24240.0  6.46276e-13
      24250.0  6.47422e-13
      24260.0  6.48662e-13
      24270.0  6.49980e-13
      24280.0  6.51357e-13
      24290.0  6.52783e-13
      24300.0  6.54244e-13
      24310.0  6.55731e-13
      24320.0  6.57238e-13
      24330.0  6.58757e-13
      24340.0  6.60284e-13
      24350.0  6.61815e-13
      24360.0  6.63346e-13
      24370.0  6.64876e-13
      24380.0  6.66403e-13
      24390.0  6.67925e-13
      24400.0  6.69441e-13
      24410.0  6.70951e-13
      24420.0  6.72455e-13
      24430.0  6.73951e-13
      24440.0  6.75440e-13
      24450.0  6.76921e-13
      24460.0  6.78395e-13
      24470.0  6.79861e-13
      24480.0  6.81319e-13
      24490.0  6.82770e-13
      24500.0  6.84214e-13
      24510.0  6.85649e-13
      24520.0  6.87078e-13
      24530.0  6.88499e-13
      24540.0  6.89912e-13
      24550.0  6.91319e-13
      24560.0  6.92718e-13
      24570.0  6.94110e-13
      24580.0  6.95494e-13
      24590.0  6.96872e-13
      24600.0  6.98242e-13
      24610.0  6.99605e-13
      24620.0  7.00961e-13
      24630.0  7.02309e-13
      24640.0  7.03650e-13
      24650.0  7.04984e-13
      24660.0  7.06310e-13
      24670.0  7.07627e-13
      24680.0  7.08936e-13
      24690.0  7.10237e-13
      24700.0  7.11528e-13
      24710.0  7.12809e-13
      24720.0  7.14079e-13
      24730.0  7.15337e-13
      24740.0  7.16583e-13
      24750.0  7.17814e-13
      24760.0  7.19029e-13
      24770.0  7.20226e-13
      24780.0  7.21404e-13
      24790.0  7.22559e-13
      24800.0  7.23690e-13
      24810.0  7.24792e-13
      24820.0  7.25864e-13
      24830.0  7.26902e-13
      24840.0  7.27903e-13
      24850.0  7.28863e-13
      24860.0  7.29780e-13
      24870.0  7.30651e-13
      24880.0  7.31475e-13
      24890.0  7.32249e-13
      24900.0  7.32973e-13
      24910.0  7.33647e-13
      24920.0  7.34271e-13
      24930.0  7.34847e-13
      24940.0  7.35376e-13
      24950.0  7.35861e-13
      24960.0  7.36303e-13
      24970.0  7.36706e-13
      24980.0  7.37072e-13
      24990.0  7.37404e-13
      25000.0  7.37705e-13
