      1000.00  3.49051e-14
      1010.00  4.22950e-14
      1020.00  5.14162e-14
      1030.00  6.26189e-14
      1040.00  7.63383e-14
      1050.00  9.30718e-14
      1060.00  1.13375e-13
      1070.00  1.37850e-13
      1080.00  1.67134e-13
      1090.00  2.01869e-13
      1100.00  2.42682e-13
      1110.00  2.90148e-13
      1120.00  3.44758e-13
      1130.00  4.06891e-13
      1140.00  4.76785e-13
      1150.00  5.54517e-13
      1160.00  6.39990e-13
      1170.00  7.32926e-13
      1180.00  8.32863e-13
      1190.00  9.39164e-13
      1200.00  1.05103e-12
      1210.00  1.16750e-12
      1220.00  1.28751e-12
      1230.00  1.40987e-12
      1240.00  1.53333e-12
      1250.00  1.65660e-12
      1260.00  1.77840e-12
      1270.00  1.89748e-12
      1280.00  2.01263e-12
      1290.00  2.12279e-12
      1300.00  2.22697e-12
      1310.00  2.32438e-12
      1320.00  2.41435e-12
      1330.00  2.49641e-12
      1340.00  2.57026e-12
      1350.00  2.63577e-12
      1360.00  2.69299e-12
      1370.00  2.74215e-12
      1380.00  2.78359e-12
      1390.00  2.81783e-12
      1400.00  2.84549e-12
      1410.00  2.86728e-12
      1420.00  2.88400e-12
      1430.00  2.89653e-12
      1440.00  2.90574e-12
      1450.00  2.91256e-12
      1460.00  2.91790e-12
      1470.00  2.92266e-12
      1480.00  2.92768e-12
      1490.00  2.93377e-12
      1500.00  2.94166e-12
      1510.00  2.95200e-12
      1520.00  2.96538e-12
      1530.00  2.98228e-12
      1540.00  3.00311e-12
      1550.00  3.02818e-12
      1560.00  3.05775e-12
      1570.00  3.09200e-12
      1580.00  3.13105e-12
      1590.00  3.17498e-12
      1600.00  3.22383e-12
      1610.00  3.27765e-12
      1620.00  3.33645e-12
      1630.00  3.40022e-12
      1640.00  3.46899e-12
      1650.00  3.54277e-12
      1660.00  3.62155e-12
      1670.00  3.70534e-12
      1680.00  3.79415e-12
      1690.00  3.88796e-12
      1700.00  3.98675e-12
      1710.00  4.09047e-12
      1720.00  4.19908e-12
      1730.00  4.31249e-12
      1740.00  4.43057e-12
      1750.00  4.55321e-12
      1760.00  4.68023e-12
      1770.00  4.81142e-12
      1780.00  4.94657e-12
      1790.00  5.08539e-12
      1800.00  5.22760e-12
      1810.00  5.37286e-12
      1820.00  5.52080e-12
      1830.00  5.67104e-12
      1840.00  5.82314e-12
      1850.00  5.97667e-12
      1860.00  6.13114e-12
      1870.00  6.28607e-12
      1880.00  6.44092e-12
      1890.00  6.59516e-12
      1900.00  6.74823e-12
      1910.00  6.89956e-12
      1920.00  7.04856e-12
      1930.00  7.19463e-12
      1940.00  7.33717e-12
      1950.00  7.47561e-12
      1960.00  7.60938e-12
      1970.00  7.73792e-12
      1980.00  7.86075e-12
      1990.00  7.97740e-12
      2000.00  8.08748e-12
      2010.00  8.19064e-12
      2020.00  8.28662e-12
      2030.00  8.37524e-12
      2040.00  8.45637e-12
      2050.00  8.52998e-12
      2060.00  8.59609e-12
      2070.00  8.65481e-12
      2080.00  8.70629e-12
      2090.00  8.75075e-12
      2100.00  8.78846e-12
      2110.00  8.81974e-12
      2120.00  8.84492e-12
      2130.00  8.86440e-12
      2140.00  8.87858e-12
      2150.00  8.88790e-12
      2160.00  8.89281e-12
      2170.00  8.89377e-12
      2180.00  8.89126e-12
      2190.00  8.88579e-12
      2200.00  8.87784e-12
      2210.00  8.86793e-12
      2220.00  8.85657e-12
      2230.00  8.84427e-12
      2240.00  8.83157e-12
      2250.00  8.81899e-12
      2260.00  8.80706e-12
      2270.00  8.79630e-12
      2280.00  8.78726e-12
      2290.00  8.78046e-12
      2300.00  8.77643e-12
      2310.00  8.77569e-12
      2320.00  8.77878e-12
      2330.00  8.78623e-12
      2340.00  8.79864e-12
      2350.00  8.81663e-12
      2360.00  8.84097e-12
      2370.00  8.87260e-12
      2380.00  8.91274e-12
      2390.00  8.96305e-12
      2400.00  9.02570e-12
      2410.00  9.10353e-12
      2420.00  9.20012e-12
      2430.00  9.31984e-12
      2440.00  9.46767e-12
      2450.00  9.64899e-12
      2460.00  9.86912e-12
      2470.00  1.01326e-11
      2480.00  1.04427e-11
      2490.00  1.08001e-11
      2500.00  1.12027e-11
      2510.00  1.16447e-11
      2520.00  1.21164e-11
      2530.00  1.26049e-11
      2540.00  1.30945e-11
      2550.00  1.35678e-11
      2560.00  1.40078e-11
      2570.00  1.43988e-11
      2580.00  1.47282e-11
      2590.00  1.49871e-11
      2600.00  1.51711e-11
      2610.00  1.52799e-11
      2620.00  1.53172e-11
      2630.00  1.52893e-11
      2640.00  1.52047e-11
      2650.00  1.50711e-11
      2660.00  1.48112e-11
      2670.00  1.37681e-11
      2680.00  1.30872e-11
      2690.00  1.79629e-11
      2700.00  2.86347e-11
      2710.00  4.12223e-11
      2720.00  4.99426e-11
      2730.00  5.28991e-11
      2740.00  5.38295e-11
      2750.00  5.50215e-11
      2760.00  5.54856e-11
      2770.00  5.54819e-11
      2780.00  5.69324e-11
      2790.00  6.11201e-11
      2800.00  6.30547e-11
      2810.00  6.28396e-11
      2820.00  6.18305e-11
      2830.00  5.90343e-11
      2840.00  5.65263e-11
      2850.00  5.64733e-11
      2860.00  5.68245e-11
      2870.00  5.70236e-11
      2880.00  5.77672e-11
      2890.00  6.13395e-11
      2900.00  6.76678e-11
      2910.00  7.43294e-11
      2920.00  8.06215e-11
      2930.00  8.49914e-11
      2940.00  8.50630e-11
      2950.00  8.02568e-11
      2960.00  7.61199e-11
      2970.00  7.41677e-11
      2980.00  7.26717e-11
      2990.00  6.95606e-11
      3000.00  6.45562e-11
      3010.00  6.00284e-11
      3020.00  5.72275e-11
      3030.00  5.70349e-11
      3040.00  5.71826e-11
      3050.00  5.58307e-11
      3060.00  5.49590e-11
      3070.00  5.49851e-11
      3080.00  5.57425e-11
      3090.00  5.53126e-11
      3100.00  5.39365e-11
      3110.00  5.51247e-11
      3120.00  5.84540e-11
      3130.00  6.08379e-11
      3140.00  6.18529e-11
      3150.00  6.23943e-11
      3160.00  6.42685e-11
      3170.00  6.83754e-11
      3180.00  7.38822e-11
      3190.00  7.86426e-11
      3200.00  8.14103e-11
      3210.00  8.10643e-11
      3220.00  7.80912e-11
      3230.00  7.35058e-11
      3240.00  6.90822e-11
      3250.00  6.52384e-11
      3260.00  6.21814e-11
      3270.00  6.06636e-11
      3280.00  6.00319e-11
      3290.00  5.92579e-11
      3300.00  5.87358e-11
      3310.00  5.90917e-11
      3320.00  6.01365e-11
      3330.00  6.10772e-11
      3340.00  6.17512e-11
      3350.00  6.25787e-11
      3360.00  6.42634e-11
      3370.00  6.68740e-11
      3380.00  6.97702e-11
      3390.00  7.25830e-11
      3400.00  7.52741e-11
      3410.00  7.82870e-11
      3420.00  8.16625e-11
      3430.00  8.44655e-11
      3440.00  8.63203e-11
      3450.00  8.73127e-11
      3460.00  8.75045e-11
      3470.00  8.75154e-11
      3480.00  8.77682e-11
      3490.00  8.85517e-11
      3500.00  9.04522e-11
      3510.00  9.39914e-11
      3520.00  9.87341e-11
      3530.00  1.03973e-10
      3540.00  1.09164e-10
      3550.00  1.13802e-10
      3560.00  1.17688e-10
      3570.00  1.21151e-10
      3580.00  1.24316e-10
      3590.00  1.26756e-10
      3600.00  1.28120e-10
      3610.00  1.28419e-10
      3620.00  1.28366e-10
      3630.00  1.28806e-10
      3640.00  1.30509e-10
      3650.00  1.34253e-10
      3660.00  1.40841e-10
      3670.00  1.50438e-10
      3680.00  1.61742e-10
      3690.00  1.73411e-10
      3700.00  1.85106e-10
      3710.00  1.96976e-10
      3720.00  2.06792e-10
      3730.00  2.09762e-10
      3740.00  2.04632e-10
      3750.00  1.93510e-10
      3760.00  1.78106e-10
      3770.00  1.59568e-10
      3780.00  1.39646e-10
      3790.00  1.20445e-10
      3800.00  1.03401e-10
      3810.00  9.04581e-11
      3820.00  8.48401e-11
      3830.00  8.84880e-11
      3840.00  1.01551e-10
      3850.00  1.22550e-10
      3860.00  1.48205e-10
      3870.00  1.74986e-10
      3880.00  2.00998e-10
      3890.00  2.26459e-10
      3900.00  2.52571e-10
      3910.00  2.79551e-10
      3920.00  3.05471e-10
      3930.00  3.27275e-10
      3940.00  3.42839e-10
      3950.00  3.51869e-10
      3960.00  3.55469e-10
      3970.00  3.55291e-10
      3980.00  3.52557e-10
      3990.00  3.47192e-10
      4000.00  3.38024e-10
      4010.00  3.24296e-10
      4020.00  3.06986e-10
      4030.00  2.88333e-10
      4040.00  2.70399e-10
      4050.00  2.54578e-10
      4060.00  2.41845e-10
      4070.00  2.32467e-10
      4080.00  2.25528e-10
      4090.00  2.19507e-10
      4100.00  2.13709e-10
      4110.00  2.08833e-10
      4120.00  2.05978e-10
      4130.00  2.05409e-10
      4140.00  2.06396e-10
      4150.00  2.08009e-10
      4160.00  2.09875e-10
      4170.00  2.12252e-10
      4180.00  2.15521e-10
      4190.00  2.19604e-10
      4200.00  2.23842e-10
      4210.00  2.27412e-10
      4220.00  2.29918e-10
      4230.00  2.31638e-10
      4240.00  2.33227e-10
      4250.00  2.35162e-10
      4260.00  2.37549e-10
      4270.00  2.40432e-10
      4280.00  2.44072e-10
      4290.00  2.48683e-10
      4300.00  2.53943e-10
      4310.00  2.58908e-10
      4320.00  2.62309e-10
      4330.00  2.62780e-10
      4340.00  2.59081e-10
      4350.00  2.50610e-10
      4360.00  2.37894e-10
      4370.00  2.22447e-10
      4380.00  2.06057e-10
      4390.00  1.90190e-10
      4400.00  1.75947e-10
      4410.00  1.64233e-10
      4420.00  1.55745e-10
      4430.00  1.50879e-10
      4440.00  1.49804e-10
      4450.00  1.52577e-10
      4460.00  1.59100e-10
      4470.00  1.68975e-10
      4480.00  1.81583e-10
      4490.00  1.96421e-10
      4500.00  2.13363e-10
      4510.00  2.32572e-10
      4520.00  2.54192e-10
      4530.00  2.78112e-10
      4540.00  3.03938e-10
      4550.00  3.31034e-10
      4560.00  3.58524e-10
      4570.00  3.85294e-10
      4580.00  4.10170e-10
      4590.00  4.32182e-10
      4600.00  4.50642e-10
      4610.00  4.64999e-10
      4620.00  4.74717e-10
      4630.00  4.79246e-10
      4640.00  4.78020e-10
      4650.00  4.70479e-10
      4660.00  4.56314e-10
      4670.00  4.35895e-10
      4680.00  4.10495e-10
      4690.00  3.82044e-10
      4700.00  3.52620e-10
      4710.00  3.24075e-10
      4720.00  2.97848e-10
      4730.00  2.74786e-10
      4740.00  2.55045e-10
      4750.00  2.38319e-10
      4760.00  2.24383e-10
      4770.00  2.13494e-10
      4780.00  2.06272e-10
      4790.00  2.03178e-10
      4800.00  2.04028e-10
      4810.00  2.07835e-10
      4820.00  2.13005e-10
      4830.00  2.17785e-10
      4840.00  2.20901e-10
      4850.00  2.22182e-10
      4860.00  2.22744e-10
      4870.00  2.24486e-10
      4880.00  2.29192e-10
      4890.00  2.37816e-10
      4900.00  2.50305e-10
      4910.00  2.65798e-10
      4920.00  2.82892e-10
      4930.00  2.99779e-10
      4940.00  3.14333e-10
      4950.00  3.24308e-10
      4960.00  3.27750e-10
      4970.00  3.23546e-10
      4980.00  3.11911e-10
      4990.00  2.94493e-10
      5000.00  2.74017e-10
      5010.00  2.53522e-10
      5020.00  2.35514e-10
      5030.00  2.21413e-10
      5040.00  2.11500e-10
      5050.00  2.05257e-10
      5060.00  2.01851e-10
      5070.00  2.00507e-10
      5080.00  2.00636e-10
      5090.00  2.01795e-10
      5100.00  2.03589e-10
      5110.00  2.05640e-10
      5120.00  2.07628e-10
      5130.00  2.09375e-10
      5140.00  2.10935e-10
      5150.00  2.12616e-10
      5160.00  2.14872e-10
      5170.00  2.18128e-10
      5180.00  2.22653e-10
      5190.00  2.28539e-10
      5200.00  2.35738e-10
      5210.00  2.44090e-10
      5220.00  2.53316e-10
      5230.00  2.63057e-10
      5240.00  2.72972e-10
      5250.00  2.82833e-10
      5260.00  2.92535e-10
      5270.00  3.02011e-10
      5280.00  3.11130e-10
      5290.00  3.19681e-10
      5300.00  3.27414e-10
      5310.00  3.34090e-10
      5320.00  3.39518e-10
      5330.00  3.43658e-10
      5340.00  3.46743e-10
      5350.00  3.49106e-10
      5360.00  3.50832e-10
      5370.00  3.51694e-10
      5380.00  3.51399e-10
      5390.00  3.49821e-10
      5400.00  3.47159e-10
      5410.00  3.43983e-10
      5420.00  3.41116e-10
      5430.00  3.39387e-10
      5440.00  3.39405e-10
      5450.00  3.41415e-10
      5460.00  3.45281e-10
      5470.00  3.50537e-10
      5480.00  3.56492e-10
      5490.00  3.62351e-10
      5500.00  3.67318e-10
      5510.00  3.70655e-10
      5520.00  3.71739e-10
      5530.00  3.70113e-10
      5540.00  3.65532e-10
      5550.00  3.57967e-10
      5560.00  3.47581e-10
      5570.00  3.34671e-10
      5580.00  3.19626e-10
      5590.00  3.02906e-10
      5600.00  2.85010e-10
      5610.00  2.66423e-10
      5620.00  2.47609e-10
      5630.00  2.29032e-10
      5640.00  2.11203e-10
      5650.00  1.94713e-10
      5660.00  1.80239e-10
      5670.00  1.68506e-10
      5680.00  1.60214e-10
      5690.00  1.55942e-10
      5700.00  1.56071e-10
      5710.00  1.60732e-10
      5720.00  1.69804e-10
      5730.00  1.82930e-10
      5740.00  1.99547e-10
      5750.00  2.18916e-10
      5760.00  2.40150e-10
      5770.00  2.62268e-10
      5780.00  2.84256e-10
      5790.00  3.05140e-10
      5800.00  3.24047e-10
      5810.00  3.40258e-10
      5820.00  3.53240e-10
      5830.00  3.62699e-10
      5840.00  3.68609e-10
      5850.00  3.71181e-10
      5860.00  3.70785e-10
      5870.00  3.67882e-10
      5880.00  3.62941e-10
      5890.00  3.56380e-10
      5900.00  3.48500e-10
      5910.00  3.39453e-10
      5920.00  3.29263e-10
      5930.00  3.17901e-10
      5940.00  3.05379e-10
      5950.00  2.91830e-10
      5960.00  2.77541e-10
      5970.00  2.62935e-10
      5980.00  2.48531e-10
      5990.00  2.34863e-10
      6000.00  2.22406e-10
      6010.00  2.11523e-10
      6020.00  2.02438e-10
      6030.00  1.95241e-10
      6040.00  1.89895e-10
      6050.00  1.86249e-10
      6060.00  1.84057e-10
      6070.00  1.83018e-10
      6080.00  1.82840e-10
      6090.00  1.83309e-10
      6100.00  1.84317e-10
      6110.00  1.85837e-10
      6120.00  1.87869e-10
      6130.00  1.90392e-10
      6140.00  1.93341e-10
      6150.00  1.96605e-10
      6160.00  2.00035e-10
      6170.00  2.03430e-10
      6180.00  2.06523e-10
      6190.00  2.08978e-10
      6200.00  2.10412e-10
      6210.00  2.10450e-10
      6220.00  2.08800e-10
      6230.00  2.05328e-10
      6240.00  2.00109e-10
      6250.00  1.93436e-10
      6260.00  1.85790e-10
      6270.00  1.77781e-10
      6280.00  1.70067e-10
      6290.00  1.63277e-10
      6300.00  1.57953e-10
      6310.00  1.54518e-10
      6320.00  1.53240e-10
      6330.00  1.54172e-10
      6340.00  1.57131e-10
      6350.00  1.61796e-10
      6360.00  1.67857e-10
      6370.00  1.75105e-10
      6380.00  1.83413e-10
      6390.00  1.92676e-10
      6400.00  2.02741e-10
      6410.00  2.13304e-10
      6420.00  2.23874e-10
      6430.00  2.33887e-10
      6440.00  2.42893e-10
      6450.00  2.50640e-10
      6460.00  2.56992e-10
      6470.00  2.61831e-10
      6480.00  2.65025e-10
      6490.00  2.66463e-10
      6500.00  2.66090e-10
      6510.00  2.63916e-10
      6520.00  2.60017e-10
      6530.00  2.54510e-10
      6540.00  2.47549e-10
      6550.00  2.39309e-10
      6560.00  2.29981e-10
      6570.00  2.19766e-10
      6580.00  2.08868e-10
      6590.00  1.97495e-10
      6600.00  1.85864e-10
      6610.00  1.74204e-10
      6620.00  1.62745e-10
      6630.00  1.51702e-10
      6640.00  1.41249e-10
      6650.00  1.31508e-10
      6660.00  1.22544e-10
      6670.00  1.14382e-10
      6680.00  1.07015e-10
      6690.00  1.00430e-10
      6700.00  9.46067e-11
      6710.00  8.95278e-11
      6720.00  8.51687e-11
      6730.00  8.14955e-11
      6740.00  7.84651e-11
      6750.00  7.60290e-11
      6760.00  7.41386e-11
      6770.00  7.27471e-11
      6780.00  7.18110e-11
      6790.00  7.12903e-11
      6800.00  7.11506e-11
      6810.00  7.13648e-11
      6820.00  7.19109e-11
      6830.00  7.27689e-11
      6840.00  7.39179e-11
      6850.00  7.53363e-11
      6860.00  7.70040e-11
      6870.00  7.88966e-11
      6880.00  8.09763e-11
      6890.00  8.31787e-11
      6900.00  8.54070e-11
      6910.00  8.75396e-11
      6920.00  8.94520e-11
      6930.00  9.10456e-11
      6940.00  9.22699e-11
      6950.00  9.31310e-11
      6960.00  9.36858e-11
      6970.00  9.40251e-11
      6980.00  9.42554e-11
      6990.00  9.44814e-11
      7000.00  9.47930e-11
      7010.00  9.52558e-11
      7020.00  9.59088e-11
      7030.00  9.67667e-11
      7040.00  9.78267e-11
      7050.00  9.90762e-11
      7060.00  1.00497e-10
      7070.00  1.02069e-10
      7080.00  1.03771e-10
      7090.00  1.05586e-10
      7100.00  1.07500e-10
      7110.00  1.09506e-10
      7120.00  1.11607e-10
      7130.00  1.13809e-10
      7140.00  1.16115e-10
      7150.00  1.18521e-10
      7160.00  1.21015e-10
      7170.00  1.23575e-10
      7180.00  1.26168e-10
      7190.00  1.28752e-10
      7200.00  1.31271e-10
      7210.00  1.33655e-10
      7220.00  1.35824e-10
      7230.00  1.37689e-10
      7240.00  1.39170e-10
      7250.00  1.40203e-10
      7260.00  1.40765e-10
      7270.00  1.40875e-10
      7280.00  1.40608e-10
      7290.00  1.40076e-10
      7300.00  1.39407e-10
      7310.00  1.38680e-10
      7320.00  1.37960e-10
      7330.00  1.37387e-10
      7340.00  1.36992e-10
      7350.00  1.36780e-10
      7360.00  1.36732e-10
      7370.00  1.36816e-10
      7380.00  1.36990e-10
      7390.00  1.37203e-10
      7400.00  1.37394e-10
      7410.00  1.37492e-10
      7420.00  1.37414e-10
      7430.00  1.37067e-10
      7440.00  1.36361e-10
      7450.00  1.35219e-10
      7460.00  1.33598e-10
      7470.00  1.31502e-10
      7480.00  1.28996e-10
      7490.00  1.26217e-10
      7500.00  1.23364e-10
      7510.00  1.20663e-10
      7520.00  1.18305e-10
      7530.00  1.16389e-10
      7540.00  1.14916e-10
      7550.00  1.13818e-10
      7560.00  1.13020e-10
      7570.00  1.12469e-10
      7580.00  1.12134e-10
      7590.00  1.11998e-10
      7600.00  1.12061e-10
      7610.00  1.12350e-10
      7620.00  1.12913e-10
      7630.00  1.13799e-10
      7640.00  1.15040e-10
      7650.00  1.16626e-10
      7660.00  1.18484e-10
      7670.00  1.20484e-10
      7680.00  1.22446e-10
      7690.00  1.24174e-10
      7700.00  1.25495e-10
      7710.00  1.26282e-10
      7720.00  1.26464e-10
      7730.00  1.26021e-10
      7740.00  1.24978e-10
      7750.00  1.23399e-10
      7760.00  1.21382e-10
      7770.00  1.19047e-10
      7780.00  1.16521e-10
      7790.00  1.13918e-10
      7800.00  1.11315e-10
      7810.00  1.08747e-10
      7820.00  1.06205e-10
      7830.00  1.03655e-10
      7840.00  1.01051e-10
      7850.00  9.83547e-11
      7860.00  9.55357e-11
      7870.00  9.25763e-11
      7880.00  8.94709e-11
      7890.00  8.62291e-11
      7900.00  8.28793e-11
      7910.00  7.94701e-11
      7920.00  7.60538e-11
      7930.00  7.27248e-11
      7940.00  6.95602e-11
      7950.00  6.66229e-11
      7960.00  6.39512e-11
      7970.00  6.15549e-11
      7980.00  5.94196e-11
      7990.00  5.75170e-11
      8000.00  5.58177e-11
      8010.00  5.42991e-11
      8020.00  5.29464e-11
      8030.00  5.17460e-11
      8040.00  5.06756e-11
      8050.00  4.96976e-11
      8060.00  4.87576e-11
      8070.00  4.77909e-11
      8080.00  4.67322e-11
      8090.00  4.55252e-11
      8100.00  4.41292e-11
      8110.00  4.25217e-11
      8120.00  4.06990e-11
      8130.00  3.86783e-11
      8140.00  3.65012e-11
      8150.00  3.42356e-11
      8160.00  3.19736e-11
      8170.00  2.98213e-11
      8180.00  2.78822e-11
      8190.00  2.62385e-11
      8200.00  2.49360e-11
      8210.00  2.39797e-11
      8220.00  2.33391e-11
      8230.00  2.29629e-11
      8240.00  2.27957e-11
      8250.00  2.27922e-11
      8260.00  2.29237e-11
      8270.00  2.31764e-11
      8280.00  2.35458e-11
      8290.00  2.40289e-11
      8300.00  2.46208e-11
      8310.00  2.53160e-11
      8320.00  2.61120e-11
      8330.00  2.70149e-11
      8340.00  2.80414e-11
      8350.00  2.92193e-11
      8360.00  3.05846e-11
      8370.00  3.21766e-11
      8380.00  3.40309e-11
      8390.00  3.61717e-11
      8400.00  3.86049e-11
      8410.00  4.13133e-11
      8420.00  4.42559e-11
      8430.00  4.73715e-11
      8440.00  5.05827e-11
      8450.00  5.38014e-11
      8460.00  5.69326e-11
      8470.00  5.98800e-11
      8480.00  6.25529e-11
      8490.00  6.48770e-11
      8500.00  6.68072e-11
      8510.00  6.83372e-11
      8520.00  6.95038e-11
      8530.00  7.03807e-11
      8540.00  7.10634e-11
      8550.00  7.16488e-11
      8560.00  7.22159e-11
      8570.00  7.28141e-11
      8580.00  7.34606e-11
      8590.00  7.41482e-11
      8600.00  7.48588e-11
      8610.00  7.55776e-11
      8620.00  7.63026e-11
      8630.00  7.70465e-11
      8640.00  7.78295e-11
      8650.00  7.86687e-11
      8660.00  7.95682e-11
      8670.00  8.05160e-11
      8680.00  8.14883e-11
      8690.00  8.24586e-11
      8700.00  8.34063e-11
      8710.00  8.43210e-11
      8720.00  8.51990e-11
      8730.00  8.60366e-11
      8740.00  8.68226e-11
      8750.00  8.75352e-11
      8760.00  8.81430e-11
      8770.00  8.86094e-11
      8780.00  8.88970e-11
      8790.00  8.89717e-11
      8800.00  8.88048e-11
      8810.00  8.83765e-11
      8820.00  8.76793e-11
      8830.00  8.67216e-11
      8840.00  8.55296e-11
      8850.00  8.41450e-11
      8860.00  8.26193e-11
      8870.00  8.10053e-11
      8880.00  7.93487e-11
      8890.00  7.76830e-11
      8900.00  7.60281e-11
      8910.00  7.43924e-11
      8920.00  7.27786e-11
      8930.00  7.11884e-11
      8940.00  6.96272e-11
      8950.00  6.81060e-11
      8960.00  6.66416e-11
      8970.00  6.52550e-11
      8980.00  6.39696e-11
      8990.00  6.28088e-11
      9000.00  6.17940e-11
      9010.00  6.09442e-11
      9020.00  6.02753e-11
      9030.00  5.98009e-11
      9040.00  5.95320e-11
      9050.00  5.94775e-11
      9060.00  5.96432e-11
      9070.00  6.00307e-11
      9080.00  6.06369e-11
      9090.00  6.14525e-11
      9100.00  6.24605e-11
      9110.00  6.36362e-11
      9120.00  6.49479e-11
      9130.00  6.63597e-11
      9140.00  6.78370e-11
      9150.00  6.93540e-11
      9160.00  7.08985e-11
      9170.00  7.24734e-11
      9180.00  7.40914e-11
      9190.00  7.57642e-11
      9200.00  7.74898e-11
      9210.00  7.92441e-11
      9220.00  8.09801e-11
      9230.00  8.26380e-11
      9240.00  8.41624e-11
      9250.00  8.55195e-11
      9260.00  8.67052e-11
      9270.00  8.77396e-11
      9280.00  8.86486e-11
      9290.00  8.94450e-11
      9300.00  9.01203e-11
      9310.00  9.06535e-11
      9320.00  9.10273e-11
      9330.00  9.12419e-11
      9340.00  9.13166e-11
      9350.00  9.12809e-11
      9360.00  9.11645e-11
      9370.00  9.09894e-11
      9380.00  9.07686e-11
      9390.00  9.05083e-11
      9400.00  9.02099e-11
      9410.00  8.98730e-11
      9420.00  8.94964e-11
      9430.00  8.90786e-11
      9440.00  8.86182e-11
      9450.00  8.81142e-11
      9460.00  8.75657e-11
      9470.00  8.69725e-11
      9480.00  8.63347e-11
      9490.00  8.56531e-11
      9500.00  8.49293e-11
      9510.00  8.41657e-11
      9520.00  8.33653e-11
      9530.00  8.25325e-11
      9540.00  8.16720e-11
      9550.00  8.07900e-11
      9560.00  7.98930e-11
      9570.00  7.89884e-11
      9580.00  7.80842e-11
      9590.00  7.71886e-11
      9600.00  7.63101e-11
      9610.00  7.54573e-11
      9620.00  7.46384e-11
      9630.00  7.38613e-11
      9640.00  7.31336e-11
      9650.00  7.24620e-11
      9660.00  7.18527e-11
      9670.00  7.13107e-11
      9680.00  7.08407e-11
      9690.00  7.04462e-11
      9700.00  7.01299e-11
      9710.00  6.98936e-11
      9720.00  6.97384e-11
      9730.00  6.96644e-11
      9740.00  6.96710e-11
      9750.00  6.97565e-11
      9760.00  6.99184e-11
      9770.00  7.01535e-11
      9780.00  7.04572e-11
      9790.00  7.08243e-11
      9800.00  7.12487e-11
      9810.00  7.17232e-11
      9820.00  7.22400e-11
      9830.00  7.27908e-11
      9840.00  7.33669e-11
      9850.00  7.39592e-11
      9860.00  7.45592e-11
      9870.00  7.51583e-11
      9880.00  7.57491e-11
      9890.00  7.63247e-11
      9900.00  7.68796e-11
      9910.00  7.74091e-11
      9920.00  7.79101e-11
      9930.00  7.83806e-11
      9940.00  7.88195e-11
      9950.00  7.92269e-11
      9960.00  7.96032e-11
      9970.00  7.99493e-11
      9980.00  8.02662e-11
      9990.00  8.05546e-11
      10000.0  8.08149e-11
      10010.0  8.10469e-11
      10020.0  8.12497e-11
      10030.0  8.14214e-11
      10040.0  8.15600e-11
      10050.0  8.16626e-11
      10060.0  8.17262e-11
      10070.0  8.17477e-11
      10080.0  8.17246e-11
      10090.0  8.16549e-11
      10100.0  8.15375e-11
      10110.0  8.13726e-11
      10120.0  8.11619e-11
      10130.0  8.09086e-11
      10140.0  8.06172e-11
      10150.0  8.02940e-11
      10160.0  7.99461e-11
      10170.0  7.95816e-11
      10180.0  7.92092e-11
      10190.0  7.88374e-11
      10200.0  7.84743e-11
      10210.0  7.81271e-11
      10220.0  7.78020e-11
      10230.0  7.75032e-11
      10240.0  7.72336e-11
      10250.0  7.69942e-11
      10260.0  7.67840e-11
      10270.0  7.66007e-11
      10280.0  7.64404e-11
      10290.0  7.62984e-11
      10300.0  7.61690e-11
      10310.0  7.60461e-11
      10320.0  7.59236e-11
      10330.0  7.57956e-11
      10340.0  7.56563e-11
      10350.0  7.55005e-11
      10360.0  7.53235e-11
      10370.0  7.51213e-11
      10380.0  7.48901e-11
      10390.0  7.46267e-11
      10400.0  7.43284e-11
      10410.0  7.39924e-11
      10420.0  7.36163e-11
      10430.0  7.31979e-11
      10440.0  7.27350e-11
      10450.0  7.22256e-11
      10460.0  7.16679e-11
      10470.0  7.10603e-11
      10480.0  7.04017e-11
      10490.0  6.96913e-11
      10500.0  6.89289e-11
      10510.0  6.81150e-11
      10520.0  6.72509e-11
      10530.0  6.63387e-11
      10540.0  6.53811e-11
      10550.0  6.43820e-11
      10560.0  6.33461e-11
      10570.0  6.22787e-11
      10580.0  6.11859e-11
      10590.0  6.00746e-11
      10600.0  5.89520e-11
      10610.0  5.78258e-11
      10620.0  5.67037e-11
      10630.0  5.55936e-11
      10640.0  5.45031e-11
      10650.0  5.34397e-11
      10660.0  5.24101e-11
      10670.0  5.14207e-11
      10680.0  5.04769e-11
      10690.0  4.95832e-11
      10700.0  4.87432e-11
      10710.0  4.79594e-11
      10720.0  4.72334e-11
      10730.0  4.65653e-11
      10740.0  4.59545e-11
      10750.0  4.53992e-11
      10760.0  4.48966e-11
      10770.0  4.44433e-11
      10780.0  4.40349e-11
      10790.0  4.36664e-11
      10800.0  4.33325e-11
      10810.0  4.30273e-11
      10820.0  4.27450e-11
      10830.0  4.24796e-11
      10840.0  4.22255e-11
      10850.0  4.19769e-11
      10860.0  4.17287e-11
      10870.0  4.14762e-11
      10880.0  4.12153e-11
      10890.0  4.09424e-11
      10900.0  4.06545e-11
      10910.0  4.03495e-11
      10920.0  4.00258e-11
      10930.0  3.96824e-11
      10940.0  3.93189e-11
      10950.0  3.89354e-11
      10960.0  3.85324e-11
      10970.0  3.81110e-11
      10980.0  3.76722e-11
      10990.0  3.72174e-11
      11000.0  3.67481e-11
      11010.0  3.62655e-11
      11020.0  3.57710e-11
      11030.0  3.52658e-11
      11040.0  3.47510e-11
      11050.0  3.42272e-11
      11060.0  3.36949e-11
      11070.0  3.31545e-11
      11080.0  3.26060e-11
      11090.0  3.20493e-11
      11100.0  3.14841e-11
      11110.0  3.09101e-11
      11120.0  3.03270e-11
      11130.0  2.97343e-11
      11140.0  2.91319e-11
      11150.0  2.85198e-11
      11160.0  2.78982e-11
      11170.0  2.72676e-11
      11180.0  2.66288e-11
      11190.0  2.59832e-11
      11200.0  2.53321e-11
      11210.0  2.46775e-11
      11220.0  2.40217e-11
      11230.0  2.33671e-11
      11240.0  2.27166e-11
      11250.0  2.20731e-11
      11260.0  2.14397e-11
      11270.0  2.08194e-11
      11280.0  2.02154e-11
      11290.0  1.96306e-11
      11300.0  1.90677e-11
      11310.0  1.85293e-11
      11320.0  1.80176e-11
      11330.0  1.75342e-11
      11340.0  1.70807e-11
      11350.0  1.66580e-11
      11360.0  1.62666e-11
      11370.0  1.59065e-11
      11380.0  1.55773e-11
      11390.0  1.52781e-11
      11400.0  1.50076e-11
      11410.0  1.47642e-11
      11420.0  1.45458e-11
      11430.0  1.43502e-11
      11440.0  1.41748e-11
      11450.0  1.40170e-11
      11460.0  1.38738e-11
      11470.0  1.37423e-11
      11480.0  1.36197e-11
      11490.0  1.35031e-11
      11500.0  1.33896e-11
      11510.0  1.32766e-11
      11520.0  1.31616e-11
      11530.0  1.30424e-11
      11540.0  1.29171e-11
      11550.0  1.27839e-11
      11560.0  1.26415e-11
      11570.0  1.24887e-11
      11580.0  1.23249e-11
      11590.0  1.21496e-11
      11600.0  1.19628e-11
      11610.0  1.17647e-11
      11620.0  1.15558e-11
      11630.0  1.13369e-11
      11640.0  1.11091e-11
      11650.0  1.08737e-11
      11660.0  1.06321e-11
      11670.0  1.03858e-11
      11680.0  1.01366e-11
      11690.0  9.88626e-12
      11700.0  9.63648e-12
      11710.0  9.38905e-12
      11720.0  9.14568e-12
      11730.0  8.90799e-12
      11740.0  8.67750e-12
      11750.0  8.45558e-12
      11760.0  8.24345e-12
      11770.0  8.04215e-12
      11780.0  7.85253e-12
      11790.0  7.67523e-12
      11800.0  7.51070e-12
      11810.0  7.35919e-12
      11820.0  7.22075e-12
      11830.0  7.09524e-12
      11840.0  6.98236e-12
      11850.0  6.88163e-12
      11860.0  6.79242e-12
      11870.0  6.71400e-12
      11880.0  6.64550e-12
      11890.0  6.58601e-12
      11900.0  6.53450e-12
      11910.0  6.48994e-12
      11920.0  6.45126e-12
      11930.0  6.41738e-12
      11940.0  6.38727e-12
      11950.0  6.35989e-12
      11960.0  6.33430e-12
      11970.0  6.30960e-12
      11980.0  6.28498e-12
      11990.0  6.25973e-12
      12000.0  6.23324e-12
      12010.0  6.20503e-12
      12020.0  6.17471e-12
      12030.0  6.14203e-12
      12040.0  6.10689e-12
      12050.0  6.06927e-12
      12060.0  6.02930e-12
      12070.0  5.98723e-12
      12080.0  5.94340e-12
      12090.0  5.89829e-12
      12100.0  5.85245e-12
      12110.0  5.80651e-12
      12120.0  5.76120e-12
      12130.0  5.71728e-12
      12140.0  5.67559e-12
      12150.0  5.63700e-12
      12160.0  5.60237e-12
      12170.0  5.57261e-12
      12180.0  5.54861e-12
      12190.0  5.53123e-12
      12200.0  5.52133e-12
      12210.0  5.51970e-12
      12220.0  5.52709e-12
      12230.0  5.54419e-12
      12240.0  5.57160e-12
      12250.0  5.60987e-12
      12260.0  5.65943e-12
      12270.0  5.72063e-12
      12280.0  5.79374e-12
      12290.0  5.87889e-12
      12300.0  5.97615e-12
      12310.0  6.08547e-12
      12320.0  6.20668e-12
      12330.0  6.33955e-12
      12340.0  6.48372e-12
      12350.0  6.63876e-12
      12360.0  6.80414e-12
      12370.0  6.97927e-12
      12380.0  7.16344e-12
      12390.0  7.35592e-12
      12400.0  7.55588e-12
      12410.0  7.76244e-12
      12420.0  7.97468e-12
      12430.0  8.19160e-12
      12440.0  8.41219e-12
      12450.0  8.63538e-12
      12460.0  8.86009e-12
      12470.0  9.08520e-12
      12480.0  9.30957e-12
      12490.0  9.53207e-12
      12500.0  9.75155e-12
      12510.0  9.96686e-12
      12520.0  1.01769e-11
      12530.0  1.03805e-11
      12540.0  1.05767e-11
      12550.0  1.07644e-11
      12560.0  1.09426e-11
      12570.0  1.11104e-11
      12580.0  1.12670e-11
      12590.0  1.14116e-11
      12600.0  1.15435e-11
      12610.0  1.16622e-11
      12620.0  1.17671e-11
      12630.0  1.18578e-11
      12640.0  1.19342e-11
      12650.0  1.19960e-11
      12660.0  1.20431e-11
      12670.0  1.20755e-11
      12680.0  1.20935e-11
      12690.0  1.20972e-11
      12700.0  1.20868e-11
      12710.0  1.20629e-11
      12720.0  1.20259e-11
      12730.0  1.19762e-11
      12740.0  1.19145e-11
      12750.0  1.18414e-11
      12760.0  1.17576e-11
      12770.0  1.16636e-11
      12780.0  1.15603e-11
      12790.0  1.14483e-11
      12800.0  1.13284e-11
      12810.0  1.12012e-11
      12820.0  1.10674e-11
      12830.0  1.09278e-11
      12840.0  1.07829e-11
      12850.0  1.06334e-11
      12860.0  1.04800e-11
      12870.0  1.03230e-11
      12880.0  1.01632e-11
      12890.0  1.00009e-11
      12900.0  9.83660e-12
      12910.0  9.67076e-12
      12920.0  9.50375e-12
      12930.0  9.33590e-12
      12940.0  9.16755e-12
      12950.0  8.99899e-12
      12960.0  8.83050e-12
      12970.0  8.66233e-12
      12980.0  8.49474e-12
      12990.0  8.32794e-12
      13000.0  8.16217e-12
      13010.0  7.99765e-12
      13020.0  7.83460e-12
      13030.0  7.67326e-12
      13040.0  7.51385e-12
      13050.0  7.35661e-12
      13060.0  7.20181e-12
      13070.0  7.04969e-12
      13080.0  6.90054e-12
      13090.0  6.75463e-12
      13100.0  6.61225e-12
      13110.0  6.47371e-12
      13120.0  6.33931e-12
      13130.0  6.20936e-12
      13140.0  6.08417e-12
      13150.0  5.96405e-12
      13160.0  5.84933e-12
      13170.0  5.74030e-12
      13180.0  5.63729e-12
      13190.0  5.54059e-12
      13200.0  5.45049e-12
      13210.0  5.36731e-12
      13220.0  5.29131e-12
      13230.0  5.22277e-12
      13240.0  5.16198e-12
      13250.0  5.10919e-12
      13260.0  5.06465e-12
      13270.0  5.02861e-12
      13280.0  5.00130e-12
      13290.0  4.98294e-12
      13300.0  4.97372e-12
      13310.0  4.97381e-12
      13320.0  4.98337e-12
      13330.0  5.00249e-12
      13340.0  5.03126e-12
      13350.0  5.06969e-12
      13360.0  5.11775e-12
      13370.0  5.17532e-12
      13380.0  5.24224e-12
      13390.0  5.31825e-12
      13400.0  5.40301e-12
      13410.0  5.49607e-12
      13420.0  5.59689e-12
      13430.0  5.70485e-12
      13440.0  5.81921e-12
      13450.0  5.93915e-12
      13460.0  6.06376e-12
      13470.0  6.19204e-12
      13480.0  6.32294e-12
      13490.0  6.45537e-12
      13500.0  6.58819e-12
      13510.0  6.72026e-12
      13520.0  6.85045e-12
      13530.0  6.97766e-12
      13540.0  7.10086e-12
      13550.0  7.21906e-12
      13560.0  7.33141e-12
      13570.0  7.43713e-12
      13580.0  7.53560e-12
      13590.0  7.62632e-12
      13600.0  7.70893e-12
      13610.0  7.78322e-12
      13620.0  7.84911e-12
      13630.0  7.90669e-12
      13640.0  7.95613e-12
      13650.0  7.99775e-12
      13660.0  8.03196e-12
      13670.0  8.05923e-12
      13680.0  8.08011e-12
      13690.0  8.09520e-12
      13700.0  8.10511e-12
      13710.0  8.11043e-12
      13720.0  8.11178e-12
      13730.0  8.10972e-12
      13740.0  8.10478e-12
      13750.0  8.09742e-12
      13760.0  8.08805e-12
      13770.0  8.07699e-12
      13780.0  8.06451e-12
      13790.0  8.05078e-12
      13800.0  8.03591e-12
      13810.0  8.01991e-12
      13820.0  8.00274e-12
      13830.0  7.98430e-12
      13840.0  7.96440e-12
      13850.0  7.94283e-12
      13860.0  7.91930e-12
      13870.0  7.89352e-12
      13880.0  7.86516e-12
      13890.0  7.83388e-12
      13900.0  7.79932e-12
      13910.0  7.76114e-12
      13920.0  7.71902e-12
      13930.0  7.67266e-12
      13940.0  7.62179e-12
      13950.0  7.56620e-12
      13960.0  7.50572e-12
      13970.0  7.44026e-12
      13980.0  7.36976e-12
      13990.0  7.29427e-12
      14000.0  7.21390e-12
      14010.0  7.12883e-12
      14020.0  7.03933e-12
      14030.0  6.94571e-12
      14040.0  6.84841e-12
      14050.0  6.74789e-12
      14060.0  6.64468e-12
      14070.0  6.53938e-12
      14080.0  6.43264e-12
      14090.0  6.32512e-12
      14100.0  6.21755e-12
      14110.0  6.11064e-12
      14120.0  6.00515e-12
      14130.0  5.90182e-12
      14140.0  5.80139e-12
      14150.0  5.70458e-12
      14160.0  5.61210e-12
      14170.0  5.52460e-12
      14180.0  5.44273e-12
      14190.0  5.36707e-12
      14200.0  5.29815e-12
      14210.0  5.23646e-12
      14220.0  5.18243e-12
      14230.0  5.13640e-12
      14240.0  5.09868e-12
      14250.0  5.06950e-12
      14260.0  5.04901e-12
      14270.0  5.03731e-12
      14280.0  5.03442e-12
      14290.0  5.04028e-12
      14300.0  5.05478e-12
      14310.0  5.07774e-12
      14320.0  5.10889e-12
      14330.0  5.14792e-12
      14340.0  5.19445e-12
      14350.0  5.24804e-12
      14360.0  5.30820e-12
      14370.0  5.37437e-12
      14380.0  5.44598e-12
      14390.0  5.52240e-12
      14400.0  5.60296e-12
      14410.0  5.68699e-12
      14420.0  5.77377e-12
      14430.0  5.86261e-12
      14440.0  5.95279e-12
      14450.0  6.04362e-12
      14460.0  6.13441e-12
      14470.0  6.22450e-12
      14480.0  6.31329e-12
      14490.0  6.40019e-12
      14500.0  6.48469e-12
      14510.0  6.56633e-12
      14520.0  6.64470e-12
      14530.0  6.71948e-12
      14540.0  6.79043e-12
      14550.0  6.85736e-12
      14560.0  6.92017e-12
      14570.0  6.97884e-12
      14580.0  7.03343e-12
      14590.0  7.08405e-12
      14600.0  7.13092e-12
      14610.0  7.17427e-12
      14620.0  7.21443e-12
      14630.0  7.25178e-12
      14640.0  7.28672e-12
      14650.0  7.31970e-12
      14660.0  7.35122e-12
      14670.0  7.38177e-12
      14680.0  7.41188e-12
      14690.0  7.44210e-12
      14700.0  7.47294e-12
      14710.0  7.50496e-12
      14720.0  7.53867e-12
      14730.0  7.57460e-12
      14740.0  7.61324e-12
      14750.0  7.65506e-12
      14760.0  7.70054e-12
      14770.0  7.75008e-12
      14780.0  7.80410e-12
      14790.0  7.86296e-12
      14800.0  7.92698e-12
      14810.0  7.99649e-12
      14820.0  8.07173e-12
      14830.0  8.15295e-12
      14840.0  8.24032e-12
      14850.0  8.33401e-12
      14860.0  8.43412e-12
      14870.0  8.54074e-12
      14880.0  8.65387e-12
      14890.0  8.77351e-12
      14900.0  8.89960e-12
      14910.0  9.03201e-12
      14920.0  9.17058e-12
      14930.0  9.31510e-12
      14940.0  9.46530e-12
      14950.0  9.62084e-12
      14960.0  9.78134e-12
      14970.0  9.94635e-12
      14980.0  1.01154e-11
      14990.0  1.02878e-11
      15000.0  1.04632e-11
      15010.0  1.06406e-11
      15020.0  1.08196e-11
      15030.0  1.09993e-11
      15040.0  1.11789e-11
      15050.0  1.13577e-11
      15060.0  1.15348e-11
      15070.0  1.17095e-11
      15080.0  1.18809e-11
      15090.0  1.20483e-11
      15100.0  1.22109e-11
      15110.0  1.23682e-11
      15120.0  1.25194e-11
      15130.0  1.26641e-11
      15140.0  1.28018e-11
      15150.0  1.29321e-11
      15160.0  1.30547e-11
      15170.0  1.31695e-11
      15180.0  1.32764e-11
      15190.0  1.33754e-11
      15200.0  1.34666e-11
      15210.0  1.35501e-11
      15220.0  1.36263e-11
      15230.0  1.36954e-11
      15240.0  1.37578e-11
      15250.0  1.38139e-11
      15260.0  1.38641e-11
      15270.0  1.39089e-11
      15280.0  1.39487e-11
      15290.0  1.39839e-11
      15300.0  1.40151e-11
      15310.0  1.40425e-11
      15320.0  1.40666e-11
      15330.0  1.40877e-11
      15340.0  1.41062e-11
      15350.0  1.41222e-11
      15360.0  1.41360e-11
      15370.0  1.41478e-11
      15380.0  1.41578e-11
      15390.0  1.41661e-11
      15400.0  1.41728e-11
      15410.0  1.41779e-11
      15420.0  1.41815e-11
      15430.0  1.41836e-11
      15440.0  1.41842e-11
      15450.0  1.41834e-11
      15460.0  1.41810e-11
      15470.0  1.41770e-11
      15480.0  1.41715e-11
      15490.0  1.41643e-11
      15500.0  1.41554e-11
      15510.0  1.41447e-11
      15520.0  1.41322e-11
      15530.0  1.41177e-11
      15540.0  1.41012e-11
      15550.0  1.40827e-11
      15560.0  1.40619e-11
      15570.0  1.40389e-11
      15580.0  1.40136e-11
      15590.0  1.39859e-11
      15600.0  1.39558e-11
      15610.0  1.39233e-11
      15620.0  1.38884e-11
      15630.0  1.38512e-11
      15640.0  1.38116e-11
      15650.0  1.37698e-11
      15660.0  1.37259e-11
      15670.0  1.36802e-11
      15680.0  1.36327e-11
      15690.0  1.35837e-11
      15700.0  1.35335e-11
      15710.0  1.34825e-11
      15720.0  1.34308e-11
      15730.0  1.33789e-11
      15740.0  1.33271e-11
      15750.0  1.32758e-11
      15760.0  1.32253e-11
      15770.0  1.31761e-11
      15780.0  1.31286e-11
      15790.0  1.30829e-11
      15800.0  1.30396e-11
      15810.0  1.29989e-11
      15820.0  1.29611e-11
      15830.0  1.29264e-11
      15840.0  1.28952e-11
      15850.0  1.28675e-11
      15860.0  1.28434e-11
      15870.0  1.28232e-11
      15880.0  1.28068e-11
      15890.0  1.27943e-11
      15900.0  1.27856e-11
      15910.0  1.27807e-11
      15920.0  1.27795e-11
      15930.0  1.27818e-11
      15940.0  1.27875e-11
      15950.0  1.27964e-11
      15960.0  1.28083e-11
      15970.0  1.28230e-11
      15980.0  1.28403e-11
      15990.0  1.28599e-11
      16000.0  1.28816e-11
      16010.0  1.29050e-11
      16020.0  1.29301e-11
      16030.0  1.29566e-11
      16040.0  1.29842e-11
      16050.0  1.30128e-11
      16060.0  1.30422e-11
      16070.0  1.30722e-11
      16080.0  1.31027e-11
      16090.0  1.31336e-11
      16100.0  1.31647e-11
      16110.0  1.31960e-11
      16120.0  1.32274e-11
      16130.0  1.32589e-11
      16140.0  1.32904e-11
      16150.0  1.33219e-11
      16160.0  1.33534e-11
      16170.0  1.33849e-11
      16180.0  1.34164e-11
      16190.0  1.34478e-11
      16200.0  1.34792e-11
      16210.0  1.35105e-11
      16220.0  1.35417e-11
      16230.0  1.35727e-11
      16240.0  1.36035e-11
      16250.0  1.36339e-11
      16260.0  1.36638e-11
      16270.0  1.36931e-11
      16280.0  1.37218e-11
      16290.0  1.37495e-11
      16300.0  1.37762e-11
      16310.0  1.38016e-11
      16320.0  1.38257e-11
      16330.0  1.38483e-11
      16340.0  1.38692e-11
      16350.0  1.38884e-11
      16360.0  1.39059e-11
      16370.0  1.39215e-11
      16380.0  1.39354e-11
      16390.0  1.39477e-11
      16400.0  1.39585e-11
      16410.0  1.39681e-11
      16420.0  1.39767e-11
      16430.0  1.39847e-11
      16440.0  1.39925e-11
      16450.0  1.40005e-11
      16460.0  1.40090e-11
      16470.0  1.40187e-11
      16480.0  1.40299e-11
      16490.0  1.40431e-11
      16500.0  1.40587e-11
      16510.0  1.40771e-11
      16520.0  1.40986e-11
      16530.0  1.41235e-11
      16540.0  1.41519e-11
      16550.0  1.41841e-11
      16560.0  1.42199e-11
      16570.0  1.42595e-11
      16580.0  1.43025e-11
      16590.0  1.43489e-11
      16600.0  1.43982e-11
      16610.0  1.44502e-11
      16620.0  1.45042e-11
      16630.0  1.45599e-11
      16640.0  1.46165e-11
      16650.0  1.46734e-11
      16660.0  1.47300e-11
      16670.0  1.47855e-11
      16680.0  1.48392e-11
      16690.0  1.48903e-11
      16700.0  1.49381e-11
      16710.0  1.49818e-11
      16720.0  1.50207e-11
      16730.0  1.50542e-11
      16740.0  1.50816e-11
      16750.0  1.51023e-11
      16760.0  1.51159e-11
      16770.0  1.51220e-11
      16780.0  1.51201e-11
      16790.0  1.51100e-11
      16800.0  1.50916e-11
      16810.0  1.50648e-11
      16820.0  1.50296e-11
      16830.0  1.49861e-11
      16840.0  1.49345e-11
      16850.0  1.48751e-11
      16860.0  1.48083e-11
      16870.0  1.47345e-11
      16880.0  1.46542e-11
      16890.0  1.45679e-11
      16900.0  1.44764e-11
      16910.0  1.43802e-11
      16920.0  1.42801e-11
      16930.0  1.41768e-11
      16940.0  1.40711e-11
      16950.0  1.39636e-11
      16960.0  1.38552e-11
      16970.0  1.37465e-11
      16980.0  1.36383e-11
      16990.0  1.35313e-11
      17000.0  1.34261e-11
      17010.0  1.33233e-11
      17020.0  1.32235e-11
      17030.0  1.31271e-11
      17040.0  1.30347e-11
      17050.0  1.29467e-11
      17060.0  1.28633e-11
      17070.0  1.27847e-11
      17080.0  1.27113e-11
      17090.0  1.26431e-11
      17100.0  1.25802e-11
      17110.0  1.25226e-11
      17120.0  1.24703e-11
      17130.0  1.24231e-11
      17140.0  1.23809e-11
      17150.0  1.23435e-11
      17160.0  1.23106e-11
      17170.0  1.22821e-11
      17180.0  1.22576e-11
      17190.0  1.22368e-11
      17200.0  1.22193e-11
      17210.0  1.22050e-11
      17220.0  1.21934e-11
      17230.0  1.21842e-11
      17240.0  1.21771e-11
      17250.0  1.21719e-11
      17260.0  1.21683e-11
      17270.0  1.21659e-11
      17280.0  1.21647e-11
      17290.0  1.21644e-11
      17300.0  1.21649e-11
      17310.0  1.21660e-11
      17320.0  1.21676e-11
      17330.0  1.21698e-11
      17340.0  1.21724e-11
      17350.0  1.21754e-11
      17360.0  1.21790e-11
      17370.0  1.21831e-11
      17380.0  1.21879e-11
      17390.0  1.21934e-11
      17400.0  1.21998e-11
      17410.0  1.22071e-11
      17420.0  1.22155e-11
      17430.0  1.22252e-11
      17440.0  1.22363e-11
      17450.0  1.22489e-11
      17460.0  1.22631e-11
      17470.0  1.22790e-11
      17480.0  1.22968e-11
      17490.0  1.23164e-11
      17500.0  1.23379e-11
      17510.0  1.23613e-11
      17520.0  1.23866e-11
      17530.0  1.24137e-11
      17540.0  1.24424e-11
      17550.0  1.24728e-11
      17560.0  1.25045e-11
      17570.0  1.25374e-11
      17580.0  1.25712e-11
      17590.0  1.26058e-11
      17600.0  1.26407e-11
      17610.0  1.26756e-11
      17620.0  1.27102e-11
      17630.0  1.27442e-11
      17640.0  1.27772e-11
      17650.0  1.28088e-11
      17660.0  1.28387e-11
      17670.0  1.28665e-11
      17680.0  1.28917e-11
      17690.0  1.29142e-11
      17700.0  1.29336e-11
      17710.0  1.29496e-11
      17720.0  1.29619e-11
      17730.0  1.29703e-11
      17740.0  1.29746e-11
      17750.0  1.29747e-11
      17760.0  1.29704e-11
      17770.0  1.29617e-11
      17780.0  1.29485e-11
      17790.0  1.29307e-11
      17800.0  1.29084e-11
      17810.0  1.28817e-11
      17820.0  1.28506e-11
      17830.0  1.28153e-11
      17840.0  1.27759e-11
      17850.0  1.27325e-11
      17860.0  1.26853e-11
      17870.0  1.26346e-11
      17880.0  1.25806e-11
      17890.0  1.25234e-11
      17900.0  1.24634e-11
      17910.0  1.24008e-11
      17920.0  1.23358e-11
      17930.0  1.22688e-11
      17940.0  1.22000e-11
      17950.0  1.21297e-11
      17960.0  1.20581e-11
      17970.0  1.19856e-11
      17980.0  1.19125e-11
      17990.0  1.18389e-11
      18000.0  1.17653e-11
      18010.0  1.16918e-11
      18020.0  1.16188e-11
      18030.0  1.15464e-11
      18040.0  1.14748e-11
      18050.0  1.14044e-11
      18060.0  1.13353e-11
      18070.0  1.12675e-11
      18080.0  1.12013e-11
      18090.0  1.11368e-11
      18100.0  1.10739e-11
      18110.0  1.10127e-11
      18120.0  1.09531e-11
      18130.0  1.08951e-11
      18140.0  1.08385e-11
      18150.0  1.07832e-11
      18160.0  1.07290e-11
      18170.0  1.06755e-11
      18180.0  1.06225e-11
      18190.0  1.05696e-11
      18200.0  1.05165e-11
      18210.0  1.04627e-11
      18220.0  1.04079e-11
      18230.0  1.03516e-11
      18240.0  1.02933e-11
      18250.0  1.02327e-11
      18260.0  1.01693e-11
      18270.0  1.01026e-11
      18280.0  1.00324e-11
      18290.0  9.95830e-12
      18300.0  9.87994e-12
      18310.0  9.79713e-12
      18320.0  9.70965e-12
      18330.0  9.61740e-12
      18340.0  9.52031e-12
      18350.0  9.41838e-12
      18360.0  9.31170e-12
      18370.0  9.20041e-12
      18380.0  9.08474e-12
      18390.0  8.96498e-12
      18400.0  8.84148e-12
      18410.0  8.71465e-12
      18420.0  8.58498e-12
      18430.0  8.45299e-12
      18440.0  8.31923e-12
      18450.0  8.18430e-12
      18460.0  8.04883e-12
      18470.0  7.91346e-12
      18480.0  7.77884e-12
      18490.0  7.64562e-12
      18500.0  7.51444e-12
      18510.0  7.38592e-12
      18520.0  7.26066e-12
      18530.0  7.13922e-12
      18540.0  7.02213e-12
      18550.0  6.90987e-12
      18560.0  6.80285e-12
      18570.0  6.70144e-12
      18580.0  6.60595e-12
      18590.0  6.51663e-12
      18600.0  6.43364e-12
      18610.0  6.35710e-12
      18620.0  6.28705e-12
      18630.0  6.22347e-12
      18640.0  6.16626e-12
      18650.0  6.11528e-12
      18660.0  6.07031e-12
      18670.0  6.03110e-12
      18680.0  5.99732e-12
      18690.0  5.96862e-12
      18700.0  5.94460e-12
      18710.0  5.92484e-12
      18720.0  5.90887e-12
      18730.0  5.89622e-12
      18740.0  5.88641e-12
      18750.0  5.87894e-12
      18760.0  5.87334e-12
      18770.0  5.86911e-12
      18780.0  5.86579e-12
      18790.0  5.86295e-12
      18800.0  5.86016e-12
      18810.0  5.85704e-12
      18820.0  5.85323e-12
      18830.0  5.84843e-12
      18840.0  5.84236e-12
      18850.0  5.83480e-12
      18860.0  5.82555e-12
      18870.0  5.81449e-12
      18880.0  5.80150e-12
      18890.0  5.78653e-12
      18900.0  5.76956e-12
      18910.0  5.75061e-12
      18920.0  5.72973e-12
      18930.0  5.70699e-12
      18940.0  5.68251e-12
      18950.0  5.65642e-12
      18960.0  5.62885e-12
      18970.0  5.59997e-12
      18980.0  5.56995e-12
      18990.0  5.53897e-12
      19000.0  5.50721e-12
      19010.0  5.47485e-12
      19020.0  5.44209e-12
      19030.0  5.40909e-12
      19040.0  5.37603e-12
      19050.0  5.34308e-12
      19060.0  5.31040e-12
      19070.0  5.27815e-12
      19080.0  5.24648e-12
      19090.0  5.21554e-12
      19100.0  5.18545e-12
      19110.0  5.15636e-12
      19120.0  5.12839e-12
      19130.0  5.10167e-12
      19140.0  5.07633e-12
      19150.0  5.05248e-12
      19160.0  5.03025e-12
      19170.0  5.00976e-12
      19180.0  4.99114e-12
      19190.0  4.97450e-12
      19200.0  4.95998e-12
      19210.0  4.94771e-12
      19220.0  4.93781e-12
      19230.0  4.93041e-12
      19240.0  4.92564e-12
      19250.0  4.92364e-12
      19260.0  4.92453e-12
      19270.0  4.92844e-12
      19280.0  4.93548e-12
      19290.0  4.94578e-12
      19300.0  4.95944e-12
      19310.0  4.97656e-12
      19320.0  4.99721e-12
      19330.0  5.02148e-12
      19340.0  5.04942e-12
      19350.0  5.08106e-12
      19360.0  5.11641e-12
      19370.0  5.15546e-12
      19380.0  5.19819e-12
      19390.0  5.24452e-12
      19400.0  5.29437e-12
      19410.0  5.34761e-12
      19420.0  5.40410e-12
      19430.0  5.46366e-12
      19440.0  5.52606e-12
      19450.0  5.59107e-12
      19460.0  5.65841e-12
      19470.0  5.72779e-12
      19480.0  5.79888e-12
      19490.0  5.87132e-12
      19500.0  5.94475e-12
      19510.0  6.01878e-12
      19520.0  6.09301e-12
      19530.0  6.16703e-12
      19540.0  6.24041e-12
      19550.0  6.31274e-12
      19560.0  6.38360e-12
      19570.0  6.45258e-12
      19580.0  6.51927e-12
      19590.0  6.58330e-12
      19600.0  6.64429e-12
      19610.0  6.70190e-12
      19620.0  6.75581e-12
      19630.0  6.80572e-12
      19640.0  6.85137e-12
      19650.0  6.89253e-12
      19660.0  6.92900e-12
      19670.0  6.96063e-12
      19680.0  6.98728e-12
      19690.0  7.00887e-12
      19700.0  7.02535e-12
      19710.0  7.03671e-12
      19720.0  7.04295e-12
      19730.0  7.04414e-12
      19740.0  7.04035e-12
      19750.0  7.03171e-12
      19760.0  7.01834e-12
      19770.0  7.00042e-12
      19780.0  6.97814e-12
      19790.0  6.95169e-12
      19800.0  6.92129e-12
      19810.0  6.88717e-12
      19820.0  6.84957e-12
      19830.0  6.80874e-12
      19840.0  6.76490e-12
      19850.0  6.71829e-12
      19860.0  6.66916e-12
      19870.0  6.61771e-12
      19880.0  6.56417e-12
      19890.0  6.50873e-12
      19900.0  6.45158e-12
      19910.0  6.39287e-12
      19920.0  6.33276e-12
      19930.0  6.27139e-12
      19940.0  6.20886e-12
      19950.0  6.14527e-12
      19960.0  6.08070e-12
      19970.0  6.01523e-12
      19980.0  5.94890e-12
      19990.0  5.88175e-12
      20000.0  5.81383e-12
      20010.0  5.74516e-12
      20020.0  5.67576e-12
      20030.0  5.60567e-12
      20040.0  5.53489e-12
      20050.0  5.46347e-12
      20060.0  5.39143e-12
      20070.0  5.31883e-12
      20080.0  5.24570e-12
      20090.0  5.17213e-12
      20100.0  5.09817e-12
      20110.0  5.02393e-12
      20120.0  4.94950e-12
      20130.0  4.87500e-12
      20140.0  4.80057e-12
      20150.0  4.72635e-12
      20160.0  4.65248e-12
      20170.0  4.57915e-12
      20180.0  4.50651e-12
      20190.0  4.43477e-12
      20200.0  4.36409e-12
      20210.0  4.29469e-12
      20220.0  4.22675e-12
      20230.0  4.16046e-12
      20240.0  4.09601e-12
      20250.0  4.03360e-12
      20260.0  3.97339e-12
      20270.0  3.91557e-12
      20280.0  3.86028e-12
      20290.0  3.80767e-12
      20300.0  3.75787e-12
      20310.0  3.71101e-12
      20320.0  3.66718e-12
      20330.0  3.62645e-12
      20340.0  3.58891e-12
      20350.0  3.55459e-12
      20360.0  3.52351e-12
      20370.0  3.49570e-12
      20380.0  3.47113e-12
      20390.0  3.44978e-12
      20400.0  3.43161e-12
      20410.0  3.41655e-12
      20420.0  3.40453e-12
      20430.0  3.39545e-12
      20440.0  3.38922e-12
      20450.0  3.38571e-12
      20460.0  3.38481e-12
      20470.0  3.38637e-12
      20480.0  3.39026e-12
      20490.0  3.39632e-12
      20500.0  3.40442e-12
      20510.0  3.41439e-12
      20520.0  3.42608e-12
      20530.0  3.43934e-12
      20540.0  3.45401e-12
      20550.0  3.46995e-12
      20560.0  3.48701e-12
      20570.0  3.50505e-12
      20580.0  3.52394e-12
      20590.0  3.54356e-12
      20600.0  3.56378e-12
      20610.0  3.58449e-12
      20620.0  3.60560e-12
      20630.0  3.62701e-12
      20640.0  3.64865e-12
      20650.0  3.67045e-12
      20660.0  3.69234e-12
      20670.0  3.71427e-12
      20680.0  3.73622e-12
      20690.0  3.75814e-12
      20700.0  3.78002e-12
      20710.0  3.80185e-12
      20720.0  3.82363e-12
      20730.0  3.84535e-12
      20740.0  3.86705e-12
      20750.0  3.88872e-12
      20760.0  3.91040e-12
      20770.0  3.93211e-12
      20780.0  3.95389e-12
      20790.0  3.97577e-12
      20800.0  3.99777e-12
      20810.0  4.01994e-12
      20820.0  4.04231e-12
      20830.0  4.06491e-12
      20840.0  4.08775e-12
      20850.0  4.11087e-12
      20860.0  4.13429e-12
      20870.0  4.15800e-12
      20880.0  4.18201e-12
      20890.0  4.20633e-12
      20900.0  4.23094e-12
      20910.0  4.25582e-12
      20920.0  4.28095e-12
      20930.0  4.30629e-12
      20940.0  4.33181e-12
      20950.0  4.35745e-12
      20960.0  4.38316e-12
      20970.0  4.40888e-12
      20980.0  4.43455e-12
      20990.0  4.46009e-12
      21000.0  4.48543e-12
      21010.0  4.51049e-12
      21020.0  4.53520e-12
      21030.0  4.55947e-12
      21040.0  4.58323e-12
      21050.0  4.60639e-12
      21060.0  4.62887e-12
      21070.0  4.65060e-12
      21080.0  4.67151e-12
      21090.0  4.69152e-12
      21100.0  4.71055e-12
      21110.0  4.72856e-12
      21120.0  4.74547e-12
      21130.0  4.76123e-12
      21140.0  4.77578e-12
      21150.0  4.78908e-12
      21160.0  4.80107e-12
      21170.0  4.81172e-12
      21180.0  4.82097e-12
      21190.0  4.82880e-12
      21200.0  4.83517e-12
      21210.0  4.84004e-12
      21220.0  4.84337e-12
      21230.0  4.84515e-12
      21240.0  4.84532e-12
      21250.0  4.84387e-12
      21260.0  4.84077e-12
      21270.0  4.83597e-12
      21280.0  4.82945e-12
      21290.0  4.82119e-12
      21300.0  4.81113e-12
      21310.0  4.79927e-12
      21320.0  4.78557e-12
      21330.0  4.76999e-12
      21340.0  4.75251e-12
      21350.0  4.73310e-12
      21360.0  4.71175e-12
      21370.0  4.68843e-12
      21380.0  4.66313e-12
      21390.0  4.63584e-12
      21400.0  4.60655e-12
      21410.0  4.57526e-12
      21420.0  4.54200e-12
      21430.0  4.50678e-12
      21440.0  4.46962e-12
      21450.0  4.43058e-12
      21460.0  4.38970e-12
      21470.0  4.34705e-12
      21480.0  4.30270e-12
      21490.0  4.25675e-12
      21500.0  4.20930e-12
      21510.0  4.16047e-12
      21520.0  4.11039e-12
      21530.0  4.05922e-12
      21540.0  4.00711e-12
      21550.0  3.95425e-12
      21560.0  3.90081e-12
      21570.0  3.84701e-12
      21580.0  3.79305e-12
      21590.0  3.73917e-12
      21600.0  3.68559e-12
      21610.0  3.63255e-12
      21620.0  3.58031e-12
      21630.0  3.52910e-12
      21640.0  3.47920e-12
      21650.0  3.43085e-12
      21660.0  3.38430e-12
      21670.0  3.33981e-12
      21680.0  3.29762e-12
      21690.0  3.25796e-12
      21700.0  3.22106e-12
      21710.0  3.18714e-12
      21720.0  3.15638e-12
      21730.0  3.12897e-12
      21740.0  3.10507e-12
      21750.0  3.08484e-12
      21760.0  3.06838e-12
      21770.0  3.05581e-12
      21780.0  3.04720e-12
      21790.0  3.04260e-12
      21800.0  3.04205e-12
      21810.0  3.04553e-12
      21820.0  3.05305e-12
      21830.0  3.06453e-12
      21840.0  3.07993e-12
      21850.0  3.09914e-12
      21860.0  3.12205e-12
      21870.0  3.14852e-12
      21880.0  3.17840e-12
      21890.0  3.21151e-12
      21900.0  3.24766e-12
      21910.0  3.28665e-12
      21920.0  3.32826e-12
      21930.0  3.37226e-12
      21940.0  3.41843e-12
      21950.0  3.46651e-12
      21960.0  3.51627e-12
      21970.0  3.56746e-12
      21980.0  3.61982e-12
      21990.0  3.67312e-12
      22000.0  3.72712e-12
      22010.0  3.78157e-12
      22020.0  3.83626e-12
      22030.0  3.89097e-12
      22040.0  3.94547e-12
      22050.0  3.99958e-12
      22060.0  4.05311e-12
      22070.0  4.10588e-12
      22080.0  4.15773e-12
      22090.0  4.20850e-12
      22100.0  4.25808e-12
      22110.0  4.30632e-12
      22120.0  4.35313e-12
      22130.0  4.39841e-12
      22140.0  4.44207e-12
      22150.0  4.48405e-12
      22160.0  4.52428e-12
      22170.0  4.56272e-12
      22180.0  4.59932e-12
      22190.0  4.63407e-12
      22200.0  4.66693e-12
      22210.0  4.69790e-12
      22220.0  4.72697e-12
      22230.0  4.75414e-12
      22240.0  4.77940e-12
      22250.0  4.80277e-12
      22260.0  4.82425e-12
      22270.0  4.84386e-12
      22280.0  4.86159e-12
      22290.0  4.87746e-12
      22300.0  4.89148e-12
      22310.0  4.90364e-12
      22320.0  4.91395e-12
      22330.0  4.92242e-12
      22340.0  4.92902e-12
      22350.0  4.93375e-12
      22360.0  4.93659e-12
      22370.0  4.93752e-12
      22380.0  4.93653e-12
      22390.0  4.93357e-12
      22400.0  4.92862e-12
      22410.0  4.92163e-12
      22420.0  4.91257e-12
      22430.0  4.90140e-12
      22440.0  4.88807e-12
      22450.0  4.87254e-12
      22460.0  4.85477e-12
      22470.0  4.83472e-12
      22480.0  4.81234e-12
      22490.0  4.78760e-12
      22500.0  4.76048e-12
      22510.0  4.73095e-12
      22520.0  4.69900e-12
      22530.0  4.66461e-12
      22540.0  4.62780e-12
      22550.0  4.58858e-12
      22560.0  4.54696e-12
      22570.0  4.50299e-12
      22580.0  4.45670e-12
      22590.0  4.40817e-12
      22600.0  4.35744e-12
      22610.0  4.30462e-12
      22620.0  4.24979e-12
      22630.0  4.19305e-12
      22640.0  4.13453e-12
      22650.0  4.07433e-12
      22660.0  4.01261e-12
      22670.0  3.94948e-12
      22680.0  3.88512e-12
      22690.0  3.81965e-12
      22700.0  3.75325e-12
      22710.0  3.68607e-12
      22720.0  3.61828e-12
      22730.0  3.55003e-12
      22740.0  3.48149e-12
      22750.0  3.41281e-12
      22760.0  3.34416e-12
      22770.0  3.27569e-12
      22780.0  3.20756e-12
      22790.0  3.13990e-12
      22800.0  3.07286e-12
      22810.0  3.00657e-12
      22820.0  2.94118e-12
      22830.0  2.87679e-12
      22840.0  2.81354e-12
      22850.0  2.75153e-12
      22860.0  2.69087e-12
      22870.0  2.63167e-12
      22880.0  2.57402e-12
      22890.0  2.51802e-12
      22900.0  2.46377e-12
      22910.0  2.41134e-12
      22920.0  2.36083e-12
      22930.0  2.31231e-12
      22940.0  2.26587e-12
      22950.0  2.22158e-12
      22960.0  2.17952e-12
      22970.0  2.13976e-12
      22980.0  2.10238e-12
      22990.0  2.06744e-12
      23000.0  2.03502e-12
      23010.0  2.00519e-12
      23020.0  1.97801e-12
      23030.0  1.95355e-12
      23040.0  1.93186e-12
      23050.0  1.91301e-12
      23060.0  1.89704e-12
      23070.0  1.88402e-12
      23080.0  1.87397e-12
      23090.0  1.86695e-12
      23100.0  1.86298e-12
      23110.0  1.86209e-12
      23120.0  1.86430e-12
      23130.0  1.86962e-12
      23140.0  1.87804e-12
      23150.0  1.88955e-12
      23160.0  1.90414e-12
      23170.0  1.92177e-12
      23180.0  1.94240e-12
      23190.0  1.96595e-12
      23200.0  1.99237e-12
      23210.0  2.02157e-12
      23220.0  2.05345e-12
      23230.0  2.08789e-12
      23240.0  2.12476e-12
      23250.0  2.16393e-12
      23260.0  2.20522e-12
      23270.0  2.24849e-12
      23280.0  2.29353e-12
      23290.0  2.34016e-12
      23300.0  2.38816e-12
      23310.0  2.43733e-12
      23320.0  2.48743e-12
      23330.0  2.53824e-12
      23340.0  2.58951e-12
      23350.0  2.64100e-12
      23360.0  2.69248e-12
      23370.0  2.74369e-12
      23380.0  2.79440e-12
      23390.0  2.84437e-12
      23400.0  2.89338e-12
      23410.0  2.94119e-12
      23420.0  2.98761e-12
      23430.0  3.03244e-12
      23440.0  3.07549e-12
      23450.0  3.11661e-12
      23460.0  3.15564e-12
      23470.0  3.19245e-12
      23480.0  3.22694e-12
      23490.0  3.25901e-12
      23500.0  3.28861e-12
      23510.0  3.31569e-12
      23520.0  3.34021e-12
      23530.0  3.36219e-12
      23540.0  3.38162e-12
      23550.0  3.39855e-12
      23560.0  3.41303e-12
      23570.0  3.42513e-12
      23580.0  3.43493e-12
      23590.0  3.44252e-12
      23600.0  3.44801e-12
      23610.0  3.45152e-12
      23620.0  3.45316e-12
      23630.0  3.45306e-12
      23640.0  3.45135e-12
      23650.0  3.44815e-12
      23660.0  3.44361e-12
      23670.0  3.43783e-12
      23680.0  3.43095e-12
      23690.0  3.42307e-12
      23700.0  3.41432e-12
      23710.0  3.40478e-12
      23720.0  3.39456e-12
      23730.0  3.38374e-12
      23740.0  3.37241e-12
      23750.0  3.36064e-12
      23760.0  3.34849e-12
      23770.0  3.33603e-12
      23780.0  3.32330e-12
      23790.0  3.31037e-12
      23800.0  3.29727e-12
      23810.0  3.28405e-12
      23820.0  3.27076e-12
      23830.0  3.25750e-12
      23840.0  3.24428e-12
      23850.0  3.23110e-12
      23860.0  3.21802e-12
      23870.0  3.20506e-12
      23880.0  3.19228e-12
      23890.0  3.17971e-12
      23900.0  3.16740e-12
      23910.0  3.15539e-12
      23920.0  3.14372e-12
      23930.0  3.13243e-12
      23940.0  3.12157e-12
      23950.0  3.11117e-12
      23960.0  3.10127e-12
      23970.0  3.09189e-12
      23980.0  3.08308e-12
      23990.0  3.07485e-12
      24000.0  3.06725e-12
      24010.0  3.06029e-12
      24020.0  3.05400e-12
      24030.0  3.04842e-12
      24040.0  3.04357e-12
      24050.0  3.03949e-12
      24060.0  3.03620e-12
      24070.0  3.03374e-12
      24080.0  3.03214e-12
      24090.0  3.03146e-12
      24100.0  3.03172e-12
      24110.0  3.03297e-12
      24120.0  3.03526e-12
      24130.0  3.03861e-12
      24140.0  3.04308e-12
      24150.0  3.04871e-12
      24160.0  3.05551e-12
      24170.0  3.06353e-12
      24180.0  3.07279e-12
      24190.0  3.08330e-12
      24200.0  3.09508e-12
      24210.0  3.10811e-12
      24220.0  3.12241e-12
      24230.0  3.13795e-12
      24240.0  3.15472e-12
      24250.0  3.17267e-12
      24260.0  3.19178e-12
      24270.0  3.21199e-12
      24280.0  3.23327e-12
      24290.0  3.25554e-12
      24300.0  3.27876e-12
      24310.0  3.30286e-12
      24320.0  3.32777e-12
      24330.0  3.35342e-12
      24340.0  3.37974e-12
      24350.0  3.40666e-12
      24360.0  3.43410e-12
      24370.0  3.46200e-12
      24380.0  3.49029e-12
      24390.0  3.51888e-12
      24400.0  3.54772e-12
      24410.0  3.57674e-12
      24420.0  3.60586e-12
      24430.0  3.63503e-12
      24440.0  3.66417e-12
      24450.0  3.69322e-12
      24460.0  3.72211e-12
      24470.0  3.75078e-12
      24480.0  3.77917e-12
      24490.0  3.80720e-12
      24500.0  3.83481e-12
      24510.0  3.86193e-12
      24520.0  3.88849e-12
      24530.0  3.91442e-12
      24540.0  3.93965e-12
      24550.0  3.96410e-12
      24560.0  3.98769e-12
      24570.0  4.01035e-12
      24580.0  4.03199e-12
      24590.0  4.05254e-12
      24600.0  4.07193e-12
      24610.0  4.09006e-12
      24620.0  4.10687e-12
      24630.0  4.12229e-12
      24640.0  4.13623e-12
      24650.0  4.14864e-12
      24660.0  4.15946e-12
      24670.0  4.16863e-12
      24680.0  4.17612e-12
      24690.0  4.18189e-12
      24700.0  4.18592e-12
      24710.0  4.18820e-12
      24720.0  4.18874e-12
      24730.0  4.18757e-12
      24740.0  4.18471e-12
      24750.0  4.18024e-12
      24760.0  4.17422e-12
      24770.0  4.16675e-12
      24780.0  4.15793e-12
      24790.0  4.14790e-12
      24800.0  4.13680e-12
      24810.0  4.12478e-12
      24820.0  4.11202e-12
      24830.0  4.09870e-12
      24840.0  4.08500e-12
      24850.0  4.07109e-12
      24860.0  4.05716e-12
      24870.0  4.04337e-12
      24880.0  4.02986e-12
      24890.0  4.01677e-12
      24900.0  4.00421e-12
      24910.0  3.99225e-12
      24920.0  3.98098e-12
      24930.0  3.97041e-12
      24940.0  3.96058e-12
      24950.0  3.95149e-12
      24960.0  3.94311e-12
      24970.0  3.93544e-12
      24980.0  3.92843e-12
      24990.0  3.92204e-12
      25000.0  3.91624e-12
