      1000.00  3.72424e-14
      1010.00  4.51271e-14
      1020.00  5.48587e-14
      1030.00  6.68111e-14
      1040.00  8.14484e-14
      1050.00  9.93012e-14
      1060.00  1.20962e-13
      1070.00  1.47073e-13
      1080.00  1.78314e-13
      1090.00  2.15369e-13
      1100.00  2.58907e-13
      1110.00  3.09541e-13
      1120.00  3.67793e-13
      1130.00  4.34068e-13
      1140.00  5.08617e-13
      1150.00  5.91522e-13
      1160.00  6.82679e-13
      1170.00  7.81787e-13
      1180.00  8.88354e-13
      1190.00  1.00170e-12
      1200.00  1.12097e-12
      1210.00  1.24513e-12
      1220.00  1.37305e-12
      1230.00  1.50346e-12
      1240.00  1.63503e-12
      1250.00  1.76638e-12
      1260.00  1.89613e-12
      1270.00  2.02295e-12
      1280.00  2.14557e-12
      1290.00  2.26282e-12
      1300.00  2.37370e-12
      1310.00  2.47731e-12
      1320.00  2.57298e-12
      1330.00  2.66018e-12
      1340.00  2.73861e-12
      1350.00  2.80812e-12
      1360.00  2.86879e-12
      1370.00  2.92083e-12
      1380.00  2.96464e-12
      1390.00  3.00075e-12
      1400.00  3.02984e-12
      1410.00  3.05266e-12
      1420.00  3.07008e-12
      1430.00  3.08302e-12
      1440.00  3.09243e-12
      1450.00  3.09930e-12
      1460.00  3.10461e-12
      1470.00  3.10931e-12
      1480.00  3.11431e-12
      1490.00  3.12049e-12
      1500.00  3.12862e-12
      1510.00  3.13941e-12
      1520.00  3.15348e-12
      1530.00  3.17134e-12
      1540.00  3.19342e-12
      1550.00  3.22006e-12
      1560.00  3.25149e-12
      1570.00  3.28791e-12
      1580.00  3.32941e-12
      1590.00  3.37607e-12
      1600.00  3.42792e-12
      1610.00  3.48497e-12
      1620.00  3.54724e-12
      1630.00  3.61472e-12
      1640.00  3.68744e-12
      1650.00  3.76540e-12
      1660.00  3.84863e-12
      1670.00  3.93714e-12
      1680.00  4.03097e-12
      1690.00  4.13011e-12
      1700.00  4.23457e-12
      1710.00  4.34430e-12
      1720.00  4.45927e-12
      1730.00  4.57940e-12
      1740.00  4.70456e-12
      1750.00  4.83462e-12
      1760.00  4.96940e-12
      1770.00  5.10867e-12
      1780.00  5.25217e-12
      1790.00  5.39961e-12
      1800.00  5.55066e-12
      1810.00  5.70493e-12
      1820.00  5.86202e-12
      1830.00  6.02150e-12
      1840.00  6.18290e-12
      1850.00  6.34573e-12
      1860.00  6.50948e-12
      1870.00  6.67362e-12
      1880.00  6.83760e-12
      1890.00  7.00084e-12
      1900.00  7.16277e-12
      1910.00  7.32278e-12
      1920.00  7.48025e-12
      1930.00  7.63458e-12
      1940.00  7.78515e-12
      1950.00  7.93133e-12
      1960.00  8.07255e-12
      1970.00  8.20822e-12
      1980.00  8.33783e-12
      1990.00  8.46088e-12
      2000.00  8.57697e-12
      2010.00  8.68573e-12
      2020.00  8.78688e-12
      2030.00  8.88021e-12
      2040.00  8.96561e-12
      2050.00  9.04302e-12
      2060.00  9.11248e-12
      2070.00  9.17408e-12
      2080.00  9.22800e-12
      2090.00  9.27447e-12
      2100.00  9.31378e-12
      2110.00  9.34624e-12
      2120.00  9.37225e-12
      2130.00  9.39219e-12
      2140.00  9.40651e-12
      2150.00  9.41566e-12
      2160.00  9.42014e-12
      2170.00  9.42042e-12
      2180.00  9.41703e-12
      2190.00  9.41049e-12
      2200.00  9.40132e-12
      2210.00  9.39006e-12
      2220.00  9.37727e-12
      2230.00  9.36349e-12
      2240.00  9.34927e-12
      2250.00  9.33519e-12
      2260.00  9.32179e-12
      2270.00  9.30965e-12
      2280.00  9.29932e-12
      2290.00  9.29138e-12
      2300.00  9.28637e-12
      2310.00  9.28487e-12
      2320.00  9.28742e-12
      2330.00  9.29461e-12
      2340.00  9.30703e-12
      2350.00  9.32536e-12
      2360.00  9.35039e-12
      2370.00  9.38311e-12
      2380.00  9.42481e-12
      2390.00  9.47722e-12
      2400.00  9.54262e-12
      2410.00  9.62400e-12
      2420.00  9.72515e-12
      2430.00  9.85063e-12
      2440.00  1.00057e-11
      2450.00  1.01961e-11
      2460.00  1.04273e-11
      2470.00  1.07042e-11
      2480.00  1.10302e-11
      2490.00  1.14060e-11
      2500.00  1.18294e-11
      2510.00  1.22942e-11
      2520.00  1.27903e-11
      2530.00  1.33041e-11
      2540.00  1.38189e-11
      2550.00  1.43166e-11
      2560.00  1.47791e-11
      2570.00  1.51900e-11
      2580.00  1.55358e-11
      2590.00  1.58074e-11
      2600.00  1.60001e-11
      2610.00  1.61136e-11
      2620.00  1.61517e-11
      2630.00  1.61213e-11
      2640.00  1.60311e-11
      2650.00  1.58894e-11
      2660.00  1.56146e-11
      2670.00  1.45145e-11
      2680.00  1.37957e-11
      2690.00  1.89302e-11
      2700.00  3.01660e-11
      2710.00  4.34147e-11
      2720.00  5.25899e-11
      2730.00  5.56969e-11
      2740.00  5.66702e-11
      2750.00  5.79187e-11
      2760.00  5.84018e-11
      2770.00  5.83936e-11
      2780.00  5.99143e-11
      2790.00  6.43128e-11
      2800.00  6.63404e-11
      2810.00  6.61065e-11
      2820.00  6.50379e-11
      2830.00  6.20914e-11
      2840.00  5.94485e-11
      2850.00  5.93865e-11
      2860.00  5.97498e-11
      2870.00  5.99538e-11
      2880.00  6.07307e-11
      2890.00  6.44789e-11
      2900.00  7.11130e-11
      2910.00  7.80396e-11
      2920.00  8.45082e-11
      2930.00  8.89474e-11
      2940.00  8.85873e-11
      2950.00  8.28158e-11
      2960.00  7.81630e-11
      2970.00  7.61297e-11
      2980.00  7.45940e-11
      2990.00  7.13376e-11
      3000.00  6.60837e-11
      3010.00  6.13670e-11
      3020.00  5.84939e-11
      3030.00  5.82079e-11
      3040.00  5.77069e-11
      3050.00  5.51655e-11
      3060.00  5.37403e-11
      3070.00  5.36361e-11
      3080.00  5.42423e-11
      3090.00  5.40497e-11
      3100.00  5.32648e-11
      3110.00  5.48284e-11
      3120.00  5.83848e-11
      3130.00  6.10801e-11
      3140.00  6.21380e-11
      3150.00  6.24280e-11
      3160.00  6.42028e-11
      3170.00  6.84089e-11
      3180.00  7.37981e-11
      3190.00  7.82253e-11
      3200.00  8.07988e-11
      3210.00  8.06419e-11
      3220.00  7.80188e-11
      3230.00  7.36025e-11
      3240.00  6.90157e-11
      3250.00  6.48761e-11
      3260.00  6.17433e-11
      3270.00  6.05066e-11
      3280.00  6.02406e-11
      3290.00  5.96540e-11
      3300.00  5.92921e-11
      3310.00  5.98933e-11
      3320.00  6.12279e-11
      3330.00  6.24292e-11
      3340.00  6.32254e-11
      3350.00  6.40767e-11
      3360.00  6.57909e-11
      3370.00  6.84312e-11
      3380.00  7.13523e-11
      3390.00  7.40972e-11
      3400.00  7.65553e-11
      3410.00  7.93217e-11
      3420.00  8.25722e-11
      3430.00  8.54289e-11
      3440.00  8.74505e-11
      3450.00  8.86063e-11
      3460.00  8.89596e-11
      3470.00  8.91921e-11
      3480.00  8.97777e-11
      3490.00  9.10270e-11
      3500.00  9.35458e-11
      3510.00  9.77986e-11
      3520.00  1.03213e-10
      3530.00  1.09007e-10
      3540.00  1.14633e-10
      3550.00  1.19613e-10
      3560.00  1.23812e-10
      3570.00  1.27562e-10
      3580.00  1.30817e-10
      3590.00  1.33013e-10
      3600.00  1.33861e-10
      3610.00  1.33470e-10
      3620.00  1.32735e-10
      3630.00  1.32720e-10
      3640.00  1.34372e-10
      3650.00  1.38476e-10
      3660.00  1.45667e-10
      3670.00  1.55899e-10
      3680.00  1.67801e-10
      3690.00  1.79983e-10
      3700.00  1.91958e-10
      3710.00  2.03769e-10
      3720.00  2.13361e-10
      3730.00  2.16322e-10
      3740.00  2.11641e-10
      3750.00  2.01391e-10
      3760.00  1.86907e-10
      3770.00  1.68901e-10
      3780.00  1.48985e-10
      3790.00  1.29597e-10
      3800.00  1.12781e-10
      3810.00  1.00560e-10
      3820.00  9.56014e-11
      3830.00  9.97120e-11
      3840.00  1.13233e-10
      3850.00  1.34873e-10
      3860.00  1.61729e-10
      3870.00  1.90620e-10
      3880.00  2.19521e-10
      3890.00  2.47972e-10
      3900.00  2.76311e-10
      3910.00  3.04269e-10
      3920.00  3.30216e-10
      3930.00  3.51945e-10
      3940.00  3.68070e-10
      3950.00  3.78433e-10
      3960.00  3.83694e-10
      3970.00  3.84771e-10
      3980.00  3.82251e-10
      3990.00  3.75852e-10
      4000.00  3.64669e-10
      4010.00  3.48411e-10
      4020.00  3.28460e-10
      4030.00  3.07387e-10
      4040.00  2.87598e-10
      4050.00  2.70711e-10
      4060.00  2.57600e-10
      4070.00  2.48110e-10
      4080.00  2.40904e-10
      4090.00  2.34330e-10
      4100.00  2.27795e-10
      4110.00  2.22089e-10
      4120.00  2.18317e-10
      4130.00  2.16787e-10
      4140.00  2.16898e-10
      4150.00  2.17832e-10
      4160.00  2.19262e-10
      4170.00  2.21477e-10
      4180.00  2.24866e-10
      4190.00  2.29268e-10
      4200.00  2.33851e-10
      4210.00  2.37661e-10
      4220.00  2.40287e-10
      4230.00  2.42035e-10
      4240.00  2.43564e-10
      4250.00  2.45376e-10
      4260.00  2.47629e-10
      4270.00  2.50402e-10
      4280.00  2.53949e-10
      4290.00  2.58466e-10
      4300.00  2.63628e-10
      4310.00  2.68493e-10
      4320.00  2.71756e-10
      4330.00  2.71983e-10
      4340.00  2.67872e-10
      4350.00  2.58796e-10
      4360.00  2.45285e-10
      4370.00  2.28907e-10
      4380.00  2.11576e-10
      4390.00  1.94914e-10
      4400.00  1.80112e-10
      4410.00  1.68068e-10
      4420.00  1.59424e-10
      4430.00  1.54554e-10
      4440.00  1.53609e-10
      4450.00  1.56585e-10
      4460.00  1.63287e-10
      4470.00  1.73279e-10
      4480.00  1.85999e-10
      4490.00  2.01041e-10
      4500.00  2.18350e-10
      4510.00  2.38125e-10
      4520.00  2.60535e-10
      4530.00  2.85490e-10
      4540.00  3.12581e-10
      4550.00  3.41112e-10
      4560.00  3.70106e-10
      4570.00  3.98336e-10
      4580.00  4.24531e-10
      4590.00  4.47663e-10
      4600.00  4.67021e-10
      4610.00  4.82036e-10
      4620.00  4.92109e-10
      4630.00  4.96590e-10
      4640.00  4.94800e-10
      4650.00  4.86073e-10
      4660.00  4.70017e-10
      4670.00  4.47019e-10
      4680.00  4.18547e-10
      4690.00  3.86897e-10
      4700.00  3.54587e-10
      4710.00  3.23833e-10
      4720.00  2.96231e-10
      4730.00  2.72568e-10
      4740.00  2.52819e-10
      4750.00  2.36522e-10
      4760.00  2.23382e-10
      4770.00  2.13633e-10
      4780.00  2.07841e-10
      4790.00  2.06356e-10
      4800.00  2.08847e-10
      4810.00  2.14183e-10
      4820.00  2.20643e-10
      4830.00  2.26383e-10
      4840.00  2.30100e-10
      4850.00  2.31695e-10
      4860.00  2.32454e-10
      4870.00  2.34488e-10
      4880.00  2.39756e-10
      4890.00  2.49308e-10
      4900.00  2.63095e-10
      4910.00  2.80167e-10
      4920.00  2.98930e-10
      4930.00  3.17328e-10
      4940.00  3.32991e-10
      4950.00  3.43501e-10
      4960.00  3.46838e-10
      4970.00  3.41917e-10
      4980.00  3.29067e-10
      4990.00  3.10121e-10
      5000.00  2.88033e-10
      5010.00  2.66060e-10
      5020.00  2.46841e-10
      5030.00  2.31821e-10
      5040.00  2.21230e-10
      5050.00  2.14468e-10
      5060.00  2.10628e-10
      5070.00  2.08876e-10
      5080.00  2.08580e-10
      5090.00  2.09271e-10
      5100.00  2.10564e-10
      5110.00  2.12125e-10
      5120.00  2.13687e-10
      5130.00  2.15117e-10
      5140.00  2.16497e-10
      5150.00  2.18147e-10
      5160.00  2.20523e-10
      5170.00  2.24052e-10
      5180.00  2.29008e-10
      5190.00  2.35492e-10
      5200.00  2.43463e-10
      5210.00  2.52734e-10
      5220.00  2.62970e-10
      5230.00  2.73743e-10
      5240.00  2.84668e-10
      5250.00  2.95524e-10
      5260.00  3.06242e-10
      5270.00  3.16779e-10
      5280.00  3.26992e-10
      5290.00  3.36617e-10
      5300.00  3.45338e-10
      5310.00  3.52850e-10
      5320.00  3.58898e-10
      5330.00  3.63442e-10
      5340.00  3.66838e-10
      5350.00  3.69598e-10
      5360.00  3.71879e-10
      5370.00  3.73385e-10
      5380.00  3.73732e-10
      5390.00  3.72781e-10
      5400.00  3.70790e-10
      5410.00  3.68435e-10
      5420.00  3.66645e-10
      5430.00  3.66334e-10
      5440.00  3.68129e-10
      5450.00  3.72225e-10
      5460.00  3.78362e-10
      5470.00  3.85921e-10
      5480.00  3.94063e-10
      5490.00  4.01881e-10
      5500.00  4.08485e-10
      5510.00  4.13064e-10
      5520.00  4.14927e-10
      5530.00  4.13590e-10
      5540.00  4.08830e-10
      5550.00  4.00679e-10
      5560.00  3.89365e-10
      5570.00  3.75229e-10
      5580.00  3.58684e-10
      5590.00  3.40216e-10
      5600.00  3.20364e-10
      5610.00  2.99665e-10
      5620.00  2.78644e-10
      5630.00  2.57836e-10
      5640.00  2.37825e-10
      5650.00  2.19287e-10
      5660.00  2.02992e-10
      5670.00  1.89758e-10
      5680.00  1.80366e-10
      5690.00  1.75449e-10
      5700.00  1.75402e-10
      5710.00  1.80336e-10
      5720.00  1.90079e-10
      5730.00  2.04201e-10
      5740.00  2.22051e-10
      5750.00  2.42802e-10
      5760.00  2.65486e-10
      5770.00  2.89044e-10
      5780.00  3.12395e-10
      5790.00  3.34503e-10
      5800.00  3.54436e-10
      5810.00  3.71411e-10
      5820.00  3.84845e-10
      5830.00  3.94411e-10
      5840.00  4.00077e-10
      5850.00  4.02082e-10
      5860.00  4.00853e-10
      5870.00  3.96923e-10
      5880.00  3.90848e-10
      5890.00  3.83114e-10
      5900.00  3.74071e-10
      5910.00  3.63882e-10
      5920.00  3.52550e-10
      5930.00  3.40014e-10
      5940.00  3.26264e-10
      5950.00  3.11443e-10
      5960.00  2.95882e-10
      5970.00  2.80079e-10
      5980.00  2.64626e-10
      5990.00  2.50120e-10
      6000.00  2.37067e-10
      6010.00  2.25833e-10
      6020.00  2.16611e-10
      6030.00  2.09435e-10
      6040.00  2.04198e-10
      6050.00  2.00678e-10
      6060.00  1.98571e-10
      6070.00  1.97541e-10
      6080.00  1.97299e-10
      6090.00  1.97668e-10
      6100.00  1.98599e-10
      6110.00  2.00125e-10
      6120.00  2.02284e-10
      6130.00  2.05060e-10
      6140.00  2.08367e-10
      6150.00  2.12066e-10
      6160.00  2.15979e-10
      6170.00  2.19878e-10
      6180.00  2.23464e-10
      6190.00  2.26349e-10
      6200.00  2.28081e-10
      6210.00  2.28213e-10
      6220.00  2.26399e-10
      6230.00  2.22492e-10
      6240.00  2.16602e-10
      6250.00  2.09101e-10
      6260.00  2.00579e-10
      6270.00  1.91758e-10
      6280.00  1.83398e-10
      6290.00  1.76205e-10
      6300.00  1.70776e-10
      6310.00  1.67570e-10
      6320.00  1.66861e-10
      6330.00  1.68662e-10
      6340.00  1.72694e-10
      6350.00  1.78518e-10
      6360.00  1.85746e-10
      6370.00  1.94144e-10
      6380.00  2.03583e-10
      6390.00  2.13940e-10
      6400.00  2.25029e-10
      6410.00  2.36543e-10
      6420.00  2.48037e-10
      6430.00  2.59012e-10
      6440.00  2.69046e-10
      6450.00  2.77844e-10
      6460.00  2.85197e-10
      6470.00  2.90922e-10
      6480.00  2.94843e-10
      6490.00  2.96818e-10
      6500.00  2.96763e-10
      6510.00  2.94674e-10
      6520.00  2.90615e-10
      6530.00  2.84713e-10
      6540.00  2.77132e-10
      6550.00  2.68069e-10
      6560.00  2.57740e-10
      6570.00  2.46371e-10
      6580.00  2.34193e-10
      6590.00  2.21438e-10
      6600.00  2.08353e-10
      6610.00  1.95198e-10
      6620.00  1.82233e-10
      6630.00  1.69702e-10
      6640.00  1.57804e-10
      6650.00  1.46681e-10
      6660.00  1.36416e-10
      6670.00  1.27043e-10
      6680.00  1.18570e-10
      6690.00  1.10987e-10
      6700.00  1.04283e-10
      6710.00  9.84393e-11
      6720.00  9.34262e-11
      6730.00  8.92006e-11
      6740.00  8.57064e-11
      6750.00  8.28817e-11
      6760.00  8.06658e-11
      6770.00  7.90029e-11
      6780.00  7.78427e-11
      6790.00  7.71407e-11
      6800.00  7.68587e-11
      6810.00  7.69652e-11
      6820.00  7.74334e-11
      6830.00  7.82369e-11
      6840.00  7.93474e-11
      6850.00  8.07346e-11
      6860.00  8.23699e-11
      6870.00  8.42220e-11
      6880.00  8.62490e-11
      6890.00  8.83858e-11
      6900.00  9.05380e-11
      6910.00  9.25897e-11
      6920.00  9.44252e-11
      6930.00  9.59558e-11
      6940.00  9.71404e-11
      6950.00  9.79911e-11
      6960.00  9.85646e-11
      6970.00  9.89459e-11
      6980.00  9.92312e-11
      6990.00  9.95149e-11
      7000.00  9.98795e-11
      7010.00  1.00389e-10
      7020.00  1.01086e-10
      7030.00  1.01992e-10
      7040.00  1.03114e-10
      7050.00  1.04448e-10
      7060.00  1.05987e-10
      7070.00  1.07722e-10
      7080.00  1.09641e-10
      7090.00  1.11730e-10
      7100.00  1.13975e-10
      7110.00  1.16363e-10
      7120.00  1.18888e-10
      7130.00  1.21545e-10
      7140.00  1.24330e-10
      7150.00  1.27233e-10
      7160.00  1.30235e-10
      7170.00  1.33307e-10
      7180.00  1.36406e-10
      7190.00  1.39476e-10
      7200.00  1.42448e-10
      7210.00  1.45237e-10
      7220.00  1.47747e-10
      7230.00  1.49883e-10
      7240.00  1.51558e-10
      7250.00  1.52711e-10
      7260.00  1.53319e-10
      7270.00  1.53415e-10
      7280.00  1.53081e-10
      7290.00  1.52446e-10
      7300.00  1.51660e-10
      7310.00  1.50840e-10
      7320.00  1.50095e-10
      7330.00  1.49560e-10
      7340.00  1.49287e-10
      7350.00  1.49292e-10
      7360.00  1.49555e-10
      7370.00  1.50028e-10
      7380.00  1.50642e-10
      7390.00  1.51312e-10
      7400.00  1.51942e-10
      7410.00  1.52428e-10
      7420.00  1.52659e-10
      7430.00  1.52525e-10
      7440.00  1.51918e-10
      7450.00  1.50757e-10
      7460.00  1.48998e-10
      7470.00  1.46654e-10
      7480.00  1.43811e-10
      7490.00  1.40645e-10
      7500.00  1.37411e-10
      7510.00  1.34401e-10
      7520.00  1.31866e-10
      7530.00  1.29940e-10
      7540.00  1.28619e-10
      7550.00  1.27809e-10
      7560.00  1.27398e-10
      7570.00  1.27295e-10
      7580.00  1.27429e-10
      7590.00  1.27741e-10
      7600.00  1.28197e-10
      7610.00  1.28814e-10
      7620.00  1.29655e-10
      7630.00  1.30802e-10
      7640.00  1.32310e-10
      7650.00  1.34175e-10
      7660.00  1.36308e-10
      7670.00  1.38550e-10
      7680.00  1.40694e-10
      7690.00  1.42526e-10
      7700.00  1.43864e-10
      7710.00  1.44579e-10
      7720.00  1.44606e-10
      7730.00  1.43939e-10
      7740.00  1.42621e-10
      7750.00  1.40741e-10
      7760.00  1.38417e-10
      7770.00  1.35791e-10
      7780.00  1.33000e-10
      7790.00  1.30155e-10
      7800.00  1.27313e-10
      7810.00  1.24481e-10
      7820.00  1.21622e-10
      7830.00  1.18682e-10
      7840.00  1.15610e-10
      7850.00  1.12380e-10
      7860.00  1.08983e-10
      7870.00  1.05427e-10
      7880.00  1.01729e-10
      7890.00  9.79115e-11
      7900.00  9.40113e-11
      7910.00  9.00789e-11
      7920.00  8.61590e-11
      7930.00  8.23561e-11
      7940.00  7.87493e-11
      7950.00  7.54036e-11
      7960.00  7.23600e-11
      7970.00  6.96305e-11
      7980.00  6.72032e-11
      7990.00  6.50529e-11
      8000.00  6.31524e-11
      8010.00  6.14797e-11
      8020.00  6.00170e-11
      8030.00  5.87435e-11
      8040.00  5.76258e-11
      8050.00  5.66125e-11
      8060.00  5.56347e-11
      8070.00  5.46138e-11
      8080.00  5.34722e-11
      8090.00  5.21433e-11
      8100.00  5.05772e-11
      8110.00  4.87442e-11
      8120.00  4.66372e-11
      8130.00  4.42755e-11
      8140.00  4.17104e-11
      8150.00  3.90279e-11
      8160.00  3.63450e-11
      8170.00  3.37941e-11
      8180.00  3.15013e-11
      8190.00  2.95615e-11
      8200.00  2.80225e-11
      8210.00  2.68813e-11
      8220.00  2.60951e-11
      8230.00  2.56012e-11
      8240.00  2.53388e-11
      8250.00  2.52641e-11
      8260.00  2.53556e-11
      8270.00  2.56094e-11
      8280.00  2.60281e-11
      8290.00  2.66114e-11
      8300.00  2.73504e-11
      8310.00  2.82310e-11
      8320.00  2.92411e-11
      8330.00  3.03793e-11
      8340.00  3.16599e-11
      8350.00  3.31137e-11
      8360.00  3.47838e-11
      8370.00  3.67182e-11
      8380.00  3.89606e-11
      8390.00  4.15406e-11
      8400.00  4.44655e-11
      8410.00  4.77152e-11
      8420.00  5.12415e-11
      8430.00  5.49711e-11
      8440.00  5.88109e-11
      8450.00  6.26536e-11
      8460.00  6.63842e-11
      8470.00  6.98873e-11
      8480.00  7.30583e-11
      8490.00  7.58155e-11
      8500.00  7.81140e-11
      8510.00  7.99548e-11
      8520.00  8.13862e-11
      8530.00  8.24954e-11
      8540.00  8.33899e-11
      8550.00  8.41760e-11
      8560.00  8.49387e-11
      8570.00  8.57300e-11
      8580.00  8.65690e-11
      8590.00  8.74508e-11
      8600.00  8.83611e-11
      8610.00  8.92903e-11
      8620.00  9.02410e-11
      8630.00  9.12269e-11
      8640.00  9.22637e-11
      8650.00  9.33571e-11
      8660.00  9.44952e-11
      8670.00  9.56481e-11
      8680.00  9.67781e-11
      8690.00  9.78529e-11
      8700.00  9.88576e-11
      8710.00  9.97959e-11
      8720.00  1.00682e-10
      8730.00  1.01528e-10
      8740.00  1.02325e-10
      8750.00  1.03044e-10
      8760.00  1.03634e-10
      8770.00  1.04040e-10
      8780.00  1.04210e-10
      8790.00  1.04109e-10
      8800.00  1.03721e-10
      8810.00  1.03046e-10
      8820.00  1.02097e-10
      8830.00  1.00900e-10
      8840.00  9.94866e-11
      8850.00  9.78993e-11
      8860.00  9.61821e-11
      8870.00  9.43788e-11
      8880.00  9.25272e-11
      8890.00  9.06558e-11
      8900.00  8.87827e-11
      8910.00  8.69171e-11
      8920.00  8.50634e-11
      8930.00  8.32261e-11
      8940.00  8.14139e-11
      8950.00  7.96412e-11
      8960.00  7.79290e-11
      8970.00  7.63026e-11
      8980.00  7.47895e-11
      8990.00  7.34162e-11
      9000.00  7.22060e-11
      9010.00  7.11777e-11
      9020.00  7.03461e-11
      9030.00  6.97237e-11
      9040.00  6.93217e-11
      9050.00  6.91517e-11
      9060.00  6.92237e-11
      9070.00  6.95440e-11
      9080.00  7.01118e-11
      9090.00  7.09161e-11
      9100.00  7.19341e-11
      9110.00  7.31319e-11
      9120.00  7.44675e-11
      9130.00  7.58965e-11
      9140.00  7.73804e-11
      9150.00  7.88942e-11
      9160.00  8.04315e-11
      9170.00  8.20038e-11
      9180.00  8.36328e-11
      9190.00  8.53376e-11
      9200.00  8.71193e-11
      9210.00  8.89522e-11
      9220.00  9.07826e-11
      9230.00  9.25410e-11
      9240.00  9.41606e-11
      9250.00  9.55977e-11
      9260.00  9.68421e-11
      9270.00  9.79121e-11
      9280.00  9.88367e-11
      9290.00  9.96345e-11
      9300.00  1.00304e-10
      9310.00  1.00829e-10
      9320.00  1.01197e-10
      9330.00  1.01409e-10
      9340.00  1.01485e-10
      9350.00  1.01452e-10
      9360.00  1.01340e-10
      9370.00  1.01171e-10
      9380.00  1.00958e-10
      9390.00  1.00706e-10
      9400.00  1.00417e-10
      9410.00  1.00089e-10
      9420.00  9.97219e-11
      9430.00  9.93124e-11
      9440.00  9.88586e-11
      9450.00  9.83581e-11
      9460.00  9.78091e-11
      9470.00  9.72097e-11
      9480.00  9.65590e-11
      9490.00  9.58564e-11
      9500.00  9.51024e-11
      9510.00  9.42985e-11
      9520.00  9.34474e-11
      9530.00  9.25529e-11
      9540.00  9.16202e-11
      9550.00  9.06559e-11
      9560.00  8.96676e-11
      9570.00  8.86640e-11
      9580.00  8.76548e-11
      9590.00  8.66502e-11
      9600.00  8.56611e-11
      9610.00  8.46981e-11
      9620.00  8.37721e-11
      9630.00  8.28935e-11
      9640.00  8.20720e-11
      9650.00  8.13167e-11
      9660.00  8.06356e-11
      9670.00  8.00358e-11
      9680.00  7.95232e-11
      9690.00  7.91024e-11
      9700.00  7.87769e-11
      9710.00  7.85489e-11
      9720.00  7.84193e-11
      9730.00  7.83881e-11
      9740.00  7.84535e-11
      9750.00  7.86132e-11
      9760.00  7.88631e-11
      9770.00  7.91983e-11
      9780.00  7.96128e-11
      9790.00  8.00993e-11
      9800.00  8.06497e-11
      9810.00  8.12550e-11
      9820.00  8.19055e-11
      9830.00  8.25911e-11
      9840.00  8.33015e-11
      9850.00  8.40262e-11
      9860.00  8.47554e-11
      9870.00  8.54796e-11
      9880.00  8.61904e-11
      9890.00  8.68802e-11
      9900.00  8.75428e-11
      9910.00  8.81734e-11
      9920.00  8.87681e-11
      9930.00  8.93246e-11
      9940.00  8.98412e-11
      9950.00  9.03172e-11
      9960.00  9.07526e-11
      9970.00  9.11474e-11
      9980.00  9.15017e-11
      9990.00  9.18156e-11
      10000.0  9.20886e-11
      10010.0  9.23200e-11
      10020.0  9.25088e-11
      10030.0  9.26535e-11
      10040.0  9.27524e-11
      10050.0  9.28042e-11
      10060.0  9.28076e-11
      10070.0  9.27619e-11
      10080.0  9.26675e-11
      10090.0  9.25257e-11
      10100.0  9.23392e-11
      10110.0  9.21119e-11
      10120.0  9.18493e-11
      10130.0  9.15582e-11
      10140.0  9.12466e-11
      10150.0  9.09234e-11
      10160.0  9.05980e-11
      10170.0  9.02800e-11
      10180.0  8.99788e-11
      10190.0  8.97030e-11
      10200.0  8.94601e-11
      10210.0  8.92558e-11
      10220.0  8.90941e-11
      10230.0  8.89771e-11
      10240.0  8.89046e-11
      10250.0  8.88743e-11
      10260.0  8.88822e-11
      10270.0  8.89223e-11
      10280.0  8.89876e-11
      10290.0  8.90701e-11
      10300.0  8.91613e-11
      10310.0  8.92525e-11
      10320.0  8.93352e-11
      10330.0  8.94016e-11
      10340.0  8.94444e-11
      10350.0  8.94571e-11
      10360.0  8.94343e-11
      10370.0  8.93712e-11
      10380.0  8.92637e-11
      10390.0  8.91086e-11
      10400.0  8.89029e-11
      10410.0  8.86440e-11
      10420.0  8.83296e-11
      10430.0  8.79574e-11
      10440.0  8.75255e-11
      10450.0  8.70317e-11
      10460.0  8.64743e-11
      10470.0  8.58515e-11
      10480.0  8.51622e-11
      10490.0  8.44056e-11
      10500.0  8.35813e-11
      10510.0  8.26900e-11
      10520.0  8.17330e-11
      10530.0  8.07125e-11
      10540.0  7.96321e-11
      10550.0  7.84959e-11
      10560.0  7.73094e-11
      10570.0  7.60791e-11
      10580.0  7.48123e-11
      10590.0  7.35170e-11
      10600.0  7.22023e-11
      10610.0  7.08773e-11
      10620.0  6.95517e-11
      10630.0  6.82352e-11
      10640.0  6.69375e-11
      10650.0  6.56677e-11
      10660.0  6.44347e-11
      10670.0  6.32466e-11
      10680.0  6.21103e-11
      10690.0  6.10321e-11
      10700.0  6.00168e-11
      10710.0  5.90680e-11
      10720.0  5.81882e-11
      10730.0  5.73781e-11
      10740.0  5.66376e-11
      10750.0  5.59648e-11
      10760.0  5.53570e-11
      10770.0  5.48101e-11
      10780.0  5.43192e-11
      10790.0  5.38784e-11
      10800.0  5.34814e-11
      10810.0  5.31210e-11
      10820.0  5.27902e-11
      10830.0  5.24815e-11
      10840.0  5.21877e-11
      10850.0  5.19017e-11
      10860.0  5.16167e-11
      10870.0  5.13268e-11
      10880.0  5.10264e-11
      10890.0  5.07108e-11
      10900.0  5.03759e-11
      10910.0  5.00187e-11
      10920.0  4.96368e-11
      10930.0  4.92288e-11
      10940.0  4.87940e-11
      10950.0  4.83323e-11
      10960.0  4.78445e-11
      10970.0  4.73316e-11
      10980.0  4.67951e-11
      10990.0  4.62370e-11
      11000.0  4.56593e-11
      11010.0  4.50640e-11
      11020.0  4.44531e-11
      11030.0  4.38286e-11
      11040.0  4.31921e-11
      11050.0  4.25449e-11
      11060.0  4.18883e-11
      11070.0  4.12228e-11
      11080.0  4.05490e-11
      11090.0  3.98670e-11
      11100.0  3.91767e-11
      11110.0  3.84776e-11
      11120.0  3.77695e-11
      11130.0  3.70519e-11
      11140.0  3.63242e-11
      11150.0  3.55863e-11
      11160.0  3.48382e-11
      11170.0  3.40799e-11
      11180.0  3.33121e-11
      11190.0  3.25359e-11
      11200.0  3.17524e-11
      11210.0  3.09637e-11
      11220.0  3.01719e-11
      11230.0  2.93797e-11
      11240.0  2.85901e-11
      11250.0  2.78062e-11
      11260.0  2.70316e-11
      11270.0  2.62700e-11
      11280.0  2.55248e-11
      11290.0  2.47997e-11
      11300.0  2.40982e-11
      11310.0  2.34233e-11
      11320.0  2.27780e-11
      11330.0  2.21648e-11
      11340.0  2.15856e-11
      11350.0  2.10421e-11
      11360.0  2.05351e-11
      11370.0  2.00651e-11
      11380.0  1.96321e-11
      11390.0  1.92353e-11
      11400.0  1.88736e-11
      11410.0  1.85453e-11
      11420.0  1.82483e-11
      11430.0  1.79800e-11
      11440.0  1.77377e-11
      11450.0  1.75183e-11
      11460.0  1.73185e-11
      11470.0  1.71348e-11
      11480.0  1.69637e-11
      11490.0  1.68019e-11
      11500.0  1.66459e-11
      11510.0  1.64925e-11
      11520.0  1.63386e-11
      11530.0  1.61814e-11
      11540.0  1.60184e-11
      11550.0  1.58474e-11
      11560.0  1.56666e-11
      11570.0  1.54746e-11
      11580.0  1.52701e-11
      11590.0  1.50525e-11
      11600.0  1.48216e-11
      11610.0  1.45774e-11
      11620.0  1.43204e-11
      11630.0  1.40512e-11
      11640.0  1.37711e-11
      11650.0  1.34813e-11
      11660.0  1.31834e-11
      11670.0  1.28792e-11
      11680.0  1.25706e-11
      11690.0  1.22597e-11
      11700.0  1.19485e-11
      11710.0  1.16390e-11
      11720.0  1.13334e-11
      11730.0  1.10335e-11
      11740.0  1.07414e-11
      11750.0  1.04586e-11
      11760.0  1.01868e-11
      11770.0  9.92728e-12
      11780.0  9.68120e-12
      11790.0  9.44948e-12
      11800.0  9.23282e-12
      11810.0  9.03167e-12
      11820.0  8.84625e-12
      11830.0  8.67658e-12
      11840.0  8.52244e-12
      11850.0  8.38341e-12
      11860.0  8.25892e-12
      11870.0  8.14820e-12
      11880.0  8.05035e-12
      11890.0  7.96437e-12
      11900.0  7.88913e-12
      11910.0  7.82345e-12
      11920.0  7.76609e-12
      11930.0  7.71579e-12
      11940.0  7.67127e-12
      11950.0  7.63129e-12
      11960.0  7.59462e-12
      11970.0  7.56011e-12
      11980.0  7.52668e-12
      11990.0  7.49333e-12
      12000.0  7.45917e-12
      12010.0  7.42344e-12
      12020.0  7.38549e-12
      12030.0  7.34482e-12
      12040.0  7.30107e-12
      12050.0  7.25403e-12
      12060.0  7.20364e-12
      12070.0  7.14998e-12
      12080.0  7.09328e-12
      12090.0  7.03391e-12
      12100.0  6.97238e-12
      12110.0  6.90931e-12
      12120.0  6.84543e-12
      12130.0  6.78160e-12
      12140.0  6.71872e-12
      12150.0  6.65779e-12
      12160.0  6.59985e-12
      12170.0  6.54599e-12
      12180.0  6.49729e-12
      12190.0  6.45488e-12
      12200.0  6.41982e-12
      12210.0  6.39319e-12
      12220.0  6.37598e-12
      12230.0  6.36915e-12
      12240.0  6.37356e-12
      12250.0  6.38999e-12
      12260.0  6.41913e-12
      12270.0  6.46154e-12
      12280.0  6.51768e-12
      12290.0  6.58788e-12
      12300.0  6.67235e-12
      12310.0  6.77117e-12
      12320.0  6.88427e-12
      12330.0  7.01149e-12
      12340.0  7.15251e-12
      12350.0  7.30692e-12
      12360.0  7.47417e-12
      12370.0  7.65363e-12
      12380.0  7.84456e-12
      12390.0  8.04611e-12
      12400.0  8.25738e-12
      12410.0  8.47738e-12
      12420.0  8.70506e-12
      12430.0  8.93931e-12
      12440.0  9.17898e-12
      12450.0  9.42288e-12
      12460.0  9.66981e-12
      12470.0  9.91851e-12
      12480.0  1.01677e-11
      12490.0  1.04162e-11
      12500.0  1.06627e-11
      12510.0  1.09060e-11
      12520.0  1.11447e-11
      12530.0  1.13778e-11
      12540.0  1.16039e-11
      12550.0  1.18220e-11
      12560.0  1.20309e-11
      12570.0  1.22296e-11
      12580.0  1.24170e-11
      12590.0  1.25922e-11
      12600.0  1.27542e-11
      12610.0  1.29024e-11
      12620.0  1.30360e-11
      12630.0  1.31544e-11
      12640.0  1.32570e-11
      12650.0  1.33434e-11
      12660.0  1.34133e-11
      12670.0  1.34666e-11
      12680.0  1.35031e-11
      12690.0  1.35229e-11
      12700.0  1.35262e-11
      12710.0  1.35131e-11
      12720.0  1.34841e-11
      12730.0  1.34397e-11
      12740.0  1.33803e-11
      12750.0  1.33066e-11
      12760.0  1.32194e-11
      12770.0  1.31195e-11
      12780.0  1.30075e-11
      12790.0  1.28845e-11
      12800.0  1.27513e-11
      12810.0  1.26088e-11
      12820.0  1.24580e-11
      12830.0  1.22996e-11
      12840.0  1.21346e-11
      12850.0  1.19638e-11
      12860.0  1.17880e-11
      12870.0  1.16081e-11
      12880.0  1.14246e-11
      12890.0  1.12383e-11
      12900.0  1.10497e-11
      12910.0  1.08595e-11
      12920.0  1.06680e-11
      12930.0  1.04759e-11
      12940.0  1.02833e-11
      12950.0  1.00908e-11
      12960.0  9.89856e-12
      12970.0  9.70691e-12
      12980.0  9.51610e-12
      12990.0  9.32634e-12
      13000.0  9.13784e-12
      13010.0  8.95078e-12
      13020.0  8.76535e-12
      13030.0  8.58174e-12
      13040.0  8.40011e-12
      13050.0  8.22066e-12
      13060.0  8.04357e-12
      13070.0  7.86905e-12
      13080.0  7.69732e-12
      13090.0  7.52859e-12
      13100.0  7.36312e-12
      13110.0  7.20114e-12
      13120.0  7.04294e-12
      13130.0  6.88879e-12
      13140.0  6.73900e-12
      13150.0  6.59386e-12
      13160.0  6.45370e-12
      13170.0  6.31885e-12
      13180.0  6.18965e-12
      13190.0  6.06645e-12
      13200.0  5.94962e-12
      13210.0  5.83951e-12
      13220.0  5.73650e-12
      13230.0  5.64097e-12
      13240.0  5.55331e-12
      13250.0  5.47389e-12
      13260.0  5.40311e-12
      13270.0  5.34135e-12
      13280.0  5.28899e-12
      13290.0  5.24640e-12
      13300.0  5.21393e-12
      13310.0  5.19191e-12
      13320.0  5.18064e-12
      13330.0  5.18040e-12
      13340.0  5.19141e-12
      13350.0  5.21384e-12
      13360.0  5.24779e-12
      13370.0  5.29330e-12
      13380.0  5.35031e-12
      13390.0  5.41868e-12
      13400.0  5.49816e-12
      13410.0  5.58840e-12
      13420.0  5.68893e-12
      13430.0  5.79917e-12
      13440.0  5.91843e-12
      13450.0  6.04589e-12
      13460.0  6.18065e-12
      13470.0  6.32169e-12
      13480.0  6.46793e-12
      13490.0  6.61821e-12
      13500.0  6.77131e-12
      13510.0  6.92599e-12
      13520.0  7.08102e-12
      13530.0  7.23514e-12
      13540.0  7.38717e-12
      13550.0  7.53596e-12
      13560.0  7.68044e-12
      13570.0  7.81964e-12
      13580.0  7.95269e-12
      13590.0  8.07886e-12
      13600.0  8.19751e-12
      13610.0  8.30818e-12
      13620.0  8.41050e-12
      13630.0  8.50426e-12
      13640.0  8.58935e-12
      13650.0  8.66580e-12
      13660.0  8.73371e-12
      13670.0  8.79329e-12
      13680.0  8.84481e-12
      13690.0  8.88860e-12
      13700.0  8.92504e-12
      13710.0  8.95452e-12
      13720.0  8.97744e-12
      13730.0  8.99423e-12
      13740.0  9.00526e-12
      13750.0  9.01092e-12
      13760.0  9.01155e-12
      13770.0  9.00745e-12
      13780.0  8.99891e-12
      13790.0  8.98613e-12
      13800.0  8.96933e-12
      13810.0  8.94863e-12
      13820.0  8.92415e-12
      13830.0  8.89596e-12
      13840.0  8.86410e-12
      13850.0  8.82858e-12
      13860.0  8.78937e-12
      13870.0  8.74645e-12
      13880.0  8.69978e-12
      13890.0  8.64928e-12
      13900.0  8.59491e-12
      13910.0  8.53662e-12
      13920.0  8.47434e-12
      13930.0  8.40806e-12
      13940.0  8.33777e-12
      13950.0  8.26346e-12
      13960.0  8.18521e-12
      13970.0  8.10307e-12
      13980.0  8.01717e-12
      13990.0  7.92767e-12
      14000.0  7.83477e-12
      14010.0  7.73872e-12
      14020.0  7.63981e-12
      14030.0  7.53839e-12
      14040.0  7.43484e-12
      14050.0  7.32960e-12
      14060.0  7.22313e-12
      14070.0  7.11595e-12
      14080.0  7.00860e-12
      14090.0  6.90165e-12
      14100.0  6.79569e-12
      14110.0  6.69135e-12
      14120.0  6.58923e-12
      14130.0  6.48997e-12
      14140.0  6.39420e-12
      14150.0  6.30253e-12
      14160.0  6.21555e-12
      14170.0  6.13385e-12
      14180.0  6.05797e-12
      14190.0  5.98842e-12
      14200.0  5.92567e-12
      14210.0  5.87014e-12
      14220.0  5.82220e-12
      14230.0  5.78218e-12
      14240.0  5.75032e-12
      14250.0  5.72683e-12
      14260.0  5.71184e-12
      14270.0  5.70543e-12
      14280.0  5.70759e-12
      14290.0  5.71828e-12
      14300.0  5.73738e-12
      14310.0  5.76470e-12
      14320.0  5.80001e-12
      14330.0  5.84301e-12
      14340.0  5.89335e-12
      14350.0  5.95063e-12
      14360.0  6.01440e-12
      14370.0  6.08418e-12
      14380.0  6.15945e-12
      14390.0  6.23964e-12
      14400.0  6.32418e-12
      14410.0  6.41247e-12
      14420.0  6.50388e-12
      14430.0  6.59779e-12
      14440.0  6.69357e-12
      14450.0  6.79061e-12
      14460.0  6.88829e-12
      14470.0  6.98601e-12
      14480.0  7.08323e-12
      14490.0  7.17939e-12
      14500.0  7.27402e-12
      14510.0  7.36665e-12
      14520.0  7.45690e-12
      14530.0  7.54441e-12
      14540.0  7.62892e-12
      14550.0  7.71020e-12
      14560.0  7.78811e-12
      14570.0  7.86256e-12
      14580.0  7.93354e-12
      14590.0  8.00111e-12
      14600.0  8.06541e-12
      14610.0  8.12663e-12
      14620.0  8.18502e-12
      14630.0  8.24090e-12
      14640.0  8.29465e-12
      14650.0  8.34669e-12
      14660.0  8.39750e-12
      14670.0  8.44756e-12
      14680.0  8.49742e-12
      14690.0  8.54763e-12
      14700.0  8.59877e-12
      14710.0  8.65142e-12
      14720.0  8.70616e-12
      14730.0  8.76357e-12
      14740.0  8.82422e-12
      14750.0  8.88866e-12
      14760.0  8.95742e-12
      14770.0  9.03099e-12
      14780.0  9.10983e-12
      14790.0  9.19437e-12
      14800.0  9.28499e-12
      14810.0  9.38202e-12
      14820.0  9.48576e-12
      14830.0  9.59643e-12
      14840.0  9.71420e-12
      14850.0  9.83921e-12
      14860.0  9.97150e-12
      14870.0  1.01111e-11
      14880.0  1.02579e-11
      14890.0  1.04117e-11
      14900.0  1.05725e-11
      14910.0  1.07398e-11
      14920.0  1.09134e-11
      14930.0  1.10929e-11
      14940.0  1.12777e-11
      14950.0  1.14674e-11
      14960.0  1.16613e-11
      14970.0  1.18587e-11
      14980.0  1.20589e-11
      14990.0  1.22610e-11
      15000.0  1.24642e-11
      15010.0  1.26676e-11
      15020.0  1.28703e-11
      15030.0  1.30713e-11
      15040.0  1.32695e-11
      15050.0  1.34641e-11
      15060.0  1.36540e-11
      15070.0  1.38383e-11
      15080.0  1.40161e-11
      15090.0  1.41865e-11
      15100.0  1.43486e-11
      15110.0  1.45019e-11
      15120.0  1.46457e-11
      15130.0  1.47794e-11
      15140.0  1.49026e-11
      15150.0  1.50151e-11
      15160.0  1.51166e-11
      15170.0  1.52071e-11
      15180.0  1.52866e-11
      15190.0  1.53553e-11
      15200.0  1.54135e-11
      15210.0  1.54615e-11
      15220.0  1.54998e-11
      15230.0  1.55289e-11
      15240.0  1.55494e-11
      15250.0  1.55620e-11
      15260.0  1.55673e-11
      15270.0  1.55661e-11
      15280.0  1.55590e-11
      15290.0  1.55469e-11
      15300.0  1.55303e-11
      15310.0  1.55100e-11
      15320.0  1.54866e-11
      15330.0  1.54608e-11
      15340.0  1.54332e-11
      15350.0  1.54042e-11
      15360.0  1.53743e-11
      15370.0  1.53440e-11
      15380.0  1.53137e-11
      15390.0  1.52838e-11
      15400.0  1.52545e-11
      15410.0  1.52260e-11
      15420.0  1.51987e-11
      15430.0  1.51726e-11
      15440.0  1.51479e-11
      15450.0  1.51247e-11
      15460.0  1.51030e-11
      15470.0  1.50829e-11
      15480.0  1.50644e-11
      15490.0  1.50474e-11
      15500.0  1.50319e-11
      15510.0  1.50177e-11
      15520.0  1.50047e-11
      15530.0  1.49929e-11
      15540.0  1.49820e-11
      15550.0  1.49718e-11
      15560.0  1.49621e-11
      15570.0  1.49528e-11
      15580.0  1.49437e-11
      15590.0  1.49344e-11
      15600.0  1.49249e-11
      15610.0  1.49149e-11
      15620.0  1.49043e-11
      15630.0  1.48929e-11
      15640.0  1.48806e-11
      15650.0  1.48673e-11
      15660.0  1.48530e-11
      15670.0  1.48376e-11
      15680.0  1.48212e-11
      15690.0  1.48038e-11
      15700.0  1.47855e-11
      15710.0  1.47665e-11
      15720.0  1.47470e-11
      15730.0  1.47271e-11
      15740.0  1.47070e-11
      15750.0  1.46872e-11
      15760.0  1.46677e-11
      15770.0  1.46489e-11
      15780.0  1.46312e-11
      15790.0  1.46147e-11
      15800.0  1.45998e-11
      15810.0  1.45868e-11
      15820.0  1.45758e-11
      15830.0  1.45672e-11
      15840.0  1.45612e-11
      15850.0  1.45578e-11
      15860.0  1.45573e-11
      15870.0  1.45597e-11
      15880.0  1.45652e-11
      15890.0  1.45737e-11
      15900.0  1.45853e-11
      15910.0  1.45999e-11
      15920.0  1.46174e-11
      15930.0  1.46377e-11
      15940.0  1.46607e-11
      15950.0  1.46861e-11
      15960.0  1.47139e-11
      15970.0  1.47438e-11
      15980.0  1.47755e-11
      15990.0  1.48089e-11
      16000.0  1.48437e-11
      16010.0  1.48797e-11
      16020.0  1.49167e-11
      16030.0  1.49543e-11
      16040.0  1.49925e-11
      16050.0  1.50311e-11
      16060.0  1.50698e-11
      16070.0  1.51085e-11
      16080.0  1.51472e-11
      16090.0  1.51856e-11
      16100.0  1.52238e-11
      16110.0  1.52617e-11
      16120.0  1.52993e-11
      16130.0  1.53365e-11
      16140.0  1.53733e-11
      16150.0  1.54099e-11
      16160.0  1.54462e-11
      16170.0  1.54823e-11
      16180.0  1.55183e-11
      16190.0  1.55542e-11
      16200.0  1.55900e-11
      16210.0  1.56258e-11
      16220.0  1.56616e-11
      16230.0  1.56975e-11
      16240.0  1.57334e-11
      16250.0  1.57692e-11
      16260.0  1.58050e-11
      16270.0  1.58407e-11
      16280.0  1.58762e-11
      16290.0  1.59113e-11
      16300.0  1.59459e-11
      16310.0  1.59799e-11
      16320.0  1.60132e-11
      16330.0  1.60455e-11
      16340.0  1.60769e-11
      16350.0  1.61071e-11
      16360.0  1.61360e-11
      16370.0  1.61637e-11
      16380.0  1.61900e-11
      16390.0  1.62149e-11
      16400.0  1.62386e-11
      16410.0  1.62611e-11
      16420.0  1.62825e-11
      16430.0  1.63030e-11
      16440.0  1.63228e-11
      16450.0  1.63421e-11
      16460.0  1.63612e-11
      16470.0  1.63804e-11
      16480.0  1.64000e-11
      16490.0  1.64201e-11
      16500.0  1.64410e-11
      16510.0  1.64630e-11
      16520.0  1.64862e-11
      16530.0  1.65108e-11
      16540.0  1.65368e-11
      16550.0  1.65642e-11
      16560.0  1.65930e-11
      16570.0  1.66230e-11
      16580.0  1.66541e-11
      16590.0  1.66861e-11
      16600.0  1.67185e-11
      16610.0  1.67511e-11
      16620.0  1.67833e-11
      16630.0  1.68147e-11
      16640.0  1.68447e-11
      16650.0  1.68728e-11
      16660.0  1.68984e-11
      16670.0  1.69208e-11
      16680.0  1.69395e-11
      16690.0  1.69538e-11
      16700.0  1.69632e-11
      16710.0  1.69670e-11
      16720.0  1.69647e-11
      16730.0  1.69558e-11
      16740.0  1.69400e-11
      16750.0  1.69167e-11
      16760.0  1.68858e-11
      16770.0  1.68469e-11
      16780.0  1.68000e-11
      16790.0  1.67450e-11
      16800.0  1.66819e-11
      16810.0  1.66108e-11
      16820.0  1.65319e-11
      16830.0  1.64456e-11
      16840.0  1.63522e-11
      16850.0  1.62521e-11
      16860.0  1.61459e-11
      16870.0  1.60341e-11
      16880.0  1.59174e-11
      16890.0  1.57965e-11
      16900.0  1.56720e-11
      16910.0  1.55447e-11
      16920.0  1.54154e-11
      16930.0  1.52849e-11
      16940.0  1.51540e-11
      16950.0  1.50233e-11
      16960.0  1.48937e-11
      16970.0  1.47659e-11
      16980.0  1.46405e-11
      16990.0  1.45183e-11
      17000.0  1.43997e-11
      17010.0  1.42853e-11
      17020.0  1.41756e-11
      17030.0  1.40709e-11
      17040.0  1.39717e-11
      17050.0  1.38782e-11
      17060.0  1.37905e-11
      17070.0  1.37088e-11
      17080.0  1.36331e-11
      17090.0  1.35635e-11
      17100.0  1.34997e-11
      17110.0  1.34419e-11
      17120.0  1.33896e-11
      17130.0  1.33427e-11
      17140.0  1.33009e-11
      17150.0  1.32640e-11
      17160.0  1.32315e-11
      17170.0  1.32031e-11
      17180.0  1.31786e-11
      17190.0  1.31574e-11
      17200.0  1.31393e-11
      17210.0  1.31239e-11
      17220.0  1.31109e-11
      17230.0  1.30999e-11
      17240.0  1.30908e-11
      17250.0  1.30831e-11
      17260.0  1.30768e-11
      17270.0  1.30716e-11
      17280.0  1.30674e-11
      17290.0  1.30641e-11
      17300.0  1.30616e-11
      17310.0  1.30598e-11
      17320.0  1.30588e-11
      17330.0  1.30585e-11
      17340.0  1.30591e-11
      17350.0  1.30607e-11
      17360.0  1.30632e-11
      17370.0  1.30669e-11
      17380.0  1.30719e-11
      17390.0  1.30783e-11
      17400.0  1.30863e-11
      17410.0  1.30961e-11
      17420.0  1.31077e-11
      17430.0  1.31214e-11
      17440.0  1.31372e-11
      17450.0  1.31554e-11
      17460.0  1.31759e-11
      17470.0  1.31989e-11
      17480.0  1.32243e-11
      17490.0  1.32523e-11
      17500.0  1.32829e-11
      17510.0  1.33159e-11
      17520.0  1.33513e-11
      17530.0  1.33890e-11
      17540.0  1.34288e-11
      17550.0  1.34707e-11
      17560.0  1.35143e-11
      17570.0  1.35594e-11
      17580.0  1.36057e-11
      17590.0  1.36531e-11
      17600.0  1.37010e-11
      17610.0  1.37492e-11
      17620.0  1.37974e-11
      17630.0  1.38451e-11
      17640.0  1.38920e-11
      17650.0  1.39377e-11
      17660.0  1.39818e-11
      17670.0  1.40239e-11
      17680.0  1.40637e-11
      17690.0  1.41008e-11
      17700.0  1.41349e-11
      17710.0  1.41656e-11
      17720.0  1.41926e-11
      17730.0  1.42158e-11
      17740.0  1.42348e-11
      17750.0  1.42495e-11
      17760.0  1.42596e-11
      17770.0  1.42651e-11
      17780.0  1.42658e-11
      17790.0  1.42616e-11
      17800.0  1.42525e-11
      17810.0  1.42385e-11
      17820.0  1.42196e-11
      17830.0  1.41957e-11
      17840.0  1.41671e-11
      17850.0  1.41336e-11
      17860.0  1.40956e-11
      17870.0  1.40530e-11
      17880.0  1.40060e-11
      17890.0  1.39548e-11
      17900.0  1.38995e-11
      17910.0  1.38404e-11
      17920.0  1.37777e-11
      17930.0  1.37115e-11
      17940.0  1.36421e-11
      17950.0  1.35697e-11
      17960.0  1.34947e-11
      17970.0  1.34171e-11
      17980.0  1.33374e-11
      17990.0  1.32558e-11
      18000.0  1.31725e-11
      18010.0  1.30878e-11
      18020.0  1.30020e-11
      18030.0  1.29154e-11
      18040.0  1.28283e-11
      18050.0  1.27408e-11
      18060.0  1.26533e-11
      18070.0  1.25660e-11
      18080.0  1.24790e-11
      18090.0  1.23926e-11
      18100.0  1.23069e-11
      18110.0  1.22221e-11
      18120.0  1.21382e-11
      18130.0  1.20553e-11
      18140.0  1.19734e-11
      18150.0  1.18925e-11
      18160.0  1.18126e-11
      18170.0  1.17335e-11
      18180.0  1.16551e-11
      18190.0  1.15774e-11
      18200.0  1.14999e-11
      18210.0  1.14227e-11
      18220.0  1.13453e-11
      18230.0  1.12677e-11
      18240.0  1.11894e-11
      18250.0  1.11102e-11
      18260.0  1.10298e-11
      18270.0  1.09481e-11
      18280.0  1.08647e-11
      18290.0  1.07794e-11
      18300.0  1.06920e-11
      18310.0  1.06024e-11
      18320.0  1.05104e-11
      18330.0  1.04160e-11
      18340.0  1.03191e-11
      18350.0  1.02197e-11
      18360.0  1.01179e-11
      18370.0  1.00137e-11
      18380.0  9.90740e-12
      18390.0  9.79907e-12
      18400.0  9.68898e-12
      18410.0  9.57739e-12
      18420.0  9.46460e-12
      18430.0  9.35093e-12
      18440.0  9.23672e-12
      18450.0  9.12235e-12
      18460.0  9.00816e-12
      18470.0  8.89455e-12
      18480.0  8.78188e-12
      18490.0  8.67052e-12
      18500.0  8.56081e-12
      18510.0  8.45310e-12
      18520.0  8.34770e-12
      18530.0  8.24491e-12
      18540.0  8.14500e-12
      18550.0  8.04822e-12
      18560.0  7.95477e-12
      18570.0  7.86485e-12
      18580.0  7.77862e-12
      18590.0  7.69619e-12
      18600.0  7.61768e-12
      18610.0  7.54315e-12
      18620.0  7.47265e-12
      18630.0  7.40619e-12
      18640.0  7.34376e-12
      18650.0  7.28533e-12
      18660.0  7.23083e-12
      18670.0  7.18019e-12
      18680.0  7.13329e-12
      18690.0  7.09001e-12
      18700.0  7.05020e-12
      18710.0  7.01368e-12
      18720.0  6.98028e-12
      18730.0  6.94978e-12
      18740.0  6.92197e-12
      18750.0  6.89660e-12
      18760.0  6.87344e-12
      18770.0  6.85222e-12
      18780.0  6.83268e-12
      18790.0  6.81455e-12
      18800.0  6.79755e-12
      18810.0  6.78142e-12
      18820.0  6.76589e-12
      18830.0  6.75070e-12
      18840.0  6.73558e-12
      18850.0  6.72030e-12
      18860.0  6.70464e-12
      18870.0  6.68838e-12
      18880.0  6.67133e-12
      18890.0  6.65333e-12
      18900.0  6.63421e-12
      18910.0  6.61386e-12
      18920.0  6.59217e-12
      18930.0  6.56907e-12
      18940.0  6.54450e-12
      18950.0  6.51844e-12
      18960.0  6.49087e-12
      18970.0  6.46181e-12
      18980.0  6.43131e-12
      18990.0  6.39941e-12
      19000.0  6.36621e-12
      19010.0  6.33179e-12
      19020.0  6.29626e-12
      19030.0  6.25976e-12
      19040.0  6.22243e-12
      19050.0  6.18442e-12
      19060.0  6.14589e-12
      19070.0  6.10703e-12
      19080.0  6.06801e-12
      19090.0  6.02902e-12
      19100.0  5.99027e-12
      19110.0  5.95196e-12
      19120.0  5.91428e-12
      19130.0  5.87746e-12
      19140.0  5.84171e-12
      19150.0  5.80723e-12
      19160.0  5.77424e-12
      19170.0  5.74295e-12
      19180.0  5.71357e-12
      19190.0  5.68631e-12
      19200.0  5.66137e-12
      19210.0  5.63894e-12
      19220.0  5.61921e-12
      19230.0  5.60236e-12
      19240.0  5.58856e-12
      19250.0  5.57797e-12
      19260.0  5.57073e-12
      19270.0  5.56698e-12
      19280.0  5.56683e-12
      19290.0  5.57037e-12
      19300.0  5.57769e-12
      19310.0  5.58885e-12
      19320.0  5.60389e-12
      19330.0  5.62281e-12
      19340.0  5.64562e-12
      19350.0  5.67228e-12
      19360.0  5.70272e-12
      19370.0  5.73686e-12
      19380.0  5.77458e-12
      19390.0  5.81574e-12
      19400.0  5.86017e-12
      19410.0  5.90768e-12
      19420.0  5.95802e-12
      19430.0  6.01097e-12
      19440.0  6.06623e-12
      19450.0  6.12352e-12
      19460.0  6.18252e-12
      19470.0  6.24288e-12
      19480.0  6.30427e-12
      19490.0  6.36632e-12
      19500.0  6.42866e-12
      19510.0  6.49092e-12
      19520.0  6.55273e-12
      19530.0  6.61371e-12
      19540.0  6.67349e-12
      19550.0  6.73172e-12
      19560.0  6.78806e-12
      19570.0  6.84219e-12
      19580.0  6.89381e-12
      19590.0  6.94262e-12
      19600.0  6.98837e-12
      19610.0  7.03085e-12
      19620.0  7.06984e-12
      19630.0  7.10518e-12
      19640.0  7.13673e-12
      19650.0  7.16439e-12
      19660.0  7.18807e-12
      19670.0  7.20774e-12
      19680.0  7.22337e-12
      19690.0  7.23499e-12
      19700.0  7.24263e-12
      19710.0  7.24635e-12
      19720.0  7.24625e-12
      19730.0  7.24243e-12
      19740.0  7.23501e-12
      19750.0  7.22414e-12
      19760.0  7.20995e-12
      19770.0  7.19262e-12
      19780.0  7.17230e-12
      19790.0  7.14916e-12
      19800.0  7.12337e-12
      19810.0  7.09510e-12
      19820.0  7.06449e-12
      19830.0  7.03171e-12
      19840.0  6.99689e-12
      19850.0  6.96017e-12
      19860.0  6.92166e-12
      19870.0  6.88147e-12
      19880.0  6.83969e-12
      19890.0  6.79640e-12
      19900.0  6.75165e-12
      19910.0  6.70549e-12
      19920.0  6.65796e-12
      19930.0  6.60908e-12
      19940.0  6.55885e-12
      19950.0  6.50728e-12
      19960.0  6.45435e-12
      19970.0  6.40006e-12
      19980.0  6.34439e-12
      19990.0  6.28732e-12
      20000.0  6.22883e-12
      20010.0  6.16891e-12
      20020.0  6.10755e-12
      20030.0  6.04475e-12
      20040.0  5.98052e-12
      20050.0  5.91488e-12
      20060.0  5.84786e-12
      20070.0  5.77952e-12
      20080.0  5.70991e-12
      20090.0  5.63912e-12
      20100.0  5.56725e-12
      20110.0  5.49441e-12
      20120.0  5.42073e-12
      20130.0  5.34635e-12
      20140.0  5.27145e-12
      20150.0  5.19619e-12
      20160.0  5.12076e-12
      20170.0  5.04536e-12
      20180.0  4.97020e-12
      20190.0  4.89551e-12
      20200.0  4.82149e-12
      20210.0  4.74837e-12
      20220.0  4.67637e-12
      20230.0  4.60573e-12
      20240.0  4.53665e-12
      20250.0  4.46935e-12
      20260.0  4.40403e-12
      20270.0  4.34090e-12
      20280.0  4.28012e-12
      20290.0  4.22186e-12
      20300.0  4.16629e-12
      20310.0  4.11353e-12
      20320.0  4.06371e-12
      20330.0  4.01691e-12
      20340.0  3.97324e-12
      20350.0  3.93273e-12
      20360.0  3.89544e-12
      20370.0  3.86139e-12
      20380.0  3.83058e-12
      20390.0  3.80300e-12
      20400.0  3.77862e-12
      20410.0  3.75738e-12
      20420.0  3.73922e-12
      20430.0  3.72407e-12
      20440.0  3.71182e-12
      20450.0  3.70238e-12
      20460.0  3.69564e-12
      20470.0  3.69147e-12
      20480.0  3.68975e-12
      20490.0  3.69033e-12
      20500.0  3.69310e-12
      20510.0  3.69789e-12
      20520.0  3.70459e-12
      20530.0  3.71304e-12
      20540.0  3.72310e-12
      20550.0  3.73466e-12
      20560.0  3.74757e-12
      20570.0  3.76170e-12
      20580.0  3.77695e-12
      20590.0  3.79319e-12
      20600.0  3.81033e-12
      20610.0  3.82825e-12
      20620.0  3.84688e-12
      20630.0  3.86613e-12
      20640.0  3.88593e-12
      20650.0  3.90621e-12
      20660.0  3.92691e-12
      20670.0  3.94798e-12
      20680.0  3.96939e-12
      20690.0  3.99110e-12
      20700.0  4.01308e-12
      20710.0  4.03532e-12
      20720.0  4.05779e-12
      20730.0  4.08049e-12
      20740.0  4.10342e-12
      20750.0  4.12658e-12
      20760.0  4.14996e-12
      20770.0  4.17359e-12
      20780.0  4.19747e-12
      20790.0  4.22161e-12
      20800.0  4.24603e-12
      20810.0  4.27073e-12
      20820.0  4.29573e-12
      20830.0  4.32104e-12
      20840.0  4.34667e-12
      20850.0  4.37263e-12
      20860.0  4.39892e-12
      20870.0  4.42553e-12
      20880.0  4.45248e-12
      20890.0  4.47975e-12
      20900.0  4.50733e-12
      20910.0  4.53521e-12
      20920.0  4.56336e-12
      20930.0  4.59177e-12
      20940.0  4.62040e-12
      20950.0  4.64922e-12
      20960.0  4.67820e-12
      20970.0  4.70729e-12
      20980.0  4.73645e-12
      20990.0  4.76564e-12
      21000.0  4.79480e-12
      21010.0  4.82387e-12
      21020.0  4.85281e-12
      21030.0  4.88156e-12
      21040.0  4.91005e-12
      21050.0  4.93824e-12
      21060.0  4.96604e-12
      21070.0  4.99341e-12
      21080.0  5.02027e-12
      21090.0  5.04657e-12
      21100.0  5.07224e-12
      21110.0  5.09721e-12
      21120.0  5.12142e-12
      21130.0  5.14480e-12
      21140.0  5.16729e-12
      21150.0  5.18881e-12
      21160.0  5.20929e-12
      21170.0  5.22867e-12
      21180.0  5.24688e-12
      21190.0  5.26383e-12
      21200.0  5.27947e-12
      21210.0  5.29371e-12
      21220.0  5.30647e-12
      21230.0  5.31769e-12
      21240.0  5.32728e-12
      21250.0  5.33515e-12
      21260.0  5.34125e-12
      21270.0  5.34547e-12
      21280.0  5.34775e-12
      21290.0  5.34800e-12
      21300.0  5.34615e-12
      21310.0  5.34212e-12
      21320.0  5.33583e-12
      21330.0  5.32723e-12
      21340.0  5.31625e-12
      21350.0  5.30282e-12
      21360.0  5.28689e-12
      21370.0  5.26843e-12
      21380.0  5.24738e-12
      21390.0  5.22374e-12
      21400.0  5.19747e-12
      21410.0  5.16858e-12
      21420.0  5.13707e-12
      21430.0  5.10297e-12
      21440.0  5.06631e-12
      21450.0  5.02714e-12
      21460.0  4.98554e-12
      21470.0  4.94159e-12
      21480.0  4.89539e-12
      21490.0  4.84706e-12
      21500.0  4.79673e-12
      21510.0  4.74457e-12
      21520.0  4.69074e-12
      21530.0  4.63543e-12
      21540.0  4.57884e-12
      21550.0  4.52120e-12
      21560.0  4.46274e-12
      21570.0  4.40370e-12
      21580.0  4.34435e-12
      21590.0  4.28494e-12
      21600.0  4.22576e-12
      21610.0  4.16708e-12
      21620.0  4.10920e-12
      21630.0  4.05239e-12
      21640.0  3.99694e-12
      21650.0  3.94314e-12
      21660.0  3.89126e-12
      21670.0  3.84158e-12
      21680.0  3.79435e-12
      21690.0  3.74982e-12
      21700.0  3.70822e-12
      21710.0  3.66977e-12
      21720.0  3.63468e-12
      21730.0  3.60312e-12
      21740.0  3.57526e-12
      21750.0  3.55122e-12
      21760.0  3.53112e-12
      21770.0  3.51506e-12
      21780.0  3.50309e-12
      21790.0  3.49527e-12
      21800.0  3.49159e-12
      21810.0  3.49206e-12
      21820.0  3.49665e-12
      21830.0  3.50529e-12
      21840.0  3.51791e-12
      21850.0  3.53440e-12
      21860.0  3.55466e-12
      21870.0  3.57853e-12
      21880.0  3.60587e-12
      21890.0  3.63650e-12
      21900.0  3.67023e-12
      21910.0  3.70688e-12
      21920.0  3.74624e-12
      21930.0  3.78809e-12
      21940.0  3.83221e-12
      21950.0  3.87839e-12
      21960.0  3.92639e-12
      21970.0  3.97599e-12
      21980.0  4.02697e-12
      21990.0  4.07910e-12
      22000.0  4.13216e-12
      22010.0  4.18595e-12
      22020.0  4.24025e-12
      22030.0  4.29488e-12
      22040.0  4.34963e-12
      22050.0  4.40434e-12
      22060.0  4.45882e-12
      22070.0  4.51293e-12
      22080.0  4.56651e-12
      22090.0  4.61941e-12
      22100.0  4.67153e-12
      22110.0  4.72273e-12
      22120.0  4.77290e-12
      22130.0  4.82197e-12
      22140.0  4.86983e-12
      22150.0  4.91640e-12
      22160.0  4.96163e-12
      22170.0  5.00544e-12
      22180.0  5.04779e-12
      22190.0  5.08862e-12
      22200.0  5.12790e-12
      22210.0  5.16558e-12
      22220.0  5.20164e-12
      22230.0  5.23605e-12
      22240.0  5.26879e-12
      22250.0  5.29982e-12
      22260.0  5.32912e-12
      22270.0  5.35668e-12
      22280.0  5.38247e-12
      22290.0  5.40646e-12
      22300.0  5.42864e-12
      22310.0  5.44897e-12
      22320.0  5.46742e-12
      22330.0  5.48397e-12
      22340.0  5.49859e-12
      22350.0  5.51122e-12
      22360.0  5.52183e-12
      22370.0  5.53038e-12
      22380.0  5.53682e-12
      22390.0  5.54111e-12
      22400.0  5.54318e-12
      22410.0  5.54300e-12
      22420.0  5.54049e-12
      22430.0  5.53562e-12
      22440.0  5.52832e-12
      22450.0  5.51854e-12
      22460.0  5.50624e-12
      22470.0  5.49136e-12
      22480.0  5.47386e-12
      22490.0  5.45370e-12
      22500.0  5.43084e-12
      22510.0  5.40527e-12
      22520.0  5.37695e-12
      22530.0  5.34589e-12
      22540.0  5.31207e-12
      22550.0  5.27550e-12
      22560.0  5.23621e-12
      22570.0  5.19421e-12
      22580.0  5.14956e-12
      22590.0  5.10229e-12
      22600.0  5.05248e-12
      22610.0  5.00019e-12
      22620.0  4.94552e-12
      22630.0  4.88855e-12
      22640.0  4.82939e-12
      22650.0  4.76815e-12
      22660.0  4.70497e-12
      22670.0  4.63997e-12
      22680.0  4.57330e-12
      22690.0  4.50510e-12
      22700.0  4.43552e-12
      22710.0  4.36473e-12
      22720.0  4.29288e-12
      22730.0  4.22015e-12
      22740.0  4.14670e-12
      22750.0  4.07270e-12
      22760.0  3.99832e-12
      22770.0  3.92373e-12
      22780.0  3.84911e-12
      22790.0  3.77461e-12
      22800.0  3.70042e-12
      22810.0  3.62669e-12
      22820.0  3.55358e-12
      22830.0  3.48126e-12
      22840.0  3.40987e-12
      22850.0  3.33958e-12
      22860.0  3.27054e-12
      22870.0  3.20287e-12
      22880.0  3.13674e-12
      22890.0  3.07228e-12
      22900.0  3.00961e-12
      22910.0  2.94888e-12
      22920.0  2.89021e-12
      22930.0  2.83372e-12
      22940.0  2.77953e-12
      22950.0  2.72776e-12
      22960.0  2.67851e-12
      22970.0  2.63190e-12
      22980.0  2.58803e-12
      22990.0  2.54698e-12
      23000.0  2.50886e-12
      23010.0  2.47375e-12
      23020.0  2.44173e-12
      23030.0  2.41287e-12
      23040.0  2.38724e-12
      23050.0  2.36491e-12
      23060.0  2.34591e-12
      23070.0  2.33031e-12
      23080.0  2.31812e-12
      23090.0  2.30938e-12
      23100.0  2.30410e-12
      23110.0  2.30229e-12
      23120.0  2.30395e-12
      23130.0  2.30905e-12
      23140.0  2.31757e-12
      23150.0  2.32948e-12
      23160.0  2.34471e-12
      23170.0  2.36322e-12
      23180.0  2.38491e-12
      23190.0  2.40971e-12
      23200.0  2.43751e-12
      23210.0  2.46820e-12
      23220.0  2.50166e-12
      23230.0  2.53773e-12
      23240.0  2.57628e-12
      23250.0  2.61715e-12
      23260.0  2.66015e-12
      23270.0  2.70511e-12
      23280.0  2.75183e-12
      23290.0  2.80011e-12
      23300.0  2.84975e-12
      23310.0  2.90052e-12
      23320.0  2.95221e-12
      23330.0  3.00460e-12
      23340.0  3.05744e-12
      23350.0  3.11052e-12
      23360.0  3.16360e-12
      23370.0  3.21645e-12
      23380.0  3.26885e-12
      23390.0  3.32059e-12
      23400.0  3.37144e-12
      23410.0  3.42120e-12
      23420.0  3.46967e-12
      23430.0  3.51667e-12
      23440.0  3.56201e-12
      23450.0  3.60555e-12
      23460.0  3.64712e-12
      23470.0  3.68659e-12
      23480.0  3.72385e-12
      23490.0  3.75879e-12
      23500.0  3.79132e-12
      23510.0  3.82137e-12
      23520.0  3.84889e-12
      23530.0  3.87383e-12
      23540.0  3.89618e-12
      23550.0  3.91591e-12
      23560.0  3.93303e-12
      23570.0  3.94756e-12
      23580.0  3.95954e-12
      23590.0  3.96899e-12
      23600.0  3.97596e-12
      23610.0  3.98053e-12
      23620.0  3.98275e-12
      23630.0  3.98269e-12
      23640.0  3.98044e-12
      23650.0  3.97607e-12
      23660.0  3.96968e-12
      23670.0  3.96135e-12
      23680.0  3.95117e-12
      23690.0  3.93924e-12
      23700.0  3.92564e-12
      23710.0  3.91048e-12
      23720.0  3.89385e-12
      23730.0  3.87584e-12
      23740.0  3.85655e-12
      23750.0  3.83608e-12
      23760.0  3.81454e-12
      23770.0  3.79202e-12
      23780.0  3.76864e-12
      23790.0  3.74449e-12
      23800.0  3.71971e-12
      23810.0  3.69439e-12
      23820.0  3.66867e-12
      23830.0  3.64275e-12
      23840.0  3.61670e-12
      23850.0  3.59064e-12
      23860.0  3.56469e-12
      23870.0  3.53899e-12
      23880.0  3.51368e-12
      23890.0  3.48888e-12
      23900.0  3.46474e-12
      23910.0  3.44137e-12
      23920.0  3.41890e-12
      23930.0  3.39744e-12
      23940.0  3.37709e-12
      23950.0  3.35795e-12
      23960.0  3.34010e-12
      23970.0  3.32361e-12
      23980.0  3.30856e-12
      23990.0  3.29497e-12
      24000.0  3.28291e-12
      24010.0  3.27239e-12
      24020.0  3.26345e-12
      24030.0  3.25609e-12
      24040.0  3.25033e-12
      24050.0  3.24617e-12
      24060.0  3.24360e-12
      24070.0  3.24263e-12
      24080.0  3.24324e-12
      24090.0  3.24543e-12
      24100.0  3.24920e-12
      24110.0  3.25452e-12
      24120.0  3.26140e-12
      24130.0  3.26982e-12
      24140.0  3.27976e-12
      24150.0  3.29121e-12
      24160.0  3.30415e-12
      24170.0  3.31856e-12
      24180.0  3.33442e-12
      24190.0  3.35168e-12
      24200.0  3.37032e-12
      24210.0  3.39029e-12
      24220.0  3.41155e-12
      24230.0  3.43404e-12
      24240.0  3.45771e-12
      24250.0  3.48249e-12
      24260.0  3.50833e-12
      24270.0  3.53513e-12
      24280.0  3.56284e-12
      24290.0  3.59138e-12
      24300.0  3.62066e-12
      24310.0  3.65060e-12
      24320.0  3.68113e-12
      24330.0  3.71215e-12
      24340.0  3.74359e-12
      24350.0  3.77537e-12
      24360.0  3.80740e-12
      24370.0  3.83961e-12
      24380.0  3.87191e-12
      24390.0  3.90424e-12
      24400.0  3.93651e-12
      24410.0  3.96865e-12
      24420.0  4.00059e-12
      24430.0  4.03226e-12
      24440.0  4.06358e-12
      24450.0  4.09448e-12
      24460.0  4.12489e-12
      24470.0  4.15475e-12
      24480.0  4.18397e-12
      24490.0  4.21250e-12
      24500.0  4.24025e-12
      24510.0  4.26716e-12
      24520.0  4.29315e-12
      24530.0  4.31815e-12
      24540.0  4.34208e-12
      24550.0  4.36488e-12
      24560.0  4.38647e-12
      24570.0  4.40677e-12
      24580.0  4.42573e-12
      24590.0  4.44326e-12
      24600.0  4.45931e-12
      24610.0  4.47380e-12
      24620.0  4.48670e-12
      24630.0  4.49793e-12
      24640.0  4.50747e-12
      24650.0  4.51526e-12
      24660.0  4.52129e-12
      24670.0  4.52553e-12
      24680.0  4.52797e-12
      24690.0  4.52862e-12
      24700.0  4.52749e-12
      24710.0  4.52462e-12
      24720.0  4.52003e-12
      24730.0  4.51381e-12
      24740.0  4.50601e-12
      24750.0  4.49672e-12
      24760.0  4.48606e-12
      24770.0  4.47414e-12
      24780.0  4.46110e-12
      24790.0  4.44708e-12
      24800.0  4.43225e-12
      24810.0  4.41677e-12
      24820.0  4.40082e-12
      24830.0  4.38459e-12
      24840.0  4.36826e-12
      24850.0  4.35199e-12
      24860.0  4.33596e-12
      24870.0  4.32031e-12
      24880.0  4.30519e-12
      24890.0  4.29070e-12
      24900.0  4.27694e-12
      24910.0  4.26396e-12
      24920.0  4.25182e-12
      24930.0  4.24053e-12
      24940.0  4.23009e-12
      24950.0  4.22050e-12
      24960.0  4.21171e-12
      24970.0  4.20370e-12
      24980.0  4.19641e-12
      24990.0  4.18980e-12
      25000.0  4.18382e-12
