      1000.00  9.45863e-14
      1010.00  1.14600e-13
      1020.00  1.39298e-13
      1030.00  1.69625e-13
      1040.00  2.06756e-13
      1050.00  2.52032e-13
      1060.00  3.06947e-13
      1070.00  3.73125e-13
      1080.00  4.52270e-13
      1090.00  5.46110e-13
      1100.00  6.56312e-13
      1110.00  7.84406e-13
      1120.00  9.31689e-13
      1130.00  1.09914e-12
      1140.00  1.28737e-12
      1150.00  1.49651e-12
      1160.00  1.72627e-12
      1170.00  1.97580e-12
      1180.00  2.24381e-12
      1190.00  2.52849e-12
      1200.00  2.82761e-12
      1210.00  3.13851e-12
      1220.00  3.45821e-12
      1230.00  3.78344e-12
      1240.00  4.11077e-12
      1250.00  4.43664e-12
      1260.00  4.75753e-12
      1270.00  5.07001e-12
      1280.00  5.37083e-12
      1290.00  5.65704e-12
      1300.00  5.92601e-12
      1310.00  6.17556e-12
      1320.00  6.40393e-12
      1330.00  6.60983e-12
      1340.00  6.79250e-12
      1350.00  6.95163e-12
      1360.00  7.08739e-12
      1370.00  7.20042e-12
      1380.00  7.29172e-12
      1390.00  7.36271e-12
      1400.00  7.41511e-12
      1410.00  7.45092e-12
      1420.00  7.47234e-12
      1430.00  7.48178e-12
      1440.00  7.48173e-12
      1450.00  7.47477e-12
      1460.00  7.46346e-12
      1470.00  7.45037e-12
      1480.00  7.43791e-12
      1490.00  7.42841e-12
      1500.00  7.42395e-12
      1510.00  7.42639e-12
      1520.00  7.43728e-12
      1530.00  7.45785e-12
      1540.00  7.48896e-12
      1550.00  7.53113e-12
      1560.00  7.58457e-12
      1570.00  7.64919e-12
      1580.00  7.72469e-12
      1590.00  7.81065e-12
      1600.00  7.90663e-12
      1610.00  8.01223e-12
      1620.00  8.12719e-12
      1630.00  8.25144e-12
      1640.00  8.38509e-12
      1650.00  8.52845e-12
      1660.00  8.68201e-12
      1670.00  8.84635e-12
      1680.00  9.02212e-12
      1690.00  9.20994e-12
      1700.00  9.41041e-12
      1710.00  9.62398e-12
      1720.00  9.85099e-12
      1730.00  1.00916e-11
      1740.00  1.03457e-11
      1750.00  1.06130e-11
      1760.00  1.08931e-11
      1770.00  1.11851e-11
      1780.00  1.14883e-11
      1790.00  1.18013e-11
      1800.00  1.21229e-11
      1810.00  1.24517e-11
      1820.00  1.27862e-11
      1830.00  1.31251e-11
      1840.00  1.34670e-11
      1850.00  1.38108e-11
      1860.00  1.41556e-11
      1870.00  1.45006e-11
      1880.00  1.48455e-11
      1890.00  1.51897e-11
      1900.00  1.55333e-11
      1910.00  1.58760e-11
      1920.00  1.62177e-11
      1930.00  1.65584e-11
      1940.00  1.68980e-11
      1950.00  1.72362e-11
      1960.00  1.75730e-11
      1970.00  1.79082e-11
      1980.00  1.82417e-11
      1990.00  1.85732e-11
      2000.00  1.89025e-11
      2010.00  1.92294e-11
      2020.00  1.95535e-11
      2030.00  1.98739e-11
      2040.00  2.01899e-11
      2050.00  2.05003e-11
      2060.00  2.08034e-11
      2070.00  2.10976e-11
      2080.00  2.13805e-11
      2090.00  2.16500e-11
      2100.00  2.19033e-11
      2110.00  2.21377e-11
      2120.00  2.23507e-11
      2130.00  2.25397e-11
      2140.00  2.27026e-11
      2150.00  2.28381e-11
      2160.00  2.29455e-11
      2170.00  2.30253e-11
      2180.00  2.30791e-11
      2190.00  2.31095e-11
      2200.00  2.31201e-11
      2210.00  2.31152e-11
      2220.00  2.30994e-11
      2230.00  2.30772e-11
      2240.00  2.30530e-11
      2250.00  2.30305e-11
      2260.00  2.30128e-11
      2270.00  2.30024e-11
      2280.00  2.30011e-11
      2290.00  2.30105e-11
      2300.00  2.30320e-11
      2310.00  2.30666e-11
      2320.00  2.31156e-11
      2330.00  2.31801e-11
      2340.00  2.32614e-11
      2350.00  2.33606e-11
      2360.00  2.34786e-11
      2370.00  2.36163e-11
      2380.00  2.37744e-11
      2390.00  2.39533e-11
      2400.00  2.41535e-11
      2410.00  2.43752e-11
      2420.00  2.46183e-11
      2430.00  2.48821e-11
      2440.00  2.51651e-11
      2450.00  2.54642e-11
      2460.00  2.57745e-11
      2470.00  2.60891e-11
      2480.00  2.63986e-11
      2490.00  2.66920e-11
      2500.00  2.69570e-11
      2510.00  2.71817e-11
      2520.00  2.73558e-11
      2530.00  2.74722e-11
      2540.00  2.75281e-11
      2550.00  2.75263e-11
      2560.00  2.74743e-11
      2570.00  2.73845e-11
      2580.00  2.72724e-11
      2590.00  2.71549e-11
      2600.00  2.70485e-11
      2610.00  2.69679e-11
      2620.00  2.69247e-11
      2630.00  2.69271e-11
      2640.00  2.69792e-11
      2650.00  2.70916e-11
      2660.00  2.77520e-11
      2670.00  3.34723e-11
      2680.00  4.74418e-11
      2690.00  6.06018e-11
      2700.00  7.29171e-11
      2710.00  8.12598e-11
      2720.00  8.45393e-11
      2730.00  8.95194e-11
      2740.00  9.52853e-11
      2750.00  9.86811e-11
      2760.00  1.00338e-10
      2770.00  1.00141e-10
      2780.00  9.89354e-11
      2790.00  9.87553e-11
      2800.00  9.96498e-11
      2810.00  1.00854e-10
      2820.00  1.03477e-10
      2830.00  1.04730e-10
      2840.00  1.00245e-10
      2850.00  9.77129e-11
      2860.00  1.06740e-10
      2870.00  1.23875e-10
      2880.00  1.33973e-10
      2890.00  1.32382e-10
      2900.00  1.35792e-10
      2910.00  1.42176e-10
      2920.00  1.44295e-10
      2930.00  1.44667e-10
      2940.00  1.45355e-10
      2950.00  1.44159e-10
      2960.00  1.39813e-10
      2970.00  1.34425e-10
      2980.00  1.30984e-10
      2990.00  1.27353e-10
      3000.00  1.19941e-10
      3010.00  1.13170e-10
      3020.00  1.12322e-10
      3030.00  1.14411e-10
      3040.00  1.10162e-10
      3050.00  1.00940e-10
      3060.00  1.03931e-10
      3070.00  1.21351e-10
      3080.00  1.34939e-10
      3090.00  1.35363e-10
      3100.00  1.26676e-10
      3110.00  1.18003e-10
      3120.00  1.15803e-10
      3130.00  1.21379e-10
      3140.00  1.31606e-10
      3150.00  1.41875e-10
      3160.00  1.49719e-10
      3170.00  1.55678e-10
      3180.00  1.63422e-10
      3190.00  1.75891e-10
      3200.00  1.85021e-10
      3210.00  1.80645e-10
      3220.00  1.65181e-10
      3230.00  1.47464e-10
      3240.00  1.36806e-10
      3250.00  1.35913e-10
      3260.00  1.39169e-10
      3270.00  1.46401e-10
      3280.00  1.54225e-10
      3290.00  1.53794e-10
      3300.00  1.52000e-10
      3310.00  1.54326e-10
      3320.00  1.55948e-10
      3330.00  1.54914e-10
      3340.00  1.50475e-10
      3350.00  1.43538e-10
      3360.00  1.40608e-10
      3370.00  1.43304e-10
      3380.00  1.50110e-10
      3390.00  1.58274e-10
      3400.00  1.65281e-10
      3410.00  1.70996e-10
      3420.00  1.75121e-10
      3430.00  1.77041e-10
      3440.00  1.77121e-10
      3450.00  1.76365e-10
      3460.00  1.76399e-10
      3470.00  1.79276e-10
      3480.00  1.85714e-10
      3490.00  1.94820e-10
      3500.00  2.05515e-10
      3510.00  2.16633e-10
      3520.00  2.26446e-10
      3530.00  2.32970e-10
      3540.00  2.37043e-10
      3550.00  2.42169e-10
      3560.00  2.48637e-10
      3570.00  2.54743e-10
      3580.00  2.59635e-10
      3590.00  2.62494e-10
      3600.00  2.61996e-10
      3610.00  2.57996e-10
      3620.00  2.55428e-10
      3630.00  2.60889e-10
      3640.00  2.74361e-10
      3650.00  2.91811e-10
      3660.00  3.10074e-10
      3670.00  3.27145e-10
      3680.00  3.40957e-10
      3690.00  3.48999e-10
      3700.00  3.49226e-10
      3710.00  3.41094e-10
      3720.00  3.26224e-10
      3730.00  3.07323e-10
      3740.00  2.86208e-10
      3750.00  2.63624e-10
      3760.00  2.40995e-10
      3770.00  2.21178e-10
      3780.00  2.06909e-10
      3790.00  1.99400e-10
      3800.00  1.98827e-10
      3810.00  2.06756e-10
      3820.00  2.26208e-10
      3830.00  2.57843e-10
      3840.00  2.99287e-10
      3850.00  3.46743e-10
      3860.00  3.96013e-10
      3870.00  4.43741e-10
      3880.00  4.88228e-10
      3890.00  5.28979e-10
      3900.00  5.65762e-10
      3910.00  5.98364e-10
      3920.00  6.26909e-10
      3930.00  6.51719e-10
      3940.00  6.72567e-10
      3950.00  6.88061e-10
      3960.00  6.95824e-10
      3970.00  6.93581e-10
      3980.00  6.80587e-10
      3990.00  6.58344e-10
      4000.00  6.30231e-10
      4010.00  6.00378e-10
      4020.00  5.72490e-10
      4030.00  5.49067e-10
      4040.00  5.31002e-10
      4050.00  5.17566e-10
      4060.00  5.06963e-10
      4070.00  4.97286e-10
      4080.00  4.87472e-10
      4090.00  4.77815e-10
      4100.00  4.69490e-10
      4110.00  4.63550e-10
      4120.00  4.60305e-10
      4130.00  4.59649e-10
      4140.00  4.61745e-10
      4150.00  4.66917e-10
      4160.00  4.74871e-10
      4170.00  4.84467e-10
      4180.00  4.94218e-10
      4190.00  5.02888e-10
      4200.00  5.09810e-10
      4210.00  5.14909e-10
      4220.00  5.18567e-10
      4230.00  5.21549e-10
      4240.00  5.24901e-10
      4250.00  5.29591e-10
      4260.00  5.35902e-10
      4270.00  5.43313e-10
      4280.00  5.50985e-10
      4290.00  5.58037e-10
      4300.00  5.63010e-10
      4310.00  5.63370e-10
      4320.00  5.56266e-10
      4330.00  5.40219e-10
      4340.00  5.16202e-10
      4350.00  4.87198e-10
      4360.00  4.56724e-10
      4370.00  4.27519e-10
      4380.00  4.01245e-10
      4390.00  3.79002e-10
      4400.00  3.61801e-10
      4410.00  3.50472e-10
      4420.00  3.45423e-10
      4430.00  3.46665e-10
      4440.00  3.53934e-10
      4450.00  3.66883e-10
      4460.00  3.85242e-10
      4470.00  4.08907e-10
      4480.00  4.38004e-10
      4490.00  4.73035e-10
      4500.00  5.14924e-10
      4510.00  5.64718e-10
      4520.00  6.22975e-10
      4530.00  6.89248e-10
      4540.00  7.61795e-10
      4550.00  8.37397e-10
      4560.00  9.11495e-10
      4570.00  9.78996e-10
      4580.00  1.03535e-09
      4590.00  1.07723e-09
      4600.00  1.10271e-09
      4610.00  1.11124e-09
      4620.00  1.10296e-09
      4630.00  1.07813e-09
      4640.00  1.03710e-09
      4650.00  9.81320e-10
      4660.00  9.14236e-10
      4670.00  8.40954e-10
      4680.00  7.66892e-10
      4690.00  6.96734e-10
      4700.00  6.34041e-10
      4710.00  5.81126e-10
      4720.00  5.39125e-10
      4730.00  5.08346e-10
      4740.00  4.88789e-10
      4750.00  4.80395e-10
      4760.00  4.82716e-10
      4770.00  4.94347e-10
      4780.00  5.12658e-10
      4790.00  5.34098e-10
      4800.00  5.55005e-10
      4810.00  5.72544e-10
      4820.00  5.85674e-10
      4830.00  5.95724e-10
      4840.00  6.05753e-10
      4850.00  6.18842e-10
      4860.00  6.37422e-10
      4870.00  6.63891e-10
      4880.00  7.00164e-10
      4890.00  7.46058e-10
      4900.00  7.98367e-10
      4910.00  8.51076e-10
      4920.00  8.96394e-10
      4930.00  9.26428e-10
      4940.00  9.35221e-10
      4950.00  9.20488e-10
      4960.00  8.84359e-10
      4970.00  8.32934e-10
      4980.00  7.74919e-10
      4990.00  7.19507e-10
      5000.00  6.73186e-10
      5010.00  6.36776e-10
      5020.00  6.07065e-10
      5030.00  5.81639e-10
      5040.00  5.60135e-10
      5050.00  5.42250e-10
      5060.00  5.27014e-10
      5070.00  5.13524e-10
      5080.00  5.01457e-10
      5090.00  4.91045e-10
      5100.00  4.82848e-10
      5110.00  4.77512e-10
      5120.00  4.75579e-10
      5130.00  4.77345e-10
      5140.00  4.82879e-10
      5150.00  4.92199e-10
      5160.00  5.05415e-10
      5170.00  5.22661e-10
      5180.00  5.43876e-10
      5190.00  5.68647e-10
      5200.00  5.96306e-10
      5210.00  6.26104e-10
      5220.00  6.57238e-10
      5230.00  6.88857e-10
      5240.00  7.20159e-10
      5250.00  7.50531e-10
      5260.00  7.79531e-10
      5270.00  8.06704e-10
      5280.00  8.31372e-10
      5290.00  8.52643e-10
      5300.00  8.69677e-10
      5310.00  8.82095e-10
      5320.00  8.90347e-10
      5330.00  8.95791e-10
      5340.00  9.00411e-10
      5350.00  9.06325e-10
      5360.00  9.15391e-10
      5370.00  9.29098e-10
      5380.00  9.48620e-10
      5390.00  9.74857e-10
      5400.00  1.00838e-09
      5410.00  1.04919e-09
      5420.00  1.09649e-09
      5430.00  1.14865e-09
      5440.00  1.20336e-09
      5450.00  1.25777e-09
      5460.00  1.30900e-09
      5470.00  1.35458e-09
      5480.00  1.39286e-09
      5490.00  1.42303e-09
      5500.00  1.44481e-09
      5510.00  1.45811e-09
      5520.00  1.46285e-09
      5530.00  1.45910e-09
      5540.00  1.44716e-09
      5550.00  1.42771e-09
      5560.00  1.40168e-09
      5570.00  1.37000e-09
      5580.00  1.33335e-09
      5590.00  1.29218e-09
      5600.00  1.24682e-09
      5610.00  1.19780e-09
      5620.00  1.14601e-09
      5630.00  1.09271e-09
      5640.00  1.03948e-09
      5650.00  9.88070e-10
      5660.00  9.40302e-10
      5670.00  8.97961e-10
      5680.00  8.62640e-10
      5690.00  8.35620e-10
      5700.00  8.17804e-10
      5710.00  8.09700e-10
      5720.00  8.11369e-10
      5730.00  8.22327e-10
      5740.00  8.41444e-10
      5750.00  8.66935e-10
      5760.00  8.96502e-10
      5770.00  9.27619e-10
      5780.00  9.57842e-10
      5790.00  9.85036e-10
      5800.00  1.00749e-09
      5810.00  1.02396e-09
      5820.00  1.03381e-09
      5830.00  1.03696e-09
      5840.00  1.03394e-09
      5850.00  1.02554e-09
      5860.00  1.01255e-09
      5870.00  9.95579e-10
      5880.00  9.75078e-10
      5890.00  9.51471e-10
      5900.00  9.25128e-10
      5910.00  8.96306e-10
      5920.00  8.65179e-10
      5930.00  8.32031e-10
      5940.00  7.97488e-10
      5950.00  7.62603e-10
      5960.00  7.28726e-10
      5970.00  6.97249e-10
      5980.00  6.69344e-10
      5990.00  6.45784e-10
      6000.00  6.26854e-10
      6010.00  6.12368e-10
      6020.00  6.01770e-10
      6030.00  5.94285e-10
      6040.00  5.89069e-10
      6050.00  5.85320e-10
      6060.00  5.82347e-10
      6070.00  5.79629e-10
      6080.00  5.76864e-10
      6090.00  5.73996e-10
      6100.00  5.71184e-10
      6110.00  5.68728e-10
      6120.00  5.67016e-10
      6130.00  5.66480e-10
      6140.00  5.67538e-10
      6150.00  5.70485e-10
      6160.00  5.75354e-10
      6170.00  5.81806e-10
      6180.00  5.89117e-10
      6190.00  5.96312e-10
      6200.00  6.02423e-10
      6210.00  6.06781e-10
      6220.00  6.09168e-10
      6230.00  6.09703e-10
      6240.00  6.08663e-10
      6250.00  6.06556e-10
      6260.00  6.04341e-10
      6270.00  6.03429e-10
      6280.00  6.05334e-10
      6290.00  6.11277e-10
      6300.00  6.21969e-10
      6310.00  6.37596e-10
      6320.00  6.57934e-10
      6330.00  6.82535e-10
      6340.00  7.10921e-10
      6350.00  7.42699e-10
      6360.00  7.77553e-10
      6370.00  8.15132e-10
      6380.00  8.54920e-10
      6390.00  8.96164e-10
      6400.00  9.37893e-10
      6410.00  9.79008e-10
      6420.00  1.01841e-09
      6430.00  1.05509e-09
      6440.00  1.08824e-09
      6450.00  1.11731e-09
      6460.00  1.14200e-09
      6470.00  1.16220e-09
      6480.00  1.17794e-09
      6490.00  1.18926e-09
      6500.00  1.19616e-09
      6510.00  1.19864e-09
      6520.00  1.19671e-09
      6530.00  1.19044e-09
      6540.00  1.18000e-09
      6550.00  1.16556e-09
      6560.00  1.14725e-09
      6570.00  1.12512e-09
      6580.00  1.09914e-09
      6590.00  1.06931e-09
      6600.00  1.03574e-09
      6610.00  9.98757e-10
      6620.00  9.58941e-10
      6630.00  9.17139e-10
      6640.00  8.74396e-10
      6650.00  8.31868e-10
      6660.00  7.90704e-10
      6670.00  7.51940e-10
      6680.00  7.16401e-10
      6690.00  6.84650e-10
      6700.00  6.56972e-10
      6710.00  6.33396e-10
      6720.00  6.13733e-10
      6730.00  5.97612e-10
      6740.00  5.84517e-10
      6750.00  5.73836e-10
      6760.00  5.64934e-10
      6770.00  5.57246e-10
      6780.00  5.50371e-10
      6790.00  5.44100e-10
      6800.00  5.38391e-10
      6810.00  5.33281e-10
      6820.00  5.28821e-10
      6830.00  5.25030e-10
      6840.00  5.21860e-10
      6850.00  5.19170e-10
      6860.00  5.16763e-10
      6870.00  5.14438e-10
      6880.00  5.12054e-10
      6890.00  5.09545e-10
      6900.00  5.06902e-10
      6910.00  5.04144e-10
      6920.00  5.01275e-10
      6930.00  4.98262e-10
      6940.00  4.95018e-10
      6950.00  4.91413e-10
      6960.00  4.87305e-10
      6970.00  4.82588e-10
      6980.00  4.77228e-10
      6990.00  4.71295e-10
      7000.00  4.64959e-10
      7010.00  4.58478e-10
      7020.00  4.52162e-10
      7030.00  4.46332e-10
      7040.00  4.41280e-10
      7050.00  4.37244e-10
      7060.00  4.34402e-10
      7070.00  4.32881e-10
      7080.00  4.32782e-10
      7090.00  4.34192e-10
      7100.00  4.37202e-10
      7110.00  4.41885e-10
      7120.00  4.48256e-10
      7130.00  4.56212e-10
      7140.00  4.65491e-10
      7150.00  4.75675e-10
      7160.00  4.86242e-10
      7170.00  4.96649e-10
      7180.00  5.06404e-10
      7190.00  5.15102e-10
      7200.00  5.22453e-10
      7210.00  5.28288e-10
      7220.00  5.32582e-10
      7230.00  5.35459e-10
      7240.00  5.37194e-10
      7250.00  5.38167e-10
      7260.00  5.38830e-10
      7270.00  5.39666e-10
      7280.00  5.41157e-10
      7290.00  5.43745e-10
      7300.00  5.47778e-10
      7310.00  5.53448e-10
      7320.00  5.60778e-10
      7330.00  5.69646e-10
      7340.00  5.79821e-10
      7350.00  5.90995e-10
      7360.00  6.02785e-10
      7370.00  6.14719e-10
      7380.00  6.26227e-10
      7390.00  6.36641e-10
      7400.00  6.45227e-10
      7410.00  6.51258e-10
      7420.00  6.54110e-10
      7430.00  6.53392e-10
      7440.00  6.49048e-10
      7450.00  6.41393e-10
      7460.00  6.31078e-10
      7470.00  6.18998e-10
      7480.00  6.06178e-10
      7490.00  5.93650e-10
      7500.00  5.82322e-10
      7510.00  5.72869e-10
      7520.00  5.65715e-10
      7530.00  5.61152e-10
      7540.00  5.59483e-10
      7550.00  5.61074e-10
      7560.00  5.66219e-10
      7570.00  5.74948e-10
      7580.00  5.86926e-10
      7590.00  6.01492e-10
      7600.00  6.17817e-10
      7610.00  6.35068e-10
      7620.00  6.52515e-10
      7630.00  6.69579e-10
      7640.00  6.85819e-10
      7650.00  7.00908e-10
      7660.00  7.14586e-10
      7670.00  7.26625e-10
      7680.00  7.36803e-10
      7690.00  7.44902e-10
      7700.00  7.50727e-10
      7710.00  7.54150e-10
      7720.00  7.55140e-10
      7730.00  7.53766e-10
      7740.00  7.50179e-10
      7750.00  7.44557e-10
      7760.00  7.37067e-10
      7770.00  7.27847e-10
      7780.00  7.17008e-10
      7790.00  7.04650e-10
      7800.00  6.90891e-10
      7810.00  6.75875e-10
      7820.00  6.59785e-10
      7830.00  6.42830e-10
      7840.00  6.25232e-10
      7850.00  6.07210e-10
      7860.00  5.88964e-10
      7870.00  5.70676e-10
      7880.00  5.52511e-10
      7890.00  5.34624e-10
      7900.00  5.17170e-10
      7910.00  5.00306e-10
      7920.00  4.84204e-10
      7930.00  4.69019e-10
      7940.00  4.54908e-10
      7950.00  4.41995e-10
      7960.00  4.30357e-10
      7970.00  4.20001e-10
      7980.00  4.10865e-10
      7990.00  4.02820e-10
      8000.00  3.95682e-10
      8010.00  3.89224e-10
      8020.00  3.83186e-10
      8030.00  3.77281e-10
      8040.00  3.71207e-10
      8050.00  3.64651e-10
      8060.00  3.57282e-10
      8070.00  3.48754e-10
      8080.00  3.38713e-10
      8090.00  3.26841e-10
      8100.00  3.12916e-10
      8110.00  2.96885e-10
      8120.00  2.78924e-10
      8130.00  2.59453e-10
      8140.00  2.39105e-10
      8150.00  2.18655e-10
      8160.00  1.98921e-10
      8170.00  1.80666e-10
      8180.00  1.64521e-10
      8190.00  1.50921e-10
      8200.00  1.40086e-10
      8210.00  1.32023e-10
      8220.00  1.26557e-10
      8230.00  1.23390e-10
      8240.00  1.22159e-10
      8250.00  1.22501e-10
      8260.00  1.24101e-10
      8270.00  1.26721e-10
      8280.00  1.30211e-10
      8290.00  1.34503e-10
      8300.00  1.39584e-10
      8310.00  1.45472e-10
      8320.00  1.52202e-10
      8330.00  1.59822e-10
      8340.00  1.68414e-10
      8350.00  1.78122e-10
      8360.00  1.89168e-10
      8370.00  2.01833e-10
      8380.00  2.16410e-10
      8390.00  2.33122e-10
      8400.00  2.52048e-10
      8410.00  2.73083e-10
      8420.00  2.95950e-10
      8430.00  3.20274e-10
      8440.00  3.45652e-10
      8450.00  3.71713e-10
      8460.00  3.98126e-10
      8470.00  4.24562e-10
      8480.00  4.50646e-10
      8490.00  4.75920e-10
      8500.00  4.99866e-10
      8510.00  5.21980e-10
      8520.00  5.41868e-10
      8530.00  5.59337e-10
      8540.00  5.74431e-10
      8550.00  5.87424e-10
      8560.00  5.98749e-10
      8570.00  6.08911e-10
      8580.00  6.18400e-10
      8590.00  6.27622e-10
      8600.00  6.36875e-10
      8610.00  6.46339e-10
      8620.00  6.56092e-10
      8630.00  6.66114e-10
      8640.00  6.76301e-10
      8650.00  6.86475e-10
      8660.00  6.96411e-10
      8670.00  7.05868e-10
      8680.00  7.14630e-10
      8690.00  7.22541e-10
      8700.00  7.29514e-10
      8710.00  7.35532e-10
      8720.00  7.40605e-10
      8730.00  7.44719e-10
      8740.00  7.47816e-10
      8750.00  7.49802e-10
      8760.00  7.50574e-10
      8770.00  7.50045e-10
      8780.00  7.48156e-10
      8790.00  7.44871e-10
      8800.00  7.40162e-10
      8810.00  7.34001e-10
      8820.00  7.26371e-10
      8830.00  7.17282e-10
      8840.00  7.06780e-10
      8850.00  6.94957e-10
      8860.00  6.81944e-10
      8870.00  6.67905e-10
      8880.00  6.53031e-10
      8890.00  6.37540e-10
      8900.00  6.21669e-10
      8910.00  6.05669e-10
      8920.00  5.90908e-10
      8930.00  5.76805e-10
      8940.00  5.63205e-10
      8950.00  5.50194e-10
      8960.00  5.37790e-10
      8970.00  5.25956e-10
      8980.00  5.14649e-10
      8990.00  5.03880e-10
      9000.00  4.93743e-10
      9010.00  4.84412e-10
      9020.00  4.76065e-10
      9030.00  4.68807e-10
      9040.00  4.62621e-10
      9050.00  4.57387e-10
      9060.00  4.52937e-10
      9070.00  4.49117e-10
      9080.00  4.45812e-10
      9090.00  4.42942e-10
      9100.00  4.40434e-10
      9110.00  4.38195e-10
      9120.00  4.36100e-10
      9130.00  4.33991e-10
      9140.00  4.31701e-10
      9150.00  4.29071e-10
      9160.00  4.25974e-10
      9170.00  4.22316e-10
      9180.00  4.18033e-10
      9190.00  4.13100e-10
      9200.00  4.07547e-10
      9210.00  4.01506e-10
      9220.00  3.95253e-10
      9230.00  3.89233e-10
      9240.00  3.84041e-10
      9250.00  3.80340e-10
      9260.00  3.78711e-10
      9270.00  3.79459e-10
      9280.00  3.82454e-10
      9290.00  3.87118e-10
      9300.00  3.92592e-10
      9310.00  3.98024e-10
      9320.00  4.02823e-10
      9330.00  4.06766e-10
      9340.00  4.09927e-10
      9350.00  4.12532e-10
      9360.00  4.14818e-10
      9370.00  4.16953e-10
      9380.00  4.19033e-10
      9390.00  4.21089e-10
      9400.00  4.23116e-10
      9410.00  4.25091e-10
      9420.00  4.26978e-10
      9430.00  4.28738e-10
      9440.00  4.30329e-10
      9450.00  4.31707e-10
      9460.00  4.32833e-10
      9470.00  4.33666e-10
      9480.00  4.34173e-10
      9490.00  4.34329e-10
      9500.00  4.34113e-10
      9510.00  4.33517e-10
      9520.00  4.32542e-10
      9530.00  4.31200e-10
      9540.00  4.29516e-10
      9550.00  4.27523e-10
      9560.00  4.25266e-10
      9570.00  4.22802e-10
      9580.00  4.20191e-10
      9590.00  4.17504e-10
      9600.00  4.14817e-10
      9610.00  4.12207e-10
      9620.00  4.09755e-10
      9630.00  4.07542e-10
      9640.00  4.05644e-10
      9650.00  4.04137e-10
      9660.00  4.03087e-10
      9670.00  4.02557e-10
      9680.00  4.02600e-10
      9690.00  4.03256e-10
      9700.00  4.04559e-10
      9710.00  4.06528e-10
      9720.00  4.09169e-10
      9730.00  4.12478e-10
      9740.00  4.16435e-10
      9750.00  4.21012e-10
      9760.00  4.26163e-10
      9770.00  4.31837e-10
      9780.00  4.37968e-10
      9790.00  4.44483e-10
      9800.00  4.51300e-10
      9810.00  4.58333e-10
      9820.00  4.65490e-10
      9830.00  4.72673e-10
      9840.00  4.79787e-10
      9850.00  4.86735e-10
      9860.00  4.93419e-10
      9870.00  4.99748e-10
      9880.00  5.05632e-10
      9890.00  5.10989e-10
      9900.00  5.15741e-10
      9910.00  5.19820e-10
      9920.00  5.23164e-10
      9930.00  5.25724e-10
      9940.00  5.27457e-10
      9950.00  5.28333e-10
      9960.00  5.28332e-10
      9970.00  5.27444e-10
      9980.00  5.25670e-10
      9990.00  5.23024e-10
      10000.0  5.19527e-10
      10010.0  5.15213e-10
      10020.0  5.10123e-10
      10030.0  5.04308e-10
      10040.0  4.97828e-10
      10050.0  4.90749e-10
      10060.0  4.83146e-10
      10070.0  4.75095e-10
      10080.0  4.66682e-10
      10090.0  4.57992e-10
      10100.0  4.49114e-10
      10110.0  4.40138e-10
      10120.0  4.31153e-10
      10130.0  4.22247e-10
      10140.0  4.13502e-10
      10150.0  4.04998e-10
      10160.0  3.96809e-10
      10170.0  3.88999e-10
      10180.0  3.81625e-10
      10190.0  3.74737e-10
      10200.0  3.68371e-10
      10210.0  3.62556e-10
      10220.0  3.57309e-10
      10230.0  3.52640e-10
      10240.0  3.48547e-10
      10250.0  3.45023e-10
      10260.0  3.42051e-10
      10270.0  3.39610e-10
      10280.0  3.37676e-10
      10290.0  3.36221e-10
      10300.0  3.35216e-10
      10310.0  3.34630e-10
      10320.0  3.34435e-10
      10330.0  3.34603e-10
      10340.0  3.35107e-10
      10350.0  3.35922e-10
      10360.0  3.37021e-10
      10370.0  3.38381e-10
      10380.0  3.39975e-10
      10390.0  3.41774e-10
      10400.0  3.43748e-10
      10410.0  3.45862e-10
      10420.0  3.48075e-10
      10430.0  3.50342e-10
      10440.0  3.52615e-10
      10450.0  3.54839e-10
      10460.0  3.56956e-10
      10470.0  3.58907e-10
      10480.0  3.60633e-10
      10490.0  3.62075e-10
      10500.0  3.63179e-10
      10510.0  3.63899e-10
      10520.0  3.64196e-10
      10530.0  3.64040e-10
      10540.0  3.63413e-10
      10550.0  3.62310e-10
      10560.0  3.60737e-10
      10570.0  3.58712e-10
      10580.0  3.56262e-10
      10590.0  3.53427e-10
      10600.0  3.50251e-10
      10610.0  3.46784e-10
      10620.0  3.43079e-10
      10630.0  3.39193e-10
      10640.0  3.35178e-10
      10650.0  3.31086e-10
      10660.0  3.26964e-10
      10670.0  3.22855e-10
      10680.0  3.18795e-10
      10690.0  3.14815e-10
      10700.0  3.10936e-10
      10710.0  3.07178e-10
      10720.0  3.03549e-10
      10730.0  3.00055e-10
      10740.0  2.96697e-10
      10750.0  2.93467e-10
      10760.0  2.90360e-10
      10770.0  2.87361e-10
      10780.0  2.84459e-10
      10790.0  2.81636e-10
      10800.0  2.78876e-10
      10810.0  2.76163e-10
      10820.0  2.73479e-10
      10830.0  2.70809e-10
      10840.0  2.68137e-10
      10850.0  2.65449e-10
      10860.0  2.62734e-10
      10870.0  2.59982e-10
      10880.0  2.57184e-10
      10890.0  2.54335e-10
      10900.0  2.51430e-10
      10910.0  2.48466e-10
      10920.0  2.45444e-10
      10930.0  2.42364e-10
      10940.0  2.39229e-10
      10950.0  2.36043e-10
      10960.0  2.32811e-10
      10970.0  2.29538e-10
      10980.0  2.26230e-10
      10990.0  2.22895e-10
      11000.0  2.19538e-10
      11010.0  2.16166e-10
      11020.0  2.12787e-10
      11030.0  2.09407e-10
      11040.0  2.06031e-10
      11050.0  2.02667e-10
      11060.0  1.99320e-10
      11070.0  1.95996e-10
      11080.0  1.92700e-10
      11090.0  1.89438e-10
      11100.0  1.86215e-10
      11110.0  1.83036e-10
      11120.0  1.79908e-10
      11130.0  1.76835e-10
      11140.0  1.73824e-10
      11150.0  1.70881e-10
      11160.0  1.68012e-10
      11170.0  1.65223e-10
      11180.0  1.62521e-10
      11190.0  1.59912e-10
      11200.0  1.57402e-10
      11210.0  1.54997e-10
      11220.0  1.52703e-10
      11230.0  1.50525e-10
      11240.0  1.48466e-10
      11250.0  1.46530e-10
      11260.0  1.44719e-10
      11270.0  1.43034e-10
      11280.0  1.41475e-10
      11290.0  1.40040e-10
      11300.0  1.38726e-10
      11310.0  1.37529e-10
      11320.0  1.36442e-10
      11330.0  1.35459e-10
      11340.0  1.34570e-10
      11350.0  1.33766e-10
      11360.0  1.33037e-10
      11370.0  1.32370e-10
      11380.0  1.31754e-10
      11390.0  1.31176e-10
      11400.0  1.30622e-10
      11410.0  1.30080e-10
      11420.0  1.29537e-10
      11430.0  1.28981e-10
      11440.0  1.28400e-10
      11450.0  1.27782e-10
      11460.0  1.27118e-10
      11470.0  1.26399e-10
      11480.0  1.25617e-10
      11490.0  1.24765e-10
      11500.0  1.23839e-10
      11510.0  1.22833e-10
      11520.0  1.21747e-10
      11530.0  1.20578e-10
      11540.0  1.19327e-10
      11550.0  1.17995e-10
      11560.0  1.16586e-10
      11570.0  1.15104e-10
      11580.0  1.13552e-10
      11590.0  1.11938e-10
      11600.0  1.10269e-10
      11610.0  1.08551e-10
      11620.0  1.06794e-10
      11630.0  1.05006e-10
      11640.0  1.03197e-10
      11650.0  1.01375e-10
      11660.0  9.95497e-11
      11670.0  9.77316e-11
      11680.0  9.59293e-11
      11690.0  9.41520e-11
      11700.0  9.24080e-11
      11710.0  9.07053e-11
      11720.0  8.90510e-11
      11730.0  8.74517e-11
      11740.0  8.59129e-11
      11750.0  8.44391e-11
      11760.0  8.30340e-11
      11770.0  8.17001e-11
      11780.0  8.04390e-11
      11790.0  7.92511e-11
      11800.0  7.81360e-11
      11810.0  7.70920e-11
      11820.0  7.61168e-11
      11830.0  7.52070e-11
      11840.0  7.43587e-11
      11850.0  7.35670e-11
      11860.0  7.28267e-11
      11870.0  7.21321e-11
      11880.0  7.14771e-11
      11890.0  7.08555e-11
      11900.0  7.02607e-11
      11910.0  6.96865e-11
      11920.0  6.91266e-11
      11930.0  6.85748e-11
      11940.0  6.80255e-11
      11950.0  6.74732e-11
      11960.0  6.69132e-11
      11970.0  6.63411e-11
      11980.0  6.57532e-11
      11990.0  6.51464e-11
      12000.0  6.45185e-11
      12010.0  6.38677e-11
      12020.0  6.31933e-11
      12030.0  6.24950e-11
      12040.0  6.17734e-11
      12050.0  6.10299e-11
      12060.0  6.02664e-11
      12070.0  5.94855e-11
      12080.0  5.86905e-11
      12090.0  5.78850e-11
      12100.0  5.70734e-11
      12110.0  5.62602e-11
      12120.0  5.54505e-11
      12130.0  5.46495e-11
      12140.0  5.38626e-11
      12150.0  5.30956e-11
      12160.0  5.23541e-11
      12170.0  5.16436e-11
      12180.0  5.09698e-11
      12190.0  5.03382e-11
      12200.0  4.97538e-11
      12210.0  4.92215e-11
      12220.0  4.87460e-11
      12230.0  4.83312e-11
      12240.0  4.79809e-11
      12250.0  4.76980e-11
      12260.0  4.74850e-11
      12270.0  4.73436e-11
      12280.0  4.72751e-11
      12290.0  4.72797e-11
      12300.0  4.73570e-11
      12310.0  4.75059e-11
      12320.0  4.77244e-11
      12330.0  4.80101e-11
      12340.0  4.83594e-11
      12350.0  4.87683e-11
      12360.0  4.92324e-11
      12370.0  4.97466e-11
      12380.0  5.03052e-11
      12390.0  5.09024e-11
      12400.0  5.15323e-11
      12410.0  5.21886e-11
      12420.0  5.28651e-11
      12430.0  5.35557e-11
      12440.0  5.42544e-11
      12450.0  5.49555e-11
      12460.0  5.56538e-11
      12470.0  5.63440e-11
      12480.0  5.70218e-11
      12490.0  5.76829e-11
      12500.0  5.83236e-11
      12510.0  5.89408e-11
      12520.0  5.95317e-11
      12530.0  6.00940e-11
      12540.0  6.06258e-11
      12550.0  6.11254e-11
      12560.0  6.15918e-11
      12570.0  6.20241e-11
      12580.0  6.24217e-11
      12590.0  6.27842e-11
      12600.0  6.31116e-11
      12610.0  6.34039e-11
      12620.0  6.36615e-11
      12630.0  6.38848e-11
      12640.0  6.40743e-11
      12650.0  6.42309e-11
      12660.0  6.43554e-11
      12670.0  6.44488e-11
      12680.0  6.45123e-11
      12690.0  6.45470e-11
      12700.0  6.45542e-11
      12710.0  6.45354e-11
      12720.0  6.44920e-11
      12730.0  6.44253e-11
      12740.0  6.43369e-11
      12750.0  6.42283e-11
      12760.0  6.41008e-11
      12770.0  6.39557e-11
      12780.0  6.37944e-11
      12790.0  6.36178e-11
      12800.0  6.34269e-11
      12810.0  6.32226e-11
      12820.0  6.30053e-11
      12830.0  6.27756e-11
      12840.0  6.25334e-11
      12850.0  6.22789e-11
      12860.0  6.20117e-11
      12870.0  6.17316e-11
      12880.0  6.14378e-11
      12890.0  6.11297e-11
      12900.0  6.08065e-11
      12910.0  6.04675e-11
      12920.0  6.01116e-11
      12930.0  5.97382e-11
      12940.0  5.93466e-11
      12950.0  5.89361e-11
      12960.0  5.85064e-11
      12970.0  5.80573e-11
      12980.0  5.75889e-11
      12990.0  5.71017e-11
      13000.0  5.65963e-11
      13010.0  5.60737e-11
      13020.0  5.55353e-11
      13030.0  5.49827e-11
      13040.0  5.44178e-11
      13050.0  5.38429e-11
      13060.0  5.32605e-11
      13070.0  5.26731e-11
      13080.0  5.20837e-11
      13090.0  5.14950e-11
      13100.0  5.09101e-11
      13110.0  5.03320e-11
      13120.0  4.97636e-11
      13130.0  4.92076e-11
      13140.0  4.86668e-11
      13150.0  4.81437e-11
      13160.0  4.76406e-11
      13170.0  4.71595e-11
      13180.0  4.67022e-11
      13190.0  4.62701e-11
      13200.0  4.58646e-11
      13210.0  4.54864e-11
      13220.0  4.51362e-11
      13230.0  4.48144e-11
      13240.0  4.45208e-11
      13250.0  4.42554e-11
      13260.0  4.40177e-11
      13270.0  4.38068e-11
      13280.0  4.36220e-11
      13290.0  4.34620e-11
      13300.0  4.33255e-11
      13310.0  4.32110e-11
      13320.0  4.31170e-11
      13330.0  4.30416e-11
      13340.0  4.29829e-11
      13350.0  4.29391e-11
      13360.0  4.29081e-11
      13370.0  4.28878e-11
      13380.0  4.28763e-11
      13390.0  4.28715e-11
      13400.0  4.28714e-11
      13410.0  4.28741e-11
      13420.0  4.28778e-11
      13430.0  4.28809e-11
      13440.0  4.28819e-11
      13450.0  4.28794e-11
      13460.0  4.28724e-11
      13470.0  4.28599e-11
      13480.0  4.28412e-11
      13490.0  4.28160e-11
      13500.0  4.27839e-11
      13510.0  4.27451e-11
      13520.0  4.26996e-11
      13530.0  4.26478e-11
      13540.0  4.25903e-11
      13550.0  4.25277e-11
      13560.0  4.24608e-11
      13570.0  4.23904e-11
      13580.0  4.23173e-11
      13590.0  4.22424e-11
      13600.0  4.21666e-11
      13610.0  4.20907e-11
      13620.0  4.20155e-11
      13630.0  4.19416e-11
      13640.0  4.18697e-11
      13650.0  4.18003e-11
      13660.0  4.17338e-11
      13670.0  4.16705e-11
      13680.0  4.16107e-11
      13690.0  4.15545e-11
      13700.0  4.15019e-11
      13710.0  4.14528e-11
      13720.0  4.14072e-11
      13730.0  4.13647e-11
      13740.0  4.13251e-11
      13750.0  4.12880e-11
      13760.0  4.12529e-11
      13770.0  4.12192e-11
      13780.0  4.11863e-11
      13790.0  4.11534e-11
      13800.0  4.11200e-11
      13810.0  4.10850e-11
      13820.0  4.10477e-11
      13830.0  4.10072e-11
      13840.0  4.09624e-11
      13850.0  4.09126e-11
      13860.0  4.08568e-11
      13870.0  4.07941e-11
      13880.0  4.07238e-11
      13890.0  4.06451e-11
      13900.0  4.05576e-11
      13910.0  4.04607e-11
      13920.0  4.03541e-11
      13930.0  4.02378e-11
      13940.0  4.01117e-11
      13950.0  3.99762e-11
      13960.0  3.98317e-11
      13970.0  3.96787e-11
      13980.0  3.95180e-11
      13990.0  3.93505e-11
      14000.0  3.91772e-11
      14010.0  3.89991e-11
      14020.0  3.88175e-11
      14030.0  3.86334e-11
      14040.0  3.84480e-11
      14050.0  3.82624e-11
      14060.0  3.80776e-11
      14070.0  3.78946e-11
      14080.0  3.77142e-11
      14090.0  3.75370e-11
      14100.0  3.73638e-11
      14110.0  3.71951e-11
      14120.0  3.70311e-11
      14130.0  3.68722e-11
      14140.0  3.67187e-11
      14150.0  3.65707e-11
      14160.0  3.64286e-11
      14170.0  3.62925e-11
      14180.0  3.61627e-11
      14190.0  3.60397e-11
      14200.0  3.59237e-11
      14210.0  3.58155e-11
      14220.0  3.57156e-11
      14230.0  3.56250e-11
      14240.0  3.55445e-11
      14250.0  3.54751e-11
      14260.0  3.54179e-11
      14270.0  3.53740e-11
      14280.0  3.53447e-11
      14290.0  3.53310e-11
      14300.0  3.53340e-11
      14310.0  3.53548e-11
      14320.0  3.53941e-11
      14330.0  3.54527e-11
      14340.0  3.55311e-11
      14350.0  3.56296e-11
      14360.0  3.57483e-11
      14370.0  3.58870e-11
      14380.0  3.60452e-11
      14390.0  3.62224e-11
      14400.0  3.64176e-11
      14410.0  3.66297e-11
      14420.0  3.68576e-11
      14430.0  3.70999e-11
      14440.0  3.73549e-11
      14450.0  3.76213e-11
      14460.0  3.78974e-11
      14470.0  3.81816e-11
      14480.0  3.84725e-11
      14490.0  3.87687e-11
      14500.0  3.90690e-11
      14510.0  3.93723e-11
      14520.0  3.96778e-11
      14530.0  3.99847e-11
      14540.0  4.02928e-11
      14550.0  4.06019e-11
      14560.0  4.09120e-11
      14570.0  4.12234e-11
      14580.0  4.15367e-11
      14590.0  4.18525e-11
      14600.0  4.21719e-11
      14610.0  4.24958e-11
      14620.0  4.28252e-11
      14630.0  4.31615e-11
      14640.0  4.35059e-11
      14650.0  4.38595e-11
      14660.0  4.42234e-11
      14670.0  4.45988e-11
      14680.0  4.49865e-11
      14690.0  4.53874e-11
      14700.0  4.58019e-11
      14710.0  4.62304e-11
      14720.0  4.66730e-11
      14730.0  4.71296e-11
      14740.0  4.75997e-11
      14750.0  4.80827e-11
      14760.0  4.85776e-11
      14770.0  4.90832e-11
      14780.0  4.95980e-11
      14790.0  5.01203e-11
      14800.0  5.06482e-11
      14810.0  5.11795e-11
      14820.0  5.17119e-11
      14830.0  5.22430e-11
      14840.0  5.27700e-11
      14850.0  5.32904e-11
      14860.0  5.38015e-11
      14870.0  5.43005e-11
      14880.0  5.47847e-11
      14890.0  5.52516e-11
      14900.0  5.56985e-11
      14910.0  5.61233e-11
      14920.0  5.65236e-11
      14930.0  5.68977e-11
      14940.0  5.72439e-11
      14950.0  5.75608e-11
      14960.0  5.78475e-11
      14970.0  5.81032e-11
      14980.0  5.83277e-11
      14990.0  5.85210e-11
      15000.0  5.86836e-11
      15010.0  5.88162e-11
      15020.0  5.89201e-11
      15030.0  5.89966e-11
      15040.0  5.90475e-11
      15050.0  5.90748e-11
      15060.0  5.90807e-11
      15070.0  5.90675e-11
      15080.0  5.90377e-11
      15090.0  5.89939e-11
      15100.0  5.89385e-11
      15110.0  5.88741e-11
      15120.0  5.88031e-11
      15130.0  5.87277e-11
      15140.0  5.86501e-11
      15150.0  5.85722e-11
      15160.0  5.84958e-11
      15170.0  5.84224e-11
      15180.0  5.83532e-11
      15190.0  5.82894e-11
      15200.0  5.82318e-11
      15210.0  5.81811e-11
      15220.0  5.81378e-11
      15230.0  5.81023e-11
      15240.0  5.80750e-11
      15250.0  5.80559e-11
      15260.0  5.80452e-11
      15270.0  5.80432e-11
      15280.0  5.80498e-11
      15290.0  5.80654e-11
      15300.0  5.80902e-11
      15310.0  5.81244e-11
      15320.0  5.81685e-11
      15330.0  5.82229e-11
      15340.0  5.82882e-11
      15350.0  5.83649e-11
      15360.0  5.84536e-11
      15370.0  5.85550e-11
      15380.0  5.86697e-11
      15390.0  5.87983e-11
      15400.0  5.89414e-11
      15410.0  5.90992e-11
      15420.0  5.92723e-11
      15430.0  5.94607e-11
      15440.0  5.96645e-11
      15450.0  5.98835e-11
      15460.0  6.01175e-11
      15470.0  6.03659e-11
      15480.0  6.06281e-11
      15490.0  6.09031e-11
      15500.0  6.11900e-11
      15510.0  6.14877e-11
      15520.0  6.17948e-11
      15530.0  6.21100e-11
      15540.0  6.24318e-11
      15550.0  6.27587e-11
      15560.0  6.30893e-11
      15570.0  6.34221e-11
      15580.0  6.37555e-11
      15590.0  6.40882e-11
      15600.0  6.44189e-11
      15610.0  6.47463e-11
      15620.0  6.50694e-11
      15630.0  6.53870e-11
      15640.0  6.56984e-11
      15650.0  6.60026e-11
      15660.0  6.62992e-11
      15670.0  6.65874e-11
      15680.0  6.68669e-11
      15690.0  6.71372e-11
      15700.0  6.73981e-11
      15710.0  6.76493e-11
      15720.0  6.78907e-11
      15730.0  6.81220e-11
      15740.0  6.83432e-11
      15750.0  6.85542e-11
      15760.0  6.87550e-11
      15770.0  6.89455e-11
      15780.0  6.91257e-11
      15790.0  6.92956e-11
      15800.0  6.94552e-11
      15810.0  6.96046e-11
      15820.0  6.97439e-11
      15830.0  6.98733e-11
      15840.0  6.99930e-11
      15850.0  7.01032e-11
      15860.0  7.02043e-11
      15870.0  7.02969e-11
      15880.0  7.03812e-11
      15890.0  7.04581e-11
      15900.0  7.05282e-11
      15910.0  7.05923e-11
      15920.0  7.06511e-11
      15930.0  7.07057e-11
      15940.0  7.07569e-11
      15950.0  7.08057e-11
      15960.0  7.08530e-11
      15970.0  7.08999e-11
      15980.0  7.09471e-11
      15990.0  7.09955e-11
      16000.0  7.10458e-11
      16010.0  7.10985e-11
      16020.0  7.11541e-11
      16030.0  7.12126e-11
      16040.0  7.12743e-11
      16050.0  7.13387e-11
      16060.0  7.14056e-11
      16070.0  7.14742e-11
      16080.0  7.15437e-11
      16090.0  7.16128e-11
      16100.0  7.16804e-11
      16110.0  7.17449e-11
      16120.0  7.18045e-11
      16130.0  7.18575e-11
      16140.0  7.19019e-11
      16150.0  7.19357e-11
      16160.0  7.19569e-11
      16170.0  7.19635e-11
      16180.0  7.19534e-11
      16190.0  7.19249e-11
      16200.0  7.18760e-11
      16210.0  7.18051e-11
      16220.0  7.17109e-11
      16230.0  7.15920e-11
      16240.0  7.14475e-11
      16250.0  7.12764e-11
      16260.0  7.10783e-11
      16270.0  7.08529e-11
      16280.0  7.05999e-11
      16290.0  7.03197e-11
      16300.0  7.00125e-11
      16310.0  6.96789e-11
      16320.0  6.93197e-11
      16330.0  6.89358e-11
      16340.0  6.85283e-11
      16350.0  6.80984e-11
      16360.0  6.76474e-11
      16370.0  6.71766e-11
      16380.0  6.66875e-11
      16390.0  6.61816e-11
      16400.0  6.56604e-11
      16410.0  6.51255e-11
      16420.0  6.45782e-11
      16430.0  6.40202e-11
      16440.0  6.34529e-11
      16450.0  6.28777e-11
      16460.0  6.22960e-11
      16470.0  6.17092e-11
      16480.0  6.11186e-11
      16490.0  6.05254e-11
      16500.0  5.99309e-11
      16510.0  5.93361e-11
      16520.0  5.87423e-11
      16530.0  5.81504e-11
      16540.0  5.75616e-11
      16550.0  5.69768e-11
      16560.0  5.63970e-11
      16570.0  5.58231e-11
      16580.0  5.52562e-11
      16590.0  5.46970e-11
      16600.0  5.41466e-11
      16610.0  5.36058e-11
      16620.0  5.30756e-11
      16630.0  5.25570e-11
      16640.0  5.20508e-11
      16650.0  5.15580e-11
      16660.0  5.10796e-11
      16670.0  5.06166e-11
      16680.0  5.01699e-11
      16690.0  4.97404e-11
      16700.0  4.93291e-11
      16710.0  4.89370e-11
      16720.0  4.85648e-11
      16730.0  4.82134e-11
      16740.0  4.78836e-11
      16750.0  4.75759e-11
      16760.0  4.72910e-11
      16770.0  4.70293e-11
      16780.0  4.67912e-11
      16790.0  4.65768e-11
      16800.0  4.63863e-11
      16810.0  4.62196e-11
      16820.0  4.60764e-11
      16830.0  4.59565e-11
      16840.0  4.58592e-11
      16850.0  4.57840e-11
      16860.0  4.57302e-11
      16870.0  4.56967e-11
      16880.0  4.56828e-11
      16890.0  4.56873e-11
      16900.0  4.57090e-11
      16910.0  4.57470e-11
      16920.0  4.57999e-11
      16930.0  4.58666e-11
      16940.0  4.59459e-11
      16950.0  4.60367e-11
      16960.0  4.61381e-11
      16970.0  4.62489e-11
      16980.0  4.63683e-11
      16990.0  4.64956e-11
      17000.0  4.66300e-11
      17010.0  4.67712e-11
      17020.0  4.69186e-11
      17030.0  4.70721e-11
      17040.0  4.72316e-11
      17050.0  4.73971e-11
      17060.0  4.75687e-11
      17070.0  4.77468e-11
      17080.0  4.79317e-11
      17090.0  4.81241e-11
      17100.0  4.83244e-11
      17110.0  4.85334e-11
      17120.0  4.87518e-11
      17130.0  4.89804e-11
      17140.0  4.92201e-11
      17150.0  4.94716e-11
      17160.0  4.97359e-11
      17170.0  5.00138e-11
      17180.0  5.03061e-11
      17190.0  5.06136e-11
      17200.0  5.09369e-11
      17210.0  5.12767e-11
      17220.0  5.16336e-11
      17230.0  5.20082e-11
      17240.0  5.24007e-11
      17250.0  5.28114e-11
      17260.0  5.32407e-11
      17270.0  5.36885e-11
      17280.0  5.41548e-11
      17290.0  5.46394e-11
      17300.0  5.51421e-11
      17310.0  5.56625e-11
      17320.0  5.62001e-11
      17330.0  5.67542e-11
      17340.0  5.73240e-11
      17350.0  5.79087e-11
      17360.0  5.85073e-11
      17370.0  5.91187e-11
      17380.0  5.97417e-11
      17390.0  6.03750e-11
      17400.0  6.10172e-11
      17410.0  6.16669e-11
      17420.0  6.23223e-11
      17430.0  6.29821e-11
      17440.0  6.36443e-11
      17450.0  6.43073e-11
      17460.0  6.49693e-11
      17470.0  6.56285e-11
      17480.0  6.62829e-11
      17490.0  6.69307e-11
      17500.0  6.75700e-11
      17510.0  6.81989e-11
      17520.0  6.88154e-11
      17530.0  6.94177e-11
      17540.0  7.00037e-11
      17550.0  7.05717e-11
      17560.0  7.11198e-11
      17570.0  7.16460e-11
      17580.0  7.21485e-11
      17590.0  7.26254e-11
      17600.0  7.30749e-11
      17610.0  7.34952e-11
      17620.0  7.38843e-11
      17630.0  7.42404e-11
      17640.0  7.45616e-11
      17650.0  7.48460e-11
      17660.0  7.50916e-11
      17670.0  7.52965e-11
      17680.0  7.54586e-11
      17690.0  7.55758e-11
      17700.0  7.56462e-11
      17710.0  7.56675e-11
      17720.0  7.56377e-11
      17730.0  7.55548e-11
      17740.0  7.54167e-11
      17750.0  7.52216e-11
      17760.0  7.49676e-11
      17770.0  7.46533e-11
      17780.0  7.42773e-11
      17790.0  7.38385e-11
      17800.0  7.33365e-11
      17810.0  7.27709e-11
      17820.0  7.21420e-11
      17830.0  7.14506e-11
      17840.0  7.06981e-11
      17850.0  6.98864e-11
      17860.0  6.90182e-11
      17870.0  6.80967e-11
      17880.0  6.71256e-11
      17890.0  6.61095e-11
      17900.0  6.50532e-11
      17910.0  6.39620e-11
      17920.0  6.28418e-11
      17930.0  6.16987e-11
      17940.0  6.05388e-11
      17950.0  5.93685e-11
      17960.0  5.81941e-11
      17970.0  5.70216e-11
      17980.0  5.58570e-11
      17990.0  5.47057e-11
      18000.0  5.35728e-11
      18010.0  5.24630e-11
      18020.0  5.13801e-11
      18030.0  5.03275e-11
      18040.0  4.93081e-11
      18050.0  4.83239e-11
      18060.0  4.73764e-11
      18070.0  4.64665e-11
      18080.0  4.55945e-11
      18090.0  4.47604e-11
      18100.0  4.39636e-11
      18110.0  4.32030e-11
      18120.0  4.24775e-11
      18130.0  4.17855e-11
      18140.0  4.11255e-11
      18150.0  4.04957e-11
      18160.0  3.98944e-11
      18170.0  3.93197e-11
      18180.0  3.87700e-11
      18190.0  3.82436e-11
      18200.0  3.77391e-11
      18210.0  3.72550e-11
      18220.0  3.67902e-11
      18230.0  3.63437e-11
      18240.0  3.59144e-11
      18250.0  3.55017e-11
      18260.0  3.51049e-11
      18270.0  3.47235e-11
      18280.0  3.43570e-11
      18290.0  3.40052e-11
      18300.0  3.36678e-11
      18310.0  3.33445e-11
      18320.0  3.30351e-11
      18330.0  3.27394e-11
      18340.0  3.24572e-11
      18350.0  3.21883e-11
      18360.0  3.19324e-11
      18370.0  3.16892e-11
      18380.0  3.14584e-11
      18390.0  3.12396e-11
      18400.0  3.10323e-11
      18410.0  3.08361e-11
      18420.0  3.06506e-11
      18430.0  3.04751e-11
      18440.0  3.03091e-11
      18450.0  3.01521e-11
      18460.0  3.00035e-11
      18470.0  2.98628e-11
      18480.0  2.97294e-11
      18490.0  2.96027e-11
      18500.0  2.94824e-11
      18510.0  2.93679e-11
      18520.0  2.92587e-11
      18530.0  2.91546e-11
      18540.0  2.90552e-11
      18550.0  2.89601e-11
      18560.0  2.88691e-11
      18570.0  2.87821e-11
      18580.0  2.86987e-11
      18590.0  2.86189e-11
      18600.0  2.85426e-11
      18610.0  2.84695e-11
      18620.0  2.83997e-11
      18630.0  2.83331e-11
      18640.0  2.82695e-11
      18650.0  2.82088e-11
      18660.0  2.81510e-11
      18670.0  2.80959e-11
      18680.0  2.80434e-11
      18690.0  2.79932e-11
      18700.0  2.79452e-11
      18710.0  2.78992e-11
      18720.0  2.78547e-11
      18730.0  2.78116e-11
      18740.0  2.77695e-11
      18750.0  2.77280e-11
      18760.0  2.76868e-11
      18770.0  2.76454e-11
      18780.0  2.76034e-11
      18790.0  2.75605e-11
      18800.0  2.75162e-11
      18810.0  2.74701e-11
      18820.0  2.74219e-11
      18830.0  2.73712e-11
      18840.0  2.73177e-11
      18850.0  2.72612e-11
      18860.0  2.72014e-11
      18870.0  2.71382e-11
      18880.0  2.70715e-11
      18890.0  2.70012e-11
      18900.0  2.69274e-11
      18910.0  2.68501e-11
      18920.0  2.67694e-11
      18930.0  2.66855e-11
      18940.0  2.65986e-11
      18950.0  2.65091e-11
      18960.0  2.64172e-11
      18970.0  2.63233e-11
      18980.0  2.62278e-11
      18990.0  2.61310e-11
      19000.0  2.60335e-11
      19010.0  2.59355e-11
      19020.0  2.58376e-11
      19030.0  2.57402e-11
      19040.0  2.56437e-11
      19050.0  2.55485e-11
      19060.0  2.54549e-11
      19070.0  2.53634e-11
      19080.0  2.52743e-11
      19090.0  2.51879e-11
      19100.0  2.51045e-11
      19110.0  2.50242e-11
      19120.0  2.49473e-11
      19130.0  2.48740e-11
      19140.0  2.48045e-11
      19150.0  2.47387e-11
      19160.0  2.46767e-11
      19170.0  2.46186e-11
      19180.0  2.45644e-11
      19190.0  2.45139e-11
      19200.0  2.44672e-11
      19210.0  2.44241e-11
      19220.0  2.43845e-11
      19230.0  2.43482e-11
      19240.0  2.43150e-11
      19250.0  2.42848e-11
      19260.0  2.42573e-11
      19270.0  2.42323e-11
      19280.0  2.42096e-11
      19290.0  2.41889e-11
      19300.0  2.41701e-11
      19310.0  2.41529e-11
      19320.0  2.41371e-11
      19330.0  2.41225e-11
      19340.0  2.41091e-11
      19350.0  2.40965e-11
      19360.0  2.40848e-11
      19370.0  2.40739e-11
      19380.0  2.40637e-11
      19390.0  2.40542e-11
      19400.0  2.40454e-11
      19410.0  2.40375e-11
      19420.0  2.40304e-11
      19430.0  2.40244e-11
      19440.0  2.40195e-11
      19450.0  2.40160e-11
      19460.0  2.40140e-11
      19470.0  2.40136e-11
      19480.0  2.40151e-11
      19490.0  2.40186e-11
      19500.0  2.40244e-11
      19510.0  2.40324e-11
      19520.0  2.40427e-11
      19530.0  2.40556e-11
      19540.0  2.40709e-11
      19550.0  2.40886e-11
      19560.0  2.41085e-11
      19570.0  2.41306e-11
      19580.0  2.41547e-11
      19590.0  2.41803e-11
      19600.0  2.42071e-11
      19610.0  2.42349e-11
      19620.0  2.42629e-11
      19630.0  2.42908e-11
      19640.0  2.43180e-11
      19650.0  2.43437e-11
      19660.0  2.43674e-11
      19670.0  2.43884e-11
      19680.0  2.44059e-11
      19690.0  2.44193e-11
      19700.0  2.44277e-11
      19710.0  2.44306e-11
      19720.0  2.44272e-11
      19730.0  2.44168e-11
      19740.0  2.43988e-11
      19750.0  2.43726e-11
      19760.0  2.43376e-11
      19770.0  2.42934e-11
      19780.0  2.42396e-11
      19790.0  2.41757e-11
      19800.0  2.41015e-11
      19810.0  2.40169e-11
      19820.0  2.39216e-11
      19830.0  2.38155e-11
      19840.0  2.36989e-11
      19850.0  2.35716e-11
      19860.0  2.34340e-11
      19870.0  2.32862e-11
      19880.0  2.31286e-11
      19890.0  2.29616e-11
      19900.0  2.27856e-11
      19910.0  2.26011e-11
      19920.0  2.24087e-11
      19930.0  2.22090e-11
      19940.0  2.20025e-11
      19950.0  2.17901e-11
      19960.0  2.15723e-11
      19970.0  2.13499e-11
      19980.0  2.11236e-11
      19990.0  2.08942e-11
      20000.0  2.06623e-11
      20010.0  2.04287e-11
      20020.0  2.01942e-11
      20030.0  1.99593e-11
      20040.0  1.97249e-11
      20050.0  1.94915e-11
      20060.0  1.92598e-11
      20070.0  1.90304e-11
      20080.0  1.88039e-11
      20090.0  1.85808e-11
      20100.0  1.83617e-11
      20110.0  1.81471e-11
      20120.0  1.79373e-11
      20130.0  1.77329e-11
      20140.0  1.75341e-11
      20150.0  1.73414e-11
      20160.0  1.71551e-11
      20170.0  1.69755e-11
      20180.0  1.68027e-11
      20190.0  1.66371e-11
      20200.0  1.64788e-11
      20210.0  1.63279e-11
      20220.0  1.61847e-11
      20230.0  1.60493e-11
      20240.0  1.59216e-11
      20250.0  1.58018e-11
      20260.0  1.56899e-11
      20270.0  1.55859e-11
      20280.0  1.54899e-11
      20290.0  1.54019e-11
      20300.0  1.53218e-11
      20310.0  1.52496e-11
      20320.0  1.51853e-11
      20330.0  1.51288e-11
      20340.0  1.50803e-11
      20350.0  1.50396e-11
      20360.0  1.50067e-11
      20370.0  1.49817e-11
      20380.0  1.49645e-11
      20390.0  1.49552e-11
      20400.0  1.49538e-11
      20410.0  1.49604e-11
      20420.0  1.49750e-11
      20430.0  1.49977e-11
      20440.0  1.50285e-11
      20450.0  1.50675e-11
      20460.0  1.51148e-11
      20470.0  1.51705e-11
      20480.0  1.52345e-11
      20490.0  1.53070e-11
      20500.0  1.53880e-11
      20510.0  1.54775e-11
      20520.0  1.55755e-11
      20530.0  1.56818e-11
      20540.0  1.57966e-11
      20550.0  1.59195e-11
      20560.0  1.60504e-11
      20570.0  1.61892e-11
      20580.0  1.63356e-11
      20590.0  1.64893e-11
      20600.0  1.66500e-11
      20610.0  1.68172e-11
      20620.0  1.69906e-11
      20630.0  1.71696e-11
      20640.0  1.73538e-11
      20650.0  1.75427e-11
      20660.0  1.77356e-11
      20670.0  1.79321e-11
      20680.0  1.81314e-11
      20690.0  1.83330e-11
      20700.0  1.85363e-11
      20710.0  1.87406e-11
      20720.0  1.89453e-11
      20730.0  1.91499e-11
      20740.0  1.93538e-11
      20750.0  1.95564e-11
      20760.0  1.97572e-11
      20770.0  1.99558e-11
      20780.0  2.01516e-11
      20790.0  2.03444e-11
      20800.0  2.05337e-11
      20810.0  2.07193e-11
      20820.0  2.09009e-11
      20830.0  2.10783e-11
      20840.0  2.12512e-11
      20850.0  2.14196e-11
      20860.0  2.15833e-11
      20870.0  2.17421e-11
      20880.0  2.18961e-11
      20890.0  2.20450e-11
      20900.0  2.21888e-11
      20910.0  2.23273e-11
      20920.0  2.24604e-11
      20930.0  2.25878e-11
      20940.0  2.27094e-11
      20950.0  2.28249e-11
      20960.0  2.29339e-11
      20970.0  2.30362e-11
      20980.0  2.31312e-11
      20990.0  2.32186e-11
      21000.0  2.32978e-11
      21010.0  2.33685e-11
      21020.0  2.34301e-11
      21030.0  2.34822e-11
      21040.0  2.35243e-11
      21050.0  2.35560e-11
      21060.0  2.35769e-11
      21070.0  2.35867e-11
      21080.0  2.35852e-11
      21090.0  2.35722e-11
      21100.0  2.35475e-11
      21110.0  2.35113e-11
      21120.0  2.34635e-11
      21130.0  2.34043e-11
      21140.0  2.33341e-11
      21150.0  2.32530e-11
      21160.0  2.31615e-11
      21170.0  2.30602e-11
      21180.0  2.29494e-11
      21190.0  2.28299e-11
      21200.0  2.27024e-11
      21210.0  2.25674e-11
      21220.0  2.24257e-11
      21230.0  2.22782e-11
      21240.0  2.21256e-11
      21250.0  2.19687e-11
      21260.0  2.18083e-11
      21270.0  2.16453e-11
      21280.0  2.14805e-11
      21290.0  2.13147e-11
      21300.0  2.11488e-11
      21310.0  2.09835e-11
      21320.0  2.08196e-11
      21330.0  2.06579e-11
      21340.0  2.04991e-11
      21350.0  2.03439e-11
      21360.0  2.01929e-11
      21370.0  2.00468e-11
      21380.0  1.99062e-11
      21390.0  1.97717e-11
      21400.0  1.96436e-11
      21410.0  1.95225e-11
      21420.0  1.94087e-11
      21430.0  1.93027e-11
      21440.0  1.92048e-11
      21450.0  1.91152e-11
      21460.0  1.90342e-11
      21470.0  1.89619e-11
      21480.0  1.88985e-11
      21490.0  1.88442e-11
      21500.0  1.87989e-11
      21510.0  1.87628e-11
      21520.0  1.87358e-11
      21530.0  1.87179e-11
      21540.0  1.87092e-11
      21550.0  1.87094e-11
      21560.0  1.87185e-11
      21570.0  1.87363e-11
      21580.0  1.87628e-11
      21590.0  1.87977e-11
      21600.0  1.88409e-11
      21610.0  1.88922e-11
      21620.0  1.89514e-11
      21630.0  1.90182e-11
      21640.0  1.90925e-11
      21650.0  1.91740e-11
      21660.0  1.92623e-11
      21670.0  1.93574e-11
      21680.0  1.94589e-11
      21690.0  1.95666e-11
      21700.0  1.96802e-11
      21710.0  1.97994e-11
      21720.0  1.99240e-11
      21730.0  2.00537e-11
      21740.0  2.01881e-11
      21750.0  2.03272e-11
      21760.0  2.04705e-11
      21770.0  2.06178e-11
      21780.0  2.07688e-11
      21790.0  2.09233e-11
      21800.0  2.10810e-11
      21810.0  2.12417e-11
      21820.0  2.14050e-11
      21830.0  2.15707e-11
      21840.0  2.17385e-11
      21850.0  2.19083e-11
      21860.0  2.20796e-11
      21870.0  2.22523e-11
      21880.0  2.24262e-11
      21890.0  2.26009e-11
      21900.0  2.27761e-11
      21910.0  2.29517e-11
      21920.0  2.31274e-11
      21930.0  2.33028e-11
      21940.0  2.34778e-11
      21950.0  2.36520e-11
      21960.0  2.38251e-11
      21970.0  2.39970e-11
      21980.0  2.41672e-11
      21990.0  2.43354e-11
      22000.0  2.45015e-11
      22010.0  2.46649e-11
      22020.0  2.48255e-11
      22030.0  2.49829e-11
      22040.0  2.51366e-11
      22050.0  2.52864e-11
      22060.0  2.54319e-11
      22070.0  2.55728e-11
      22080.0  2.57085e-11
      22090.0  2.58387e-11
      22100.0  2.59630e-11
      22110.0  2.60810e-11
      22120.0  2.61923e-11
      22130.0  2.62963e-11
      22140.0  2.63927e-11
      22150.0  2.64811e-11
      22160.0  2.65610e-11
      22170.0  2.66319e-11
      22180.0  2.66934e-11
      22190.0  2.67452e-11
      22200.0  2.67867e-11
      22210.0  2.68176e-11
      22220.0  2.68375e-11
      22230.0  2.68461e-11
      22240.0  2.68429e-11
      22250.0  2.68278e-11
      22260.0  2.68004e-11
      22270.0  2.67604e-11
      22280.0  2.67077e-11
      22290.0  2.66420e-11
      22300.0  2.65634e-11
      22310.0  2.64716e-11
      22320.0  2.63667e-11
      22330.0  2.62486e-11
      22340.0  2.61175e-11
      22350.0  2.59735e-11
      22360.0  2.58168e-11
      22370.0  2.56476e-11
      22380.0  2.54662e-11
      22390.0  2.52730e-11
      22400.0  2.50683e-11
      22410.0  2.48527e-11
      22420.0  2.46266e-11
      22430.0  2.43907e-11
      22440.0  2.41454e-11
      22450.0  2.38916e-11
      22460.0  2.36298e-11
      22470.0  2.33608e-11
      22480.0  2.30853e-11
      22490.0  2.28042e-11
      22500.0  2.25183e-11
      22510.0  2.22283e-11
      22520.0  2.19351e-11
      22530.0  2.16396e-11
      22540.0  2.13426e-11
      22550.0  2.10449e-11
      22560.0  2.07474e-11
      22570.0  2.04509e-11
      22580.0  2.01562e-11
      22590.0  1.98642e-11
      22600.0  1.95754e-11
      22610.0  1.92907e-11
      22620.0  1.90108e-11
      22630.0  1.87363e-11
      22640.0  1.84679e-11
      22650.0  1.82061e-11
      22660.0  1.79514e-11
      22670.0  1.77044e-11
      22680.0  1.74656e-11
      22690.0  1.72352e-11
      22700.0  1.70138e-11
      22710.0  1.68015e-11
      22720.0  1.65988e-11
      22730.0  1.64058e-11
      22740.0  1.62227e-11
      22750.0  1.60497e-11
      22760.0  1.58869e-11
      22770.0  1.57343e-11
      22780.0  1.55922e-11
      22790.0  1.54604e-11
      22800.0  1.53389e-11
      22810.0  1.52278e-11
      22820.0  1.51270e-11
      22830.0  1.50363e-11
      22840.0  1.49558e-11
      22850.0  1.48852e-11
      22860.0  1.48245e-11
      22870.0  1.47735e-11
      22880.0  1.47320e-11
      22890.0  1.46999e-11
      22900.0  1.46770e-11
      22910.0  1.46631e-11
      22920.0  1.46581e-11
      22930.0  1.46616e-11
      22940.0  1.46736e-11
      22950.0  1.46938e-11
      22960.0  1.47219e-11
      22970.0  1.47578e-11
      22980.0  1.48012e-11
      22990.0  1.48519e-11
      23000.0  1.49096e-11
      23010.0  1.49740e-11
      23020.0  1.50449e-11
      23030.0  1.51219e-11
      23040.0  1.52048e-11
      23050.0  1.52933e-11
      23060.0  1.53870e-11
      23070.0  1.54855e-11
      23080.0  1.55885e-11
      23090.0  1.56956e-11
      23100.0  1.58064e-11
      23110.0  1.59205e-11
      23120.0  1.60373e-11
      23130.0  1.61565e-11
      23140.0  1.62775e-11
      23150.0  1.63999e-11
      23160.0  1.65231e-11
      23170.0  1.66465e-11
      23180.0  1.67696e-11
      23190.0  1.68919e-11
      23200.0  1.70127e-11
      23210.0  1.71314e-11
      23220.0  1.72475e-11
      23230.0  1.73603e-11
      23240.0  1.74692e-11
      23250.0  1.75737e-11
      23260.0  1.76731e-11
      23270.0  1.77668e-11
      23280.0  1.78544e-11
      23290.0  1.79352e-11
      23300.0  1.80088e-11
      23310.0  1.80747e-11
      23320.0  1.81325e-11
      23330.0  1.81818e-11
      23340.0  1.82223e-11
      23350.0  1.82536e-11
      23360.0  1.82756e-11
      23370.0  1.82881e-11
      23380.0  1.82910e-11
      23390.0  1.82843e-11
      23400.0  1.82680e-11
      23410.0  1.82423e-11
      23420.0  1.82072e-11
      23430.0  1.81630e-11
      23440.0  1.81100e-11
      23450.0  1.80486e-11
      23460.0  1.79791e-11
      23470.0  1.79020e-11
      23480.0  1.78178e-11
      23490.0  1.77271e-11
      23500.0  1.76303e-11
      23510.0  1.75282e-11
      23520.0  1.74214e-11
      23530.0  1.73105e-11
      23540.0  1.71961e-11
      23550.0  1.70790e-11
      23560.0  1.69599e-11
      23570.0  1.68393e-11
      23580.0  1.67181e-11
      23590.0  1.65968e-11
      23600.0  1.64761e-11
      23610.0  1.63567e-11
      23620.0  1.62392e-11
      23630.0  1.61241e-11
      23640.0  1.60121e-11
      23650.0  1.59037e-11
      23660.0  1.57994e-11
      23670.0  1.56997e-11
      23680.0  1.56052e-11
      23690.0  1.55162e-11
      23700.0  1.54333e-11
      23710.0  1.53567e-11
      23720.0  1.52869e-11
      23730.0  1.52243e-11
      23740.0  1.51693e-11
      23750.0  1.51221e-11
      23760.0  1.50830e-11
      23770.0  1.50525e-11
      23780.0  1.50308e-11
      23790.0  1.50182e-11
      23800.0  1.50150e-11
      23810.0  1.50214e-11
      23820.0  1.50378e-11
      23830.0  1.50645e-11
      23840.0  1.51016e-11
      23850.0  1.51493e-11
      23860.0  1.52075e-11
      23870.0  1.52763e-11
      23880.0  1.53558e-11
      23890.0  1.54459e-11
      23900.0  1.55463e-11
      23910.0  1.56570e-11
      23920.0  1.57775e-11
      23930.0  1.59075e-11
      23940.0  1.60465e-11
      23950.0  1.61937e-11
      23960.0  1.63487e-11
      23970.0  1.65104e-11
      23980.0  1.66783e-11
      23990.0  1.68512e-11
      24000.0  1.70283e-11
      24010.0  1.72086e-11
      24020.0  1.73911e-11
      24030.0  1.75748e-11
      24040.0  1.77588e-11
      24050.0  1.79421e-11
      24060.0  1.81239e-11
      24070.0  1.83033e-11
      24080.0  1.84797e-11
      24090.0  1.86525e-11
      24100.0  1.88210e-11
      24110.0  1.89848e-11
      24120.0  1.91436e-11
      24130.0  1.92970e-11
      24140.0  1.94449e-11
      24150.0  1.95872e-11
      24160.0  1.97237e-11
      24170.0  1.98545e-11
      24180.0  1.99796e-11
      24190.0  2.00991e-11
      24200.0  2.02131e-11
      24210.0  2.03217e-11
      24220.0  2.04251e-11
      24230.0  2.05234e-11
      24240.0  2.06167e-11
      24250.0  2.07052e-11
      24260.0  2.07890e-11
      24270.0  2.08683e-11
      24280.0  2.09431e-11
      24290.0  2.10136e-11
      24300.0  2.10797e-11
      24310.0  2.11416e-11
      24320.0  2.11993e-11
      24330.0  2.12528e-11
      24340.0  2.13021e-11
      24350.0  2.13472e-11
      24360.0  2.13881e-11
      24370.0  2.14247e-11
      24380.0  2.14569e-11
      24390.0  2.14846e-11
      24400.0  2.15079e-11
      24410.0  2.15265e-11
      24420.0  2.15405e-11
      24430.0  2.15498e-11
      24440.0  2.15543e-11
      24450.0  2.15540e-11
      24460.0  2.15490e-11
      24470.0  2.15391e-11
      24480.0  2.15247e-11
      24490.0  2.15057e-11
      24500.0  2.14824e-11
      24510.0  2.14550e-11
      24520.0  2.14239e-11
      24530.0  2.13892e-11
      24540.0  2.13515e-11
      24550.0  2.13112e-11
      24560.0  2.12687e-11
      24570.0  2.12245e-11
      24580.0  2.11791e-11
      24590.0  2.11331e-11
      24600.0  2.10870e-11
      24610.0  2.10411e-11
      24620.0  2.09961e-11
      24630.0  2.09523e-11
      24640.0  2.09102e-11
      24650.0  2.08700e-11
      24660.0  2.08320e-11
      24670.0  2.07965e-11
      24680.0  2.07636e-11
      24690.0  2.07334e-11
      24700.0  2.07060e-11
      24710.0  2.06814e-11
      24720.0  2.06595e-11
      24730.0  2.06403e-11
      24740.0  2.06236e-11
      24750.0  2.06092e-11
      24760.0  2.05971e-11
      24770.0  2.05870e-11
      24780.0  2.05787e-11
      24790.0  2.05721e-11
      24800.0  2.05669e-11
      24810.0  2.05630e-11
      24820.0  2.05601e-11
      24830.0  2.05582e-11
      24840.0  2.05570e-11
      24850.0  2.05564e-11
      24860.0  2.05562e-11
      24870.0  2.05565e-11
      24880.0  2.05570e-11
      24890.0  2.05577e-11
      24900.0  2.05585e-11
      24910.0  2.05595e-11
      24920.0  2.05604e-11
      24930.0  2.05613e-11
      24940.0  2.05622e-11
      24950.0  2.05631e-11
      24960.0  2.05639e-11
      24970.0  2.05647e-11
      24980.0  2.05654e-11
      24990.0  2.05660e-11
      25000.0  2.05666e-11
