      1000.00  8.59257e-13
      1010.00  1.04349e-12
      1020.00  1.27163e-12
      1030.00  1.55285e-12
      1040.00  1.89864e-12
      1050.00  2.32229e-12
      1060.00  2.83884e-12
      1070.00  3.46499e-12
      1080.00  4.21868e-12
      1090.00  5.11873e-12
      1100.00  6.18418e-12
      1110.00  7.43354e-12
      1120.00  8.88414e-12
      1130.00  1.05513e-11
      1140.00  1.24477e-11
      1150.00  1.45828e-11
      1160.00  1.69625e-11
      1170.00  1.95888e-11
      1180.00  2.24595e-11
      1190.00  2.55682e-11
      1200.00  2.89046e-11
      1210.00  3.24540e-11
      1220.00  3.61981e-11
      1230.00  4.01151e-11
      1240.00  4.41802e-11
      1250.00  4.83660e-11
      1260.00  5.26432e-11
      1270.00  5.69812e-11
      1280.00  6.13489e-11
      1290.00  6.57155e-11
      1300.00  7.00506e-11
      1310.00  7.43257e-11
      1320.00  7.85138e-11
      1330.00  8.25907e-11
      1340.00  8.65350e-11
      1350.00  9.03283e-11
      1360.00  9.39558e-11
      1370.00  9.74062e-11
      1380.00  1.00672e-10
      1390.00  1.03749e-10
      1400.00  1.06636e-10
      1410.00  1.09336e-10
      1420.00  1.11856e-10
      1430.00  1.14204e-10
      1440.00  1.16390e-10
      1450.00  1.18428e-10
      1460.00  1.20333e-10
      1470.00  1.22119e-10
      1480.00  1.23802e-10
      1490.00  1.25399e-10
      1500.00  1.26925e-10
      1510.00  1.28395e-10
      1520.00  1.29823e-10
      1530.00  1.31221e-10
      1540.00  1.32602e-10
      1550.00  1.33976e-10
      1560.00  1.35350e-10
      1570.00  1.36732e-10
      1580.00  1.38129e-10
      1590.00  1.39546e-10
      1600.00  1.40986e-10
      1610.00  1.42454e-10
      1620.00  1.43952e-10
      1630.00  1.45483e-10
      1640.00  1.47049e-10
      1650.00  1.48650e-10
      1660.00  1.50289e-10
      1670.00  1.51967e-10
      1680.00  1.53685e-10
      1690.00  1.55443e-10
      1700.00  1.57242e-10
      1710.00  1.59083e-10
      1720.00  1.60966e-10
      1730.00  1.62892e-10
      1740.00  1.64861e-10
      1750.00  1.66873e-10
      1760.00  1.68929e-10
      1770.00  1.71029e-10
      1780.00  1.73172e-10
      1790.00  1.75359e-10
      1800.00  1.77590e-10
      1810.00  1.79866e-10
      1820.00  1.82185e-10
      1830.00  1.84549e-10
      1840.00  1.86957e-10
      1850.00  1.89409e-10
      1860.00  1.91906e-10
      1870.00  1.94448e-10
      1880.00  1.97035e-10
      1890.00  1.99667e-10
      1900.00  2.02345e-10
      1910.00  2.05070e-10
      1920.00  2.07841e-10
      1930.00  2.10659e-10
      1940.00  2.13524e-10
      1950.00  2.16437e-10
      1960.00  2.19397e-10
      1970.00  2.22404e-10
      1980.00  2.25458e-10
      1990.00  2.28558e-10
      2000.00  2.31702e-10
      2010.00  2.34889e-10
      2020.00  2.38114e-10
      2030.00  2.41375e-10
      2040.00  2.44664e-10
      2050.00  2.47973e-10
      2060.00  2.51290e-10
      2070.00  2.54600e-10
      2080.00  2.57886e-10
      2090.00  2.61128e-10
      2100.00  2.64302e-10
      2110.00  2.67383e-10
      2120.00  2.70350e-10
      2130.00  2.73179e-10
      2140.00  2.75856e-10
      2150.00  2.78370e-10
      2160.00  2.80718e-10
      2170.00  2.82907e-10
      2180.00  2.84953e-10
      2190.00  2.86879e-10
      2200.00  2.88715e-10
      2210.00  2.90493e-10
      2220.00  2.92245e-10
      2230.00  2.94001e-10
      2240.00  2.95786e-10
      2250.00  2.97614e-10
      2260.00  2.99492e-10
      2270.00  3.01419e-10
      2280.00  3.03384e-10
      2290.00  3.05368e-10
      2300.00  3.07350e-10
      2310.00  3.09304e-10
      2320.00  3.11202e-10
      2330.00  3.13016e-10
      2340.00  3.14719e-10
      2350.00  3.16282e-10
      2360.00  3.17675e-10
      2370.00  3.18864e-10
      2380.00  3.19813e-10
      2390.00  3.20478e-10
      2400.00  3.20814e-10
      2410.00  3.20774e-10
      2420.00  3.20315e-10
      2430.00  3.19406e-10
      2440.00  3.18038e-10
      2450.00  3.16232e-10
      2460.00  3.14052e-10
      2470.00  3.11612e-10
      2480.00  3.09075e-10
      2490.00  3.06657e-10
      2500.00  3.04608e-10
      2510.00  3.03202e-10
      2520.00  3.02703e-10
      2530.00  3.03349e-10
      2540.00  3.05319e-10
      2550.00  3.08712e-10
      2560.00  3.13542e-10
      2570.00  3.19732e-10
      2580.00  3.27126e-10
      2590.00  3.35510e-10
      2600.00  3.44632e-10
      2610.00  3.54230e-10
      2620.00  3.64053e-10
      2630.00  3.73876e-10
      2640.00  3.83514e-10
      2650.00  3.92882e-10
      2660.00  4.04983e-10
      2670.00  4.47190e-10
      2680.00  5.26508e-10
      2690.00  5.74814e-10
      2700.00  6.21112e-10
      2710.00  6.62183e-10
      2720.00  6.91451e-10
      2730.00  7.18156e-10
      2740.00  7.55756e-10
      2750.00  7.82368e-10
      2760.00  7.79686e-10
      2770.00  7.90874e-10
      2780.00  8.64913e-10
      2790.00  9.83525e-10
      2800.00  1.13168e-09
      2810.00  1.30423e-09
      2820.00  1.47994e-09
      2830.00  1.63922e-09
      2840.00  1.75468e-09
      2850.00  1.82051e-09
      2860.00  1.85455e-09
      2870.00  1.85678e-09
      2880.00  1.84440e-09
      2890.00  1.81549e-09
      2900.00  1.82078e-09
      2910.00  1.84818e-09
      2920.00  1.86447e-09
      2930.00  1.87142e-09
      2940.00  1.87512e-09
      2950.00  1.87655e-09
      2960.00  1.89838e-09
      2970.00  1.99193e-09
      2980.00  2.11724e-09
      2990.00  2.20456e-09
      3000.00  2.27890e-09
      3010.00  2.39171e-09
      3020.00  2.56504e-09
      3030.00  2.75136e-09
      3040.00  2.89959e-09
      3050.00  2.99318e-09
      3060.00  3.03409e-09
      3070.00  3.03465e-09
      3080.00  2.96877e-09
      3090.00  2.82182e-09
      3100.00  2.66177e-09
      3110.00  2.51031e-09
      3120.00  2.41229e-09
      3130.00  2.36370e-09
      3140.00  2.22858e-09
      3150.00  2.06313e-09
      3160.00  2.02883e-09
      3170.00  2.00394e-09
      3180.00  1.88681e-09
      3190.00  1.73969e-09
      3200.00  1.59037e-09
      3210.00  1.46973e-09
      3220.00  1.39578e-09
      3230.00  1.33527e-09
      3240.00  1.30611e-09
      3250.00  1.30026e-09
      3260.00  1.30766e-09
      3270.00  1.34730e-09
      3280.00  1.42475e-09
      3290.00  1.52948e-09
      3300.00  1.64951e-09
      3310.00  1.77676e-09
      3320.00  1.90219e-09
      3330.00  2.01261e-09
      3340.00  2.10513e-09
      3350.00  2.17677e-09
      3360.00  2.23296e-09
      3370.00  2.28875e-09
      3380.00  2.36634e-09
      3390.00  2.47614e-09
      3400.00  2.61544e-09
      3410.00  2.78103e-09
      3420.00  2.95861e-09
      3430.00  3.12167e-09
      3440.00  3.26391e-09
      3450.00  3.38870e-09
      3460.00  3.50188e-09
      3470.00  3.59701e-09
      3480.00  3.64079e-09
      3490.00  3.62769e-09
      3500.00  3.56962e-09
      3510.00  3.44263e-09
      3520.00  3.19831e-09
      3530.00  2.87772e-09
      3540.00  2.62698e-09
      3550.00  2.46306e-09
      3560.00  2.31979e-09
      3570.00  2.17532e-09
      3580.00  2.03236e-09
      3590.00  1.88456e-09
      3600.00  1.73103e-09
      3610.00  1.59040e-09
      3620.00  1.47467e-09
      3630.00  1.37677e-09
      3640.00  1.29250e-09
      3650.00  1.22465e-09
      3660.00  1.17572e-09
      3670.00  1.14830e-09
      3680.00  1.14466e-09
      3690.00  1.16965e-09
      3700.00  1.23134e-09
      3710.00  1.33322e-09
      3720.00  1.46436e-09
      3730.00  1.60507e-09
      3740.00  1.74426e-09
      3750.00  1.88021e-09
      3760.00  2.01238e-09
      3770.00  2.14005e-09
      3780.00  2.26436e-09
      3790.00  2.38695e-09
      3800.00  2.50944e-09
      3810.00  2.63200e-09
      3820.00  2.75067e-09
      3830.00  2.86042e-09
      3840.00  2.95989e-09
      3850.00  3.04463e-09
      3860.00  3.10753e-09
      3870.00  3.14702e-09
      3880.00  3.16699e-09
      3890.00  3.17254e-09
      3900.00  3.16660e-09
      3910.00  3.14807e-09
      3920.00  3.11280e-09
      3930.00  3.05878e-09
      3940.00  2.99008e-09
      3950.00  2.91430e-09
      3960.00  2.84171e-09
      3970.00  2.78452e-09
      3980.00  2.75214e-09
      3990.00  2.74753e-09
      4000.00  2.76768e-09
      4010.00  2.80708e-09
      4020.00  2.85905e-09
      4030.00  2.91392e-09
      4040.00  2.96042e-09
      4050.00  2.98983e-09
      4060.00  2.99644e-09
      4070.00  2.97584e-09
      4080.00  2.92736e-09
      4090.00  2.85638e-09
      4100.00  2.77238e-09
      4110.00  2.68524e-09
      4120.00  2.60231e-09
      4130.00  2.52489e-09
      4140.00  2.44810e-09
      4150.00  2.36565e-09
      4160.00  2.27513e-09
      4170.00  2.17919e-09
      4180.00  2.08261e-09
      4190.00  1.98926e-09
      4200.00  1.90137e-09
      4210.00  1.82041e-09
      4220.00  1.74786e-09
      4230.00  1.68415e-09
      4240.00  1.62793e-09
      4250.00  1.57839e-09
      4260.00  1.53563e-09
      4270.00  1.50033e-09
      4280.00  1.47522e-09
      4290.00  1.46502e-09
      4300.00  1.47293e-09
      4310.00  1.49735e-09
      4320.00  1.53209e-09
      4330.00  1.56940e-09
      4340.00  1.60250e-09
      4350.00  1.62667e-09
      4360.00  1.64050e-09
      4370.00  1.64692e-09
      4380.00  1.65219e-09
      4390.00  1.66295e-09
      4400.00  1.68316e-09
      4410.00  1.71240e-09
      4420.00  1.74700e-09
      4430.00  1.78212e-09
      4440.00  1.81256e-09
      4450.00  1.83427e-09
      4460.00  1.84658e-09
      4470.00  1.85183e-09
      4480.00  1.85198e-09
      4490.00  1.84669e-09
      4500.00  1.83433e-09
      4510.00  1.81401e-09
      4520.00  1.78742e-09
      4530.00  1.75790e-09
      4540.00  1.72799e-09
      4550.00  1.69858e-09
      4560.00  1.66914e-09
      4570.00  1.63839e-09
      4580.00  1.60508e-09
      4590.00  1.56835e-09
      4600.00  1.52829e-09
      4610.00  1.48672e-09
      4620.00  1.44687e-09
      4630.00  1.41181e-09
      4640.00  1.38292e-09
      4650.00  1.35969e-09
      4660.00  1.34070e-09
      4670.00  1.32450e-09
      4680.00  1.30995e-09
      4690.00  1.29631e-09
      4700.00  1.28363e-09
      4710.00  1.27311e-09
      4720.00  1.26683e-09
      4730.00  1.26638e-09
      4740.00  1.27115e-09
      4750.00  1.27747e-09
      4760.00  1.27947e-09
      4770.00  1.27117e-09
      4780.00  1.24916e-09
      4790.00  1.21410e-09
      4800.00  1.17031e-09
      4810.00  1.12380e-09
      4820.00  1.08031e-09
      4830.00  1.04434e-09
      4840.00  1.01887e-09
      4850.00  1.00505e-09
      4860.00  1.00215e-09
      4870.00  1.00800e-09
      4880.00  1.01989e-09
      4890.00  1.03532e-09
      4900.00  1.05217e-09
      4910.00  1.06894e-09
      4920.00  1.08497e-09
      4930.00  1.10056e-09
      4940.00  1.11654e-09
      4950.00  1.13354e-09
      4960.00  1.15147e-09
      4970.00  1.16913e-09
      4980.00  1.18288e-09
      4990.00  1.18561e-09
      5000.00  1.17279e-09
      5010.00  1.15329e-09
      5020.00  1.14501e-09
      5030.00  1.15639e-09
      5040.00  1.18171e-09
      5050.00  1.21174e-09
      5060.00  1.24015e-09
      5070.00  1.26332e-09
      5080.00  1.27959e-09
      5090.00  1.28926e-09
      5100.00  1.29432e-09
      5110.00  1.29750e-09
      5120.00  1.30122e-09
      5130.00  1.30681e-09
      5140.00  1.31399e-09
      5150.00  1.32084e-09
      5160.00  1.32428e-09
      5170.00  1.32092e-09
      5180.00  1.30833e-09
      5190.00  1.28587e-09
      5200.00  1.25508e-09
      5210.00  1.21940e-09
      5220.00  1.18313e-09
      5230.00  1.15025e-09
      5240.00  1.12334e-09
      5250.00  1.10331e-09
      5260.00  1.08972e-09
      5270.00  1.08149e-09
      5280.00  1.07742e-09
      5290.00  1.07623e-09
      5300.00  1.07643e-09
      5310.00  1.07635e-09
      5320.00  1.07444e-09
      5330.00  1.06958e-09
      5340.00  1.06121e-09
      5350.00  1.04923e-09
      5360.00  1.03389e-09
      5370.00  1.01579e-09
      5380.00  9.95937e-10
      5390.00  9.75902e-10
      5400.00  9.57776e-10
      5410.00  9.43812e-10
      5420.00  9.35834e-10
      5430.00  9.34702e-10
      5440.00  9.40074e-10
      5450.00  9.50535e-10
      5460.00  9.63985e-10
      5470.00  9.78145e-10
      5480.00  9.91088e-10
      5490.00  1.00168e-09
      5500.00  1.00980e-09
      5510.00  1.01617e-09
      5520.00  1.02177e-09
      5530.00  1.02717e-09
      5540.00  1.03213e-09
      5550.00  1.03595e-09
      5560.00  1.03803e-09
      5570.00  1.03829e-09
      5580.00  1.03714e-09
      5590.00  1.03513e-09
      5600.00  1.03261e-09
      5610.00  1.02957e-09
      5620.00  1.02567e-09
      5630.00  1.02046e-09
      5640.00  1.01348e-09
      5650.00  1.00439e-09
      5660.00  9.93017e-10
      5670.00  9.79387e-10
      5680.00  9.63854e-10
      5690.00  9.47167e-10
      5700.00  9.30448e-10
      5710.00  9.15011e-10
      5720.00  9.02073e-10
      5730.00  8.92489e-10
      5740.00  8.86617e-10
      5750.00  8.84343e-10
      5760.00  8.85231e-10
      5770.00  8.88694e-10
      5780.00  8.94128e-10
      5790.00  9.00970e-10
      5800.00  9.08683e-10
      5810.00  9.16700e-10
      5820.00  9.24398e-10
      5830.00  9.31117e-10
      5840.00  9.36155e-10
      5850.00  9.38751e-10
      5860.00  9.38136e-10
      5870.00  9.33728e-10
      5880.00  9.25346e-10
      5890.00  9.13211e-10
      5900.00  8.97694e-10
      5910.00  8.79060e-10
      5920.00  8.57465e-10
      5930.00  8.33206e-10
      5940.00  8.06928e-10
      5950.00  7.79620e-10
      5960.00  7.52521e-10
      5970.00  7.27331e-10
      5980.00  7.06588e-10
      5990.00  6.92968e-10
      6000.00  6.86608e-10
      6010.00  6.83108e-10
      6020.00  6.76076e-10
      6030.00  6.62267e-10
      6040.00  6.43236e-10
      6050.00  6.22601e-10
      6060.00  6.03248e-10
      6070.00  5.86803e-10
      6080.00  5.74294e-10
      6090.00  5.66606e-10
      6100.00  5.64484e-10
      6110.00  5.68321e-10
      6120.00  5.77996e-10
      6130.00  5.92870e-10
      6140.00  6.11914e-10
      6150.00  6.33893e-10
      6160.00  6.57546e-10
      6170.00  6.81726e-10
      6180.00  7.05469e-10
      6190.00  7.27993e-10
      6200.00  7.48673e-10
      6210.00  7.67019e-10
      6220.00  7.82659e-10
      6230.00  7.95304e-10
      6240.00  8.04713e-10
      6250.00  8.10720e-10
      6260.00  8.13359e-10
      6270.00  8.13016e-10
      6280.00  8.10459e-10
      6290.00  8.06698e-10
      6300.00  8.02739e-10
      6310.00  7.99365e-10
      6320.00  7.96976e-10
      6330.00  7.95511e-10
      6340.00  7.94539e-10
      6350.00  7.93425e-10
      6360.00  7.91564e-10
      6370.00  7.88591e-10
      6380.00  7.84472e-10
      6390.00  7.79448e-10
      6400.00  7.73915e-10
      6410.00  7.68278e-10
      6420.00  7.62853e-10
      6430.00  7.57801e-10
      6440.00  7.53136e-10
      6450.00  7.48781e-10
      6460.00  7.44652e-10
      6470.00  7.40708e-10
      6480.00  7.36953e-10
      6490.00  7.33389e-10
      6500.00  7.29974e-10
      6510.00  7.26608e-10
      6520.00  7.23155e-10
      6530.00  7.19480e-10
      6540.00  7.15469e-10
      6550.00  7.11033e-10
      6560.00  7.06104e-10
      6570.00  7.00637e-10
      6580.00  6.94632e-10
      6590.00  6.88173e-10
      6600.00  6.81440e-10
      6610.00  6.74705e-10
      6620.00  6.68267e-10
      6630.00  6.62369e-10
      6640.00  6.57111e-10
      6650.00  6.52410e-10
      6660.00  6.48032e-10
      6670.00  6.43676e-10
      6680.00  6.39093e-10
      6690.00  6.34156e-10
      6700.00  6.28874e-10
      6710.00  6.23354e-10
      6720.00  6.17745e-10
      6730.00  6.12196e-10
      6740.00  6.06827e-10
      6750.00  6.01700e-10
      6760.00  5.96799e-10
      6770.00  5.92013e-10
      6780.00  5.87175e-10
      6790.00  5.82143e-10
      6800.00  5.76885e-10
      6810.00  5.71524e-10
      6820.00  5.66297e-10
      6830.00  5.61469e-10
      6840.00  5.57253e-10
      6850.00  5.53769e-10
      6860.00  5.51013e-10
      6870.00  5.48838e-10
      6880.00  5.46945e-10
      6890.00  5.44926e-10
      6900.00  5.42390e-10
      6910.00  5.39122e-10
      6920.00  5.35191e-10
      6930.00  5.30933e-10
      6940.00  5.26814e-10
      6950.00  5.23247e-10
      6960.00  5.20457e-10
      6970.00  5.18465e-10
      6980.00  5.17151e-10
      6990.00  5.16359e-10
      7000.00  5.15957e-10
      7010.00  5.15854e-10
      7020.00  5.15977e-10
      7030.00  5.16240e-10
      7040.00  5.16530e-10
      7050.00  5.16704e-10
      7060.00  5.16612e-10
      7070.00  5.16112e-10
      7080.00  5.15113e-10
      7090.00  5.13625e-10
      7100.00  5.11849e-10
      7110.00  5.10182e-10
      7120.00  5.09003e-10
      7130.00  5.08172e-10
      7140.00  5.06626e-10
      7150.00  5.02751e-10
      7160.00  4.95652e-10
      7170.00  4.86223e-10
      7180.00  4.76745e-10
      7190.00  4.69282e-10
      7200.00  4.64491e-10
      7210.00  4.61753e-10
      7220.00  4.60069e-10
      7230.00  4.58729e-10
      7240.00  4.57431e-10
      7250.00  4.56103e-10
      7260.00  4.54729e-10
      7270.00  4.53270e-10
      7280.00  4.51652e-10
      7290.00  4.49792e-10
      7300.00  4.47642e-10
      7310.00  4.45220e-10
      7320.00  4.42626e-10
      7330.00  4.40015e-10
      7340.00  4.37540e-10
      7350.00  4.35289e-10
      7360.00  4.33234e-10
      7370.00  4.31225e-10
      7380.00  4.29028e-10
      7390.00  4.26392e-10
      7400.00  4.23120e-10
      7410.00  4.19140e-10
      7420.00  4.14539e-10
      7430.00  4.09551e-10
      7440.00  4.04515e-10
      7450.00  3.99803e-10
      7460.00  3.95734e-10
      7470.00  3.92492e-10
      7480.00  3.90079e-10
      7490.00  3.88323e-10
      7500.00  3.86944e-10
      7510.00  3.85655e-10
      7520.00  3.84275e-10
      7530.00  3.82814e-10
      7540.00  3.81472e-10
      7550.00  3.80555e-10
      7560.00  3.80327e-10
      7570.00  3.80875e-10
      7580.00  3.82077e-10
      7590.00  3.83664e-10
      7600.00  3.85357e-10
      7610.00  3.86964e-10
      7620.00  3.88416e-10
      7630.00  3.89730e-10
      7640.00  3.90939e-10
      7650.00  3.92042e-10
      7660.00  3.92991e-10
      7670.00  3.93705e-10
      7680.00  3.94105e-10
      7690.00  3.94151e-10
      7700.00  3.93841e-10
      7710.00  3.93186e-10
      7720.00  3.92160e-10
      7730.00  3.90665e-10
      7740.00  3.88526e-10
      7750.00  3.85524e-10
      7760.00  3.81447e-10
      7770.00  3.76148e-10
      7780.00  3.69573e-10
      7790.00  3.61763e-10
      7800.00  3.52836e-10
      7810.00  3.42956e-10
      7820.00  3.32307e-10
      7830.00  3.21090e-10
      7840.00  3.09521e-10
      7850.00  2.97835e-10
      7860.00  2.86287e-10
      7870.00  2.75138e-10
      7880.00  2.64638e-10
      7890.00  2.55011e-10
      7900.00  2.46443e-10
      7910.00  2.39069e-10
      7920.00  2.32837e-10
      7930.00  2.27859e-10
      7940.00  2.24084e-10
      7950.00  2.21404e-10
      7960.00  2.19717e-10
      7970.00  2.18980e-10
      7980.00  2.19233e-10
      7990.00  2.20602e-10
      8000.00  2.23250e-10
      8010.00  2.27309e-10
      8020.00  2.32782e-10
      8030.00  2.39479e-10
      8040.00  2.46986e-10
      8050.00  2.54705e-10
      8060.00  2.61953e-10
      8070.00  2.68123e-10
      8080.00  2.72838e-10
      8090.00  2.76034e-10
      8100.00  2.77920e-10
      8110.00  2.78848e-10
      8120.00  2.79168e-10
      8130.00  2.79149e-10
      8140.00  2.78976e-10
      8150.00  2.78802e-10
      8160.00  2.78784e-10
      8170.00  2.79097e-10
      8180.00  2.79893e-10
      8190.00  2.81254e-10
      8200.00  2.83158e-10
      8210.00  2.85500e-10
      8220.00  2.88131e-10
      8230.00  2.90910e-10
      8240.00  2.93722e-10
      8250.00  2.96481e-10
      8260.00  2.99140e-10
      8270.00  3.01694e-10
      8280.00  3.04191e-10
      8290.00  3.06726e-10
      8300.00  3.09419e-10
      8310.00  3.12378e-10
      8320.00  3.15664e-10
      8330.00  3.19261e-10
      8340.00  3.23080e-10
      8350.00  3.26975e-10
      8360.00  3.30784e-10
      8370.00  3.34365e-10
      8380.00  3.37626e-10
      8390.00  3.40535e-10
      8400.00  3.43105e-10
      8410.00  3.45375e-10
      8420.00  3.47381e-10
      8430.00  3.49146e-10
      8440.00  3.50672e-10
      8450.00  3.51956e-10
      8460.00  3.52997e-10
      8470.00  3.53810e-10
      8480.00  3.54424e-10
      8490.00  3.54875e-10
      8500.00  3.55188e-10
      8510.00  3.55368e-10
      8520.00  3.55403e-10
      8530.00  3.55273e-10
      8540.00  3.54971e-10
      8550.00  3.54509e-10
      8560.00  3.53923e-10
      8570.00  3.53156e-10
      8580.00  3.52264e-10
      8590.00  3.51335e-10
      8600.00  3.50367e-10
      8610.00  3.49339e-10
      8620.00  3.48218e-10
      8630.00  3.46964e-10
      8640.00  3.45542e-10
      8650.00  3.43930e-10
      8660.00  3.42126e-10
      8670.00  3.40153e-10
      8680.00  3.38053e-10
      8690.00  3.35885e-10
      8700.00  3.33711e-10
      8710.00  3.31578e-10
      8720.00  3.29510e-10
      8730.00  3.27496e-10
      8740.00  3.25494e-10
      8750.00  3.23441e-10
      8760.00  3.21277e-10
      8770.00  3.18953e-10
      8780.00  3.16450e-10
      8790.00  3.13774e-10
      8800.00  3.10942e-10
      8810.00  3.07970e-10
      8820.00  3.04857e-10
      8830.00  3.01591e-10
      8840.00  2.98157e-10
      8850.00  2.94557e-10
      8860.00  2.90819e-10
      8870.00  2.87006e-10
      8880.00  2.83207e-10
      8890.00  2.79528e-10
      8900.00  2.76083e-10
      8910.00  2.72983e-10
      8920.00  2.70320e-10
      8930.00  2.68146e-10
      8940.00  2.66456e-10
      8950.00  2.65184e-10
      8960.00  2.64222e-10
      8970.00  2.63458e-10
      8980.00  2.62808e-10
      8990.00  2.62230e-10
      9000.00  2.61727e-10
      9010.00  2.61331e-10
      9020.00  2.61086e-10
      9030.00  2.61025e-10
      9040.00  2.61167e-10
      9050.00  2.61512e-10
      9060.00  2.62043e-10
      9070.00  2.62725e-10
      9080.00  2.63513e-10
      9090.00  2.64349e-10
      9100.00  2.65171e-10
      9110.00  2.65922e-10
      9120.00  2.66550e-10
      9130.00  2.66994e-10
      9140.00  2.67181e-10
      9150.00  2.67018e-10
      9160.00  2.66403e-10
      9170.00  2.65239e-10
      9180.00  2.63457e-10
      9190.00  2.61037e-10
      9200.00  2.58019e-10
      9210.00  2.54508e-10
      9220.00  2.50670e-10
      9230.00  2.46721e-10
      9240.00  2.42910e-10
      9250.00  2.39493e-10
      9260.00  2.36691e-10
      9270.00  2.34645e-10
      9280.00  2.33375e-10
      9290.00  2.32766e-10
      9300.00  2.32597e-10
      9310.00  2.32610e-10
      9320.00  2.32578e-10
      9330.00  2.32358e-10
      9340.00  2.31888e-10
      9350.00  2.31170e-10
      9360.00  2.30232e-10
      9370.00  2.29106e-10
      9380.00  2.27816e-10
      9390.00  2.26380e-10
      9400.00  2.24813e-10
      9410.00  2.23129e-10
      9420.00  2.21345e-10
      9430.00  2.19481e-10
      9440.00  2.17557e-10
      9450.00  2.15597e-10
      9460.00  2.13626e-10
      9470.00  2.11668e-10
      9480.00  2.09744e-10
      9490.00  2.07874e-10
      9500.00  2.06077e-10
      9510.00  2.04364e-10
      9520.00  2.02744e-10
      9530.00  2.01222e-10
      9540.00  1.99799e-10
      9550.00  1.98472e-10
      9560.00  1.97234e-10
      9570.00  1.96077e-10
      9580.00  1.94990e-10
      9590.00  1.93962e-10
      9600.00  1.92982e-10
      9610.00  1.92038e-10
      9620.00  1.91118e-10
      9630.00  1.90213e-10
      9640.00  1.89314e-10
      9650.00  1.88414e-10
      9660.00  1.87506e-10
      9670.00  1.86586e-10
      9680.00  1.85651e-10
      9690.00  1.84700e-10
      9700.00  1.83732e-10
      9710.00  1.82747e-10
      9720.00  1.81747e-10
      9730.00  1.80734e-10
      9740.00  1.79711e-10
      9750.00  1.78680e-10
      9760.00  1.77644e-10
      9770.00  1.76605e-10
      9780.00  1.75567e-10
      9790.00  1.74531e-10
      9800.00  1.73498e-10
      9810.00  1.72469e-10
      9820.00  1.71445e-10
      9830.00  1.70425e-10
      9840.00  1.69408e-10
      9850.00  1.68393e-10
      9860.00  1.67380e-10
      9870.00  1.66365e-10
      9880.00  1.65349e-10
      9890.00  1.64329e-10
      9900.00  1.63307e-10
      9910.00  1.62281e-10
      9920.00  1.61254e-10
      9930.00  1.60227e-10
      9940.00  1.59203e-10
      9950.00  1.58186e-10
      9960.00  1.57180e-10
      9970.00  1.56189e-10
      9980.00  1.55220e-10
      9990.00  1.54277e-10
      10000.0  1.53365e-10
      10010.0  1.52489e-10
      10020.0  1.51653e-10
      10030.0  1.50861e-10
      10040.0  1.50115e-10
      10050.0  1.49418e-10
      10060.0  1.48772e-10
      10070.0  1.48176e-10
      10080.0  1.47634e-10
      10090.0  1.47146e-10
      10100.0  1.46714e-10
      10110.0  1.46341e-10
      10120.0  1.46030e-10
      10130.0  1.45786e-10
      10140.0  1.45615e-10
      10150.0  1.45523e-10
      10160.0  1.45518e-10
      10170.0  1.45606e-10
      10180.0  1.45794e-10
      10190.0  1.46090e-10
      10200.0  1.46497e-10
      10210.0  1.47018e-10
      10220.0  1.47653e-10
      10230.0  1.48398e-10
      10240.0  1.49247e-10
      10250.0  1.50190e-10
      10260.0  1.51212e-10
      10270.0  1.52296e-10
      10280.0  1.53423e-10
      10290.0  1.54571e-10
      10300.0  1.55716e-10
      10310.0  1.56837e-10
      10320.0  1.57910e-10
      10330.0  1.58914e-10
      10340.0  1.59833e-10
      10350.0  1.60650e-10
      10360.0  1.61354e-10
      10370.0  1.61939e-10
      10380.0  1.62400e-10
      10390.0  1.62739e-10
      10400.0  1.62961e-10
      10410.0  1.63072e-10
      10420.0  1.63084e-10
      10430.0  1.63008e-10
      10440.0  1.62857e-10
      10450.0  1.62646e-10
      10460.0  1.62388e-10
      10470.0  1.62098e-10
      10480.0  1.61788e-10
      10490.0  1.61469e-10
      10500.0  1.61150e-10
      10510.0  1.60840e-10
      10520.0  1.60545e-10
      10530.0  1.60270e-10
      10540.0  1.60018e-10
      10550.0  1.59790e-10
      10560.0  1.59586e-10
      10570.0  1.59407e-10
      10580.0  1.59249e-10
      10590.0  1.59111e-10
      10600.0  1.58988e-10
      10610.0  1.58879e-10
      10620.0  1.58778e-10
      10630.0  1.58681e-10
      10640.0  1.58586e-10
      10650.0  1.58487e-10
      10660.0  1.58382e-10
      10670.0  1.58268e-10
      10680.0  1.58140e-10
      10690.0  1.57997e-10
      10700.0  1.57837e-10
      10710.0  1.57658e-10
      10720.0  1.57459e-10
      10730.0  1.57238e-10
      10740.0  1.56996e-10
      10750.0  1.56731e-10
      10760.0  1.56446e-10
      10770.0  1.56139e-10
      10780.0  1.55813e-10
      10790.0  1.55468e-10
      10800.0  1.55105e-10
      10810.0  1.54728e-10
      10820.0  1.54336e-10
      10830.0  1.53932e-10
      10840.0  1.53519e-10
      10850.0  1.53098e-10
      10860.0  1.52672e-10
      10870.0  1.52243e-10
      10880.0  1.51813e-10
      10890.0  1.51383e-10
      10900.0  1.50956e-10
      10910.0  1.50534e-10
      10920.0  1.50117e-10
      10930.0  1.49707e-10
      10940.0  1.49305e-10
      10950.0  1.48912e-10
      10960.0  1.48528e-10
      10970.0  1.48152e-10
      10980.0  1.47785e-10
      10990.0  1.47426e-10
      11000.0  1.47073e-10
      11010.0  1.46726e-10
      11020.0  1.46383e-10
      11030.0  1.46043e-10
      11040.0  1.45703e-10
      11050.0  1.45362e-10
      11060.0  1.45018e-10
      11070.0  1.44668e-10
      11080.0  1.44311e-10
      11090.0  1.43944e-10
      11100.0  1.43567e-10
      11110.0  1.43177e-10
      11120.0  1.42772e-10
      11130.0  1.42353e-10
      11140.0  1.41917e-10
      11150.0  1.41465e-10
      11160.0  1.40997e-10
      11170.0  1.40512e-10
      11180.0  1.40011e-10
      11190.0  1.39495e-10
      11200.0  1.38966e-10
      11210.0  1.38424e-10
      11220.0  1.37871e-10
      11230.0  1.37309e-10
      11240.0  1.36740e-10
      11250.0  1.36166e-10
      11260.0  1.35588e-10
      11270.0  1.35010e-10
      11280.0  1.34432e-10
      11290.0  1.33857e-10
      11300.0  1.33286e-10
      11310.0  1.32721e-10
      11320.0  1.32163e-10
      11330.0  1.31612e-10
      11340.0  1.31071e-10
      11350.0  1.30538e-10
      11360.0  1.30016e-10
      11370.0  1.29503e-10
      11380.0  1.29000e-10
      11390.0  1.28507e-10
      11400.0  1.28024e-10
      11410.0  1.27549e-10
      11420.0  1.27083e-10
      11430.0  1.26624e-10
      11440.0  1.26172e-10
      11450.0  1.25727e-10
      11460.0  1.25287e-10
      11470.0  1.24853e-10
      11480.0  1.24422e-10
      11490.0  1.23994e-10
      11500.0  1.23569e-10
      11510.0  1.23146e-10
      11520.0  1.22724e-10
      11530.0  1.22303e-10
      11540.0  1.21881e-10
      11550.0  1.21460e-10
      11560.0  1.21037e-10
      11570.0  1.20613e-10
      11580.0  1.20188e-10
      11590.0  1.19760e-10
      11600.0  1.19331e-10
      11610.0  1.18899e-10
      11620.0  1.18464e-10
      11630.0  1.18027e-10
      11640.0  1.17587e-10
      11650.0  1.17144e-10
      11660.0  1.16698e-10
      11670.0  1.16250e-10
      11680.0  1.15798e-10
      11690.0  1.15345e-10
      11700.0  1.14889e-10
      11710.0  1.14432e-10
      11720.0  1.13972e-10
      11730.0  1.13512e-10
      11740.0  1.13050e-10
      11750.0  1.12588e-10
      11760.0  1.12126e-10
      11770.0  1.11664e-10
      11780.0  1.11202e-10
      11790.0  1.10742e-10
      11800.0  1.10283e-10
      11810.0  1.09826e-10
      11820.0  1.09371e-10
      11830.0  1.08918e-10
      11840.0  1.08469e-10
      11850.0  1.08022e-10
      11860.0  1.07578e-10
      11870.0  1.07137e-10
      11880.0  1.06700e-10
      11890.0  1.06266e-10
      11900.0  1.05836e-10
      11910.0  1.05410e-10
      11920.0  1.04987e-10
      11930.0  1.04568e-10
      11940.0  1.04153e-10
      11950.0  1.03743e-10
      11960.0  1.03336e-10
      11970.0  1.02933e-10
      11980.0  1.02535e-10
      11990.0  1.02142e-10
      12000.0  1.01754e-10
      12010.0  1.01372e-10
      12020.0  1.00995e-10
      12030.0  1.00625e-10
      12040.0  1.00261e-10
      12050.0  9.99042e-11
      12060.0  9.95553e-11
      12070.0  9.92145e-11
      12080.0  9.88824e-11
      12090.0  9.85593e-11
      12100.0  9.82456e-11
      12110.0  9.79417e-11
      12120.0  9.76477e-11
      12130.0  9.73637e-11
      12140.0  9.70898e-11
      12150.0  9.68257e-11
      12160.0  9.65712e-11
      12170.0  9.63259e-11
      12180.0  9.60892e-11
      12190.0  9.58603e-11
      12200.0  9.56385e-11
      12210.0  9.54227e-11
      12220.0  9.52118e-11
      12230.0  9.50047e-11
      12240.0  9.48001e-11
      12250.0  9.45966e-11
      12260.0  9.43931e-11
      12270.0  9.41881e-11
      12280.0  9.39804e-11
      12290.0  9.37688e-11
      12300.0  9.35520e-11
      12310.0  9.33291e-11
      12320.0  9.30990e-11
      12330.0  9.28611e-11
      12340.0  9.26146e-11
      12350.0  9.23589e-11
      12360.0  9.20938e-11
      12370.0  9.18191e-11
      12380.0  9.15345e-11
      12390.0  9.12402e-11
      12400.0  9.09364e-11
      12410.0  9.06233e-11
      12420.0  9.03014e-11
      12430.0  8.99710e-11
      12440.0  8.96328e-11
      12450.0  8.92872e-11
      12460.0  8.89350e-11
      12470.0  8.85766e-11
      12480.0  8.82128e-11
      12490.0  8.78441e-11
      12500.0  8.74711e-11
      12510.0  8.70943e-11
      12520.0  8.67144e-11
      12530.0  8.63317e-11
      12540.0  8.59467e-11
      12550.0  8.55598e-11
      12560.0  8.51715e-11
      12570.0  8.47821e-11
      12580.0  8.43919e-11
      12590.0  8.40014e-11
      12600.0  8.36107e-11
      12610.0  8.32204e-11
      12620.0  8.28307e-11
      12630.0  8.24421e-11
      12640.0  8.20548e-11
      12650.0  8.16694e-11
      12660.0  8.12862e-11
      12670.0  8.09056e-11
      12680.0  8.05281e-11
      12690.0  8.01541e-11
      12700.0  7.97841e-11
      12710.0  7.94185e-11
      12720.0  7.90578e-11
      12730.0  7.87024e-11
      12740.0  7.83526e-11
      12750.0  7.80090e-11
      12760.0  7.76719e-11
      12770.0  7.73416e-11
      12780.0  7.70184e-11
      12790.0  7.67027e-11
      12800.0  7.63947e-11
      12810.0  7.60947e-11
      12820.0  7.58029e-11
      12830.0  7.55194e-11
      12840.0  7.52444e-11
      12850.0  7.49780e-11
      12860.0  7.47204e-11
      12870.0  7.44717e-11
      12880.0  7.42318e-11
      12890.0  7.40008e-11
      12900.0  7.37787e-11
      12910.0  7.35654e-11
      12920.0  7.33610e-11
      12930.0  7.31653e-11
      12940.0  7.29782e-11
      12950.0  7.27996e-11
      12960.0  7.26294e-11
      12970.0  7.24673e-11
      12980.0  7.23133e-11
      12990.0  7.21670e-11
      13000.0  7.20284e-11
      13010.0  7.18972e-11
      13020.0  7.17732e-11
      13030.0  7.16560e-11
      13040.0  7.15456e-11
      13050.0  7.14416e-11
      13060.0  7.13437e-11
      13070.0  7.12517e-11
      13080.0  7.11652e-11
      13090.0  7.10840e-11
      13100.0  7.10075e-11
      13110.0  7.09356e-11
      13120.0  7.08676e-11
      13130.0  7.08031e-11
      13140.0  7.07415e-11
      13150.0  7.06823e-11
      13160.0  7.06248e-11
      13170.0  7.05682e-11
      13180.0  7.05119e-11
      13190.0  7.04550e-11
      13200.0  7.03966e-11
      13210.0  7.03360e-11
      13220.0  7.02722e-11
      13230.0  7.02043e-11
      13240.0  7.01315e-11
      13250.0  7.00528e-11
      13260.0  6.99676e-11
      13270.0  6.98751e-11
      13280.0  6.97745e-11
      13290.0  6.96652e-11
      13300.0  6.95469e-11
      13310.0  6.94189e-11
      13320.0  6.92811e-11
      13330.0  6.91332e-11
      13340.0  6.89751e-11
      13350.0  6.88068e-11
      13360.0  6.86284e-11
      13370.0  6.84400e-11
      13380.0  6.82419e-11
      13390.0  6.80343e-11
      13400.0  6.78175e-11
      13410.0  6.75921e-11
      13420.0  6.73582e-11
      13430.0  6.71165e-11
      13440.0  6.68672e-11
      13450.0  6.66109e-11
      13460.0  6.63479e-11
      13470.0  6.60786e-11
      13480.0  6.58034e-11
      13490.0  6.55227e-11
      13500.0  6.52367e-11
      13510.0  6.49460e-11
      13520.0  6.46507e-11
      13530.0  6.43511e-11
      13540.0  6.40475e-11
      13550.0  6.37401e-11
      13560.0  6.34293e-11
      13570.0  6.31152e-11
      13580.0  6.27980e-11
      13590.0  6.24780e-11
      13600.0  6.21554e-11
      13610.0  6.18305e-11
      13620.0  6.15034e-11
      13630.0  6.11744e-11
      13640.0  6.08438e-11
      13650.0  6.05119e-11
      13660.0  6.01789e-11
      13670.0  5.98453e-11
      13680.0  5.95114e-11
      13690.0  5.91777e-11
      13700.0  5.88445e-11
      13710.0  5.85124e-11
      13720.0  5.81819e-11
      13730.0  5.78536e-11
      13740.0  5.75279e-11
      13750.0  5.72055e-11
      13760.0  5.68870e-11
      13770.0  5.65730e-11
      13780.0  5.62639e-11
      13790.0  5.59604e-11
      13800.0  5.56629e-11
      13810.0  5.53718e-11
      13820.0  5.50875e-11
      13830.0  5.48104e-11
      13840.0  5.45407e-11
      13850.0  5.42785e-11
      13860.0  5.40239e-11
      13870.0  5.37770e-11
      13880.0  5.35376e-11
      13890.0  5.33056e-11
      13900.0  5.30808e-11
      13910.0  5.28630e-11
      13920.0  5.26518e-11
      13930.0  5.24470e-11
      13940.0  5.22482e-11
      13950.0  5.20551e-11
      13960.0  5.18673e-11
      13970.0  5.16846e-11
      13980.0  5.15066e-11
      13990.0  5.13332e-11
      14000.0  5.11640e-11
      14010.0  5.09990e-11
      14020.0  5.08380e-11
      14030.0  5.06809e-11
      14040.0  5.05278e-11
      14050.0  5.03787e-11
      14060.0  5.02336e-11
      14070.0  5.00925e-11
      14080.0  4.99556e-11
      14090.0  4.98230e-11
      14100.0  4.96947e-11
      14110.0  4.95708e-11
      14120.0  4.94513e-11
      14130.0  4.93363e-11
      14140.0  4.92257e-11
      14150.0  4.91194e-11
      14160.0  4.90172e-11
      14170.0  4.89190e-11
      14180.0  4.88244e-11
      14190.0  4.87333e-11
      14200.0  4.86451e-11
      14210.0  4.85596e-11
      14220.0  4.84764e-11
      14230.0  4.83949e-11
      14240.0  4.83147e-11
      14250.0  4.82353e-11
      14260.0  4.81564e-11
      14270.0  4.80775e-11
      14280.0  4.79982e-11
      14290.0  4.79182e-11
      14300.0  4.78371e-11
      14310.0  4.77547e-11
      14320.0  4.76708e-11
      14330.0  4.75853e-11
      14340.0  4.74982e-11
      14350.0  4.74093e-11
      14360.0  4.73187e-11
      14370.0  4.72266e-11
      14380.0  4.71330e-11
      14390.0  4.70381e-11
      14400.0  4.69421e-11
      14410.0  4.68452e-11
      14420.0  4.67477e-11
      14430.0  4.66497e-11
      14440.0  4.65516e-11
      14450.0  4.64534e-11
      14460.0  4.63555e-11
      14470.0  4.62580e-11
      14480.0  4.61611e-11
      14490.0  4.60649e-11
      14500.0  4.59695e-11
      14510.0  4.58750e-11
      14520.0  4.57815e-11
      14530.0  4.56889e-11
      14540.0  4.55972e-11
      14550.0  4.55064e-11
      14560.0  4.54164e-11
      14570.0  4.53270e-11
      14580.0  4.52382e-11
      14590.0  4.51497e-11
      14600.0  4.50615e-11
      14610.0  4.49732e-11
      14620.0  4.48847e-11
      14630.0  4.47958e-11
      14640.0  4.47062e-11
      14650.0  4.46157e-11
      14660.0  4.45241e-11
      14670.0  4.44313e-11
      14680.0  4.43369e-11
      14690.0  4.42409e-11
      14700.0  4.41430e-11
      14710.0  4.40432e-11
      14720.0  4.39412e-11
      14730.0  4.38371e-11
      14740.0  4.37307e-11
      14750.0  4.36221e-11
      14760.0  4.35112e-11
      14770.0  4.33981e-11
      14780.0  4.32828e-11
      14790.0  4.31654e-11
      14800.0  4.30460e-11
      14810.0  4.29247e-11
      14820.0  4.28017e-11
      14830.0  4.26771e-11
      14840.0  4.25512e-11
      14850.0  4.24241e-11
      14860.0  4.22960e-11
      14870.0  4.21670e-11
      14880.0  4.20376e-11
      14890.0  4.19077e-11
      14900.0  4.17776e-11
      14910.0  4.16476e-11
      14920.0  4.15178e-11
      14930.0  4.13883e-11
      14940.0  4.12595e-11
      14950.0  4.11313e-11
      14960.0  4.10040e-11
      14970.0  4.08777e-11
      14980.0  4.07524e-11
      14990.0  4.06284e-11
      15000.0  4.05056e-11
      15010.0  4.03840e-11
      15020.0  4.02639e-11
      15030.0  4.01450e-11
      15040.0  4.00275e-11
      15050.0  3.99112e-11
      15060.0  3.97962e-11
      15070.0  3.96823e-11
      15080.0  3.95695e-11
      15090.0  3.94577e-11
      15100.0  3.93467e-11
      15110.0  3.92365e-11
      15120.0  3.91268e-11
      15130.0  3.90177e-11
      15140.0  3.89088e-11
      15150.0  3.88002e-11
      15160.0  3.86916e-11
      15170.0  3.85830e-11
      15180.0  3.84743e-11
      15190.0  3.83653e-11
      15200.0  3.82561e-11
      15210.0  3.81465e-11
      15220.0  3.80366e-11
      15230.0  3.79263e-11
      15240.0  3.78157e-11
      15250.0  3.77047e-11
      15260.0  3.75935e-11
      15270.0  3.74821e-11
      15280.0  3.73705e-11
      15290.0  3.72589e-11
      15300.0  3.71474e-11
      15310.0  3.70361e-11
      15320.0  3.69252e-11
      15330.0  3.68146e-11
      15340.0  3.67045e-11
      15350.0  3.65950e-11
      15360.0  3.64863e-11
      15370.0  3.63784e-11
      15380.0  3.62713e-11
      15390.0  3.61651e-11
      15400.0  3.60598e-11
      15410.0  3.59555e-11
      15420.0  3.58523e-11
      15430.0  3.57500e-11
      15440.0  3.56486e-11
      15450.0  3.55483e-11
      15460.0  3.54489e-11
      15470.0  3.53504e-11
      15480.0  3.52528e-11
      15490.0  3.51561e-11
      15500.0  3.50601e-11
      15510.0  3.49650e-11
      15520.0  3.48706e-11
      15530.0  3.47770e-11
      15540.0  3.46841e-11
      15550.0  3.45919e-11
      15560.0  3.45004e-11
      15570.0  3.44094e-11
      15580.0  3.43192e-11
      15590.0  3.42295e-11
      15600.0  3.41404e-11
      15610.0  3.40518e-11
      15620.0  3.39636e-11
      15630.0  3.38760e-11
      15640.0  3.37887e-11
      15650.0  3.37018e-11
      15660.0  3.36152e-11
      15670.0  3.35288e-11
      15680.0  3.34425e-11
      15690.0  3.33564e-11
      15700.0  3.32703e-11
      15710.0  3.31842e-11
      15720.0  3.30980e-11
      15730.0  3.30118e-11
      15740.0  3.29254e-11
      15750.0  3.28390e-11
      15760.0  3.27524e-11
      15770.0  3.26657e-11
      15780.0  3.25790e-11
      15790.0  3.24924e-11
      15800.0  3.24058e-11
      15810.0  3.23194e-11
      15820.0  3.22334e-11
      15830.0  3.21479e-11
      15840.0  3.20630e-11
      15850.0  3.19789e-11
      15860.0  3.18959e-11
      15870.0  3.18140e-11
      15880.0  3.17336e-11
      15890.0  3.16548e-11
      15900.0  3.15779e-11
      15910.0  3.15031e-11
      15920.0  3.14306e-11
      15930.0  3.13607e-11
      15940.0  3.12936e-11
      15950.0  3.12295e-11
      15960.0  3.11686e-11
      15970.0  3.11112e-11
      15980.0  3.10573e-11
      15990.0  3.10072e-11
      16000.0  3.09611e-11
      16010.0  3.09190e-11
      16020.0  3.08811e-11
      16030.0  3.08475e-11
      16040.0  3.08184e-11
      16050.0  3.07937e-11
      16060.0  3.07735e-11
      16070.0  3.07579e-11
      16080.0  3.07468e-11
      16090.0  3.07403e-11
      16100.0  3.07383e-11
      16110.0  3.07407e-11
      16120.0  3.07475e-11
      16130.0  3.07586e-11
      16140.0  3.07738e-11
      16150.0  3.07931e-11
      16160.0  3.08162e-11
      16170.0  3.08429e-11
      16180.0  3.08732e-11
      16190.0  3.09067e-11
      16200.0  3.09432e-11
      16210.0  3.09826e-11
      16220.0  3.10245e-11
      16230.0  3.10687e-11
      16240.0  3.11149e-11
      16250.0  3.11629e-11
      16260.0  3.12124e-11
      16270.0  3.12632e-11
      16280.0  3.13149e-11
      16290.0  3.13673e-11
      16300.0  3.14201e-11
      16310.0  3.14732e-11
      16320.0  3.15263e-11
      16330.0  3.15792e-11
      16340.0  3.16316e-11
      16350.0  3.16835e-11
      16360.0  3.17347e-11
      16370.0  3.17849e-11
      16380.0  3.18341e-11
      16390.0  3.18822e-11
      16400.0  3.19290e-11
      16410.0  3.19745e-11
      16420.0  3.20186e-11
      16430.0  3.20612e-11
      16440.0  3.21022e-11
      16450.0  3.21417e-11
      16460.0  3.21794e-11
      16470.0  3.22153e-11
      16480.0  3.22494e-11
      16490.0  3.22816e-11
      16500.0  3.23118e-11
      16510.0  3.23400e-11
      16520.0  3.23659e-11
      16530.0  3.23896e-11
      16540.0  3.24108e-11
      16550.0  3.24295e-11
      16560.0  3.24456e-11
      16570.0  3.24589e-11
      16580.0  3.24692e-11
      16590.0  3.24766e-11
      16600.0  3.24807e-11
      16610.0  3.24817e-11
      16620.0  3.24792e-11
      16630.0  3.24733e-11
      16640.0  3.24639e-11
      16650.0  3.24509e-11
      16660.0  3.24343e-11
      16670.0  3.24141e-11
      16680.0  3.23904e-11
      16690.0  3.23631e-11
      16700.0  3.23324e-11
      16710.0  3.22983e-11
      16720.0  3.22610e-11
      16730.0  3.22206e-11
      16740.0  3.21773e-11
      16750.0  3.21313e-11
      16760.0  3.20828e-11
      16770.0  3.20319e-11
      16780.0  3.19790e-11
      16790.0  3.19243e-11
      16800.0  3.18679e-11
      16810.0  3.18102e-11
      16820.0  3.17513e-11
      16830.0  3.16915e-11
      16840.0  3.16309e-11
      16850.0  3.15698e-11
      16860.0  3.15084e-11
      16870.0  3.14468e-11
      16880.0  3.13851e-11
      16890.0  3.13235e-11
      16900.0  3.12622e-11
      16910.0  3.12010e-11
      16920.0  3.11403e-11
      16930.0  3.10799e-11
      16940.0  3.10199e-11
      16950.0  3.09604e-11
      16960.0  3.09014e-11
      16970.0  3.08428e-11
      16980.0  3.07846e-11
      16990.0  3.07267e-11
      17000.0  3.06693e-11
      17010.0  3.06121e-11
      17020.0  3.05552e-11
      17030.0  3.04985e-11
      17040.0  3.04420e-11
      17050.0  3.03857e-11
      17060.0  3.03294e-11
      17070.0  3.02732e-11
      17080.0  3.02170e-11
      17090.0  3.01608e-11
      17100.0  3.01046e-11
      17110.0  3.00483e-11
      17120.0  2.99921e-11
      17130.0  2.99358e-11
      17140.0  2.98796e-11
      17150.0  2.98234e-11
      17160.0  2.97673e-11
      17170.0  2.97113e-11
      17180.0  2.96554e-11
      17190.0  2.95998e-11
      17200.0  2.95444e-11
      17210.0  2.94894e-11
      17220.0  2.94347e-11
      17230.0  2.93804e-11
      17240.0  2.93266e-11
      17250.0  2.92733e-11
      17260.0  2.92206e-11
      17270.0  2.91684e-11
      17280.0  2.91169e-11
      17290.0  2.90660e-11
      17300.0  2.90157e-11
      17310.0  2.89660e-11
      17320.0  2.89170e-11
      17330.0  2.88686e-11
      17340.0  2.88207e-11
      17350.0  2.87735e-11
      17360.0  2.87268e-11
      17370.0  2.86806e-11
      17380.0  2.86350e-11
      17390.0  2.85897e-11
      17400.0  2.85449e-11
      17410.0  2.85004e-11
      17420.0  2.84563e-11
      17430.0  2.84124e-11
      17440.0  2.83689e-11
      17450.0  2.83255e-11
      17460.0  2.82823e-11
      17470.0  2.82393e-11
      17480.0  2.81964e-11
      17490.0  2.81536e-11
      17500.0  2.81108e-11
      17510.0  2.80680e-11
      17520.0  2.80252e-11
      17530.0  2.79823e-11
      17540.0  2.79393e-11
      17550.0  2.78961e-11
      17560.0  2.78527e-11
      17570.0  2.78090e-11
      17580.0  2.77649e-11
      17590.0  2.77204e-11
      17600.0  2.76754e-11
      17610.0  2.76298e-11
      17620.0  2.75835e-11
      17630.0  2.75363e-11
      17640.0  2.74883e-11
      17650.0  2.74392e-11
      17660.0  2.73890e-11
      17670.0  2.73376e-11
      17680.0  2.72848e-11
      17690.0  2.72306e-11
      17700.0  2.71747e-11
      17710.0  2.71173e-11
      17720.0  2.70582e-11
      17730.0  2.69973e-11
      17740.0  2.69347e-11
      17750.0  2.68704e-11
      17760.0  2.68043e-11
      17770.0  2.67365e-11
      17780.0  2.66672e-11
      17790.0  2.65965e-11
      17800.0  2.65245e-11
      17810.0  2.64515e-11
      17820.0  2.63776e-11
      17830.0  2.63032e-11
      17840.0  2.62284e-11
      17850.0  2.61536e-11
      17860.0  2.60791e-11
      17870.0  2.60053e-11
      17880.0  2.59324e-11
      17890.0  2.58608e-11
      17900.0  2.57908e-11
      17910.0  2.57227e-11
      17920.0  2.56567e-11
      17930.0  2.55931e-11
      17940.0  2.55322e-11
      17950.0  2.54741e-11
      17960.0  2.54189e-11
      17970.0  2.53668e-11
      17980.0  2.53179e-11
      17990.0  2.52721e-11
      18000.0  2.52294e-11
      18010.0  2.51897e-11
      18020.0  2.51530e-11
      18030.0  2.51191e-11
      18040.0  2.50878e-11
      18050.0  2.50590e-11
      18060.0  2.50323e-11
      18070.0  2.50075e-11
      18080.0  2.49844e-11
      18090.0  2.49627e-11
      18100.0  2.49420e-11
      18110.0  2.49221e-11
      18120.0  2.49027e-11
      18130.0  2.48835e-11
      18140.0  2.48642e-11
      18150.0  2.48445e-11
      18160.0  2.48242e-11
      18170.0  2.48031e-11
      18180.0  2.47809e-11
      18190.0  2.47575e-11
      18200.0  2.47327e-11
      18210.0  2.47064e-11
      18220.0  2.46785e-11
      18230.0  2.46489e-11
      18240.0  2.46176e-11
      18250.0  2.45845e-11
      18260.0  2.45497e-11
      18270.0  2.45133e-11
      18280.0  2.44752e-11
      18290.0  2.44357e-11
      18300.0  2.43947e-11
      18310.0  2.43525e-11
      18320.0  2.43092e-11
      18330.0  2.42649e-11
      18340.0  2.42197e-11
      18350.0  2.41740e-11
      18360.0  2.41277e-11
      18370.0  2.40811e-11
      18380.0  2.40343e-11
      18390.0  2.39875e-11
      18400.0  2.39408e-11
      18410.0  2.38942e-11
      18420.0  2.38480e-11
      18430.0  2.38021e-11
      18440.0  2.37565e-11
      18450.0  2.37114e-11
      18460.0  2.36666e-11
      18470.0  2.36221e-11
      18480.0  2.35780e-11
      18490.0  2.35340e-11
      18500.0  2.34901e-11
      18510.0  2.34461e-11
      18520.0  2.34018e-11
      18530.0  2.33572e-11
      18540.0  2.33119e-11
      18550.0  2.32659e-11
      18560.0  2.32188e-11
      18570.0  2.31705e-11
      18580.0  2.31208e-11
      18590.0  2.30694e-11
      18600.0  2.30162e-11
      18610.0  2.29609e-11
      18620.0  2.29035e-11
      18630.0  2.28438e-11
      18640.0  2.27816e-11
      18650.0  2.27169e-11
      18660.0  2.26496e-11
      18670.0  2.25798e-11
      18680.0  2.25073e-11
      18690.0  2.24324e-11
      18700.0  2.23550e-11
      18710.0  2.22753e-11
      18720.0  2.21935e-11
      18730.0  2.21098e-11
      18740.0  2.20244e-11
      18750.0  2.19375e-11
      18760.0  2.18494e-11
      18770.0  2.17605e-11
      18780.0  2.16710e-11
      18790.0  2.15813e-11
      18800.0  2.14916e-11
      18810.0  2.14024e-11
      18820.0  2.13138e-11
      18830.0  2.12263e-11
      18840.0  2.11401e-11
      18850.0  2.10554e-11
      18860.0  2.09724e-11
      18870.0  2.08914e-11
      18880.0  2.08125e-11
      18890.0  2.07358e-11
      18900.0  2.06615e-11
      18910.0  2.05895e-11
      18920.0  2.05199e-11
      18930.0  2.04526e-11
      18940.0  2.03876e-11
      18950.0  2.03247e-11
      18960.0  2.02639e-11
      18970.0  2.02050e-11
      18980.0  2.01477e-11
      18990.0  2.00920e-11
      19000.0  2.00376e-11
      19010.0  1.99843e-11
      19020.0  1.99319e-11
      19030.0  1.98801e-11
      19040.0  1.98288e-11
      19050.0  1.97777e-11
      19060.0  1.97267e-11
      19070.0  1.96755e-11
      19080.0  1.96241e-11
      19090.0  1.95724e-11
      19100.0  1.95201e-11
      19110.0  1.94672e-11
      19120.0  1.94137e-11
      19130.0  1.93595e-11
      19140.0  1.93046e-11
      19150.0  1.92491e-11
      19160.0  1.91930e-11
      19170.0  1.91363e-11
      19180.0  1.90791e-11
      19190.0  1.90216e-11
      19200.0  1.89637e-11
      19210.0  1.89057e-11
      19220.0  1.88476e-11
      19230.0  1.87896e-11
      19240.0  1.87318e-11
      19250.0  1.86744e-11
      19260.0  1.86174e-11
      19270.0  1.85611e-11
      19280.0  1.85054e-11
      19290.0  1.84506e-11
      19300.0  1.83966e-11
      19310.0  1.83437e-11
      19320.0  1.82919e-11
      19330.0  1.82412e-11
      19340.0  1.81917e-11
      19350.0  1.81435e-11
      19360.0  1.80966e-11
      19370.0  1.80510e-11
      19380.0  1.80067e-11
      19390.0  1.79637e-11
      19400.0  1.79220e-11
      19410.0  1.78816e-11
      19420.0  1.78424e-11
      19430.0  1.78044e-11
      19440.0  1.77675e-11
      19450.0  1.77317e-11
      19460.0  1.76969e-11
      19470.0  1.76630e-11
      19480.0  1.76299e-11
      19490.0  1.75975e-11
      19500.0  1.75658e-11
      19510.0  1.75346e-11
      19520.0  1.75038e-11
      19530.0  1.74733e-11
      19540.0  1.74430e-11
      19550.0  1.74128e-11
      19560.0  1.73825e-11
      19570.0  1.73521e-11
      19580.0  1.73215e-11
      19590.0  1.72906e-11
      19600.0  1.72592e-11
      19610.0  1.72273e-11
      19620.0  1.71949e-11
      19630.0  1.71618e-11
      19640.0  1.71281e-11
      19650.0  1.70937e-11
      19660.0  1.70587e-11
      19670.0  1.70229e-11
      19680.0  1.69865e-11
      19690.0  1.69494e-11
      19700.0  1.69118e-11
      19710.0  1.68737e-11
      19720.0  1.68351e-11
      19730.0  1.67962e-11
      19740.0  1.67572e-11
      19750.0  1.67180e-11
      19760.0  1.66789e-11
      19770.0  1.66401e-11
      19780.0  1.66015e-11
      19790.0  1.65635e-11
      19800.0  1.65261e-11
      19810.0  1.64894e-11
      19820.0  1.64538e-11
      19830.0  1.64192e-11
      19840.0  1.63858e-11
      19850.0  1.63538e-11
      19860.0  1.63232e-11
      19870.0  1.62941e-11
      19880.0  1.62667e-11
      19890.0  1.62409e-11
      19900.0  1.62169e-11
      19910.0  1.61946e-11
      19920.0  1.61740e-11
      19930.0  1.61553e-11
      19940.0  1.61382e-11
      19950.0  1.61228e-11
      19960.0  1.61090e-11
      19970.0  1.60967e-11
      19980.0  1.60859e-11
      19990.0  1.60764e-11
      20000.0  1.60680e-11
      20010.0  1.60608e-11
      20020.0  1.60544e-11
      20030.0  1.60489e-11
      20040.0  1.60440e-11
      20050.0  1.60395e-11
      20060.0  1.60354e-11
      20070.0  1.60315e-11
      20080.0  1.60276e-11
      20090.0  1.60236e-11
      20100.0  1.60194e-11
      20110.0  1.60148e-11
      20120.0  1.60097e-11
      20130.0  1.60041e-11
      20140.0  1.59978e-11
      20150.0  1.59907e-11
      20160.0  1.59829e-11
      20170.0  1.59742e-11
      20180.0  1.59647e-11
      20190.0  1.59542e-11
      20200.0  1.59428e-11
      20210.0  1.59306e-11
      20220.0  1.59174e-11
      20230.0  1.59035e-11
      20240.0  1.58887e-11
      20250.0  1.58732e-11
      20260.0  1.58570e-11
      20270.0  1.58402e-11
      20280.0  1.58229e-11
      20290.0  1.58051e-11
      20300.0  1.57870e-11
      20310.0  1.57686e-11
      20320.0  1.57500e-11
      20330.0  1.57313e-11
      20340.0  1.57126e-11
      20350.0  1.56940e-11
      20360.0  1.56755e-11
      20370.0  1.56573e-11
      20380.0  1.56393e-11
      20390.0  1.56217e-11
      20400.0  1.56045e-11
      20410.0  1.55877e-11
      20420.0  1.55714e-11
      20430.0  1.55557e-11
      20440.0  1.55405e-11
      20450.0  1.55258e-11
      20460.0  1.55118e-11
      20470.0  1.54983e-11
      20480.0  1.54853e-11
      20490.0  1.54729e-11
      20500.0  1.54611e-11
      20510.0  1.54498e-11
      20520.0  1.54389e-11
      20530.0  1.54286e-11
      20540.0  1.54186e-11
      20550.0  1.54091e-11
      20560.0  1.53999e-11
      20570.0  1.53910e-11
      20580.0  1.53823e-11
      20590.0  1.53739e-11
      20600.0  1.53657e-11
      20610.0  1.53575e-11
      20620.0  1.53494e-11
      20630.0  1.53414e-11
      20640.0  1.53332e-11
      20650.0  1.53250e-11
      20660.0  1.53166e-11
      20670.0  1.53080e-11
      20680.0  1.52991e-11
      20690.0  1.52899e-11
      20700.0  1.52803e-11
      20710.0  1.52703e-11
      20720.0  1.52598e-11
      20730.0  1.52487e-11
      20740.0  1.52370e-11
      20750.0  1.52247e-11
      20760.0  1.52117e-11
      20770.0  1.51979e-11
      20780.0  1.51833e-11
      20790.0  1.51680e-11
      20800.0  1.51518e-11
      20810.0  1.51347e-11
      20820.0  1.51168e-11
      20830.0  1.50980e-11
      20840.0  1.50782e-11
      20850.0  1.50576e-11
      20860.0  1.50361e-11
      20870.0  1.50137e-11
      20880.0  1.49905e-11
      20890.0  1.49664e-11
      20900.0  1.49415e-11
      20910.0  1.49159e-11
      20920.0  1.48896e-11
      20930.0  1.48626e-11
      20940.0  1.48350e-11
      20950.0  1.48068e-11
      20960.0  1.47782e-11
      20970.0  1.47491e-11
      20980.0  1.47196e-11
      20990.0  1.46899e-11
      21000.0  1.46599e-11
      21010.0  1.46297e-11
      21020.0  1.45994e-11
      21030.0  1.45690e-11
      21040.0  1.45387e-11
      21050.0  1.45084e-11
      21060.0  1.44782e-11
      21070.0  1.44482e-11
      21080.0  1.44184e-11
      21090.0  1.43888e-11
      21100.0  1.43595e-11
      21110.0  1.43305e-11
      21120.0  1.43018e-11
      21130.0  1.42735e-11
      21140.0  1.42456e-11
      21150.0  1.42180e-11
      21160.0  1.41909e-11
      21170.0  1.41641e-11
      21180.0  1.41378e-11
      21190.0  1.41119e-11
      21200.0  1.40864e-11
      21210.0  1.40613e-11
      21220.0  1.40365e-11
      21230.0  1.40122e-11
      21240.0  1.39883e-11
      21250.0  1.39647e-11
      21260.0  1.39415e-11
      21270.0  1.39186e-11
      21280.0  1.38960e-11
      21290.0  1.38736e-11
      21300.0  1.38516e-11
      21310.0  1.38298e-11
      21320.0  1.38082e-11
      21330.0  1.37868e-11
      21340.0  1.37656e-11
      21350.0  1.37444e-11
      21360.0  1.37234e-11
      21370.0  1.37024e-11
      21380.0  1.36814e-11
      21390.0  1.36604e-11
      21400.0  1.36394e-11
      21410.0  1.36182e-11
      21420.0  1.35969e-11
      21430.0  1.35754e-11
      21440.0  1.35537e-11
      21450.0  1.35317e-11
      21460.0  1.35095e-11
      21470.0  1.34869e-11
      21480.0  1.34640e-11
      21490.0  1.34407e-11
      21500.0  1.34170e-11
      21510.0  1.33929e-11
      21520.0  1.33683e-11
      21530.0  1.33433e-11
      21540.0  1.33178e-11
      21550.0  1.32918e-11
      21560.0  1.32654e-11
      21570.0  1.32386e-11
      21580.0  1.32113e-11
      21590.0  1.31835e-11
      21600.0  1.31554e-11
      21610.0  1.31268e-11
      21620.0  1.30979e-11
      21630.0  1.30686e-11
      21640.0  1.30390e-11
      21650.0  1.30091e-11
      21660.0  1.29790e-11
      21670.0  1.29486e-11
      21680.0  1.29180e-11
      21690.0  1.28873e-11
      21700.0  1.28563e-11
      21710.0  1.28253e-11
      21720.0  1.27942e-11
      21730.0  1.27630e-11
      21740.0  1.27318e-11
      21750.0  1.27006e-11
      21760.0  1.26694e-11
      21770.0  1.26382e-11
      21780.0  1.26070e-11
      21790.0  1.25759e-11
      21800.0  1.25449e-11
      21810.0  1.25140e-11
      21820.0  1.24832e-11
      21830.0  1.24525e-11
      21840.0  1.24219e-11
      21850.0  1.23915e-11
      21860.0  1.23612e-11
      21870.0  1.23311e-11
      21880.0  1.23012e-11
      21890.0  1.22715e-11
      21900.0  1.22419e-11
      21910.0  1.22126e-11
      21920.0  1.21836e-11
      21930.0  1.21547e-11
      21940.0  1.21262e-11
      21950.0  1.20979e-11
      21960.0  1.20700e-11
      21970.0  1.20423e-11
      21980.0  1.20150e-11
      21990.0  1.19881e-11
      22000.0  1.19615e-11
      22010.0  1.19353e-11
      22020.0  1.19096e-11
      22030.0  1.18843e-11
      22040.0  1.18594e-11
      22050.0  1.18350e-11
      22060.0  1.18110e-11
      22070.0  1.17876e-11
      22080.0  1.17646e-11
      22090.0  1.17422e-11
      22100.0  1.17203e-11
      22110.0  1.16989e-11
      22120.0  1.16781e-11
      22130.0  1.16578e-11
      22140.0  1.16380e-11
      22150.0  1.16188e-11
      22160.0  1.16001e-11
      22170.0  1.15819e-11
      22180.0  1.15642e-11
      22190.0  1.15470e-11
      22200.0  1.15303e-11
      22210.0  1.15141e-11
      22220.0  1.14983e-11
      22230.0  1.14829e-11
      22240.0  1.14679e-11
      22250.0  1.14533e-11
      22260.0  1.14391e-11
      22270.0  1.14252e-11
      22280.0  1.14115e-11
      22290.0  1.13981e-11
      22300.0  1.13850e-11
      22310.0  1.13720e-11
      22320.0  1.13592e-11
      22330.0  1.13465e-11
      22340.0  1.13340e-11
      22350.0  1.13215e-11
      22360.0  1.13090e-11
      22370.0  1.12966e-11
      22380.0  1.12841e-11
      22390.0  1.12716e-11
      22400.0  1.12590e-11
      22410.0  1.12463e-11
      22420.0  1.12335e-11
      22430.0  1.12205e-11
      22440.0  1.12074e-11
      22450.0  1.11941e-11
      22460.0  1.11806e-11
      22470.0  1.11669e-11
      22480.0  1.11529e-11
      22490.0  1.11388e-11
      22500.0  1.11244e-11
      22510.0  1.11097e-11
      22520.0  1.10948e-11
      22530.0  1.10797e-11
      22540.0  1.10644e-11
      22550.0  1.10488e-11
      22560.0  1.10331e-11
      22570.0  1.10171e-11
      22580.0  1.10010e-11
      22590.0  1.09846e-11
      22600.0  1.09682e-11
      22610.0  1.09516e-11
      22620.0  1.09350e-11
      22630.0  1.09182e-11
      22640.0  1.09015e-11
      22650.0  1.08847e-11
      22660.0  1.08680e-11
      22670.0  1.08513e-11
      22680.0  1.08347e-11
      22690.0  1.08183e-11
      22700.0  1.08021e-11
      22710.0  1.07860e-11
      22720.0  1.07702e-11
      22730.0  1.07547e-11
      22740.0  1.07395e-11
      22750.0  1.07246e-11
      22760.0  1.07102e-11
      22770.0  1.06961e-11
      22780.0  1.06824e-11
      22790.0  1.06692e-11
      22800.0  1.06565e-11
      22810.0  1.06442e-11
      22820.0  1.06324e-11
      22830.0  1.06212e-11
      22840.0  1.06104e-11
      22850.0  1.06002e-11
      22860.0  1.05904e-11
      22870.0  1.05812e-11
      22880.0  1.05724e-11
      22890.0  1.05641e-11
      22900.0  1.05562e-11
      22910.0  1.05488e-11
      22920.0  1.05418e-11
      22930.0  1.05351e-11
      22940.0  1.05288e-11
      22950.0  1.05229e-11
      22960.0  1.05172e-11
      22970.0  1.05118e-11
      22980.0  1.05066e-11
      22990.0  1.05016e-11
      23000.0  1.04968e-11
      23010.0  1.04921e-11
      23020.0  1.04876e-11
      23030.0  1.04831e-11
      23040.0  1.04787e-11
      23050.0  1.04744e-11
      23060.0  1.04700e-11
      23070.0  1.04657e-11
      23080.0  1.04614e-11
      23090.0  1.04571e-11
      23100.0  1.04527e-11
      23110.0  1.04483e-11
      23120.0  1.04439e-11
      23130.0  1.04394e-11
      23140.0  1.04349e-11
      23150.0  1.04303e-11
      23160.0  1.04257e-11
      23170.0  1.04209e-11
      23180.0  1.04161e-11
      23190.0  1.04113e-11
      23200.0  1.04063e-11
      23210.0  1.04012e-11
      23220.0  1.03961e-11
      23230.0  1.03908e-11
      23240.0  1.03854e-11
      23250.0  1.03799e-11
      23260.0  1.03743e-11
      23270.0  1.03684e-11
      23280.0  1.03624e-11
      23290.0  1.03562e-11
      23300.0  1.03499e-11
      23310.0  1.03433e-11
      23320.0  1.03364e-11
      23330.0  1.03293e-11
      23340.0  1.03220e-11
      23350.0  1.03144e-11
      23360.0  1.03066e-11
      23370.0  1.02984e-11
      23380.0  1.02900e-11
      23390.0  1.02814e-11
      23400.0  1.02724e-11
      23410.0  1.02632e-11
      23420.0  1.02538e-11
      23430.0  1.02442e-11
      23440.0  1.02343e-11
      23450.0  1.02243e-11
      23460.0  1.02141e-11
      23470.0  1.02038e-11
      23480.0  1.01934e-11
      23490.0  1.01830e-11
      23500.0  1.01725e-11
      23510.0  1.01621e-11
      23520.0  1.01518e-11
      23530.0  1.01416e-11
      23540.0  1.01316e-11
      23550.0  1.01217e-11
      23560.0  1.01121e-11
      23570.0  1.01028e-11
      23580.0  1.00938e-11
      23590.0  1.00852e-11
      23600.0  1.00770e-11
      23610.0  1.00692e-11
      23620.0  1.00619e-11
      23630.0  1.00550e-11
      23640.0  1.00487e-11
      23650.0  1.00429e-11
      23660.0  1.00376e-11
      23670.0  1.00329e-11
      23680.0  1.00288e-11
      23690.0  1.00253e-11
      23700.0  1.00224e-11
      23710.0  1.00203e-11
      23720.0  1.00188e-11
      23730.0  1.00182e-11
      23740.0  1.00184e-11
      23750.0  1.00195e-11
      23760.0  1.00217e-11
      23770.0  1.00251e-11
      23780.0  1.00297e-11
      23790.0  1.00359e-11
      23800.0  1.00437e-11
      23810.0  1.00534e-11
      23820.0  1.00652e-11
      23830.0  1.00796e-11
      23840.0  1.00967e-11
      23850.0  1.01166e-11
      23860.0  1.01397e-11
      23870.0  1.01661e-11
      23880.0  1.01962e-11
      23890.0  1.02300e-11
      23900.0  1.02677e-11
      23910.0  1.03094e-11
      23920.0  1.03552e-11
      23930.0  1.04050e-11
      23940.0  1.04588e-11
      23950.0  1.05163e-11
      23960.0  1.05772e-11
      23970.0  1.06414e-11
      23980.0  1.07083e-11
      23990.0  1.07775e-11
      24000.0  1.08485e-11
      24010.0  1.09207e-11
      24020.0  1.09936e-11
      24030.0  1.10666e-11
      24040.0  1.11390e-11
      24050.0  1.12104e-11
      24060.0  1.12802e-11
      24070.0  1.13478e-11
      24080.0  1.14129e-11
      24090.0  1.14751e-11
      24100.0  1.15341e-11
      24110.0  1.15897e-11
      24120.0  1.16417e-11
      24130.0  1.16901e-11
      24140.0  1.17348e-11
      24150.0  1.17760e-11
      24160.0  1.18137e-11
      24170.0  1.18481e-11
      24180.0  1.18794e-11
      24190.0  1.19079e-11
      24200.0  1.19338e-11
      24210.0  1.19574e-11
      24220.0  1.19789e-11
      24230.0  1.19987e-11
      24240.0  1.20170e-11
      24250.0  1.20340e-11
      24260.0  1.20501e-11
      24270.0  1.20654e-11
      24280.0  1.20802e-11
      24290.0  1.20946e-11
      24300.0  1.21088e-11
      24310.0  1.21230e-11
      24320.0  1.21374e-11
      24330.0  1.21519e-11
      24340.0  1.21668e-11
      24350.0  1.21821e-11
      24360.0  1.21978e-11
      24370.0  1.22141e-11
      24380.0  1.22309e-11
      24390.0  1.22482e-11
      24400.0  1.22662e-11
      24410.0  1.22847e-11
      24420.0  1.23038e-11
      24430.0  1.23235e-11
      24440.0  1.23437e-11
      24450.0  1.23643e-11
      24460.0  1.23853e-11
      24470.0  1.24068e-11
      24480.0  1.24285e-11
      24490.0  1.24505e-11
      24500.0  1.24727e-11
      24510.0  1.24951e-11
      24520.0  1.25175e-11
      24530.0  1.25398e-11
      24540.0  1.25621e-11
      24550.0  1.25843e-11
      24560.0  1.26062e-11
      24570.0  1.26279e-11
      24580.0  1.26491e-11
      24590.0  1.26700e-11
      24600.0  1.26904e-11
      24610.0  1.27102e-11
      24620.0  1.27294e-11
      24630.0  1.27479e-11
      24640.0  1.27658e-11
      24650.0  1.27829e-11
      24660.0  1.27993e-11
      24670.0  1.28149e-11
      24680.0  1.28297e-11
      24690.0  1.28436e-11
      24700.0  1.28568e-11
      24710.0  1.28692e-11
      24720.0  1.28808e-11
      24730.0  1.28917e-11
      24740.0  1.29019e-11
      24750.0  1.29113e-11
      24760.0  1.29201e-11
      24770.0  1.29283e-11
      24780.0  1.29359e-11
      24790.0  1.29430e-11
      24800.0  1.29496e-11
      24810.0  1.29557e-11
      24820.0  1.29613e-11
      24830.0  1.29666e-11
      24840.0  1.29714e-11
      24850.0  1.29759e-11
      24860.0  1.29801e-11
      24870.0  1.29839e-11
      24880.0  1.29874e-11
      24890.0  1.29906e-11
      24900.0  1.29936e-11
      24910.0  1.29963e-11
      24920.0  1.29987e-11
      24930.0  1.30010e-11
      24940.0  1.30030e-11
      24950.0  1.30048e-11
      24960.0  1.30065e-11
      24970.0  1.30080e-11
      24980.0  1.30093e-11
      24990.0  1.30105e-11
      25000.0  1.30116e-11
