      1000.00  3.04621e-14
      1010.00  3.69117e-14
      1020.00  4.48724e-14
      1030.00  5.46500e-14
      1040.00  6.66245e-14
      1050.00  8.12302e-14
      1060.00  9.89520e-14
      1070.00  1.20317e-13
      1080.00  1.45880e-13
      1090.00  1.76203e-13
      1100.00  2.11835e-13
      1110.00  2.53277e-13
      1120.00  3.00961e-13
      1130.00  3.55217e-13
      1140.00  4.16257e-13
      1150.00  4.84148e-13
      1160.00  5.58810e-13
      1170.00  6.40000e-13
      1180.00  7.27320e-13
      1190.00  8.20216e-13
      1200.00  9.17991e-13
      1210.00  1.01982e-12
      1220.00  1.12475e-12
      1230.00  1.23178e-12
      1240.00  1.33979e-12
      1250.00  1.44769e-12
      1260.00  1.55433e-12
      1270.00  1.65862e-12
      1280.00  1.75954e-12
      1290.00  1.85613e-12
      1300.00  1.94755e-12
      1310.00  2.03308e-12
      1320.00  2.11216e-12
      1330.00  2.18436e-12
      1340.00  2.24942e-12
      1350.00  2.30723e-12
      1360.00  2.35783e-12
      1370.00  2.40140e-12
      1380.00  2.43827e-12
      1390.00  2.46885e-12
      1400.00  2.49370e-12
      1410.00  2.51343e-12
      1420.00  2.52874e-12
      1430.00  2.54038e-12
      1440.00  2.54912e-12
      1450.00  2.55576e-12
      1460.00  2.56108e-12
      1470.00  2.56586e-12
      1480.00  2.57083e-12
      1490.00  2.57668e-12
      1500.00  2.58404e-12
      1510.00  2.59348e-12
      1520.00  2.60551e-12
      1530.00  2.62055e-12
      1540.00  2.63896e-12
      1550.00  2.66105e-12
      1560.00  2.68705e-12
      1570.00  2.71715e-12
      1580.00  2.75149e-12
      1590.00  2.79019e-12
      1600.00  2.83330e-12
      1610.00  2.88088e-12
      1620.00  2.93297e-12
      1630.00  2.98958e-12
      1640.00  3.05070e-12
      1650.00  3.11634e-12
      1660.00  3.18648e-12
      1670.00  3.26110e-12
      1680.00  3.34016e-12
      1690.00  3.42362e-12
      1700.00  3.51143e-12
      1710.00  3.60354e-12
      1720.00  3.69985e-12
      1730.00  3.80028e-12
      1740.00  3.90474e-12
      1750.00  4.01309e-12
      1760.00  4.12519e-12
      1770.00  4.24088e-12
      1780.00  4.35998e-12
      1790.00  4.48228e-12
      1800.00  4.60754e-12
      1810.00  4.73550e-12
      1820.00  4.86588e-12
      1830.00  4.99837e-12
      1840.00  5.13261e-12
      1850.00  5.26823e-12
      1860.00  5.40484e-12
      1870.00  5.54198e-12
      1880.00  5.67922e-12
      1890.00  5.81606e-12
      1900.00  5.95200e-12
      1910.00  6.08650e-12
      1920.00  6.21904e-12
      1930.00  6.34906e-12
      1940.00  6.47603e-12
      1950.00  6.59941e-12
      1960.00  6.71868e-12
      1970.00  6.83335e-12
      1980.00  6.94296e-12
      1990.00  7.04712e-12
      2000.00  7.14547e-12
      2010.00  7.23770e-12
      2020.00  7.32359e-12
      2030.00  7.40297e-12
      2040.00  7.47574e-12
      2050.00  7.54187e-12
      2060.00  7.60139e-12
      2070.00  7.65438e-12
      2080.00  7.70099e-12
      2090.00  7.74142e-12
      2100.00  7.77590e-12
      2110.00  7.80470e-12
      2120.00  7.82814e-12
      2130.00  7.84655e-12
      2140.00  7.86029e-12
      2150.00  7.86975e-12
      2160.00  7.87531e-12
      2170.00  7.87739e-12
      2180.00  7.87641e-12
      2190.00  7.87281e-12
      2200.00  7.86704e-12
      2210.00  7.85952e-12
      2220.00  7.85073e-12
      2230.00  7.84112e-12
      2240.00  7.83115e-12
      2250.00  7.82128e-12
      2260.00  7.81198e-12
      2270.00  7.80372e-12
      2280.00  7.79697e-12
      2290.00  7.79218e-12
      2300.00  7.78984e-12
      2310.00  7.79040e-12
      2320.00  7.79434e-12
      2330.00  7.80215e-12
      2340.00  7.81434e-12
      2350.00  7.83151e-12
      2360.00  7.85432e-12
      2370.00  7.88364e-12
      2380.00  7.92058e-12
      2390.00  7.96661e-12
      2400.00  8.02371e-12
      2410.00  8.09441e-12
      2420.00  8.18193e-12
      2430.00  8.29018e-12
      2440.00  8.42362e-12
      2450.00  8.58708e-12
      2460.00  8.78530e-12
      2470.00  9.02240e-12
      2480.00  9.30120e-12
      2490.00  9.62245e-12
      2500.00  9.98416e-12
      2510.00  1.03812e-11
      2520.00  1.08049e-11
      2530.00  1.12437e-11
      2540.00  1.16836e-11
      2550.00  1.21090e-11
      2560.00  1.25047e-11
      2570.00  1.28566e-11
      2580.00  1.31534e-11
      2590.00  1.33871e-11
      2600.00  1.35538e-11
      2610.00  1.36532e-11
      2620.00  1.36884e-11
      2630.00  1.36653e-11
      2640.00  1.35913e-11
      2650.00  1.34733e-11
      2660.00  1.32422e-11
      2670.00  1.23104e-11
      2680.00  1.17031e-11
      2690.00  1.60720e-11
      2700.00  2.56383e-11
      2710.00  3.69287e-11
      2720.00  4.47557e-11
      2730.00  4.74158e-11
      2740.00  4.82602e-11
      2750.00  4.93398e-11
      2760.00  4.97649e-11
      2770.00  4.97688e-11
      2780.00  5.10798e-11
      2790.00  5.48515e-11
      2800.00  5.66011e-11
      2810.00  5.64208e-11
      2820.00  5.55265e-11
      2830.00  5.30242e-11
      2840.00  5.07801e-11
      2850.00  5.07429e-11
      2860.00  5.10688e-11
      2870.00  5.12565e-11
      2880.00  5.19332e-11
      2890.00  5.51571e-11
      2900.00  6.08780e-11
      2910.00  6.69956e-11
      2920.00  7.29001e-11
      2930.00  7.71496e-11
      2940.00  7.83666e-11
      2950.00  7.60307e-11
      2960.00  7.31757e-11
      2970.00  7.13978e-11
      2980.00  6.99778e-11
      2990.00  6.71869e-11
      3000.00  6.27392e-11
      3010.00  5.86068e-11
      3020.00  5.59265e-11
      3030.00  5.58900e-11
      3040.00  5.71285e-11
      3050.00  5.77619e-11
      3060.00  5.77962e-11
      3070.00  5.80366e-11
      3080.00  5.90777e-11
      3090.00  5.82098e-11
      3100.00  5.57273e-11
      3110.00  5.62369e-11
      3120.00  5.91998e-11
      3130.00  6.10755e-11
      3140.00  6.20515e-11
      3150.00  6.30326e-11
      3160.00  6.50484e-11
      3170.00  6.89501e-11
      3180.00  7.46613e-11
      3190.00  8.00150e-11
      3200.00  8.31306e-11
      3210.00  8.24523e-11
      3220.00  7.88900e-11
      3230.00  7.40303e-11
      3240.00  6.98926e-11
      3250.00  6.65328e-11
      3260.00  6.35019e-11
      3270.00  6.11779e-11
      3280.00  5.94490e-11
      3290.00  5.81892e-11
      3300.00  5.75434e-11
      3310.00  5.76767e-11
      3320.00  5.84117e-11
      3330.00  5.90181e-11
      3340.00  5.93375e-11
      3350.00  5.93562e-11
      3360.00  5.98315e-11
      3370.00  6.18808e-11
      3380.00  6.48262e-11
      3390.00  6.78467e-11
      3400.00  7.10046e-11
      3410.00  7.47497e-11
      3420.00  7.89393e-11
      3430.00  8.22019e-11
      3440.00  8.38602e-11
      3450.00  8.41653e-11
      3460.00  8.34738e-11
      3470.00  8.25774e-11
      3480.00  8.18635e-11
      3490.00  8.14668e-11
      3500.00  8.20011e-11
      3510.00  8.41944e-11
      3520.00  8.75287e-11
      3530.00  9.13232e-11
      3540.00  9.52954e-11
      3550.00  9.90609e-11
      3560.00  1.02394e-10
      3570.00  1.05650e-10
      3580.00  1.09139e-10
      3590.00  1.12470e-10
      3600.00  1.14958e-10
      3610.00  1.16398e-10
      3620.00  1.17307e-10
      3630.00  1.18212e-10
      3640.00  1.19486e-10
      3650.00  1.21857e-10
      3660.00  1.26585e-10
      3670.00  1.34406e-10
      3680.00  1.44416e-10
      3690.00  1.55690e-10
      3700.00  1.67891e-10
      3710.00  1.80578e-10
      3720.00  1.91329e-10
      3730.00  1.95166e-10
      3740.00  1.90338e-10
      3750.00  1.78505e-10
      3760.00  1.61675e-10
      3770.00  1.41985e-10
      3780.00  1.21873e-10
      3790.00  1.03116e-10
      3800.00  8.61852e-11
      3810.00  7.26502e-11
      3820.00  6.61517e-11
      3830.00  6.86076e-11
      3840.00  7.98473e-11
      3850.00  9.82692e-11
      3860.00  1.20439e-10
      3870.00  1.42716e-10
      3880.00  1.63474e-10
      3890.00  1.83624e-10
      3900.00  2.05263e-10
      3910.00  2.29237e-10
      3920.00  2.53503e-10
      3930.00  2.74214e-10
      3940.00  2.88405e-10
      3950.00  2.95480e-10
      3960.00  2.96953e-10
      3970.00  2.95401e-10
      3980.00  2.92939e-10
      3990.00  2.89825e-10
      4000.00  2.84567e-10
      4010.00  2.75743e-10
      4020.00  2.63585e-10
      4030.00  2.49589e-10
      4040.00  2.35164e-10
      4050.00  2.21344e-10
      4060.00  2.09306e-10
      4070.00  2.00050e-10
      4080.00  1.93428e-10
      4090.00  1.88253e-10
      4100.00  1.83719e-10
      4110.00  1.80313e-10
      4120.00  1.79023e-10
      4130.00  1.80032e-10
      4140.00  1.82489e-10
      4150.00  1.85358e-10
      4160.00  1.88184e-10
      4170.00  1.91091e-10
      4180.00  1.94330e-10
      4190.00  1.97908e-10
      4200.00  2.01514e-10
      4210.00  2.04655e-10
      4220.00  2.07013e-10
      4230.00  2.08770e-10
      4240.00  2.10464e-10
      4250.00  2.12487e-10
      4260.00  2.14896e-10
      4270.00  2.17725e-10
      4280.00  2.21240e-10
      4290.00  2.25651e-10
      4300.00  2.30646e-10
      4310.00  2.35364e-10
      4320.00  2.38713e-10
      4330.00  2.39551e-10
      4340.00  2.36795e-10
      4350.00  2.29851e-10
      4360.00  2.19104e-10
      4370.00  2.05825e-10
      4380.00  1.91505e-10
      4390.00  1.77351e-10
      4400.00  1.64341e-10
      4410.00  1.53396e-10
      4420.00  1.45280e-10
      4430.00  1.40427e-10
      4440.00  1.39030e-10
      4450.00  1.41253e-10
      4460.00  1.47175e-10
      4470.00  1.56515e-10
      4480.00  1.68624e-10
      4490.00  1.82864e-10
      4500.00  1.98967e-10
      4510.00  2.17006e-10
      4520.00  2.37083e-10
      4530.00  2.59093e-10
      4540.00  2.82697e-10
      4550.00  3.07386e-10
      4560.00  3.32473e-10
      4570.00  3.57059e-10
      4580.00  3.80146e-10
      4590.00  4.00841e-10
      4600.00  4.18444e-10
      4610.00  4.32387e-10
      4620.00  4.42201e-10
      4630.00  4.47484e-10
      4640.00  4.47856e-10
      4650.00  4.42974e-10
      4660.00  4.32726e-10
      4670.00  4.17485e-10
      4680.00  3.98173e-10
      4690.00  3.76009e-10
      4700.00  3.52186e-10
      4710.00  3.27797e-10
      4720.00  3.03907e-10
      4730.00  2.81448e-10
      4740.00  2.60939e-10
      4750.00  2.42436e-10
      4760.00  2.25935e-10
      4770.00  2.11828e-10
      4780.00  2.00919e-10
      4790.00  1.93941e-10
      4800.00  1.91020e-10
      4810.00  1.91466e-10
      4820.00  1.93923e-10
      4830.00  1.96797e-10
      4840.00  1.98827e-10
      4850.00  1.99618e-10
      4860.00  1.99849e-10
      4870.00  2.00924e-10
      4880.00  2.04258e-10
      4890.00  2.10664e-10
      4900.00  2.20181e-10
      4910.00  2.32244e-10
      4920.00  2.45903e-10
      4930.00  2.59895e-10
      4940.00  2.72594e-10
      4950.00  2.82082e-10
      4960.00  2.86488e-10
      4970.00  2.84539e-10
      4980.00  2.76070e-10
      4990.00  2.62214e-10
      5000.00  2.45152e-10
      5010.00  2.27516e-10
      5020.00  2.11641e-10
      5030.00  1.99027e-10
      5040.00  1.90172e-10
      5050.00  1.84792e-10
      5060.00  1.82228e-10
      5070.00  1.81803e-10
      5080.00  1.82984e-10
      5090.00  1.85338e-10
      5100.00  1.88421e-10
      5110.00  1.91764e-10
      5120.00  1.94936e-10
      5130.00  1.97665e-10
      5140.00  1.99926e-10
      5150.00  2.01965e-10
      5160.00  2.04194e-10
      5170.00  2.07019e-10
      5180.00  2.10703e-10
      5190.00  2.15341e-10
      5200.00  2.20911e-10
      5210.00  2.27330e-10
      5220.00  2.34456e-10
      5230.00  2.42093e-10
      5240.00  2.50002e-10
      5250.00  2.57960e-10
      5260.00  2.65789e-10
      5270.00  2.73350e-10
      5280.00  2.80513e-10
      5290.00  2.87131e-10
      5300.00  2.93056e-10
      5310.00  2.98159e-10
      5320.00  3.02359e-10
      5330.00  3.05622e-10
      5340.00  3.07947e-10
      5350.00  3.09329e-10
      5360.00  3.09731e-10
      5370.00  3.09064e-10
      5380.00  3.07203e-10
      5390.00  3.04049e-10
      5400.00  2.99680e-10
      5410.00  2.94469e-10
      5420.00  2.89045e-10
      5430.00  2.84115e-10
      5440.00  2.80279e-10
      5450.00  2.77915e-10
      5460.00  2.77126e-10
      5470.00  2.77735e-10
      5480.00  2.79319e-10
      5490.00  2.81283e-10
      5500.00  2.82979e-10
      5510.00  2.83798e-10
      5520.00  2.83225e-10
      5530.00  2.80851e-10
      5540.00  2.76391e-10
      5550.00  2.69714e-10
      5560.00  2.60877e-10
      5570.00  2.50120e-10
      5580.00  2.37809e-10
      5590.00  2.24375e-10
      5600.00  2.10249e-10
      5610.00  1.95816e-10
      5620.00  1.81416e-10
      5630.00  1.67370e-10
      5640.00  1.54022e-10
      5650.00  1.41777e-10
      5660.00  1.31104e-10
      5670.00  1.22515e-10
      5680.00  1.16524e-10
      5690.00  1.13588e-10
      5700.00  1.14050e-10
      5710.00  1.18092e-10
      5720.00  1.25712e-10
      5730.00  1.36731e-10
      5740.00  1.50790e-10
      5750.00  1.67358e-10
      5760.00  1.85755e-10
      5770.00  2.05184e-10
      5780.00  2.24791e-10
      5790.00  2.43733e-10
      5800.00  2.61237e-10
      5810.00  2.76653e-10
      5820.00  2.89488e-10
      5830.00  2.99444e-10
      5840.00  3.06440e-10
      5850.00  3.10590e-10
      5860.00  3.12143e-10
      5870.00  3.11424e-10
      5880.00  3.08781e-10
      5890.00  3.04536e-10
      5900.00  2.98933e-10
      5910.00  2.92102e-10
      5920.00  2.84081e-10
      5930.00  2.74878e-10
      5940.00  2.64544e-10
      5950.00  2.53216e-10
      5960.00  2.41126e-10
      5970.00  2.28595e-10
      5980.00  2.16014e-10
      5990.00  2.03805e-10
      6000.00  1.92384e-10
      6010.00  1.82120e-10
      6020.00  1.73310e-10
      6030.00  1.66157e-10
      6040.00  1.60755e-10
      6050.00  1.57072e-10
      6060.00  1.54944e-10
      6070.00  1.54102e-10
      6080.00  1.54221e-10
      6090.00  1.54995e-10
      6100.00  1.56188e-10
      6110.00  1.57663e-10
      6120.00  1.59360e-10
      6130.00  1.61265e-10
      6140.00  1.63367e-10
      6150.00  1.65625e-10
      6160.00  1.67953e-10
      6170.00  1.70210e-10
      6180.00  1.72201e-10
      6190.00  1.73689e-10
      6200.00  1.74425e-10
      6210.00  1.74170e-10
      6220.00  1.72738e-10
      6230.00  1.70023e-10
      6240.00  1.66033e-10
      6250.00  1.60909e-10
      6260.00  1.54922e-10
      6270.00  1.48457e-10
      6280.00  1.41966e-10
      6290.00  1.35918e-10
      6300.00  1.30748e-10
      6310.00  1.26818e-10
      6320.00  1.24390e-10
      6330.00  1.23605e-10
      6340.00  1.24478e-10
      6350.00  1.26919e-10
      6360.00  1.30774e-10
      6370.00  1.35872e-10
      6380.00  1.42075e-10
      6390.00  1.49293e-10
      6400.00  1.57415e-10
      6410.00  1.66150e-10
      6420.00  1.74941e-10
      6430.00  1.83134e-10
      6440.00  1.90258e-10
      6450.00  1.96134e-10
      6460.00  2.00744e-10
      6470.00  2.04069e-10
      6480.00  2.06045e-10
      6490.00  2.06600e-10
      6500.00  2.05707e-10
      6510.00  2.03396e-10
      6520.00  1.99746e-10
      6530.00  1.94874e-10
      6540.00  1.88921e-10
      6550.00  1.82046e-10
      6560.00  1.74424e-10
      6570.00  1.66231e-10
      6580.00  1.57641e-10
      6590.00  1.48815e-10
      6600.00  1.39913e-10
      6610.00  1.31097e-10
      6620.00  1.22533e-10
      6630.00  1.14372e-10
      6640.00  1.06731e-10
      6650.00  9.96846e-11
      6660.00  9.32607e-11
      6670.00  8.74531e-11
      6680.00  8.22376e-11
      6690.00  7.75863e-11
      6700.00  7.34776e-11
      6710.00  6.98968e-11
      6720.00  6.68323e-11
      6730.00  6.42697e-11
      6740.00  6.21891e-11
      6750.00  6.05654e-11
      6760.00  5.93699e-11
      6770.00  5.85707e-11
      6780.00  5.81326e-11
      6790.00  5.80207e-11
      6800.00  5.82051e-11
      6810.00  5.86648e-11
      6820.00  5.93871e-11
      6830.00  6.03649e-11
      6840.00  6.15938e-11
      6850.00  6.30714e-11
      6860.00  6.47971e-11
      6870.00  6.67639e-11
      6880.00  6.89462e-11
      6890.00  7.12860e-11
      6900.00  7.36867e-11
      6910.00  7.60198e-11
      6920.00  7.81479e-11
      6930.00  7.99552e-11
      6940.00  8.13739e-11
      6950.00  8.23986e-11
      6960.00  8.30837e-11
      6970.00  8.35288e-11
      6980.00  8.38557e-11
      6990.00  8.41851e-11
      7000.00  8.46161e-11
      7010.00  8.52146e-11
      7020.00  8.60112e-11
      7030.00  8.70064e-11
      7040.00  8.81799e-11
      7050.00  8.94982e-11
      7060.00  9.09198e-11
      7070.00  9.23996e-11
      7080.00  9.38948e-11
      7090.00  9.53720e-11
      7100.00  9.68129e-11
      7110.00  9.82168e-11
      7120.00  9.95977e-11
      7130.00  1.00978e-10
      7140.00  1.02377e-10
      7150.00  1.03808e-10
      7160.00  1.05278e-10
      7170.00  1.06789e-10
      7180.00  1.08334e-10
      7190.00  1.09899e-10
      7200.00  1.11459e-10
      7210.00  1.12972e-10
      7220.00  1.14380e-10
      7230.00  1.15615e-10
      7240.00  1.16604e-10
      7250.00  1.17290e-10
      7260.00  1.17642e-10
      7270.00  1.17671e-10
      7280.00  1.17430e-10
      7290.00  1.17001e-10
      7300.00  1.16479e-10
      7310.00  1.15862e-10
      7320.00  1.15144e-10
      7330.00  1.14464e-10
      7340.00  1.13808e-10
      7350.00  1.13152e-10
      7360.00  1.12470e-10
      7370.00  1.11751e-10
      7380.00  1.10994e-10
      7390.00  1.10210e-10
      7400.00  1.09414e-10
      7410.00  1.08610e-10
      7420.00  1.07781e-10
      7430.00  1.06888e-10
      7440.00  1.05879e-10
      7450.00  1.04700e-10
      7460.00  1.03309e-10
      7470.00  1.01686e-10
      7480.00  9.98461e-11
      7490.00  9.78403e-11
      7500.00  9.57490e-11
      7510.00  9.36610e-11
      7520.00  9.16481e-11
      7530.00  8.97490e-11
      7540.00  8.79705e-11
      7550.00  8.63054e-11
      7560.00  8.47544e-11
      7570.00  8.33406e-11
      7580.00  8.21123e-11
      7590.00  8.11339e-11
      7600.00  8.04687e-11
      7610.00  8.01609e-11
      7620.00  8.02236e-11
      7630.00  8.06448e-11
      7640.00  8.14017e-11
      7650.00  8.24678e-11
      7660.00  8.37999e-11
      7670.00  8.53166e-11
      7680.00  8.68917e-11
      7690.00  8.83721e-11
      7700.00  8.96085e-11
      7710.00  9.04808e-11
      7720.00  9.09095e-11
      7730.00  9.08546e-11
      7740.00  9.03104e-11
      7750.00  8.93015e-11
      7760.00  8.78814e-11
      7770.00  8.61326e-11
      7780.00  8.41608e-11
      7790.00  8.20835e-11
      7800.00  8.00109e-11
      7810.00  7.80272e-11
      7820.00  7.61772e-11
      7830.00  7.44620e-11
      7840.00  7.28444e-11
      7850.00  7.12600e-11
      7860.00  6.96327e-11
      7870.00  6.78907e-11
      7880.00  6.59824e-11
      7890.00  6.38866e-11
      7900.00  6.16181e-11
      7910.00  5.92235e-11
      7920.00  5.67735e-11
      7930.00  5.43494e-11
      7940.00  5.20297e-11
      7950.00  4.98769e-11
      7960.00  4.79274e-11
      7970.00  4.61877e-11
      7980.00  4.46384e-11
      7990.00  4.32454e-11
      8000.00  4.19733e-11
      8010.00  4.07961e-11
      8020.00  3.97015e-11
      8030.00  3.86859e-11
      8040.00  3.77454e-11
      8050.00  3.68671e-11
      8060.00  3.60246e-11
      8070.00  3.51804e-11
      8080.00  3.42943e-11
      8090.00  3.33315e-11
      8100.00  3.22690e-11
      8110.00  3.10977e-11
      8120.00  2.98209e-11
      8130.00  2.84524e-11
      8140.00  2.70154e-11
      8150.00  2.55434e-11
      8160.00  2.40806e-11
      8170.00  2.26811e-11
      8180.00  2.14034e-11
      8190.00  2.03025e-11
      8200.00  1.94202e-11
      8210.00  1.87764e-11
      8220.00  1.83665e-11
      8230.00  1.81638e-11
      8240.00  1.81278e-11
      8250.00  1.82143e-11
      8260.00  1.83843e-11
      8270.00  1.86092e-11
      8280.00  1.88726e-11
      8290.00  1.91685e-11
      8300.00  1.94995e-11
      8310.00  1.98738e-11
      8320.00  2.03031e-11
      8330.00  2.08008e-11
      8340.00  2.13816e-11
      8350.00  2.20619e-11
      8360.00  2.28614e-11
      8370.00  2.38031e-11
      8380.00  2.49107e-11
      8390.00  2.62044e-11
      8400.00  2.76937e-11
      8410.00  2.93731e-11
      8420.00  3.12205e-11
      8430.00  3.31991e-11
      8440.00  3.52621e-11
      8450.00  3.73562e-11
      8460.00  3.94230e-11
      8470.00  4.14002e-11
      8480.00  4.32237e-11
      8490.00  4.48336e-11
      8500.00  4.61845e-11
      8510.00  4.72561e-11
      8520.00  4.80606e-11
      8530.00  4.86417e-11
      8540.00  4.90651e-11
      8550.00  4.94030e-11
      8560.00  4.97169e-11
      8570.00  5.00461e-11
      8580.00  5.04025e-11
      8590.00  5.07750e-11
      8600.00  5.11410e-11
      8610.00  5.14803e-11
      8620.00  5.17875e-11
      8630.00  5.20773e-11
      8640.00  5.23823e-11
      8650.00  5.27429e-11
      8660.00  5.31943e-11
      8670.00  5.37558e-11
      8680.00  5.44252e-11
      8690.00  5.51791e-11
      8700.00  5.59781e-11
      8710.00  5.67763e-11
      8720.00  5.75312e-11
      8730.00  5.82143e-11
      8740.00  5.88167e-11
      8750.00  5.93502e-11
      8760.00  5.98373e-11
      8770.00  6.02964e-11
      8780.00  6.07249e-11
      8790.00  6.10909e-11
      8800.00  6.13374e-11
      8810.00  6.13974e-11
      8820.00  6.12141e-11
      8830.00  6.07580e-11
      8840.00  6.00344e-11
      8850.00  5.90815e-11
      8860.00  5.79587e-11
      8870.00  5.67311e-11
      8880.00  5.54564e-11
      8890.00  5.41761e-11
      8900.00  5.29146e-11
      8910.00  5.16830e-11
      8920.00  5.04850e-11
      8930.00  4.93224e-11
      8940.00  4.81987e-11
      8950.00  4.71204e-11
      8960.00  4.60971e-11
      8970.00  4.51407e-11
      8980.00  4.42652e-11
      8990.00  4.34860e-11
      9000.00  4.28209e-11
      9010.00  4.22890e-11
      9020.00  4.19102e-11
      9030.00  4.17024e-11
      9040.00  4.16790e-11
      9050.00  4.18468e-11
      9060.00  4.22056e-11
      9070.00  4.27494e-11
      9080.00  4.34700e-11
      9090.00  4.43585e-11
      9100.00  4.54065e-11
      9110.00  4.66042e-11
      9120.00  4.79370e-11
      9130.00  4.93844e-11
      9140.00  5.09206e-11
      9150.00  5.25191e-11
      9160.00  5.41580e-11
      9170.00  5.58239e-11
      9180.00  5.75109e-11
      9190.00  5.92152e-11
      9200.00  6.09267e-11
      9210.00  6.26224e-11
      9220.00  6.42662e-11
      9230.00  6.58155e-11
      9240.00  6.72346e-11
      9250.00  6.85069e-11
      9260.00  6.96400e-11
      9270.00  7.06570e-11
      9280.00  7.15794e-11
      9290.00  7.24102e-11
      9300.00  7.31302e-11
      9310.00  7.37092e-11
      9320.00  7.41246e-11
      9330.00  7.43750e-11
      9340.00  7.44801e-11
      9350.00  7.44708e-11
      9360.00  7.43780e-11
      9370.00  7.42243e-11
      9380.00  7.40229e-11
      9390.00  7.37798e-11
      9400.00  7.34966e-11
      9410.00  7.31730e-11
      9420.00  7.28083e-11
      9430.00  7.24017e-11
      9440.00  7.19534e-11
      9450.00  7.14636e-11
      9460.00  7.09337e-11
      9470.00  7.03654e-11
      9480.00  6.97612e-11
      9490.00  6.91241e-11
      9500.00  6.84576e-11
      9510.00  6.77660e-11
      9520.00  6.70535e-11
      9530.00  6.63249e-11
      9540.00  6.55853e-11
      9550.00  6.48397e-11
      9560.00  6.40933e-11
      9570.00  6.33513e-11
      9580.00  6.26186e-11
      9590.00  6.19002e-11
      9600.00  6.12006e-11
      9610.00  6.05242e-11
      9620.00  5.98749e-11
      9630.00  5.92563e-11
      9640.00  5.86715e-11
      9650.00  5.81235e-11
      9660.00  5.76147e-11
      9670.00  5.71472e-11
      9680.00  5.67229e-11
      9690.00  5.63434e-11
      9700.00  5.60102e-11
      9710.00  5.57246e-11
      9720.00  5.54876e-11
      9730.00  5.53003e-11
      9740.00  5.51633e-11
      9750.00  5.50770e-11
      9760.00  5.50414e-11
      9770.00  5.50560e-11
      9780.00  5.51198e-11
      9790.00  5.52308e-11
      9800.00  5.53864e-11
      9810.00  5.55832e-11
      9820.00  5.58167e-11
      9830.00  5.60820e-11
      9840.00  5.63735e-11
      9850.00  5.66849e-11
      9860.00  5.70099e-11
      9870.00  5.73424e-11
      9880.00  5.76764e-11
      9890.00  5.80066e-11
      9900.00  5.83285e-11
      9910.00  5.86385e-11
      9920.00  5.89345e-11
      9930.00  5.92153e-11
      9940.00  5.94808e-11
      9950.00  5.97321e-11
      9960.00  5.99710e-11
      9970.00  6.01998e-11
      9980.00  6.04208e-11
      9990.00  6.06363e-11
      10000.0  6.08479e-11
      10010.0  6.10564e-11
      10020.0  6.12612e-11
      10030.0  6.14604e-11
      10040.0  6.16507e-11
      10050.0  6.18272e-11
      10060.0  6.19840e-11
      10070.0  6.21138e-11
      10080.0  6.22090e-11
      10090.0  6.22618e-11
      10100.0  6.22647e-11
      10110.0  6.22111e-11
      10120.0  6.20959e-11
      10130.0  6.19155e-11
      10140.0  6.16685e-11
      10150.0  6.13557e-11
      10160.0  6.09800e-11
      10170.0  6.05464e-11
      10180.0  6.00616e-11
      10190.0  5.95336e-11
      10200.0  5.89712e-11
      10210.0  5.83839e-11
      10220.0  5.77807e-11
      10230.0  5.71701e-11
      10240.0  5.65598e-11
      10250.0  5.59561e-11
      10260.0  5.53640e-11
      10270.0  5.47868e-11
      10280.0  5.42268e-11
      10290.0  5.36847e-11
      10300.0  5.31601e-11
      10310.0  5.26518e-11
      10320.0  5.21579e-11
      10330.0  5.16759e-11
      10340.0  5.12031e-11
      10350.0  5.07366e-11
      10360.0  5.02735e-11
      10370.0  4.98110e-11
      10380.0  4.93461e-11
      10390.0  4.88762e-11
      10400.0  4.83986e-11
      10410.0  4.79109e-11
      10420.0  4.74104e-11
      10430.0  4.68951e-11
      10440.0  4.63627e-11
      10450.0  4.58112e-11
      10460.0  4.52390e-11
      10470.0  4.46447e-11
      10480.0  4.40273e-11
      10490.0  4.33860e-11
      10500.0  4.27209e-11
      10510.0  4.20321e-11
      10520.0  4.13208e-11
      10530.0  4.05883e-11
      10540.0  3.98366e-11
      10550.0  3.90685e-11
      10560.0  3.82869e-11
      10570.0  3.74955e-11
      10580.0  3.66982e-11
      10590.0  3.58992e-11
      10600.0  3.51029e-11
      10610.0  3.43141e-11
      10620.0  3.35373e-11
      10630.0  3.27769e-11
      10640.0  3.20375e-11
      10650.0  3.13228e-11
      10660.0  3.06367e-11
      10670.0  2.99823e-11
      10680.0  2.93621e-11
      10690.0  2.87783e-11
      10700.0  2.82321e-11
      10710.0  2.77242e-11
      10720.0  2.72547e-11
      10730.0  2.68230e-11
      10740.0  2.64278e-11
      10750.0  2.60672e-11
      10760.0  2.57390e-11
      10770.0  2.54403e-11
      10780.0  2.51680e-11
      10790.0  2.49187e-11
      10800.0  2.46890e-11
      10810.0  2.44751e-11
      10820.0  2.42737e-11
      10830.0  2.40812e-11
      10840.0  2.38945e-11
      10850.0  2.37105e-11
      10860.0  2.35268e-11
      10870.0  2.33410e-11
      10880.0  2.31513e-11
      10890.0  2.29562e-11
      10900.0  2.27546e-11
      10910.0  2.25458e-11
      10920.0  2.23294e-11
      10930.0  2.21053e-11
      10940.0  2.18736e-11
      10950.0  2.16345e-11
      10960.0  2.13883e-11
      10970.0  2.11357e-11
      10980.0  2.08769e-11
      10990.0  2.06123e-11
      11000.0  2.03423e-11
      11010.0  2.00670e-11
      11020.0  1.97865e-11
      11030.0  1.95006e-11
      11040.0  1.92091e-11
      11050.0  1.89117e-11
      11060.0  1.86078e-11
      11070.0  1.82969e-11
      11080.0  1.79784e-11
      11090.0  1.76517e-11
      11100.0  1.73164e-11
      11110.0  1.69720e-11
      11120.0  1.66183e-11
      11130.0  1.62553e-11
      11140.0  1.58831e-11
      11150.0  1.55021e-11
      11160.0  1.51131e-11
      11170.0  1.47172e-11
      11180.0  1.43156e-11
      11190.0  1.39099e-11
      11200.0  1.35019e-11
      11210.0  1.30937e-11
      11220.0  1.26874e-11
      11230.0  1.22854e-11
      11240.0  1.18901e-11
      11250.0  1.15039e-11
      11260.0  1.11290e-11
      11270.0  1.07677e-11
      11280.0  1.04219e-11
      11290.0  1.00936e-11
      11300.0  9.78426e-12
      11310.0  9.49510e-12
      11320.0  9.22709e-12
      11330.0  8.98083e-12
      11340.0  8.75659e-12
      11350.0  8.55429e-12
      11360.0  8.37355e-12
      11370.0  8.21368e-12
      11380.0  8.07369e-12
      11390.0  7.95238e-12
      11400.0  7.84829e-12
      11410.0  7.75980e-12
      11420.0  7.68514e-12
      11430.0  7.62242e-12
      11440.0  7.56968e-12
      11450.0  7.52493e-12
      11460.0  7.48615e-12
      11470.0  7.45137e-12
      11480.0  7.41866e-12
      11490.0  7.38620e-12
      11500.0  7.35226e-12
      11510.0  7.31528e-12
      11520.0  7.27382e-12
      11530.0  7.22667e-12
      11540.0  7.17279e-12
      11550.0  7.11135e-12
      11560.0  7.04175e-12
      11570.0  6.96362e-12
      11580.0  6.87681e-12
      11590.0  6.78138e-12
      11600.0  6.67761e-12
      11610.0  6.56600e-12
      11620.0  6.44721e-12
      11630.0  6.32207e-12
      11640.0  6.19155e-12
      11650.0  6.05673e-12
      11660.0  5.91878e-12
      11670.0  5.77894e-12
      11680.0  5.63847e-12
      11690.0  5.49862e-12
      11700.0  5.36063e-12
      11710.0  5.22570e-12
      11720.0  5.09492e-12
      11730.0  4.96933e-12
      11740.0  4.84982e-12
      11750.0  4.73717e-12
      11760.0  4.63203e-12
      11770.0  4.53490e-12
      11780.0  4.44613e-12
      11790.0  4.36591e-12
      11800.0  4.29430e-12
      11810.0  4.23121e-12
      11820.0  4.17642e-12
      11830.0  4.12957e-12
      11840.0  4.09020e-12
      11850.0  4.05776e-12
      11860.0  4.03162e-12
      11870.0  4.01105e-12
      11880.0  3.99532e-12
      11890.0  3.98364e-12
      11900.0  3.97522e-12
      11910.0  3.96927e-12
      11920.0  3.96505e-12
      11930.0  3.96182e-12
      11940.0  3.95893e-12
      11950.0  3.95578e-12
      11960.0  3.95186e-12
      11970.0  3.94675e-12
      11980.0  3.94013e-12
      11990.0  3.93178e-12
      12000.0  3.92159e-12
      12010.0  3.90955e-12
      12020.0  3.89577e-12
      12030.0  3.88044e-12
      12040.0  3.86386e-12
      12050.0  3.84642e-12
      12060.0  3.82858e-12
      12070.0  3.81087e-12
      12080.0  3.79386e-12
      12090.0  3.77819e-12
      12100.0  3.76449e-12
      12110.0  3.75344e-12
      12120.0  3.74572e-12
      12130.0  3.74198e-12
      12140.0  3.74288e-12
      12150.0  3.74903e-12
      12160.0  3.76101e-12
      12170.0  3.77937e-12
      12180.0  3.80458e-12
      12190.0  3.83709e-12
      12200.0  3.87726e-12
      12210.0  3.92540e-12
      12220.0  3.98177e-12
      12230.0  4.04653e-12
      12240.0  4.11980e-12
      12250.0  4.20164e-12
      12260.0  4.29203e-12
      12270.0  4.39090e-12
      12280.0  4.49810e-12
      12290.0  4.61346e-12
      12300.0  4.73673e-12
      12310.0  4.86762e-12
      12320.0  5.00580e-12
      12330.0  5.15087e-12
      12340.0  5.30242e-12
      12350.0  5.46000e-12
      12360.0  5.62309e-12
      12370.0  5.79118e-12
      12380.0  5.96368e-12
      12390.0  6.14000e-12
      12400.0  6.31948e-12
      12410.0  6.50145e-12
      12420.0  6.68518e-12
      12430.0  6.86990e-12
      12440.0  7.05483e-12
      12450.0  7.23910e-12
      12460.0  7.42186e-12
      12470.0  7.60218e-12
      12480.0  7.77915e-12
      12490.0  7.95181e-12
      12500.0  8.11921e-12
      12510.0  8.28041e-12
      12520.0  8.43447e-12
      12530.0  8.58052e-12
      12540.0  8.71771e-12
      12550.0  8.84527e-12
      12560.0  8.96250e-12
      12570.0  9.06881e-12
      12580.0  9.16370e-12
      12590.0  9.24678e-12
      12600.0  9.31781e-12
      12610.0  9.37665e-12
      12620.0  9.42329e-12
      12630.0  9.45784e-12
      12640.0  9.48053e-12
      12650.0  9.49169e-12
      12660.0  9.49175e-12
      12670.0  9.48122e-12
      12680.0  9.46066e-12
      12690.0  9.43069e-12
      12700.0  9.39196e-12
      12710.0  9.34512e-12
      12720.0  9.29083e-12
      12730.0  9.22973e-12
      12740.0  9.16245e-12
      12750.0  9.08956e-12
      12760.0  9.01159e-12
      12770.0  8.92904e-12
      12780.0  8.84234e-12
      12790.0  8.75188e-12
      12800.0  8.65800e-12
      12810.0  8.56098e-12
      12820.0  8.46109e-12
      12830.0  8.35854e-12
      12840.0  8.25350e-12
      12850.0  8.14615e-12
      12860.0  8.03662e-12
      12870.0  7.92504e-12
      12880.0  7.81153e-12
      12890.0  7.69623e-12
      12900.0  7.57925e-12
      12910.0  7.46073e-12
      12920.0  7.34080e-12
      12930.0  7.21962e-12
      12940.0  7.09736e-12
      12950.0  6.97420e-12
      12960.0  6.85036e-12
      12970.0  6.72605e-12
      12980.0  6.60152e-12
      12990.0  6.47704e-12
      13000.0  6.35290e-12
      13010.0  6.22940e-12
      13020.0  6.10688e-12
      13030.0  5.98570e-12
      13040.0  5.86621e-12
      13050.0  5.74879e-12
      13060.0  5.63385e-12
      13070.0  5.52179e-12
      13080.0  5.41302e-12
      13090.0  5.30794e-12
      13100.0  5.20696e-12
      13110.0  5.11048e-12
      13120.0  5.01888e-12
      13130.0  4.93253e-12
      13140.0  4.85177e-12
      13150.0  4.77692e-12
      13160.0  4.70829e-12
      13170.0  4.64614e-12
      13180.0  4.59070e-12
      13190.0  4.54218e-12
      13200.0  4.50076e-12
      13210.0  4.46659e-12
      13220.0  4.43978e-12
      13230.0  4.42043e-12
      13240.0  4.40860e-12
      13250.0  4.40434e-12
      13260.0  4.40767e-12
      13270.0  4.41860e-12
      13280.0  4.43711e-12
      13290.0  4.46316e-12
      13300.0  4.49670e-12
      13310.0  4.53766e-12
      13320.0  4.58592e-12
      13330.0  4.64136e-12
      13340.0  4.70381e-12
      13350.0  4.77306e-12
      13360.0  4.84886e-12
      13370.0  4.93089e-12
      13380.0  5.01879e-12
      13390.0  5.11212e-12
      13400.0  5.21036e-12
      13410.0  5.31293e-12
      13420.0  5.41916e-12
      13430.0  5.52828e-12
      13440.0  5.63948e-12
      13450.0  5.75184e-12
      13460.0  5.86438e-12
      13470.0  5.97608e-12
      13480.0  6.08587e-12
      13490.0  6.19265e-12
      13500.0  6.29534e-12
      13510.0  6.39286e-12
      13520.0  6.48418e-12
      13530.0  6.56834e-12
      13540.0  6.64448e-12
      13550.0  6.71186e-12
      13560.0  6.76985e-12
      13570.0  6.81802e-12
      13580.0  6.85608e-12
      13590.0  6.88393e-12
      13600.0  6.90167e-12
      13610.0  6.90956e-12
      13620.0  6.90806e-12
      13630.0  6.89778e-12
      13640.0  6.87950e-12
      13650.0  6.85411e-12
      13660.0  6.82263e-12
      13670.0  6.78615e-12
      13680.0  6.74579e-12
      13690.0  6.70271e-12
      13700.0  6.65808e-12
      13710.0  6.61301e-12
      13720.0  6.56855e-12
      13730.0  6.52567e-12
      13740.0  6.48522e-12
      13750.0  6.44796e-12
      13760.0  6.41449e-12
      13770.0  6.38525e-12
      13780.0  6.36054e-12
      13790.0  6.34052e-12
      13800.0  6.32518e-12
      13810.0  6.31434e-12
      13820.0  6.30771e-12
      13830.0  6.30485e-12
      13840.0  6.30519e-12
      13850.0  6.30807e-12
      13860.0  6.31271e-12
      13870.0  6.31827e-12
      13880.0  6.32387e-12
      13890.0  6.32857e-12
      13900.0  6.33142e-12
      13910.0  6.33148e-12
      13920.0  6.32782e-12
      13930.0  6.31958e-12
      13940.0  6.30595e-12
      13950.0  6.28621e-12
      13960.0  6.25973e-12
      13970.0  6.22600e-12
      13980.0  6.18464e-12
      13990.0  6.13538e-12
      14000.0  6.07813e-12
      14010.0  6.01290e-12
      14020.0  5.93986e-12
      14030.0  5.85932e-12
      14040.0  5.77173e-12
      14050.0  5.67762e-12
      14060.0  5.57768e-12
      14070.0  5.47267e-12
      14080.0  5.36343e-12
      14090.0  5.25087e-12
      14100.0  5.13595e-12
      14110.0  5.01967e-12
      14120.0  4.90302e-12
      14130.0  4.78703e-12
      14140.0  4.67269e-12
      14150.0  4.56097e-12
      14160.0  4.45280e-12
      14170.0  4.34907e-12
      14180.0  4.25062e-12
      14190.0  4.15820e-12
      14200.0  4.07252e-12
      14210.0  3.99420e-12
      14220.0  3.92380e-12
      14230.0  3.86177e-12
      14240.0  3.80851e-12
      14250.0  3.76433e-12
      14260.0  3.72943e-12
      14270.0  3.70396e-12
      14280.0  3.68797e-12
      14290.0  3.68142e-12
      14300.0  3.68418e-12
      14310.0  3.69605e-12
      14320.0  3.71672e-12
      14330.0  3.74583e-12
      14340.0  3.78292e-12
      14350.0  3.82744e-12
      14360.0  3.87878e-12
      14370.0  3.93628e-12
      14380.0  3.99919e-12
      14390.0  4.06672e-12
      14400.0  4.13805e-12
      14410.0  4.21230e-12
      14420.0  4.28860e-12
      14430.0  4.36606e-12
      14440.0  4.44380e-12
      14450.0  4.52096e-12
      14460.0  4.59671e-12
      14470.0  4.67028e-12
      14480.0  4.74096e-12
      14490.0  4.80809e-12
      14500.0  4.87111e-12
      14510.0  4.92954e-12
      14520.0  4.98301e-12
      14530.0  5.03124e-12
      14540.0  5.07403e-12
      14550.0  5.11131e-12
      14560.0  5.14308e-12
      14570.0  5.16945e-12
      14580.0  5.19061e-12
      14590.0  5.20681e-12
      14600.0  5.21837e-12
      14610.0  5.22569e-12
      14620.0  5.22917e-12
      14630.0  5.22929e-12
      14640.0  5.22650e-12
      14650.0  5.22132e-12
      14660.0  5.21421e-12
      14670.0  5.20567e-12
      14680.0  5.19618e-12
      14690.0  5.18617e-12
      14700.0  5.17610e-12
      14710.0  5.16635e-12
      14720.0  5.15732e-12
      14730.0  5.14936e-12
      14740.0  5.14281e-12
      14750.0  5.13797e-12
      14760.0  5.13513e-12
      14770.0  5.13456e-12
      14780.0  5.13654e-12
      14790.0  5.14131e-12
      14800.0  5.14911e-12
      14810.0  5.16020e-12
      14820.0  5.17481e-12
      14830.0  5.19319e-12
      14840.0  5.21559e-12
      14850.0  5.24226e-12
      14860.0  5.27346e-12
      14870.0  5.30944e-12
      14880.0  5.35047e-12
      14890.0  5.39679e-12
      14900.0  5.44866e-12
      14910.0  5.50632e-12
      14920.0  5.56999e-12
      14930.0  5.63988e-12
      14940.0  5.71616e-12
      14950.0  5.79897e-12
      14960.0  5.88841e-12
      14970.0  5.98454e-12
      14980.0  6.08737e-12
      14990.0  6.19683e-12
      15000.0  6.31283e-12
      15010.0  6.43518e-12
      15020.0  6.56364e-12
      15030.0  6.69790e-12
      15040.0  6.83761e-12
      15050.0  6.98234e-12
      15060.0  7.13162e-12
      15070.0  7.28493e-12
      15080.0  7.44170e-12
      15090.0  7.60137e-12
      15100.0  7.76334e-12
      15110.0  7.92700e-12
      15120.0  8.09177e-12
      15130.0  8.25707e-12
      15140.0  8.42236e-12
      15150.0  8.58711e-12
      15160.0  8.75087e-12
      15170.0  8.91321e-12
      15180.0  9.07376e-12
      15190.0  9.23220e-12
      15200.0  9.38826e-12
      15210.0  9.54172e-12
      15220.0  9.69239e-12
      15230.0  9.84013e-12
      15240.0  9.98481e-12
      15250.0  1.01263e-11
      15260.0  1.02646e-11
      15270.0  1.03996e-11
      15280.0  1.05311e-11
      15290.0  1.06590e-11
      15300.0  1.07833e-11
      15310.0  1.09038e-11
      15320.0  1.10204e-11
      15330.0  1.11327e-11
      15340.0  1.12407e-11
      15350.0  1.13440e-11
      15360.0  1.14423e-11
      15370.0  1.15356e-11
      15380.0  1.16233e-11
      15390.0  1.17053e-11
      15400.0  1.17813e-11
      15410.0  1.18509e-11
      15420.0  1.19140e-11
      15430.0  1.19702e-11
      15440.0  1.20194e-11
      15450.0  1.20613e-11
      15460.0  1.20958e-11
      15470.0  1.21228e-11
      15480.0  1.21420e-11
      15490.0  1.21536e-11
      15500.0  1.21573e-11
      15510.0  1.21532e-11
      15520.0  1.21414e-11
      15530.0  1.21218e-11
      15540.0  1.20945e-11
      15550.0  1.20597e-11
      15560.0  1.20175e-11
      15570.0  1.19680e-11
      15580.0  1.19115e-11
      15590.0  1.18482e-11
      15600.0  1.17784e-11
      15610.0  1.17024e-11
      15620.0  1.16205e-11
      15630.0  1.15332e-11
      15640.0  1.14407e-11
      15650.0  1.13436e-11
      15660.0  1.12424e-11
      15670.0  1.11376e-11
      15680.0  1.10296e-11
      15690.0  1.09191e-11
      15700.0  1.08067e-11
      15710.0  1.06929e-11
      15720.0  1.05783e-11
      15730.0  1.04636e-11
      15740.0  1.03493e-11
      15750.0  1.02361e-11
      15760.0  1.01245e-11
      15770.0  1.00150e-11
      15780.0  9.90816e-12
      15790.0  9.80449e-12
      15800.0  9.70440e-12
      15810.0  9.60828e-12
      15820.0  9.51648e-12
      15830.0  9.42930e-12
      15840.0  9.34698e-12
      15850.0  9.26970e-12
      15860.0  9.19762e-12
      15870.0  9.13081e-12
      15880.0  9.06933e-12
      15890.0  9.01316e-12
      15900.0  8.96226e-12
      15910.0  8.91654e-12
      15920.0  8.87589e-12
      15930.0  8.84014e-12
      15940.0  8.80911e-12
      15950.0  8.78262e-12
      15960.0  8.76044e-12
      15970.0  8.74235e-12
      15980.0  8.72810e-12
      15990.0  8.71745e-12
      16000.0  8.71017e-12
      16010.0  8.70601e-12
      16020.0  8.70474e-12
      16030.0  8.70613e-12
      16040.0  8.70996e-12
      16050.0  8.71603e-12
      16060.0  8.72414e-12
      16070.0  8.73412e-12
      16080.0  8.74578e-12
      16090.0  8.75897e-12
      16100.0  8.77354e-12
      16110.0  8.78935e-12
      16120.0  8.80626e-12
      16130.0  8.82415e-12
      16140.0  8.84290e-12
      16150.0  8.86239e-12
      16160.0  8.88249e-12
      16170.0  8.90307e-12
      16180.0  8.92401e-12
      16190.0  8.94516e-12
      16200.0  8.96638e-12
      16210.0  8.98751e-12
      16220.0  9.00835e-12
      16230.0  9.02872e-12
      16240.0  9.04841e-12
      16250.0  9.06718e-12
      16260.0  9.08480e-12
      16270.0  9.10102e-12
      16280.0  9.11556e-12
      16290.0  9.12817e-12
      16300.0  9.13860e-12
      16310.0  9.14659e-12
      16320.0  9.15194e-12
      16330.0  9.15447e-12
      16340.0  9.15405e-12
      16350.0  9.15062e-12
      16360.0  9.14418e-12
      16370.0  9.13483e-12
      16380.0  9.12276e-12
      16390.0  9.10826e-12
      16400.0  9.09170e-12
      16410.0  9.07358e-12
      16420.0  9.05447e-12
      16430.0  9.03505e-12
      16440.0  9.01605e-12
      16450.0  8.99827e-12
      16460.0  8.98255e-12
      16470.0  8.96973e-12
      16480.0  8.96068e-12
      16490.0  8.95621e-12
      16500.0  8.95710e-12
      16510.0  8.96408e-12
      16520.0  8.97778e-12
      16530.0  8.99874e-12
      16540.0  9.02740e-12
      16550.0  9.06406e-12
      16560.0  9.10893e-12
      16570.0  9.16207e-12
      16580.0  9.22343e-12
      16590.0  9.29284e-12
      16600.0  9.36998e-12
      16610.0  9.45446e-12
      16620.0  9.54574e-12
      16630.0  9.64322e-12
      16640.0  9.74617e-12
      16650.0  9.85382e-12
      16660.0  9.96530e-12
      16670.0  1.00797e-11
      16680.0  1.01960e-11
      16690.0  1.03134e-11
      16700.0  1.04306e-11
      16710.0  1.05468e-11
      16720.0  1.06609e-11
      16730.0  1.07720e-11
      16740.0  1.08790e-11
      16750.0  1.09811e-11
      16760.0  1.10774e-11
      16770.0  1.11672e-11
      16780.0  1.12496e-11
      16790.0  1.13242e-11
      16800.0  1.13903e-11
      16810.0  1.14476e-11
      16820.0  1.14957e-11
      16830.0  1.15343e-11
      16840.0  1.15634e-11
      16850.0  1.15829e-11
      16860.0  1.15929e-11
      16870.0  1.15935e-11
      16880.0  1.15850e-11
      16890.0  1.15677e-11
      16900.0  1.15420e-11
      16910.0  1.15085e-11
      16920.0  1.14676e-11
      16930.0  1.14199e-11
      16940.0  1.13661e-11
      16950.0  1.13069e-11
      16960.0  1.12430e-11
      16970.0  1.11751e-11
      16980.0  1.11039e-11
      16990.0  1.10302e-11
      17000.0  1.09547e-11
      17010.0  1.08782e-11
      17020.0  1.08014e-11
      17030.0  1.07249e-11
      17040.0  1.06494e-11
      17050.0  1.05755e-11
      17060.0  1.05037e-11
      17070.0  1.04345e-11
      17080.0  1.03685e-11
      17090.0  1.03060e-11
      17100.0  1.02473e-11
      17110.0  1.01927e-11
      17120.0  1.01423e-11
      17130.0  1.00965e-11
      17140.0  1.00552e-11
      17150.0  1.00184e-11
      17160.0  9.98617e-12
      17170.0  9.95835e-12
      17180.0  9.93482e-12
      17190.0  9.91539e-12
      17200.0  9.89982e-12
      17210.0  9.88786e-12
      17220.0  9.87921e-12
      17230.0  9.87355e-12
      17240.0  9.87056e-12
      17250.0  9.86989e-12
      17260.0  9.87119e-12
      17270.0  9.87411e-12
      17280.0  9.87833e-12
      17290.0  9.88352e-12
      17300.0  9.88938e-12
      17310.0  9.89563e-12
      17320.0  9.90202e-12
      17330.0  9.90834e-12
      17340.0  9.91440e-12
      17350.0  9.92006e-12
      17360.0  9.92521e-12
      17370.0  9.92978e-12
      17380.0  9.93375e-12
      17390.0  9.93710e-12
      17400.0  9.93989e-12
      17410.0  9.94218e-12
      17420.0  9.94406e-12
      17430.0  9.94565e-12
      17440.0  9.94708e-12
      17450.0  9.94849e-12
      17460.0  9.95003e-12
      17470.0  9.95185e-12
      17480.0  9.95407e-12
      17490.0  9.95682e-12
      17500.0  9.96022e-12
      17510.0  9.96433e-12
      17520.0  9.96921e-12
      17530.0  9.97488e-12
      17540.0  9.98132e-12
      17550.0  9.98847e-12
      17560.0  9.99624e-12
      17570.0  1.00045e-11
      17580.0  1.00131e-11
      17590.0  1.00217e-11
      17600.0  1.00303e-11
      17610.0  1.00385e-11
      17620.0  1.00459e-11
      17630.0  1.00524e-11
      17640.0  1.00576e-11
      17650.0  1.00612e-11
      17660.0  1.00628e-11
      17670.0  1.00621e-11
      17680.0  1.00588e-11
      17690.0  1.00527e-11
      17700.0  1.00435e-11
      17710.0  1.00310e-11
      17720.0  1.00149e-11
      17730.0  9.99515e-12
      17740.0  9.97163e-12
      17750.0  9.94428e-12
      17760.0  9.91307e-12
      17770.0  9.87802e-12
      17780.0  9.83920e-12
      17790.0  9.79674e-12
      17800.0  9.75077e-12
      17810.0  9.70149e-12
      17820.0  9.64913e-12
      17830.0  9.59395e-12
      17840.0  9.53621e-12
      17850.0  9.47624e-12
      17860.0  9.41435e-12
      17870.0  9.35090e-12
      17880.0  9.28623e-12
      17890.0  9.22070e-12
      17900.0  9.15468e-12
      17910.0  9.08854e-12
      17920.0  9.02264e-12
      17930.0  8.95735e-12
      17940.0  8.89303e-12
      17950.0  8.83001e-12
      17960.0  8.76863e-12
      17970.0  8.70922e-12
      17980.0  8.65208e-12
      17990.0  8.59748e-12
      18000.0  8.54569e-12
      18010.0  8.49695e-12
      18020.0  8.45146e-12
      18030.0  8.40939e-12
      18040.0  8.37088e-12
      18050.0  8.33603e-12
      18060.0  8.30488e-12
      18070.0  8.27745e-12
      18080.0  8.25368e-12
      18090.0  8.23347e-12
      18100.0  8.21666e-12
      18110.0  8.20304e-12
      18120.0  8.19232e-12
      18130.0  8.18416e-12
      18140.0  8.17815e-12
      18150.0  8.17384e-12
      18160.0  8.17070e-12
      18170.0  8.16815e-12
      18180.0  8.16558e-12
      18190.0  8.16231e-12
      18200.0  8.15767e-12
      18210.0  8.15091e-12
      18220.0  8.14130e-12
      18230.0  8.12809e-12
      18240.0  8.11055e-12
      18250.0  8.08794e-12
      18260.0  8.05957e-12
      18270.0  8.02478e-12
      18280.0  7.98297e-12
      18290.0  7.93358e-12
      18300.0  7.87614e-12
      18310.0  7.81026e-12
      18320.0  7.73564e-12
      18330.0  7.65207e-12
      18340.0  7.55945e-12
      18350.0  7.45780e-12
      18360.0  7.34723e-12
      18370.0  7.22798e-12
      18380.0  7.10041e-12
      18390.0  6.96498e-12
      18400.0  6.82226e-12
      18410.0  6.67294e-12
      18420.0  6.51779e-12
      18430.0  6.35769e-12
      18440.0  6.19358e-12
      18450.0  6.02648e-12
      18460.0  5.85746e-12
      18470.0  5.68764e-12
      18480.0  5.51817e-12
      18490.0  5.35019e-12
      18500.0  5.18487e-12
      18510.0  5.02333e-12
      18520.0  4.86668e-12
      18530.0  4.71594e-12
      18540.0  4.57211e-12
      18550.0  4.43606e-12
      18560.0  4.30861e-12
      18570.0  4.19043e-12
      18580.0  4.08211e-12
      18590.0  3.98408e-12
      18600.0  3.89666e-12
      18610.0  3.82003e-12
      18620.0  3.75423e-12
      18630.0  3.69916e-12
      18640.0  3.65458e-12
      18650.0  3.62015e-12
      18660.0  3.59537e-12
      18670.0  3.57966e-12
      18680.0  3.57232e-12
      18690.0  3.57258e-12
      18700.0  3.57960e-12
      18710.0  3.59247e-12
      18720.0  3.61025e-12
      18730.0  3.63200e-12
      18740.0  3.65673e-12
      18750.0  3.68352e-12
      18760.0  3.71142e-12
      18770.0  3.73958e-12
      18780.0  3.76716e-12
      18790.0  3.79343e-12
      18800.0  3.81770e-12
      18810.0  3.83940e-12
      18820.0  3.85803e-12
      18830.0  3.87321e-12
      18840.0  3.88463e-12
      18850.0  3.89211e-12
      18860.0  3.89554e-12
      18870.0  3.89493e-12
      18880.0  3.89034e-12
      18890.0  3.88193e-12
      18900.0  3.86993e-12
      18910.0  3.85463e-12
      18920.0  3.83636e-12
      18930.0  3.81549e-12
      18940.0  3.79243e-12
      18950.0  3.76760e-12
      18960.0  3.74143e-12
      18970.0  3.71433e-12
      18980.0  3.68674e-12
      18990.0  3.65903e-12
      19000.0  3.63158e-12
      19010.0  3.60474e-12
      19020.0  3.57881e-12
      19030.0  3.55405e-12
      19040.0  3.53070e-12
      19050.0  3.50894e-12
      19060.0  3.48893e-12
      19070.0  3.47079e-12
      19080.0  3.45458e-12
      19090.0  3.44036e-12
      19100.0  3.42815e-12
      19110.0  3.41794e-12
      19120.0  3.40972e-12
      19130.0  3.40343e-12
      19140.0  3.39905e-12
      19150.0  3.39650e-12
      19160.0  3.39575e-12
      19170.0  3.39673e-12
      19180.0  3.39941e-12
      19190.0  3.40375e-12
      19200.0  3.40972e-12
      19210.0  3.41734e-12
      19220.0  3.42660e-12
      19230.0  3.43753e-12
      19240.0  3.45020e-12
      19250.0  3.46467e-12
      19260.0  3.48103e-12
      19270.0  3.49939e-12
      19280.0  3.51988e-12
      19290.0  3.54263e-12
      19300.0  3.56780e-12
      19310.0  3.59556e-12
      19320.0  3.62608e-12
      19330.0  3.65952e-12
      19340.0  3.69606e-12
      19350.0  3.73586e-12
      19360.0  3.77908e-12
      19370.0  3.82585e-12
      19380.0  3.87630e-12
      19390.0  3.93052e-12
      19400.0  3.98857e-12
      19410.0  4.05048e-12
      19420.0  4.11626e-12
      19430.0  4.18586e-12
      19440.0  4.25920e-12
      19450.0  4.33613e-12
      19460.0  4.41650e-12
      19470.0  4.50007e-12
      19480.0  4.58658e-12
      19490.0  4.67572e-12
      19500.0  4.76712e-12
      19510.0  4.86040e-12
      19520.0  4.95511e-12
      19530.0  5.05079e-12
      19540.0  5.14694e-12
      19550.0  5.24303e-12
      19560.0  5.33853e-12
      19570.0  5.43286e-12
      19580.0  5.52547e-12
      19590.0  5.61578e-12
      19600.0  5.70324e-12
      19610.0  5.78727e-12
      19620.0  5.86736e-12
      19630.0  5.94297e-12
      19640.0  6.01363e-12
      19650.0  6.07887e-12
      19660.0  6.13828e-12
      19670.0  6.19147e-12
      19680.0  6.23814e-12
      19690.0  6.27798e-12
      19700.0  6.31079e-12
      19710.0  6.33640e-12
      19720.0  6.35468e-12
      19730.0  6.36559e-12
      19740.0  6.36914e-12
      19750.0  6.36537e-12
      19760.0  6.35441e-12
      19770.0  6.33642e-12
      19780.0  6.31163e-12
      19790.0  6.28029e-12
      19800.0  6.24272e-12
      19810.0  6.19924e-12
      19820.0  6.15024e-12
      19830.0  6.09612e-12
      19840.0  6.03728e-12
      19850.0  5.97416e-12
      19860.0  5.90720e-12
      19870.0  5.83682e-12
      19880.0  5.76347e-12
      19890.0  5.68757e-12
      19900.0  5.60951e-12
      19910.0  5.52970e-12
      19920.0  5.44848e-12
      19930.0  5.36620e-12
      19940.0  5.28316e-12
      19950.0  5.19965e-12
      19960.0  5.11591e-12
      19970.0  5.03215e-12
      19980.0  4.94856e-12
      19990.0  4.86531e-12
      20000.0  4.78251e-12
      20010.0  4.70029e-12
      20020.0  4.61872e-12
      20030.0  4.53787e-12
      20040.0  4.45780e-12
      20050.0  4.37854e-12
      20060.0  4.30014e-12
      20070.0  4.22263e-12
      20080.0  4.14602e-12
      20090.0  4.07036e-12
      20100.0  3.99567e-12
      20110.0  3.92200e-12
      20120.0  3.84939e-12
      20130.0  3.77789e-12
      20140.0  3.70758e-12
      20150.0  3.63853e-12
      20160.0  3.57083e-12
      20170.0  3.50456e-12
      20180.0  3.43985e-12
      20190.0  3.37680e-12
      20200.0  3.31552e-12
      20210.0  3.25616e-12
      20220.0  3.19882e-12
      20230.0  3.14365e-12
      20240.0  3.09078e-12
      20250.0  3.04032e-12
      20260.0  2.99240e-12
      20270.0  2.94715e-12
      20280.0  2.90466e-12
      20290.0  2.86504e-12
      20300.0  2.82837e-12
      20310.0  2.79472e-12
      20320.0  2.76417e-12
      20330.0  2.73675e-12
      20340.0  2.71250e-12
      20350.0  2.69143e-12
      20360.0  2.67354e-12
      20370.0  2.65881e-12
      20380.0  2.64721e-12
      20390.0  2.63868e-12
      20400.0  2.63316e-12
      20410.0  2.63057e-12
      20420.0  2.63080e-12
      20430.0  2.63376e-12
      20440.0  2.63932e-12
      20450.0  2.64734e-12
      20460.0  2.65768e-12
      20470.0  2.67019e-12
      20480.0  2.68470e-12
      20490.0  2.70106e-12
      20500.0  2.71909e-12
      20510.0  2.73861e-12
      20520.0  2.75945e-12
      20530.0  2.78144e-12
      20540.0  2.80440e-12
      20550.0  2.82816e-12
      20560.0  2.85256e-12
      20570.0  2.87743e-12
      20580.0  2.90261e-12
      20590.0  2.92797e-12
      20600.0  2.95337e-12
      20610.0  2.97868e-12
      20620.0  3.00378e-12
      20630.0  3.02858e-12
      20640.0  3.05299e-12
      20650.0  3.07693e-12
      20660.0  3.10033e-12
      20670.0  3.12315e-12
      20680.0  3.14537e-12
      20690.0  3.16695e-12
      20700.0  3.18789e-12
      20710.0  3.20821e-12
      20720.0  3.22792e-12
      20730.0  3.24705e-12
      20740.0  3.26564e-12
      20750.0  3.28375e-12
      20760.0  3.30144e-12
      20770.0  3.31876e-12
      20780.0  3.33580e-12
      20790.0  3.35261e-12
      20800.0  3.36928e-12
      20810.0  3.38588e-12
      20820.0  3.40247e-12
      20830.0  3.41912e-12
      20840.0  3.43588e-12
      20850.0  3.45281e-12
      20860.0  3.46994e-12
      20870.0  3.48730e-12
      20880.0  3.50491e-12
      20890.0  3.52276e-12
      20900.0  3.54087e-12
      20910.0  3.55918e-12
      20920.0  3.57768e-12
      20930.0  3.59632e-12
      20940.0  3.61502e-12
      20950.0  3.63371e-12
      20960.0  3.65231e-12
      20970.0  3.67072e-12
      20980.0  3.68883e-12
      20990.0  3.70654e-12
      21000.0  3.72373e-12
      21010.0  3.74028e-12
      21020.0  3.75608e-12
      21030.0  3.77099e-12
      21040.0  3.78490e-12
      21050.0  3.79769e-12
      21060.0  3.80927e-12
      21070.0  3.81952e-12
      21080.0  3.82835e-12
      21090.0  3.83568e-12
      21100.0  3.84144e-12
      21110.0  3.84556e-12
      21120.0  3.84800e-12
      21130.0  3.84870e-12
      21140.0  3.84766e-12
      21150.0  3.84485e-12
      21160.0  3.84026e-12
      21170.0  3.83392e-12
      21180.0  3.82583e-12
      21190.0  3.81602e-12
      21200.0  3.80454e-12
      21210.0  3.79141e-12
      21220.0  3.77670e-12
      21230.0  3.76046e-12
      21240.0  3.74274e-12
      21250.0  3.72361e-12
      21260.0  3.70313e-12
      21270.0  3.68136e-12
      21280.0  3.65837e-12
      21290.0  3.63422e-12
      21300.0  3.60896e-12
      21310.0  3.58265e-12
      21320.0  3.55534e-12
      21330.0  3.52708e-12
      21340.0  3.49792e-12
      21350.0  3.46789e-12
      21360.0  3.43703e-12
      21370.0  3.40537e-12
      21380.0  3.37293e-12
      21390.0  3.33975e-12
      21400.0  3.30583e-12
      21410.0  3.27120e-12
      21420.0  3.23587e-12
      21430.0  3.19986e-12
      21440.0  3.16319e-12
      21450.0  3.12588e-12
      21460.0  3.08794e-12
      21470.0  3.04940e-12
      21480.0  3.01028e-12
      21490.0  2.97062e-12
      21500.0  2.93047e-12
      21510.0  2.88986e-12
      21520.0  2.84886e-12
      21530.0  2.80752e-12
      21540.0  2.76594e-12
      21550.0  2.72419e-12
      21560.0  2.68237e-12
      21570.0  2.64059e-12
      21580.0  2.59897e-12
      21590.0  2.55766e-12
      21600.0  2.51678e-12
      21610.0  2.47651e-12
      21620.0  2.43699e-12
      21630.0  2.39842e-12
      21640.0  2.36098e-12
      21650.0  2.32485e-12
      21660.0  2.29023e-12
      21670.0  2.25733e-12
      21680.0  2.22634e-12
      21690.0  2.19748e-12
      21700.0  2.17093e-12
      21710.0  2.14689e-12
      21720.0  2.12556e-12
      21730.0  2.10710e-12
      21740.0  2.09169e-12
      21750.0  2.07948e-12
      21760.0  2.07061e-12
      21770.0  2.06518e-12
      21780.0  2.06331e-12
      21790.0  2.06506e-12
      21800.0  2.07048e-12
      21810.0  2.07960e-12
      21820.0  2.09243e-12
      21830.0  2.10894e-12
      21840.0  2.12908e-12
      21850.0  2.15277e-12
      21860.0  2.17991e-12
      21870.0  2.21038e-12
      21880.0  2.24401e-12
      21890.0  2.28064e-12
      21900.0  2.32008e-12
      21910.0  2.36211e-12
      21920.0  2.40649e-12
      21930.0  2.45300e-12
      21940.0  2.50136e-12
      21950.0  2.55132e-12
      21960.0  2.60260e-12
      21970.0  2.65493e-12
      21980.0  2.70802e-12
      21990.0  2.76159e-12
      22000.0  2.81538e-12
      22010.0  2.86910e-12
      22020.0  2.92251e-12
      22030.0  2.97534e-12
      22040.0  3.02736e-12
      22050.0  3.07833e-12
      22060.0  3.12805e-12
      22070.0  3.17631e-12
      22080.0  3.22293e-12
      22090.0  3.26776e-12
      22100.0  3.31065e-12
      22110.0  3.35146e-12
      22120.0  3.39009e-12
      22130.0  3.42646e-12
      22140.0  3.46048e-12
      22150.0  3.49210e-12
      22160.0  3.52129e-12
      22170.0  3.54803e-12
      22180.0  3.57230e-12
      22190.0  3.59411e-12
      22200.0  3.61349e-12
      22210.0  3.63047e-12
      22220.0  3.64508e-12
      22230.0  3.65738e-12
      22240.0  3.66742e-12
      22250.0  3.67527e-12
      22260.0  3.68098e-12
      22270.0  3.68464e-12
      22280.0  3.68630e-12
      22290.0  3.68604e-12
      22300.0  3.68392e-12
      22310.0  3.68000e-12
      22320.0  3.67435e-12
      22330.0  3.66701e-12
      22340.0  3.65804e-12
      22350.0  3.64747e-12
      22360.0  3.63533e-12
      22370.0  3.62165e-12
      22380.0  3.60645e-12
      22390.0  3.58974e-12
      22400.0  3.57151e-12
      22410.0  3.55176e-12
      22420.0  3.53049e-12
      22430.0  3.50767e-12
      22440.0  3.48329e-12
      22450.0  3.45731e-12
      22460.0  3.42972e-12
      22470.0  3.40049e-12
      22480.0  3.36960e-12
      22490.0  3.33701e-12
      22500.0  3.30271e-12
      22510.0  3.26670e-12
      22520.0  3.22896e-12
      22530.0  3.18949e-12
      22540.0  3.14830e-12
      22550.0  3.10543e-12
      22560.0  3.06090e-12
      22570.0  3.01475e-12
      22580.0  2.96704e-12
      22590.0  2.91785e-12
      22600.0  2.86725e-12
      22610.0  2.81534e-12
      22620.0  2.76223e-12
      22630.0  2.70802e-12
      22640.0  2.65286e-12
      22650.0  2.59687e-12
      22660.0  2.54020e-12
      22670.0  2.48299e-12
      22680.0  2.42541e-12
      22690.0  2.36760e-12
      22700.0  2.30972e-12
      22710.0  2.25192e-12
      22720.0  2.19437e-12
      22730.0  2.13721e-12
      22740.0  2.08059e-12
      22750.0  2.02463e-12
      22760.0  1.96947e-12
      22770.0  1.91523e-12
      22780.0  1.86201e-12
      22790.0  1.80992e-12
      22800.0  1.75904e-12
      22810.0  1.70945e-12
      22820.0  1.66121e-12
      22830.0  1.61438e-12
      22840.0  1.56901e-12
      22850.0  1.52512e-12
      22860.0  1.48275e-12
      22870.0  1.44191e-12
      22880.0  1.40262e-12
      22890.0  1.36489e-12
      22900.0  1.32872e-12
      22910.0  1.29411e-12
      22920.0  1.26107e-12
      22930.0  1.22959e-12
      22940.0  1.19967e-12
      22950.0  1.17133e-12
      22960.0  1.14456e-12
      22970.0  1.11937e-12
      22980.0  1.09579e-12
      22990.0  1.07383e-12
      23000.0  1.05352e-12
      23010.0  1.03489e-12
      23020.0  1.01797e-12
      23030.0  1.00281e-12
      23040.0  9.89457e-13
      23050.0  9.77959e-13
      23060.0  9.68375e-13
      23070.0  9.60763e-13
      23080.0  9.55185e-13
      23090.0  9.51704e-13
      23100.0  9.50384e-13
      23110.0  9.51285e-13
      23120.0  9.54469e-13
      23130.0  9.59990e-13
      23140.0  9.67898e-13
      23150.0  9.78238e-13
      23160.0  9.91044e-13
      23170.0  1.00634e-12
      23180.0  1.02414e-12
      23190.0  1.04445e-12
      23200.0  1.06724e-12
      23210.0  1.09250e-12
      23220.0  1.12017e-12
      23230.0  1.15019e-12
      23240.0  1.18248e-12
      23250.0  1.21693e-12
      23260.0  1.25343e-12
      23270.0  1.29183e-12
      23280.0  1.33198e-12
      23290.0  1.37370e-12
      23300.0  1.41679e-12
      23310.0  1.46105e-12
      23320.0  1.50624e-12
      23330.0  1.55214e-12
      23340.0  1.59848e-12
      23350.0  1.64503e-12
      23360.0  1.69152e-12
      23370.0  1.73768e-12
      23380.0  1.78325e-12
      23390.0  1.82799e-12
      23400.0  1.87163e-12
      23410.0  1.91395e-12
      23420.0  1.95472e-12
      23430.0  1.99373e-12
      23440.0  2.03079e-12
      23450.0  2.06575e-12
      23460.0  2.09846e-12
      23470.0  2.12882e-12
      23480.0  2.15673e-12
      23490.0  2.18214e-12
      23500.0  2.20504e-12
      23510.0  2.22542e-12
      23520.0  2.24332e-12
      23530.0  2.25881e-12
      23540.0  2.27197e-12
      23550.0  2.28293e-12
      23560.0  2.29184e-12
      23570.0  2.29884e-12
      23580.0  2.30413e-12
      23590.0  2.30790e-12
      23600.0  2.31036e-12
      23610.0  2.31172e-12
      23620.0  2.31221e-12
      23630.0  2.31206e-12
      23640.0  2.31146e-12
      23650.0  2.31066e-12
      23660.0  2.30983e-12
      23670.0  2.30918e-12
      23680.0  2.30889e-12
      23690.0  2.30910e-12
      23700.0  2.30997e-12
      23710.0  2.31160e-12
      23720.0  2.31409e-12
      23730.0  2.31751e-12
      23740.0  2.32191e-12
      23750.0  2.32732e-12
      23760.0  2.33374e-12
      23770.0  2.34114e-12
      23780.0  2.34950e-12
      23790.0  2.35874e-12
      23800.0  2.36880e-12
      23810.0  2.37959e-12
      23820.0  2.39101e-12
      23830.0  2.40298e-12
      23840.0  2.41537e-12
      23850.0  2.42802e-12
      23860.0  2.44082e-12
      23870.0  2.45363e-12
      23880.0  2.46632e-12
      23890.0  2.47877e-12
      23900.0  2.49085e-12
      23910.0  2.50246e-12
      23920.0  2.51347e-12
      23930.0  2.52380e-12
      23940.0  2.53335e-12
      23950.0  2.54205e-12
      23960.0  2.54983e-12
      23970.0  2.55664e-12
      23980.0  2.56244e-12
      23990.0  2.56720e-12
      24000.0  2.57091e-12
      24010.0  2.57358e-12
      24020.0  2.57522e-12
      24030.0  2.57588e-12
      24040.0  2.57560e-12
      24050.0  2.57446e-12
      24060.0  2.57252e-12
      24070.0  2.56988e-12
      24080.0  2.56664e-12
      24090.0  2.56293e-12
      24100.0  2.55886e-12
      24110.0  2.55456e-12
      24120.0  2.55018e-12
      24130.0  2.54584e-12
      24140.0  2.54168e-12
      24150.0  2.53785e-12
      24160.0  2.53447e-12
      24170.0  2.53167e-12
      24180.0  2.52957e-12
      24190.0  2.52828e-12
      24200.0  2.52790e-12
      24210.0  2.52852e-12
      24220.0  2.53020e-12
      24230.0  2.53302e-12
      24240.0  2.53702e-12
      24250.0  2.54223e-12
      24260.0  2.54869e-12
      24270.0  2.55640e-12
      24280.0  2.56537e-12
      24290.0  2.57558e-12
      24300.0  2.58702e-12
      24310.0  2.59965e-12
      24320.0  2.61345e-12
      24330.0  2.62838e-12
      24340.0  2.64438e-12
      24350.0  2.66142e-12
      24360.0  2.67944e-12
      24370.0  2.69838e-12
      24380.0  2.71820e-12
      24390.0  2.73884e-12
      24400.0  2.76025e-12
      24410.0  2.78237e-12
      24420.0  2.80514e-12
      24430.0  2.82853e-12
      24440.0  2.85247e-12
      24450.0  2.87692e-12
      24460.0  2.90182e-12
      24470.0  2.92713e-12
      24480.0  2.95278e-12
      24490.0  2.97874e-12
      24500.0  3.00493e-12
      24510.0  3.03131e-12
      24520.0  3.05782e-12
      24530.0  3.08439e-12
      24540.0  3.11095e-12
      24550.0  3.13743e-12
      24560.0  3.16376e-12
      24570.0  3.18984e-12
      24580.0  3.21560e-12
      24590.0  3.24094e-12
      24600.0  3.26577e-12
      24610.0  3.28997e-12
      24620.0  3.31346e-12
      24630.0  3.33611e-12
      24640.0  3.35784e-12
      24650.0  3.37851e-12
      24660.0  3.39804e-12
      24670.0  3.41631e-12
      24680.0  3.43323e-12
      24690.0  3.44870e-12
      24700.0  3.46266e-12
      24710.0  3.47503e-12
      24720.0  3.48575e-12
      24730.0  3.49479e-12
      24740.0  3.50213e-12
      24750.0  3.50775e-12
      24760.0  3.51169e-12
      24770.0  3.51398e-12
      24780.0  3.51467e-12
      24790.0  3.51386e-12
      24800.0  3.51164e-12
      24810.0  3.50814e-12
      24820.0  3.50349e-12
      24830.0  3.49786e-12
      24840.0  3.49139e-12
      24850.0  3.48426e-12
      24860.0  3.47664e-12
      24870.0  3.46868e-12
      24880.0  3.46056e-12
      24890.0  3.45240e-12
      24900.0  3.44433e-12
      24910.0  3.43645e-12
      24920.0  3.42886e-12
      24930.0  3.42161e-12
      24940.0  3.41476e-12
      24950.0  3.40833e-12
      24960.0  3.40235e-12
      24970.0  3.39680e-12
      24980.0  3.39168e-12
      24990.0  3.38699e-12
      25000.0  3.38269e-12
