      1000.00  6.73366e-14
      1010.00  8.15893e-14
      1020.00  9.91788e-14
      1030.00  1.20779e-13
      1040.00  1.47229e-13
      1050.00  1.79484e-13
      1060.00  2.18611e-13
      1070.00  2.65769e-13
      1080.00  3.22176e-13
      1090.00  3.89066e-13
      1100.00  4.67633e-13
      1110.00  5.58973e-13
      1120.00  6.64018e-13
      1130.00  7.83477e-13
      1140.00  9.17785e-13
      1150.00  1.06707e-12
      1160.00  1.23110e-12
      1170.00  1.40933e-12
      1180.00  1.60082e-12
      1190.00  1.80431e-12
      1200.00  2.01823e-12
      1210.00  2.24069e-12
      1220.00  2.46960e-12
      1230.00  2.70265e-12
      1240.00  2.93739e-12
      1250.00  3.17134e-12
      1260.00  3.40198e-12
      1270.00  3.62690e-12
      1280.00  3.84381e-12
      1290.00  4.05062e-12
      1300.00  4.24548e-12
      1310.00  4.42686e-12
      1320.00  4.59352e-12
      1330.00  4.74459e-12
      1340.00  4.87954e-12
      1350.00  4.99824e-12
      1360.00  5.10088e-12
      1370.00  5.18806e-12
      1380.00  5.26075e-12
      1390.00  5.32035e-12
      1400.00  5.36868e-12
      1410.00  5.40812e-12
      1420.00  5.44161e-12
      1430.00  5.47282e-12
      1440.00  5.50622e-12
      1450.00  5.54715e-12
      1460.00  5.60185e-12
      1470.00  5.67729e-12
      1480.00  5.78099e-12
      1490.00  5.92048e-12
      1500.00  6.10266e-12
      1510.00  6.33296e-12
      1520.00  6.61440e-12
      1530.00  6.94668e-12
      1540.00  7.32548e-12
      1550.00  7.74211e-12
      1560.00  8.18366e-12
      1570.00  8.63378e-12
      1580.00  9.07393e-12
      1590.00  9.48518e-12
      1600.00  9.85009e-12
      1610.00  1.01547e-11
      1620.00  1.03898e-11
      1630.00  1.05525e-11
      1640.00  1.06459e-11
      1650.00  1.06790e-11
      1660.00  1.06658e-11
      1670.00  1.06236e-11
      1680.00  1.05718e-11
      1690.00  1.05298e-11
      1700.00  1.05163e-11
      1710.00  1.05475e-11
      1720.00  1.06366e-11
      1730.00  1.07930e-11
      1740.00  1.10220e-11
      1750.00  1.13246e-11
      1760.00  1.16974e-11
      1770.00  1.21327e-11
      1780.00  1.26188e-11
      1790.00  1.31407e-11
      1800.00  1.36809e-11
      1810.00  1.42206e-11
      1820.00  1.47405e-11
      1830.00  1.52230e-11
      1840.00  1.56525e-11
      1850.00  1.60173e-11
      1860.00  1.63096e-11
      1870.00  1.65264e-11
      1880.00  1.66687e-11
      1890.00  1.67420e-11
      1900.00  1.67545e-11
      1910.00  1.67167e-11
      1920.00  1.66403e-11
      1930.00  1.65371e-11
      1940.00  1.64181e-11
      1950.00  1.62931e-11
      1960.00  1.61699e-11
      1970.00  1.60543e-11
      1980.00  1.59499e-11
      1990.00  1.58587e-11
      2000.00  1.57809e-11
      2010.00  1.57158e-11
      2020.00  1.56617e-11
      2030.00  1.56168e-11
      2040.00  1.55794e-11
      2050.00  1.55480e-11
      2060.00  1.55218e-11
      2070.00  1.55005e-11
      2080.00  1.54843e-11
      2090.00  1.54740e-11
      2100.00  1.54707e-11
      2110.00  1.54759e-11
      2120.00  1.54911e-11
      2130.00  1.55178e-11
      2140.00  1.55575e-11
      2150.00  1.56113e-11
      2160.00  1.56800e-11
      2170.00  1.57641e-11
      2180.00  1.58635e-11
      2190.00  1.59779e-11
      2200.00  1.61064e-11
      2210.00  1.62482e-11
      2220.00  1.64025e-11
      2230.00  1.65688e-11
      2240.00  1.67471e-11
      2250.00  1.69381e-11
      2260.00  1.71430e-11
      2270.00  1.73635e-11
      2280.00  1.76011e-11
      2290.00  1.78570e-11
      2300.00  1.81310e-11
      2310.00  1.84215e-11
      2320.00  1.87247e-11
      2330.00  1.90345e-11
      2340.00  1.93429e-11
      2350.00  1.96403e-11
      2360.00  1.99160e-11
      2370.00  2.01601e-11
      2380.00  2.03637e-11
      2390.00  2.05209e-11
      2400.00  2.06293e-11
      2410.00  2.06909e-11
      2420.00  2.07127e-11
      2430.00  2.07062e-11
      2440.00  2.06868e-11
      2450.00  2.06725e-11
      2460.00  2.06825e-11
      2470.00  2.07344e-11
      2480.00  2.08430e-11
      2490.00  2.10176e-11
      2500.00  2.12610e-11
      2510.00  2.15686e-11
      2520.00  2.19284e-11
      2530.00  2.23225e-11
      2540.00  2.27284e-11
      2550.00  2.31223e-11
      2560.00  2.34810e-11
      2570.00  2.37847e-11
      2580.00  2.40188e-11
      2590.00  2.41747e-11
      2600.00  2.42501e-11
      2610.00  2.42484e-11
      2620.00  2.41773e-11
      2630.00  2.40475e-11
      2640.00  2.38712e-11
      2650.00  2.36638e-11
      2660.00  2.35838e-11
      2670.00  2.51803e-11
      2680.00  3.15488e-11
      2690.00  4.26632e-11
      2700.00  5.54803e-11
      2710.00  6.68728e-11
      2720.00  7.41334e-11
      2730.00  7.64335e-11
      2740.00  7.62766e-11
      2750.00  7.64014e-11
      2760.00  7.71686e-11
      2770.00  7.88347e-11
      2780.00  8.08156e-11
      2790.00  8.30360e-11
      2800.00  8.28796e-11
      2810.00  8.10539e-11
      2820.00  7.91756e-11
      2830.00  7.71159e-11
      2840.00  7.58046e-11
      2850.00  7.61706e-11
      2860.00  7.72077e-11
      2870.00  7.93625e-11
      2880.00  8.30087e-11
      2890.00  8.85644e-11
      2900.00  9.50294e-11
      2910.00  9.75389e-11
      2920.00  9.50533e-11
      2930.00  9.42066e-11
      2940.00  9.55185e-11
      2950.00  9.62242e-11
      2960.00  9.52086e-11
      2970.00  9.32476e-11
      2980.00  9.06865e-11
      2990.00  8.62324e-11
      3000.00  8.01319e-11
      3010.00  7.55031e-11
      3020.00  7.35401e-11
      3030.00  7.37259e-11
      3040.00  7.37031e-11
      3050.00  7.24090e-11
      3060.00  7.20650e-11
      3070.00  7.23170e-11
      3080.00  7.24278e-11
      3090.00  7.22191e-11
      3100.00  7.20667e-11
      3110.00  7.33387e-11
      3120.00  7.62098e-11
      3130.00  7.94704e-11
      3140.00  8.24156e-11
      3150.00  8.54963e-11
      3160.00  8.98311e-11
      3170.00  9.51996e-11
      3180.00  9.99727e-11
      3190.00  1.02685e-10
      3200.00  1.03025e-10
      3210.00  1.00966e-10
      3220.00  9.71722e-11
      3230.00  9.26378e-11
      3240.00  8.84738e-11
      3250.00  8.49147e-11
      3260.00  8.24630e-11
      3270.00  8.14405e-11
      3280.00  8.08663e-11
      3290.00  8.02981e-11
      3300.00  8.05728e-11
      3310.00  8.20825e-11
      3320.00  8.41767e-11
      3330.00  8.58870e-11
      3340.00  8.70645e-11
      3350.00  8.82158e-11
      3360.00  8.99640e-11
      3370.00  9.23890e-11
      3380.00  9.54949e-11
      3390.00  9.96242e-11
      3400.00  1.04825e-10
      3410.00  1.10755e-10
      3420.00  1.16366e-10
      3430.00  1.20492e-10
      3440.00  1.23051e-10
      3450.00  1.24647e-10
      3460.00  1.25830e-10
      3470.00  1.27121e-10
      3480.00  1.28611e-10
      3490.00  1.30101e-10
      3500.00  1.32763e-10
      3510.00  1.38843e-10
      3520.00  1.47691e-10
      3530.00  1.56894e-10
      3540.00  1.64767e-10
      3550.00  1.70887e-10
      3560.00  1.75634e-10
      3570.00  1.78717e-10
      3580.00  1.79925e-10
      3590.00  1.80263e-10
      3600.00  1.79554e-10
      3610.00  1.76990e-10
      3620.00  1.74166e-10
      3630.00  1.74392e-10
      3640.00  1.79712e-10
      3650.00  1.90392e-10
      3660.00  2.05511e-10
      3670.00  2.23312e-10
      3680.00  2.41970e-10
      3690.00  2.60003e-10
      3700.00  2.74931e-10
      3710.00  2.83388e-10
      3720.00  2.83521e-10
      3730.00  2.75814e-10
      3740.00  2.62527e-10
      3750.00  2.45330e-10
      3760.00  2.25238e-10
      3770.00  2.04023e-10
      3780.00  1.83456e-10
      3790.00  1.65131e-10
      3800.00  1.51025e-10
      3810.00  1.43066e-10
      3820.00  1.42808e-10
      3830.00  1.51658e-10
      3840.00  1.70163e-10
      3850.00  1.96946e-10
      3860.00  2.29055e-10
      3870.00  2.63145e-10
      3880.00  2.96518e-10
      3890.00  3.27835e-10
      3900.00  3.56808e-10
      3910.00  3.83420e-10
      3920.00  4.07782e-10
      3930.00  4.29879e-10
      3940.00  4.49337e-10
      3950.00  4.65489e-10
      3960.00  4.76946e-10
      3970.00  4.81730e-10
      3980.00  4.78394e-10
      3990.00  4.66944e-10
      4000.00  4.48929e-10
      4010.00  4.26779e-10
      4020.00  4.03092e-10
      4030.00  3.80282e-10
      4040.00  3.60335e-10
      4050.00  3.44506e-10
      4060.00  3.32808e-10
      4070.00  3.23780e-10
      4080.00  3.15333e-10
      4090.00  3.06231e-10
      4100.00  2.96834e-10
      4110.00  2.88403e-10
      4120.00  2.81891e-10
      4130.00  2.77590e-10
      4140.00  2.75537e-10
      4150.00  2.75769e-10
      4160.00  2.78326e-10
      4170.00  2.83111e-10
      4180.00  2.89549e-10
      4190.00  2.96453e-10
      4200.00  3.02531e-10
      4210.00  3.07151e-10
      4220.00  3.10511e-10
      4230.00  3.13108e-10
      4240.00  3.15252e-10
      4250.00  3.17152e-10
      4260.00  3.19236e-10
      4270.00  3.22227e-10
      4280.00  3.26885e-10
      4290.00  3.33482e-10
      4300.00  3.41227e-10
      4310.00  3.48158e-10
      4320.00  3.51625e-10
      4330.00  3.49098e-10
      4340.00  3.39204e-10
      4350.00  3.22719e-10
      4360.00  3.02200e-10
      4370.00  2.80315e-10
      4380.00  2.58859e-10
      4390.00  2.38960e-10
      4400.00  2.21645e-10
      4410.00  2.08092e-10
      4420.00  1.99363e-10
      4430.00  1.95959e-10
      4440.00  1.97559e-10
      4450.00  2.03268e-10
      4460.00  2.12220e-10
      4470.00  2.23968e-10
      4480.00  2.38450e-10
      4490.00  2.55866e-10
      4500.00  2.76583e-10
      4510.00  3.00995e-10
      4520.00  3.29383e-10
      4530.00  3.61767e-10
      4540.00  3.97673e-10
      4550.00  4.35907e-10
      4560.00  4.74637e-10
      4570.00  5.11829e-10
      4580.00  5.45741e-10
      4590.00  5.75189e-10
      4600.00  5.99478e-10
      4610.00  6.18021e-10
      4620.00  6.29760e-10
      4630.00  6.32868e-10
      4640.00  6.25103e-10
      4650.00  6.04819e-10
      4660.00  5.72157e-10
      4670.00  5.29663e-10
      4680.00  4.81798e-10
      4690.00  4.33591e-10
      4700.00  3.89247e-10
      4710.00  3.51360e-10
      4720.00  3.20828e-10
      4730.00  2.97312e-10
      4740.00  2.79971e-10
      4750.00  2.68152e-10
      4760.00  2.61718e-10
      4770.00  2.60899e-10
      4780.00  2.65746e-10
      4790.00  2.75522e-10
      4800.00  2.88402e-10
      4810.00  3.01747e-10
      4820.00  3.12855e-10
      4830.00  3.19913e-10
      4840.00  3.22756e-10
      4850.00  3.23056e-10
      4860.00  3.23715e-10
      4870.00  3.27744e-10
      4880.00  3.37266e-10
      4890.00  3.53062e-10
      4900.00  3.74575e-10
      4910.00  4.00037e-10
      4920.00  4.26643e-10
      4930.00  4.50877e-10
      4940.00  4.69046e-10
      4950.00  4.77960e-10
      4960.00  4.75646e-10
      4970.00  4.61951e-10
      4980.00  4.38783e-10
      4990.00  4.09657e-10
      5000.00  3.78711e-10
      5010.00  3.49615e-10
      5020.00  3.24829e-10
      5030.00  3.05368e-10
      5040.00  2.91045e-10
      5050.00  2.80989e-10
      5060.00  2.74166e-10
      5070.00  2.69688e-10
      5080.00  2.66883e-10
      5090.00  2.65266e-10
      5100.00  2.64485e-10
      5110.00  2.64288e-10
      5120.00  2.64552e-10
      5130.00  2.65342e-10
      5140.00  2.66941e-10
      5150.00  2.69800e-10
      5160.00  2.74416e-10
      5170.00  2.81196e-10
      5180.00  2.90369e-10
      5190.00  3.01934e-10
      5200.00  3.15643e-10
      5210.00  3.31028e-10
      5220.00  3.47469e-10
      5230.00  3.64316e-10
      5240.00  3.81070e-10
      5250.00  3.97520e-10
      5260.00  4.13709e-10
      5270.00  4.29675e-10
      5280.00  4.45150e-10
      5290.00  4.59476e-10
      5300.00  4.71816e-10
      5310.00  4.81465e-10
      5320.00  4.88121e-10
      5330.00  4.92102e-10
      5340.00  4.94417e-10
      5350.00  4.96419e-10
      5360.00  4.99181e-10
      5370.00  5.03211e-10
      5380.00  5.08602e-10
      5390.00  5.15286e-10
      5400.00  5.23233e-10
      5410.00  5.32605e-10
      5420.00  5.43755e-10
      5430.00  5.57082e-10
      5440.00  5.72832e-10
      5450.00  5.90945e-10
      5460.00  6.10995e-10
      5470.00  6.32178e-10
      5480.00  6.53380e-10
      5490.00  6.73350e-10
      5500.00  6.90939e-10
      5510.00  7.05253e-10
      5520.00  7.15503e-10
      5530.00  7.20784e-10
      5540.00  7.20263e-10
      5550.00  7.13647e-10
      5560.00  7.01264e-10
      5570.00  6.83725e-10
      5580.00  6.61651e-10
      5590.00  6.35682e-10
      5600.00  6.06552e-10
      5610.00  5.75067e-10
      5620.00  5.42079e-10
      5630.00  5.08500e-10
      5640.00  4.75359e-10
      5650.00  4.43835e-10
      5660.00  4.15215e-10
      5670.00  3.90763e-10
      5680.00  3.71574e-10
      5690.00  3.58482e-10
      5700.00  3.52024e-10
      5710.00  3.52435e-10
      5720.00  3.59593e-10
      5730.00  3.72971e-10
      5740.00  3.91645e-10
      5750.00  4.14400e-10
      5760.00  4.39866e-10
      5770.00  4.66627e-10
      5780.00  4.93287e-10
      5790.00  5.18530e-10
      5800.00  5.41209e-10
      5810.00  5.60388e-10
      5820.00  5.75340e-10
      5830.00  5.85514e-10
      5840.00  5.90555e-10
      5850.00  5.90377e-10
      5860.00  5.85288e-10
      5870.00  5.76008e-10
      5880.00  5.63534e-10
      5890.00  5.48870e-10
      5900.00  5.32743e-10
      5910.00  5.15457e-10
      5920.00  4.96967e-10
      5930.00  4.77128e-10
      5940.00  4.55975e-10
      5950.00  4.33894e-10
      5960.00  4.11620e-10
      5970.00  3.90082e-10
      5980.00  3.70168e-10
      5990.00  3.52532e-10
      6000.00  3.37506e-10
      6010.00  3.25152e-10
      6020.00  3.15367e-10
      6030.00  3.07967e-10
      6040.00  3.02707e-10
      6050.00  2.99293e-10
      6060.00  2.97396e-10
      6070.00  2.96691e-10
      6080.00  2.96882e-10
      6090.00  2.97716e-10
      6100.00  2.98979e-10
      6110.00  3.00511e-10
      6120.00  3.02232e-10
      6130.00  3.04177e-10
      6140.00  3.06499e-10
      6150.00  3.09414e-10
      6160.00  3.13082e-10
      6170.00  3.17451e-10
      6180.00  3.22148e-10
      6190.00  3.26460e-10
      6200.00  3.29463e-10
      6210.00  3.30256e-10
      6220.00  3.28226e-10
      6230.00  3.23237e-10
      6240.00  3.15685e-10
      6250.00  3.06402e-10
      6260.00  2.96484e-10
      6270.00  2.87082e-10
      6280.00  2.79243e-10
      6290.00  2.73853e-10
      6300.00  2.71632e-10
      6310.00  2.73066e-10
      6320.00  2.78199e-10
      6330.00  2.86487e-10
      6340.00  2.97023e-10
      6350.00  3.09020e-10
      6360.00  3.22102e-10
      6370.00  3.36199e-10
      6380.00  3.51301e-10
      6390.00  3.67313e-10
      6400.00  3.84034e-10
      6410.00  4.01183e-10
      6420.00  4.18422e-10
      6430.00  4.35370e-10
      6440.00  4.51615e-10
      6450.00  4.66743e-10
      6460.00  4.80357e-10
      6470.00  4.92095e-10
      6480.00  5.01622e-10
      6490.00  5.08638e-10
      6500.00  5.12879e-10
      6510.00  5.14150e-10
      6520.00  5.12363e-10
      6530.00  5.07553e-10
      6540.00  4.99876e-10
      6550.00  4.89559e-10
      6560.00  4.76856e-10
      6570.00  4.62027e-10
      6580.00  4.45328e-10
      6590.00  4.27042e-10
      6600.00  4.07508e-10
      6610.00  3.87110e-10
      6620.00  3.66252e-10
      6630.00  3.45311e-10
      6640.00  3.24610e-10
      6650.00  3.04418e-10
      6660.00  2.84959e-10
      6670.00  2.66437e-10
      6680.00  2.49049e-10
      6690.00  2.32994e-10
      6700.00  2.18459e-10
      6710.00  2.05595e-10
      6720.00  1.94486e-10
      6730.00  1.85127e-10
      6740.00  1.77419e-10
      6750.00  1.71186e-10
      6760.00  1.66211e-10
      6770.00  1.62266e-10
      6780.00  1.59148e-10
      6790.00  1.56699e-10
      6800.00  1.54820e-10
      6810.00  1.53469e-10
      6820.00  1.52648e-10
      6830.00  1.52365e-10
      6840.00  1.52602e-10
      6850.00  1.53299e-10
      6860.00  1.54353e-10
      6870.00  1.55649e-10
      6880.00  1.57085e-10
      6890.00  1.58580e-10
      6900.00  1.60072e-10
      6910.00  1.61494e-10
      6920.00  1.62771e-10
      6930.00  1.63828e-10
      6940.00  1.64621e-10
      6950.00  1.65148e-10
      6960.00  1.65456e-10
      6970.00  1.65623e-10
      6980.00  1.65728e-10
      6990.00  1.65842e-10
      7000.00  1.66018e-10
      7010.00  1.66313e-10
      7020.00  1.66791e-10
      7030.00  1.67531e-10
      7040.00  1.68617e-10
      7050.00  1.70122e-10
      7060.00  1.72087e-10
      7070.00  1.74516e-10
      7080.00  1.77386e-10
      7090.00  1.80667e-10
      7100.00  1.84339e-10
      7110.00  1.88395e-10
      7120.00  1.92830e-10
      7130.00  1.97621e-10
      7140.00  2.02709e-10
      7150.00  2.07986e-10
      7160.00  2.13317e-10
      7170.00  2.18562e-10
      7180.00  2.23597e-10
      7190.00  2.28323e-10
      7200.00  2.32668e-10
      7210.00  2.36588e-10
      7220.00  2.40064e-10
      7230.00  2.43098e-10
      7240.00  2.45697e-10
      7250.00  2.47863e-10
      7260.00  2.49598e-10
      7270.00  2.50914e-10
      7280.00  2.51860e-10
      7290.00  2.52530e-10
      7300.00  2.53067e-10
      7310.00  2.53644e-10
      7320.00  2.54444e-10
      7330.00  2.55620e-10
      7340.00  2.57271e-10
      7350.00  2.59415e-10
      7360.00  2.61987e-10
      7370.00  2.64842e-10
      7380.00  2.67785e-10
      7390.00  2.70594e-10
      7400.00  2.73050e-10
      7410.00  2.74955e-10
      7420.00  2.76140e-10
      7430.00  2.76460e-10
      7440.00  2.75800e-10
      7450.00  2.74085e-10
      7460.00  2.71302e-10
      7470.00  2.67538e-10
      7480.00  2.62997e-10
      7490.00  2.57998e-10
      7500.00  2.52949e-10
      7510.00  2.48289e-10
      7520.00  2.44404e-10
      7530.00  2.41538e-10
      7540.00  2.39760e-10
      7550.00  2.38992e-10
      7560.00  2.39095e-10
      7570.00  2.39931e-10
      7580.00  2.41387e-10
      7590.00  2.43389e-10
      7600.00  2.45918e-10
      7610.00  2.49023e-10
      7620.00  2.52795e-10
      7630.00  2.57304e-10
      7640.00  2.62537e-10
      7650.00  2.68360e-10
      7660.00  2.74526e-10
      7670.00  2.80708e-10
      7680.00  2.86552e-10
      7690.00  2.91720e-10
      7700.00  2.95932e-10
      7710.00  2.98987e-10
      7720.00  3.00779e-10
      7730.00  3.01290e-10
      7740.00  3.00593e-10
      7750.00  2.98819e-10
      7760.00  2.96135e-10
      7770.00  2.92708e-10
      7780.00  2.88680e-10
      7790.00  2.84146e-10
      7800.00  2.79147e-10
      7810.00  2.73677e-10
      7820.00  2.67702e-10
      7830.00  2.61195e-10
      7840.00  2.54161e-10
      7850.00  2.46659e-10
      7860.00  2.38795e-10
      7870.00  2.30704e-10
      7880.00  2.22520e-10
      7890.00  2.14364e-10
      7900.00  2.06333e-10
      7910.00  1.98511e-10
      7920.00  1.90973e-10
      7930.00  1.83796e-10
      7940.00  1.77059e-10
      7950.00  1.70840e-10
      7960.00  1.65199e-10
      7970.00  1.60170e-10
      7980.00  1.55749e-10
      7990.00  1.51890e-10
      8000.00  1.48517e-10
      8010.00  1.45542e-10
      8020.00  1.42879e-10
      8030.00  1.40452e-10
      8040.00  1.38191e-10
      8050.00  1.36017e-10
      8060.00  1.33824e-10
      8070.00  1.31475e-10
      8080.00  1.28822e-10
      8090.00  1.25731e-10
      8100.00  1.22097e-10
      8110.00  1.17845e-10
      8120.00  1.12931e-10
      8130.00  1.07342e-10
      8140.00  1.01111e-10
      8150.00  9.43369e-11
      8160.00  8.71935e-11
      8170.00  7.99234e-11
      8180.00  7.28123e-11
      8190.00  6.61538e-11
      8200.00  6.02119e-11
      8210.00  5.51907e-11
      8220.00  5.12187e-11
      8230.00  4.83450e-11
      8240.00  4.65466e-11
      8250.00  4.57422e-11
      8260.00  4.58088e-11
      8270.00  4.65987e-11
      8280.00  4.79558e-11
      8290.00  4.97307e-11
      8300.00  5.17948e-11
      8310.00  5.40537e-11
      8320.00  5.64574e-11
      8330.00  5.90061e-11
      8340.00  6.17491e-11
      8350.00  6.47760e-11
      8360.00  6.82020e-11
      8370.00  7.21496e-11
      8380.00  7.67285e-11
      8390.00  8.20189e-11
      8400.00  8.80591e-11
      8410.00  9.48384e-11
      8420.00  1.02301e-10
      8430.00  1.10350e-10
      8440.00  1.18855e-10
      8450.00  1.27655e-10
      8460.00  1.36564e-10
      8470.00  1.45382e-10
      8480.00  1.53901e-10
      8490.00  1.61928e-10
      8500.00  1.69299e-10
      8510.00  1.75909e-10
      8520.00  1.81719e-10
      8530.00  1.86765e-10
      8540.00  1.91148e-10
      8550.00  1.95010e-10
      8560.00  1.98508e-10
      8570.00  2.01686e-10
      8580.00  2.04618e-10
      8590.00  2.07523e-10
      8600.00  2.10446e-10
      8610.00  2.13403e-10
      8620.00  2.16383e-10
      8630.00  2.19359e-10
      8640.00  2.22300e-10
      8650.00  2.25170e-10
      8660.00  2.27929e-10
      8670.00  2.30534e-10
      8680.00  2.32937e-10
      8690.00  2.35088e-10
      8700.00  2.36940e-10
      8710.00  2.38460e-10
      8720.00  2.39633e-10
      8730.00  2.40459e-10
      8740.00  2.40950e-10
      8750.00  2.41119e-10
      8760.00  2.40968e-10
      8770.00  2.40482e-10
      8780.00  2.39627e-10
      8790.00  2.38358e-10
      8800.00  2.36636e-10
      8810.00  2.34435e-10
      8820.00  2.31758e-10
      8830.00  2.28631e-10
      8840.00  2.25103e-10
      8850.00  2.21236e-10
      8860.00  2.17092e-10
      8870.00  2.12727e-10
      8880.00  2.08187e-10
      8890.00  2.03511e-10
      8900.00  1.98734e-10
      8910.00  1.93894e-10
      8920.00  1.89148e-10
      8930.00  1.84478e-10
      8940.00  1.79927e-10
      8950.00  1.75574e-10
      8960.00  1.71499e-10
      8970.00  1.67776e-10
      8980.00  1.64464e-10
      8990.00  1.61595e-10
      9000.00  1.59166e-10
      9010.00  1.57144e-10
      9020.00  1.55480e-10
      9030.00  1.54126e-10
      9040.00  1.53046e-10
      9050.00  1.52221e-10
      9060.00  1.51637e-10
      9070.00  1.51284e-10
      9080.00  1.51145e-10
      9090.00  1.51205e-10
      9100.00  1.51448e-10
      9110.00  1.51860e-10
      9120.00  1.52430e-10
      9130.00  1.53152e-10
      9140.00  1.54022e-10
      9150.00  1.55040e-10
      9160.00  1.56201e-10
      9170.00  1.57493e-10
      9180.00  1.58897e-10
      9190.00  1.60381e-10
      9200.00  1.61908e-10
      9210.00  1.63438e-10
      9220.00  1.64926e-10
      9230.00  1.66326e-10
      9240.00  1.67590e-10
      9250.00  1.68669e-10
      9260.00  1.69522e-10
      9270.00  1.70129e-10
      9280.00  1.70501e-10
      9290.00  1.70681e-10
      9300.00  1.70734e-10
      9310.00  1.70734e-10
      9320.00  1.70736e-10
      9330.00  1.70774e-10
      9340.00  1.70857e-10
      9350.00  1.70974e-10
      9360.00  1.71111e-10
      9370.00  1.71254e-10
      9380.00  1.71392e-10
      9390.00  1.71516e-10
      9400.00  1.71619e-10
      9410.00  1.71694e-10
      9420.00  1.71734e-10
      9430.00  1.71732e-10
      9440.00  1.71679e-10
      9450.00  1.71567e-10
      9460.00  1.71387e-10
      9470.00  1.71130e-10
      9480.00  1.70789e-10
      9490.00  1.70357e-10
      9500.00  1.69829e-10
      9510.00  1.69201e-10
      9520.00  1.68472e-10
      9530.00  1.67644e-10
      9540.00  1.66722e-10
      9550.00  1.65714e-10
      9560.00  1.64631e-10
      9570.00  1.63487e-10
      9580.00  1.62301e-10
      9590.00  1.61094e-10
      9600.00  1.59890e-10
      9610.00  1.58714e-10
      9620.00  1.57594e-10
      9630.00  1.56560e-10
      9640.00  1.55640e-10
      9650.00  1.54865e-10
      9660.00  1.54262e-10
      9670.00  1.53860e-10
      9680.00  1.53682e-10
      9690.00  1.53751e-10
      9700.00  1.54085e-10
      9710.00  1.54699e-10
      9720.00  1.55604e-10
      9730.00  1.56805e-10
      9740.00  1.58304e-10
      9750.00  1.60098e-10
      9760.00  1.62179e-10
      9770.00  1.64534e-10
      9780.00  1.67148e-10
      9790.00  1.69999e-10
      9800.00  1.73066e-10
      9810.00  1.76322e-10
      9820.00  1.79738e-10
      9830.00  1.83287e-10
      9840.00  1.86936e-10
      9850.00  1.90656e-10
      9860.00  1.94415e-10
      9870.00  1.98182e-10
      9880.00  2.01928e-10
      9890.00  2.05623e-10
      9900.00  2.09239e-10
      9910.00  2.12746e-10
      9920.00  2.16119e-10
      9930.00  2.19329e-10
      9940.00  2.22351e-10
      9950.00  2.25156e-10
      9960.00  2.27720e-10
      9970.00  2.30015e-10
      9980.00  2.32017e-10
      9990.00  2.33702e-10
      10000.0  2.35047e-10
      10010.0  2.36034e-10
      10020.0  2.36646e-10
      10030.0  2.36872e-10
      10040.0  2.36707e-10
      10050.0  2.36148e-10
      10060.0  2.35203e-10
      10070.0  2.33884e-10
      10080.0  2.32211e-10
      10090.0  2.30210e-10
      10100.0  2.27914e-10
      10110.0  2.25362e-10
      10120.0  2.22597e-10
      10130.0  2.19669e-10
      10140.0  2.16629e-10
      10150.0  2.13531e-10
      10160.0  2.10430e-10
      10170.0  2.07382e-10
      10180.0  2.04441e-10
      10190.0  2.01657e-10
      10200.0  1.99079e-10
      10210.0  1.96749e-10
      10220.0  1.94704e-10
      10230.0  1.92975e-10
      10240.0  1.91581e-10
      10250.0  1.90537e-10
      10260.0  1.89847e-10
      10270.0  1.89504e-10
      10280.0  1.89495e-10
      10290.0  1.89796e-10
      10300.0  1.90375e-10
      10310.0  1.91195e-10
      10320.0  1.92211e-10
      10330.0  1.93376e-10
      10340.0  1.94639e-10
      10350.0  1.95950e-10
      10360.0  1.97258e-10
      10370.0  1.98515e-10
      10380.0  1.99678e-10
      10390.0  2.00707e-10
      10400.0  2.01568e-10
      10410.0  2.02233e-10
      10420.0  2.02679e-10
      10430.0  2.02891e-10
      10440.0  2.02857e-10
      10450.0  2.02573e-10
      10460.0  2.02038e-10
      10470.0  2.01255e-10
      10480.0  2.00231e-10
      10490.0  1.98977e-10
      10500.0  1.97506e-10
      10510.0  1.95833e-10
      10520.0  1.93974e-10
      10530.0  1.91948e-10
      10540.0  1.89774e-10
      10550.0  1.87474e-10
      10560.0  1.85069e-10
      10570.0  1.82580e-10
      10580.0  1.80030e-10
      10590.0  1.77441e-10
      10600.0  1.74834e-10
      10610.0  1.72232e-10
      10620.0  1.69655e-10
      10630.0  1.67121e-10
      10640.0  1.64650e-10
      10650.0  1.62255e-10
      10660.0  1.59952e-10
      10670.0  1.57752e-10
      10680.0  1.55663e-10
      10690.0  1.53693e-10
      10700.0  1.51846e-10
      10710.0  1.50123e-10
      10720.0  1.48522e-10
      10730.0  1.47041e-10
      10740.0  1.45674e-10
      10750.0  1.44414e-10
      10760.0  1.43251e-10
      10770.0  1.42175e-10
      10780.0  1.41175e-10
      10790.0  1.40238e-10
      10800.0  1.39353e-10
      10810.0  1.38506e-10
      10820.0  1.37685e-10
      10830.0  1.36879e-10
      10840.0  1.36076e-10
      10850.0  1.35267e-10
      10860.0  1.34441e-10
      10870.0  1.33591e-10
      10880.0  1.32709e-10
      10890.0  1.31791e-10
      10900.0  1.30831e-10
      10910.0  1.29827e-10
      10920.0  1.28775e-10
      10930.0  1.27674e-10
      10940.0  1.26524e-10
      10950.0  1.25324e-10
      10960.0  1.24076e-10
      10970.0  1.22779e-10
      10980.0  1.21435e-10
      10990.0  1.20045e-10
      11000.0  1.18611e-10
      11010.0  1.17133e-10
      11020.0  1.15614e-10
      11030.0  1.14054e-10
      11040.0  1.12455e-10
      11050.0  1.10817e-10
      11060.0  1.09140e-10
      11070.0  1.07427e-10
      11080.0  1.05678e-10
      11090.0  1.03893e-10
      11100.0  1.02074e-10
      11110.0  1.00223e-10
      11120.0  9.83415e-11
      11130.0  9.64320e-11
      11140.0  9.44977e-11
      11150.0  9.25421e-11
      11160.0  9.05695e-11
      11170.0  8.85848e-11
      11180.0  8.65937e-11
      11190.0  8.46024e-11
      11200.0  8.26175e-11
      11210.0  8.06464e-11
      11220.0  7.86966e-11
      11230.0  7.67759e-11
      11240.0  7.48921e-11
      11250.0  7.30532e-11
      11260.0  7.12665e-11
      11270.0  6.95394e-11
      11280.0  6.78785e-11
      11290.0  6.62896e-11
      11300.0  6.47778e-11
      11310.0  6.33473e-11
      11320.0  6.20012e-11
      11330.0  6.07414e-11
      11340.0  5.95687e-11
      11350.0  5.84827e-11
      11360.0  5.74818e-11
      11370.0  5.65634e-11
      11380.0  5.57235e-11
      11390.0  5.49574e-11
      11400.0  5.42593e-11
      11410.0  5.36228e-11
      11420.0  5.30406e-11
      11430.0  5.25051e-11
      11440.0  5.20083e-11
      11450.0  5.15419e-11
      11460.0  5.10977e-11
      11470.0  5.06674e-11
      11480.0  5.02433e-11
      11490.0  4.98177e-11
      11500.0  4.93837e-11
      11510.0  4.89350e-11
      11520.0  4.84660e-11
      11530.0  4.79718e-11
      11540.0  4.74485e-11
      11550.0  4.68931e-11
      11560.0  4.63036e-11
      11570.0  4.56788e-11
      11580.0  4.50184e-11
      11590.0  4.43233e-11
      11600.0  4.35949e-11
      11610.0  4.28355e-11
      11620.0  4.20481e-11
      11630.0  4.12364e-11
      11640.0  4.04045e-11
      11650.0  3.95569e-11
      11660.0  3.86987e-11
      11670.0  3.78349e-11
      11680.0  3.69706e-11
      11690.0  3.61112e-11
      11700.0  3.52617e-11
      11710.0  3.44272e-11
      11720.0  3.36122e-11
      11730.0  3.28212e-11
      11740.0  3.20582e-11
      11750.0  3.13265e-11
      11760.0  3.06293e-11
      11770.0  2.99690e-11
      11780.0  2.93475e-11
      11790.0  2.87663e-11
      11800.0  2.82259e-11
      11810.0  2.77268e-11
      11820.0  2.72684e-11
      11830.0  2.68501e-11
      11840.0  2.64703e-11
      11850.0  2.61272e-11
      11860.0  2.58187e-11
      11870.0  2.55420e-11
      11880.0  2.52943e-11
      11890.0  2.50722e-11
      11900.0  2.48724e-11
      11910.0  2.46914e-11
      11920.0  2.45254e-11
      11930.0  2.43708e-11
      11940.0  2.42241e-11
      11950.0  2.40816e-11
      11960.0  2.39402e-11
      11970.0  2.37966e-11
      11980.0  2.36481e-11
      11990.0  2.34922e-11
      12000.0  2.33267e-11
      12010.0  2.31498e-11
      12020.0  2.29602e-11
      12030.0  2.27571e-11
      12040.0  2.25398e-11
      12050.0  2.23085e-11
      12060.0  2.20634e-11
      12070.0  2.18055e-11
      12080.0  2.15358e-11
      12090.0  2.12561e-11
      12100.0  2.09681e-11
      12110.0  2.06742e-11
      12120.0  2.03768e-11
      12130.0  2.00786e-11
      12140.0  1.97824e-11
      12150.0  1.94913e-11
      12160.0  1.92083e-11
      12170.0  1.89365e-11
      12180.0  1.86789e-11
      12190.0  1.84387e-11
      12200.0  1.82186e-11
      12210.0  1.80215e-11
      12220.0  1.78500e-11
      12230.0  1.77064e-11
      12240.0  1.75929e-11
      12250.0  1.75113e-11
      12260.0  1.74632e-11
      12270.0  1.74499e-11
      12280.0  1.74721e-11
      12290.0  1.75307e-11
      12300.0  1.76257e-11
      12310.0  1.77571e-11
      12320.0  1.79245e-11
      12330.0  1.81271e-11
      12340.0  1.83639e-11
      12350.0  1.86334e-11
      12360.0  1.89341e-11
      12370.0  1.92641e-11
      12380.0  1.96211e-11
      12390.0  2.00029e-11
      12400.0  2.04070e-11
      12410.0  2.08306e-11
      12420.0  2.12711e-11
      12430.0  2.17255e-11
      12440.0  2.21908e-11
      12450.0  2.26641e-11
      12460.0  2.31423e-11
      12470.0  2.36224e-11
      12480.0  2.41015e-11
      12490.0  2.45765e-11
      12500.0  2.50447e-11
      12510.0  2.55033e-11
      12520.0  2.59495e-11
      12530.0  2.63809e-11
      12540.0  2.67951e-11
      12550.0  2.71898e-11
      12560.0  2.75630e-11
      12570.0  2.79129e-11
      12580.0  2.82377e-11
      12590.0  2.85361e-11
      12600.0  2.88070e-11
      12610.0  2.90492e-11
      12620.0  2.92622e-11
      12630.0  2.94455e-11
      12640.0  2.95989e-11
      12650.0  2.97224e-11
      12660.0  2.98163e-11
      12670.0  2.98811e-11
      12680.0  2.99174e-11
      12690.0  2.99263e-11
      12700.0  2.99087e-11
      12710.0  2.98657e-11
      12720.0  2.97988e-11
      12730.0  2.97092e-11
      12740.0  2.95985e-11
      12750.0  2.94679e-11
      12760.0  2.93191e-11
      12770.0  2.91533e-11
      12780.0  2.89720e-11
      12790.0  2.87764e-11
      12800.0  2.85679e-11
      12810.0  2.83474e-11
      12820.0  2.81159e-11
      12830.0  2.78745e-11
      12840.0  2.76239e-11
      12850.0  2.73647e-11
      12860.0  2.70976e-11
      12870.0  2.68231e-11
      12880.0  2.65415e-11
      12890.0  2.62531e-11
      12900.0  2.59582e-11
      12910.0  2.56571e-11
      12920.0  2.53498e-11
      12930.0  2.50365e-11
      12940.0  2.47174e-11
      12950.0  2.43924e-11
      12960.0  2.40618e-11
      12970.0  2.37257e-11
      12980.0  2.33842e-11
      12990.0  2.30375e-11
      13000.0  2.26859e-11
      13010.0  2.23298e-11
      13020.0  2.19695e-11
      13030.0  2.16054e-11
      13040.0  2.12381e-11
      13050.0  2.08682e-11
      13060.0  2.04964e-11
      13070.0  2.01235e-11
      13080.0  1.97503e-11
      13090.0  1.93778e-11
      13100.0  1.90070e-11
      13110.0  1.86390e-11
      13120.0  1.82751e-11
      13130.0  1.79164e-11
      13140.0  1.75642e-11
      13150.0  1.72200e-11
      13160.0  1.68850e-11
      13170.0  1.65608e-11
      13180.0  1.62486e-11
      13190.0  1.59499e-11
      13200.0  1.56662e-11
      13210.0  1.53988e-11
      13220.0  1.51490e-11
      13230.0  1.49181e-11
      13240.0  1.47074e-11
      13250.0  1.45180e-11
      13260.0  1.43509e-11
      13270.0  1.42072e-11
      13280.0  1.40876e-11
      13290.0  1.39928e-11
      13300.0  1.39234e-11
      13310.0  1.38798e-11
      13320.0  1.38623e-11
      13330.0  1.38707e-11
      13340.0  1.39052e-11
      13350.0  1.39652e-11
      13360.0  1.40502e-11
      13370.0  1.41596e-11
      13380.0  1.42924e-11
      13390.0  1.44475e-11
      13400.0  1.46236e-11
      13410.0  1.48192e-11
      13420.0  1.50327e-11
      13430.0  1.52624e-11
      13440.0  1.55063e-11
      13450.0  1.57624e-11
      13460.0  1.60289e-11
      13470.0  1.63035e-11
      13480.0  1.65842e-11
      13490.0  1.68690e-11
      13500.0  1.71557e-11
      13510.0  1.74424e-11
      13520.0  1.77272e-11
      13530.0  1.80083e-11
      13540.0  1.82839e-11
      13550.0  1.85525e-11
      13560.0  1.88126e-11
      13570.0  1.90628e-11
      13580.0  1.93020e-11
      13590.0  1.95292e-11
      13600.0  1.97433e-11
      13610.0  1.99438e-11
      13620.0  2.01299e-11
      13630.0  2.03013e-11
      13640.0  2.04574e-11
      13650.0  2.05982e-11
      13660.0  2.07236e-11
      13670.0  2.08335e-11
      13680.0  2.09282e-11
      13690.0  2.10078e-11
      13700.0  2.10727e-11
      13710.0  2.11233e-11
      13720.0  2.11600e-11
      13730.0  2.11835e-11
      13740.0  2.11942e-11
      13750.0  2.11928e-11
      13760.0  2.11799e-11
      13770.0  2.11561e-11
      13780.0  2.11222e-11
      13790.0  2.10786e-11
      13800.0  2.10260e-11
      13810.0  2.09649e-11
      13820.0  2.08959e-11
      13830.0  2.08194e-11
      13840.0  2.07359e-11
      13850.0  2.06458e-11
      13860.0  2.05494e-11
      13870.0  2.04470e-11
      13880.0  2.03389e-11
      13890.0  2.02253e-11
      13900.0  2.01065e-11
      13910.0  1.99826e-11
      13920.0  1.98538e-11
      13930.0  1.97203e-11
      13940.0  1.95824e-11
      13950.0  1.94402e-11
      13960.0  1.92940e-11
      13970.0  1.91441e-11
      13980.0  1.89907e-11
      13990.0  1.88344e-11
      14000.0  1.86754e-11
      14010.0  1.85142e-11
      14020.0  1.83514e-11
      14030.0  1.81875e-11
      14040.0  1.80231e-11
      14050.0  1.78589e-11
      14060.0  1.76956e-11
      14070.0  1.75339e-11
      14080.0  1.73747e-11
      14090.0  1.72185e-11
      14100.0  1.70664e-11
      14110.0  1.69191e-11
      14120.0  1.67774e-11
      14130.0  1.66420e-11
      14140.0  1.65139e-11
      14150.0  1.63937e-11
      14160.0  1.62822e-11
      14170.0  1.61800e-11
      14180.0  1.60878e-11
      14190.0  1.60063e-11
      14200.0  1.59358e-11
      14210.0  1.58768e-11
      14220.0  1.58298e-11
      14230.0  1.57951e-11
      14240.0  1.57728e-11
      14250.0  1.57631e-11
      14260.0  1.57661e-11
      14270.0  1.57817e-11
      14280.0  1.58098e-11
      14290.0  1.58503e-11
      14300.0  1.59027e-11
      14310.0  1.59668e-11
      14320.0  1.60421e-11
      14330.0  1.61281e-11
      14340.0  1.62241e-11
      14350.0  1.63296e-11
      14360.0  1.64438e-11
      14370.0  1.65661e-11
      14380.0  1.66955e-11
      14390.0  1.68314e-11
      14400.0  1.69730e-11
      14410.0  1.71194e-11
      14420.0  1.72698e-11
      14430.0  1.74236e-11
      14440.0  1.75800e-11
      14450.0  1.77384e-11
      14460.0  1.78981e-11
      14470.0  1.80587e-11
      14480.0  1.82197e-11
      14490.0  1.83809e-11
      14500.0  1.85419e-11
      14510.0  1.87028e-11
      14520.0  1.88635e-11
      14530.0  1.90241e-11
      14540.0  1.91850e-11
      14550.0  1.93464e-11
      14560.0  1.95089e-11
      14570.0  1.96731e-11
      14580.0  1.98396e-11
      14590.0  2.00093e-11
      14600.0  2.01831e-11
      14610.0  2.03617e-11
      14620.0  2.05463e-11
      14630.0  2.07377e-11
      14640.0  2.09369e-11
      14650.0  2.11449e-11
      14660.0  2.13625e-11
      14670.0  2.15907e-11
      14680.0  2.18301e-11
      14690.0  2.20814e-11
      14700.0  2.23452e-11
      14710.0  2.26218e-11
      14720.0  2.29115e-11
      14730.0  2.32143e-11
      14740.0  2.35302e-11
      14750.0  2.38590e-11
      14760.0  2.42002e-11
      14770.0  2.45534e-11
      14780.0  2.49177e-11
      14790.0  2.52923e-11
      14800.0  2.56762e-11
      14810.0  2.60682e-11
      14820.0  2.64670e-11
      14830.0  2.68714e-11
      14840.0  2.72799e-11
      14850.0  2.76910e-11
      14860.0  2.81032e-11
      14870.0  2.85148e-11
      14880.0  2.89244e-11
      14890.0  2.93304e-11
      14900.0  2.97312e-11
      14910.0  3.01253e-11
      14920.0  3.05114e-11
      14930.0  3.08881e-11
      14940.0  3.12540e-11
      14950.0  3.16079e-11
      14960.0  3.19489e-11
      14970.0  3.22757e-11
      14980.0  3.25875e-11
      14990.0  3.28835e-11
      15000.0  3.31628e-11
      15010.0  3.34248e-11
      15020.0  3.36690e-11
      15030.0  3.38947e-11
      15040.0  3.41015e-11
      15050.0  3.42890e-11
      15060.0  3.44569e-11
      15070.0  3.46049e-11
      15080.0  3.47326e-11
      15090.0  3.48400e-11
      15100.0  3.49268e-11
      15110.0  3.49930e-11
      15120.0  3.50386e-11
      15130.0  3.50635e-11
      15140.0  3.50680e-11
      15150.0  3.50522e-11
      15160.0  3.50164e-11
      15170.0  3.49611e-11
      15180.0  3.48869e-11
      15190.0  3.47944e-11
      15200.0  3.46845e-11
      15210.0  3.45581e-11
      15220.0  3.44164e-11
      15230.0  3.42607e-11
      15240.0  3.40924e-11
      15250.0  3.39130e-11
      15260.0  3.37243e-11
      15270.0  3.35280e-11
      15280.0  3.33259e-11
      15290.0  3.31200e-11
      15300.0  3.29123e-11
      15310.0  3.27046e-11
      15320.0  3.24990e-11
      15330.0  3.22972e-11
      15340.0  3.21012e-11
      15350.0  3.19126e-11
      15360.0  3.17331e-11
      15370.0  3.15639e-11
      15380.0  3.14065e-11
      15390.0  3.12619e-11
      15400.0  3.11311e-11
      15410.0  3.10147e-11
      15420.0  3.09132e-11
      15430.0  3.08270e-11
      15440.0  3.07562e-11
      15450.0  3.07008e-11
      15460.0  3.06605e-11
      15470.0  3.06350e-11
      15480.0  3.06237e-11
      15490.0  3.06261e-11
      15500.0  3.06414e-11
      15510.0  3.06689e-11
      15520.0  3.07075e-11
      15530.0  3.07566e-11
      15540.0  3.08150e-11
      15550.0  3.08819e-11
      15560.0  3.09564e-11
      15570.0  3.10376e-11
      15580.0  3.11246e-11
      15590.0  3.12166e-11
      15600.0  3.13128e-11
      15610.0  3.14126e-11
      15620.0  3.15154e-11
      15630.0  3.16205e-11
      15640.0  3.17274e-11
      15650.0  3.18357e-11
      15660.0  3.19451e-11
      15670.0  3.20550e-11
      15680.0  3.21654e-11
      15690.0  3.22757e-11
      15700.0  3.23859e-11
      15710.0  3.24957e-11
      15720.0  3.26049e-11
      15730.0  3.27132e-11
      15740.0  3.28204e-11
      15750.0  3.29265e-11
      15760.0  3.30310e-11
      15770.0  3.31339e-11
      15780.0  3.32350e-11
      15790.0  3.33339e-11
      15800.0  3.34306e-11
      15810.0  3.35248e-11
      15820.0  3.36163e-11
      15830.0  3.37049e-11
      15840.0  3.37906e-11
      15850.0  3.38732e-11
      15860.0  3.39526e-11
      15870.0  3.40289e-11
      15880.0  3.41019e-11
      15890.0  3.41717e-11
      15900.0  3.42385e-11
      15910.0  3.43023e-11
      15920.0  3.43633e-11
      15930.0  3.44219e-11
      15940.0  3.44781e-11
      15950.0  3.45325e-11
      15960.0  3.45851e-11
      15970.0  3.46365e-11
      15980.0  3.46869e-11
      15990.0  3.47368e-11
      16000.0  3.47864e-11
      16010.0  3.48361e-11
      16020.0  3.48862e-11
      16030.0  3.49370e-11
      16040.0  3.49888e-11
      16050.0  3.50417e-11
      16060.0  3.50958e-11
      16070.0  3.51512e-11
      16080.0  3.52079e-11
      16090.0  3.52659e-11
      16100.0  3.53250e-11
      16110.0  3.53851e-11
      16120.0  3.54459e-11
      16130.0  3.55071e-11
      16140.0  3.55685e-11
      16150.0  3.56295e-11
      16160.0  3.56899e-11
      16170.0  3.57493e-11
      16180.0  3.58071e-11
      16190.0  3.58631e-11
      16200.0  3.59169e-11
      16210.0  3.59681e-11
      16220.0  3.60165e-11
      16230.0  3.60617e-11
      16240.0  3.61036e-11
      16250.0  3.61422e-11
      16260.0  3.61772e-11
      16270.0  3.62089e-11
      16280.0  3.62372e-11
      16290.0  3.62623e-11
      16300.0  3.62845e-11
      16310.0  3.63041e-11
      16320.0  3.63214e-11
      16330.0  3.63367e-11
      16340.0  3.63505e-11
      16350.0  3.63632e-11
      16360.0  3.63753e-11
      16370.0  3.63871e-11
      16380.0  3.63991e-11
      16390.0  3.64116e-11
      16400.0  3.64250e-11
      16410.0  3.64394e-11
      16420.0  3.64551e-11
      16430.0  3.64720e-11
      16440.0  3.64903e-11
      16450.0  3.65097e-11
      16460.0  3.65301e-11
      16470.0  3.65511e-11
      16480.0  3.65722e-11
      16490.0  3.65930e-11
      16500.0  3.66126e-11
      16510.0  3.66304e-11
      16520.0  3.66455e-11
      16530.0  3.66569e-11
      16540.0  3.66636e-11
      16550.0  3.66647e-11
      16560.0  3.66588e-11
      16570.0  3.66451e-11
      16580.0  3.66223e-11
      16590.0  3.65893e-11
      16600.0  3.65451e-11
      16610.0  3.64887e-11
      16620.0  3.64192e-11
      16630.0  3.63356e-11
      16640.0  3.62374e-11
      16650.0  3.61238e-11
      16660.0  3.59944e-11
      16670.0  3.58490e-11
      16680.0  3.56873e-11
      16690.0  3.55093e-11
      16700.0  3.53153e-11
      16710.0  3.51055e-11
      16720.0  3.48804e-11
      16730.0  3.46407e-11
      16740.0  3.43872e-11
      16750.0  3.41209e-11
      16760.0  3.38427e-11
      16770.0  3.35538e-11
      16780.0  3.32556e-11
      16790.0  3.29494e-11
      16800.0  3.26366e-11
      16810.0  3.23186e-11
      16820.0  3.19970e-11
      16830.0  3.16732e-11
      16840.0  3.13488e-11
      16850.0  3.10251e-11
      16860.0  3.07036e-11
      16870.0  3.03857e-11
      16880.0  3.00726e-11
      16890.0  2.97656e-11
      16900.0  2.94658e-11
      16910.0  2.91743e-11
      16920.0  2.88919e-11
      16930.0  2.86195e-11
      16940.0  2.83578e-11
      16950.0  2.81075e-11
      16960.0  2.78691e-11
      16970.0  2.76429e-11
      16980.0  2.74293e-11
      16990.0  2.72285e-11
      17000.0  2.70405e-11
      17010.0  2.68654e-11
      17020.0  2.67030e-11
      17030.0  2.65531e-11
      17040.0  2.64155e-11
      17050.0  2.62898e-11
      17060.0  2.61756e-11
      17070.0  2.60723e-11
      17080.0  2.59794e-11
      17090.0  2.58962e-11
      17100.0  2.58220e-11
      17110.0  2.57562e-11
      17120.0  2.56981e-11
      17130.0  2.56467e-11
      17140.0  2.56015e-11
      17150.0  2.55616e-11
      17160.0  2.55263e-11
      17170.0  2.54949e-11
      17180.0  2.54667e-11
      17190.0  2.54413e-11
      17200.0  2.54179e-11
      17210.0  2.53963e-11
      17220.0  2.53760e-11
      17230.0  2.53568e-11
      17240.0  2.53384e-11
      17250.0  2.53208e-11
      17260.0  2.53041e-11
      17270.0  2.52884e-11
      17280.0  2.52738e-11
      17290.0  2.52607e-11
      17300.0  2.52495e-11
      17310.0  2.52406e-11
      17320.0  2.52345e-11
      17330.0  2.52318e-11
      17340.0  2.52330e-11
      17350.0  2.52387e-11
      17360.0  2.52495e-11
      17370.0  2.52659e-11
      17380.0  2.52885e-11
      17390.0  2.53177e-11
      17400.0  2.53539e-11
      17410.0  2.53975e-11
      17420.0  2.54487e-11
      17430.0  2.55077e-11
      17440.0  2.55744e-11
      17450.0  2.56490e-11
      17460.0  2.57312e-11
      17470.0  2.58207e-11
      17480.0  2.59173e-11
      17490.0  2.60205e-11
      17500.0  2.61298e-11
      17510.0  2.62446e-11
      17520.0  2.63642e-11
      17530.0  2.64879e-11
      17540.0  2.66150e-11
      17550.0  2.67446e-11
      17560.0  2.68759e-11
      17570.0  2.70080e-11
      17580.0  2.71402e-11
      17590.0  2.72715e-11
      17600.0  2.74012e-11
      17610.0  2.75285e-11
      17620.0  2.76525e-11
      17630.0  2.77726e-11
      17640.0  2.78881e-11
      17650.0  2.79983e-11
      17660.0  2.81027e-11
      17670.0  2.82007e-11
      17680.0  2.82919e-11
      17690.0  2.83759e-11
      17700.0  2.84522e-11
      17710.0  2.85207e-11
      17720.0  2.85810e-11
      17730.0  2.86331e-11
      17740.0  2.86767e-11
      17750.0  2.87118e-11
      17760.0  2.87383e-11
      17770.0  2.87564e-11
      17780.0  2.87661e-11
      17790.0  2.87674e-11
      17800.0  2.87605e-11
      17810.0  2.87457e-11
      17820.0  2.87231e-11
      17830.0  2.86930e-11
      17840.0  2.86556e-11
      17850.0  2.86112e-11
      17860.0  2.85602e-11
      17870.0  2.85027e-11
      17880.0  2.84393e-11
      17890.0  2.83700e-11
      17900.0  2.82953e-11
      17910.0  2.82154e-11
      17920.0  2.81307e-11
      17930.0  2.80413e-11
      17940.0  2.79475e-11
      17950.0  2.78496e-11
      17960.0  2.77477e-11
      17970.0  2.76420e-11
      17980.0  2.75327e-11
      17990.0  2.74198e-11
      18000.0  2.73035e-11
      18010.0  2.71839e-11
      18020.0  2.70610e-11
      18030.0  2.69349e-11
      18040.0  2.68057e-11
      18050.0  2.66733e-11
      18060.0  2.65379e-11
      18070.0  2.63994e-11
      18080.0  2.62580e-11
      18090.0  2.61136e-11
      18100.0  2.59665e-11
      18110.0  2.58165e-11
      18120.0  2.56640e-11
      18130.0  2.55089e-11
      18140.0  2.53514e-11
      18150.0  2.51917e-11
      18160.0  2.50298e-11
      18170.0  2.48659e-11
      18180.0  2.47002e-11
      18190.0  2.45328e-11
      18200.0  2.43637e-11
      18210.0  2.41932e-11
      18220.0  2.40212e-11
      18230.0  2.38478e-11
      18240.0  2.36731e-11
      18250.0  2.34970e-11
      18260.0  2.33195e-11
      18270.0  2.31405e-11
      18280.0  2.29599e-11
      18290.0  2.27777e-11
      18300.0  2.25936e-11
      18310.0  2.24077e-11
      18320.0  2.22196e-11
      18330.0  2.20294e-11
      18340.0  2.18370e-11
      18350.0  2.16421e-11
      18360.0  2.14448e-11
      18370.0  2.12452e-11
      18380.0  2.10431e-11
      18390.0  2.08389e-11
      18400.0  2.06326e-11
      18410.0  2.04245e-11
      18420.0  2.02149e-11
      18430.0  2.00042e-11
      18440.0  1.97928e-11
      18450.0  1.95814e-11
      18460.0  1.93704e-11
      18470.0  1.91606e-11
      18480.0  1.89525e-11
      18490.0  1.87469e-11
      18500.0  1.85446e-11
      18510.0  1.83463e-11
      18520.0  1.81527e-11
      18530.0  1.79646e-11
      18540.0  1.77827e-11
      18550.0  1.76075e-11
      18560.0  1.74399e-11
      18570.0  1.72801e-11
      18580.0  1.71289e-11
      18590.0  1.69864e-11
      18600.0  1.68531e-11
      18610.0  1.67291e-11
      18620.0  1.66146e-11
      18630.0  1.65095e-11
      18640.0  1.64138e-11
      18650.0  1.63273e-11
      18660.0  1.62498e-11
      18670.0  1.61808e-11
      18680.0  1.61201e-11
      18690.0  1.60670e-11
      18700.0  1.60210e-11
      18710.0  1.59815e-11
      18720.0  1.59479e-11
      18730.0  1.59194e-11
      18740.0  1.58955e-11
      18750.0  1.58753e-11
      18760.0  1.58582e-11
      18770.0  1.58434e-11
      18780.0  1.58304e-11
      18790.0  1.58183e-11
      18800.0  1.58066e-11
      18810.0  1.57947e-11
      18820.0  1.57821e-11
      18830.0  1.57682e-11
      18840.0  1.57526e-11
      18850.0  1.57349e-11
      18860.0  1.57148e-11
      18870.0  1.56919e-11
      18880.0  1.56661e-11
      18890.0  1.56371e-11
      18900.0  1.56048e-11
      18910.0  1.55691e-11
      18920.0  1.55300e-11
      18930.0  1.54874e-11
      18940.0  1.54413e-11
      18950.0  1.53918e-11
      18960.0  1.53391e-11
      18970.0  1.52831e-11
      18980.0  1.52240e-11
      18990.0  1.51621e-11
      19000.0  1.50974e-11
      19010.0  1.50301e-11
      19020.0  1.49606e-11
      19030.0  1.48889e-11
      19040.0  1.48154e-11
      19050.0  1.47403e-11
      19060.0  1.46639e-11
      19070.0  1.45864e-11
      19080.0  1.45082e-11
      19090.0  1.44296e-11
      19100.0  1.43508e-11
      19110.0  1.42723e-11
      19120.0  1.41943e-11
      19130.0  1.41171e-11
      19140.0  1.40410e-11
      19150.0  1.39664e-11
      19160.0  1.38936e-11
      19170.0  1.38229e-11
      19180.0  1.37545e-11
      19190.0  1.36887e-11
      19200.0  1.36257e-11
      19210.0  1.35657e-11
      19220.0  1.35089e-11
      19230.0  1.34555e-11
      19240.0  1.34055e-11
      19250.0  1.33591e-11
      19260.0  1.33163e-11
      19270.0  1.32772e-11
      19280.0  1.32417e-11
      19290.0  1.32099e-11
      19300.0  1.31816e-11
      19310.0  1.31569e-11
      19320.0  1.31356e-11
      19330.0  1.31177e-11
      19340.0  1.31031e-11
      19350.0  1.30916e-11
      19360.0  1.30832e-11
      19370.0  1.30777e-11
      19380.0  1.30751e-11
      19390.0  1.30752e-11
      19400.0  1.30779e-11
      19410.0  1.30831e-11
      19420.0  1.30909e-11
      19430.0  1.31010e-11
      19440.0  1.31133e-11
      19450.0  1.31279e-11
      19460.0  1.31446e-11
      19470.0  1.31634e-11
      19480.0  1.31842e-11
      19490.0  1.32068e-11
      19500.0  1.32311e-11
      19510.0  1.32571e-11
      19520.0  1.32847e-11
      19530.0  1.33136e-11
      19540.0  1.33437e-11
      19550.0  1.33748e-11
      19560.0  1.34067e-11
      19570.0  1.34392e-11
      19580.0  1.34720e-11
      19590.0  1.35050e-11
      19600.0  1.35377e-11
      19610.0  1.35699e-11
      19620.0  1.36014e-11
      19630.0  1.36317e-11
      19640.0  1.36607e-11
      19650.0  1.36878e-11
      19660.0  1.37129e-11
      19670.0  1.37356e-11
      19680.0  1.37556e-11
      19690.0  1.37725e-11
      19700.0  1.37861e-11
      19710.0  1.37961e-11
      19720.0  1.38022e-11
      19730.0  1.38041e-11
      19740.0  1.38015e-11
      19750.0  1.37944e-11
      19760.0  1.37825e-11
      19770.0  1.37655e-11
      19780.0  1.37434e-11
      19790.0  1.37161e-11
      19800.0  1.36834e-11
      19810.0  1.36452e-11
      19820.0  1.36016e-11
      19830.0  1.35526e-11
      19840.0  1.34980e-11
      19850.0  1.34380e-11
      19860.0  1.33727e-11
      19870.0  1.33021e-11
      19880.0  1.32263e-11
      19890.0  1.31455e-11
      19900.0  1.30598e-11
      19910.0  1.29693e-11
      19920.0  1.28744e-11
      19930.0  1.27752e-11
      19940.0  1.26719e-11
      19950.0  1.25647e-11
      19960.0  1.24539e-11
      19970.0  1.23397e-11
      19980.0  1.22224e-11
      19990.0  1.21022e-11
      20000.0  1.19794e-11
      20010.0  1.18542e-11
      20020.0  1.17269e-11
      20030.0  1.15977e-11
      20040.0  1.14669e-11
      20050.0  1.13347e-11
      20060.0  1.12012e-11
      20070.0  1.10669e-11
      20080.0  1.09318e-11
      20090.0  1.07963e-11
      20100.0  1.06604e-11
      20110.0  1.05245e-11
      20120.0  1.03887e-11
      20130.0  1.02533e-11
      20140.0  1.01185e-11
      20150.0  9.98442e-12
      20160.0  9.85141e-12
      20170.0  9.71964e-12
      20180.0  9.58935e-12
      20190.0  9.46078e-12
      20200.0  9.33416e-12
      20210.0  9.20974e-12
      20220.0  9.08776e-12
      20230.0  8.96848e-12
      20240.0  8.85215e-12
      20250.0  8.73902e-12
      20260.0  8.62934e-12
      20270.0  8.52334e-12
      20280.0  8.42127e-12
      20290.0  8.32336e-12
      20300.0  8.22982e-12
      20310.0  8.14086e-12
      20320.0  8.05667e-12
      20330.0  7.97741e-12
      20340.0  7.90325e-12
      20350.0  7.83431e-12
      20360.0  7.77071e-12
      20370.0  7.71253e-12
      20380.0  7.65984e-12
      20390.0  7.61267e-12
      20400.0  7.57104e-12
      20410.0  7.53495e-12
      20420.0  7.50435e-12
      20430.0  7.47919e-12
      20440.0  7.45938e-12
      20450.0  7.44484e-12
      20460.0  7.43543e-12
      20470.0  7.43101e-12
      20480.0  7.43144e-12
      20490.0  7.43653e-12
      20500.0  7.44609e-12
      20510.0  7.45995e-12
      20520.0  7.47788e-12
      20530.0  7.49967e-12
      20540.0  7.52511e-12
      20550.0  7.55397e-12
      20560.0  7.58602e-12
      20570.0  7.62104e-12
      20580.0  7.65882e-12
      20590.0  7.69911e-12
      20600.0  7.74172e-12
      20610.0  7.78642e-12
      20620.0  7.83302e-12
      20630.0  7.88131e-12
      20640.0  7.93112e-12
      20650.0  7.98226e-12
      20660.0  8.03457e-12
      20670.0  8.08789e-12
      20680.0  8.14208e-12
      20690.0  8.19702e-12
      20700.0  8.25257e-12
      20710.0  8.30865e-12
      20720.0  8.36515e-12
      20730.0  8.42200e-12
      20740.0  8.47914e-12
      20750.0  8.53652e-12
      20760.0  8.59409e-12
      20770.0  8.65183e-12
      20780.0  8.70973e-12
      20790.0  8.76778e-12
      20800.0  8.82598e-12
      20810.0  8.88435e-12
      20820.0  8.94292e-12
      20830.0  9.00171e-12
      20840.0  9.06075e-12
      20850.0  9.12009e-12
      20860.0  9.17975e-12
      20870.0  9.23978e-12
      20880.0  9.30022e-12
      20890.0  9.36111e-12
      20900.0  9.42247e-12
      20910.0  9.48433e-12
      20920.0  9.54671e-12
      20930.0  9.60964e-12
      20940.0  9.67310e-12
      20950.0  9.73709e-12
      20960.0  9.80160e-12
      20970.0  9.86659e-12
      20980.0  9.93204e-12
      20990.0  9.99790e-12
      21000.0  1.00641e-11
      21010.0  1.01306e-11
      21020.0  1.01972e-11
      21030.0  1.02640e-11
      21040.0  1.03308e-11
      21050.0  1.03975e-11
      21060.0  1.04640e-11
      21070.0  1.05302e-11
      21080.0  1.05960e-11
      21090.0  1.06613e-11
      21100.0  1.07259e-11
      21110.0  1.07897e-11
      21120.0  1.08527e-11
      21130.0  1.09146e-11
      21140.0  1.09754e-11
      21150.0  1.10350e-11
      21160.0  1.10933e-11
      21170.0  1.11501e-11
      21180.0  1.12053e-11
      21190.0  1.12589e-11
      21200.0  1.13108e-11
      21210.0  1.13607e-11
      21220.0  1.14087e-11
      21230.0  1.14547e-11
      21240.0  1.14984e-11
      21250.0  1.15399e-11
      21260.0  1.15789e-11
      21270.0  1.16154e-11
      21280.0  1.16492e-11
      21290.0  1.16802e-11
      21300.0  1.17083e-11
      21310.0  1.17332e-11
      21320.0  1.17548e-11
      21330.0  1.17729e-11
      21340.0  1.17874e-11
      21350.0  1.17981e-11
      21360.0  1.18048e-11
      21370.0  1.18073e-11
      21380.0  1.18054e-11
      21390.0  1.17989e-11
      21400.0  1.17876e-11
      21410.0  1.17714e-11
      21420.0  1.17502e-11
      21430.0  1.17236e-11
      21440.0  1.16918e-11
      21450.0  1.16544e-11
      21460.0  1.16116e-11
      21470.0  1.15631e-11
      21480.0  1.15091e-11
      21490.0  1.14495e-11
      21500.0  1.13843e-11
      21510.0  1.13138e-11
      21520.0  1.12380e-11
      21530.0  1.11571e-11
      21540.0  1.10713e-11
      21550.0  1.09809e-11
      21560.0  1.08863e-11
      21570.0  1.07877e-11
      21580.0  1.06856e-11
      21590.0  1.05803e-11
      21600.0  1.04724e-11
      21610.0  1.03623e-11
      21620.0  1.02505e-11
      21630.0  1.01375e-11
      21640.0  1.00240e-11
      21650.0  9.91040e-12
      21660.0  9.79733e-12
      21670.0  9.68535e-12
      21680.0  9.57501e-12
      21690.0  9.46686e-12
      21700.0  9.36143e-12
      21710.0  9.25924e-12
      21720.0  9.16079e-12
      21730.0  9.06654e-12
      21740.0  8.97693e-12
      21750.0  8.89237e-12
      21760.0  8.81322e-12
      21770.0  8.73981e-12
      21780.0  8.67244e-12
      21790.0  8.61135e-12
      21800.0  8.55678e-12
      21810.0  8.50888e-12
      21820.0  8.46779e-12
      21830.0  8.43361e-12
      21840.0  8.40641e-12
      21850.0  8.38620e-12
      21860.0  8.37298e-12
      21870.0  8.36671e-12
      21880.0  8.36732e-12
      21890.0  8.37471e-12
      21900.0  8.38878e-12
      21910.0  8.40938e-12
      21920.0  8.43635e-12
      21930.0  8.46951e-12
      21940.0  8.50867e-12
      21950.0  8.55363e-12
      21960.0  8.60418e-12
      21970.0  8.66008e-12
      21980.0  8.72110e-12
      21990.0  8.78701e-12
      22000.0  8.85755e-12
      22010.0  8.93246e-12
      22020.0  9.01150e-12
      22030.0  9.09440e-12
      22040.0  9.18088e-12
      22050.0  9.27068e-12
      22060.0  9.36353e-12
      22070.0  9.45914e-12
      22080.0  9.55723e-12
      22090.0  9.65751e-12
      22100.0  9.75968e-12
      22110.0  9.86346e-12
      22120.0  9.96853e-12
      22130.0  1.00746e-11
      22140.0  1.01814e-11
      22150.0  1.02885e-11
      22160.0  1.03957e-11
      22170.0  1.05026e-11
      22180.0  1.06089e-11
      22190.0  1.07143e-11
      22200.0  1.08185e-11
      22210.0  1.09211e-11
      22220.0  1.10218e-11
      22230.0  1.11204e-11
      22240.0  1.12164e-11
      22250.0  1.13095e-11
      22260.0  1.13995e-11
      22270.0  1.14861e-11
      22280.0  1.15689e-11
      22290.0  1.16477e-11
      22300.0  1.17222e-11
      22310.0  1.17921e-11
      22320.0  1.18573e-11
      22330.0  1.19174e-11
      22340.0  1.19723e-11
      22350.0  1.20217e-11
      22360.0  1.20655e-11
      22370.0  1.21035e-11
      22380.0  1.21356e-11
      22390.0  1.21616e-11
      22400.0  1.21814e-11
      22410.0  1.21949e-11
      22420.0  1.22021e-11
      22430.0  1.22029e-11
      22440.0  1.21972e-11
      22450.0  1.21850e-11
      22460.0  1.21664e-11
      22470.0  1.21412e-11
      22480.0  1.21095e-11
      22490.0  1.20713e-11
      22500.0  1.20267e-11
      22510.0  1.19757e-11
      22520.0  1.19184e-11
      22530.0  1.18547e-11
      22540.0  1.17849e-11
      22550.0  1.17089e-11
      22560.0  1.16269e-11
      22570.0  1.15389e-11
      22580.0  1.14451e-11
      22590.0  1.13455e-11
      22600.0  1.12404e-11
      22610.0  1.11298e-11
      22620.0  1.10139e-11
      22630.0  1.08928e-11
      22640.0  1.07666e-11
      22650.0  1.06357e-11
      22660.0  1.05002e-11
      22670.0  1.03602e-11
      22680.0  1.02160e-11
      22690.0  1.00678e-11
      22700.0  9.91599e-12
      22710.0  9.76070e-12
      22720.0  9.60226e-12
      22730.0  9.44098e-12
      22740.0  9.27718e-12
      22750.0  9.11118e-12
      22760.0  8.94336e-12
      22770.0  8.77406e-12
      22780.0  8.60367e-12
      22790.0  8.43259e-12
      22800.0  8.26123e-12
      22810.0  8.08999e-12
      22820.0  7.91932e-12
      22830.0  7.74963e-12
      22840.0  7.58138e-12
      22850.0  7.41501e-12
      22860.0  7.25097e-12
      22870.0  7.08971e-12
      22880.0  6.93168e-12
      22890.0  6.77733e-12
      22900.0  6.62710e-12
      22910.0  6.48143e-12
      22920.0  6.34074e-12
      22930.0  6.20546e-12
      22940.0  6.07600e-12
      22950.0  5.95274e-12
      22960.0  5.83607e-12
      22970.0  5.72634e-12
      22980.0  5.62389e-12
      22990.0  5.52905e-12
      23000.0  5.44211e-12
      23010.0  5.36333e-12
      23020.0  5.29296e-12
      23030.0  5.23120e-12
      23040.0  5.17825e-12
      23050.0  5.13425e-12
      23060.0  5.09931e-12
      23070.0  5.07351e-12
      23080.0  5.05690e-12
      23090.0  5.04947e-12
      23100.0  5.05119e-12
      23110.0  5.06199e-12
      23120.0  5.08176e-12
      23130.0  5.11033e-12
      23140.0  5.14752e-12
      23150.0  5.19310e-12
      23160.0  5.24679e-12
      23170.0  5.30828e-12
      23180.0  5.37723e-12
      23190.0  5.45326e-12
      23200.0  5.53596e-12
      23210.0  5.62489e-12
      23220.0  5.71957e-12
      23230.0  5.81952e-12
      23240.0  5.92420e-12
      23250.0  6.03310e-12
      23260.0  6.14564e-12
      23270.0  6.26127e-12
      23280.0  6.37941e-12
      23290.0  6.49947e-12
      23300.0  6.62087e-12
      23310.0  6.74303e-12
      23320.0  6.86535e-12
      23330.0  6.98727e-12
      23340.0  7.10821e-12
      23350.0  7.22762e-12
      23360.0  7.34497e-12
      23370.0  7.45972e-12
      23380.0  7.57139e-12
      23390.0  7.67949e-12
      23400.0  7.78355e-12
      23410.0  7.88316e-12
      23420.0  7.97791e-12
      23430.0  8.06741e-12
      23440.0  8.15133e-12
      23450.0  8.22933e-12
      23460.0  8.30114e-12
      23470.0  8.36648e-12
      23480.0  8.42514e-12
      23490.0  8.47690e-12
      23500.0  8.52159e-12
      23510.0  8.55908e-12
      23520.0  8.58924e-12
      23530.0  8.61200e-12
      23540.0  8.62729e-12
      23550.0  8.63508e-12
      23560.0  8.63537e-12
      23570.0  8.62818e-12
      23580.0  8.61356e-12
      23590.0  8.59157e-12
      23600.0  8.56233e-12
      23610.0  8.52596e-12
      23620.0  8.48259e-12
      23630.0  8.43242e-12
      23640.0  8.37563e-12
      23650.0  8.31246e-12
      23660.0  8.24315e-12
      23670.0  8.16798e-12
      23680.0  8.08727e-12
      23690.0  8.00133e-12
      23700.0  7.91055e-12
      23710.0  7.81529e-12
      23720.0  7.71600e-12
      23730.0  7.61312e-12
      23740.0  7.50715e-12
      23750.0  7.39859e-12
      23760.0  7.28800e-12
      23770.0  7.17596e-12
      23780.0  7.06308e-12
      23790.0  6.95000e-12
      23800.0  6.83740e-12
      23810.0  6.72595e-12
      23820.0  6.61638e-12
      23830.0  6.50949e-12
      23840.0  6.40595e-12
      23850.0  6.30644e-12
      23860.0  6.21169e-12
      23870.0  6.12240e-12
      23880.0  6.03921e-12
      23890.0  5.96278e-12
      23900.0  5.89366e-12
      23910.0  5.83239e-12
      23920.0  5.77941e-12
      23930.0  5.73511e-12
      23940.0  5.69979e-12
      23950.0  5.67366e-12
      23960.0  5.65685e-12
      23970.0  5.64941e-12
      23980.0  5.65128e-12
      23990.0  5.66236e-12
      24000.0  5.68245e-12
      24010.0  5.71129e-12
      24020.0  5.74855e-12
      24030.0  5.79388e-12
      24040.0  5.84688e-12
      24050.0  5.90713e-12
      24060.0  5.97417e-12
      24070.0  6.04758e-12
      24080.0  6.12690e-12
      24090.0  6.21171e-12
      24100.0  6.30159e-12
      24110.0  6.39616e-12
      24120.0  6.49503e-12
      24130.0  6.59788e-12
      24140.0  6.70437e-12
      24150.0  6.81422e-12
      24160.0  6.92714e-12
      24170.0  7.04287e-12
      24180.0  7.16117e-12
      24190.0  7.28180e-12
      24200.0  7.40454e-12
      24210.0  7.52916e-12
      24220.0  7.65543e-12
      24230.0  7.78313e-12
      24240.0  7.91201e-12
      24250.0  8.04183e-12
      24260.0  8.17234e-12
      24270.0  8.30326e-12
      24280.0  8.43432e-12
      24290.0  8.56522e-12
      24300.0  8.69565e-12
      24310.0  8.82528e-12
      24320.0  8.95376e-12
      24330.0  9.08073e-12
      24340.0  9.20580e-12
      24350.0  9.32856e-12
      24360.0  9.44859e-12
      24370.0  9.56544e-12
      24380.0  9.67865e-12
      24390.0  9.78771e-12
      24400.0  9.89214e-12
      24410.0  9.99141e-12
      24420.0  1.00850e-11
      24430.0  1.01724e-11
      24440.0  1.02531e-11
      24450.0  1.03266e-11
      24460.0  1.03925e-11
      24470.0  1.04503e-11
      24480.0  1.04997e-11
      24490.0  1.05403e-11
      24500.0  1.05720e-11
      24510.0  1.05946e-11
      24520.0  1.06082e-11
      24530.0  1.06127e-11
      24540.0  1.06085e-11
      24550.0  1.05958e-11
      24560.0  1.05750e-11
      24570.0  1.05468e-11
      24580.0  1.05117e-11
      24590.0  1.04705e-11
      24600.0  1.04239e-11
      24610.0  1.03729e-11
      24620.0  1.03182e-11
      24630.0  1.02608e-11
      24640.0  1.02016e-11
      24650.0  1.01415e-11
      24660.0  1.00811e-11
      24670.0  1.00213e-11
      24680.0  9.96278e-12
      24690.0  9.90608e-12
      24700.0  9.85171e-12
      24710.0  9.80006e-12
      24720.0  9.75144e-12
      24730.0  9.70605e-12
      24740.0  9.66403e-12
      24750.0  9.62542e-12
      24760.0  9.59019e-12
      24770.0  9.55827e-12
      24780.0  9.52952e-12
      24790.0  9.50378e-12
      24800.0  9.48086e-12
      24810.0  9.46054e-12
      24820.0  9.44260e-12
      24830.0  9.42682e-12
      24840.0  9.41300e-12
      24850.0  9.40091e-12
      24860.0  9.39036e-12
      24870.0  9.38117e-12
      24880.0  9.37317e-12
      24890.0  9.36622e-12
      24900.0  9.36018e-12
      24910.0  9.35493e-12
      24920.0  9.35036e-12
      24930.0  9.34638e-12
      24940.0  9.34292e-12
      24950.0  9.33989e-12
      24960.0  9.33725e-12
      24970.0  9.33494e-12
      24980.0  9.33292e-12
      24990.0  9.33114e-12
      25000.0  9.32957e-12
