      1000.00  2.83156e-14
      1010.00  3.43108e-14
      1020.00  4.17105e-14
      1030.00  5.07991e-14
      1040.00  6.19299e-14
      1050.00  7.55064e-14
      1060.00  9.19795e-14
      1070.00  1.11839e-13
      1080.00  1.35600e-13
      1090.00  1.63788e-13
      1100.00  1.96908e-13
      1110.00  2.35430e-13
      1120.00  2.79754e-13
      1130.00  3.30188e-13
      1140.00  3.86927e-13
      1150.00  4.50035e-13
      1160.00  5.19436e-13
      1170.00  5.94906e-13
      1180.00  6.76074e-13
      1190.00  7.62425e-13
      1200.00  8.53312e-13
      1210.00  9.47964e-13
      1220.00  1.04551e-12
      1230.00  1.14499e-12
      1240.00  1.24540e-12
      1250.00  1.34569e-12
      1260.00  1.44482e-12
      1270.00  1.54177e-12
      1280.00  1.63558e-12
      1290.00  1.72537e-12
      1300.00  1.81035e-12
      1310.00  1.88986e-12
      1320.00  1.96337e-12
      1330.00  2.03049e-12
      1340.00  2.09097e-12
      1350.00  2.14471e-12
      1360.00  2.19175e-12
      1370.00  2.23226e-12
      1380.00  2.26653e-12
      1390.00  2.29497e-12
      1400.00  2.31807e-12
      1410.00  2.33641e-12
      1420.00  2.35065e-12
      1430.00  2.36148e-12
      1440.00  2.36961e-12
      1450.00  2.37578e-12
      1460.00  2.38073e-12
      1470.00  2.38518e-12
      1480.00  2.38981e-12
      1490.00  2.39525e-12
      1500.00  2.40210e-12
      1510.00  2.41088e-12
      1520.00  2.42207e-12
      1530.00  2.43605e-12
      1540.00  2.45317e-12
      1550.00  2.47371e-12
      1560.00  2.49788e-12
      1570.00  2.52587e-12
      1580.00  2.55779e-12
      1590.00  2.59377e-12
      1600.00  2.63385e-12
      1610.00  2.67809e-12
      1620.00  2.72651e-12
      1630.00  2.77914e-12
      1640.00  2.83596e-12
      1650.00  2.89699e-12
      1660.00  2.96220e-12
      1670.00  3.03157e-12
      1680.00  3.10507e-12
      1690.00  3.18266e-12
      1700.00  3.26430e-12
      1710.00  3.34992e-12
      1720.00  3.43946e-12
      1730.00  3.53283e-12
      1740.00  3.62993e-12
      1750.00  3.73066e-12
      1760.00  3.83487e-12
      1770.00  3.94242e-12
      1780.00  4.05314e-12
      1790.00  4.16683e-12
      1800.00  4.28328e-12
      1810.00  4.40224e-12
      1820.00  4.52345e-12
      1830.00  4.64661e-12
      1840.00  4.77140e-12
      1850.00  4.89748e-12
      1860.00  5.02448e-12
      1870.00  5.15198e-12
      1880.00  5.27956e-12
      1890.00  5.40677e-12
      1900.00  5.53315e-12
      1910.00  5.65819e-12
      1920.00  5.78141e-12
      1930.00  5.90229e-12
      1940.00  6.02033e-12
      1950.00  6.13503e-12
      1960.00  6.24591e-12
      1970.00  6.35252e-12
      1980.00  6.45443e-12
      1990.00  6.55127e-12
      2000.00  6.64270e-12
      2010.00  6.72845e-12
      2020.00  6.80830e-12
      2030.00  6.88210e-12
      2040.00  6.94976e-12
      2050.00  7.01124e-12
      2060.00  7.06658e-12
      2070.00  7.11585e-12
      2080.00  7.15920e-12
      2090.00  7.19679e-12
      2100.00  7.22885e-12
      2110.00  7.25564e-12
      2120.00  7.27744e-12
      2130.00  7.29456e-12
      2140.00  7.30734e-12
      2150.00  7.31614e-12
      2160.00  7.32132e-12
      2170.00  7.32327e-12
      2180.00  7.32237e-12
      2190.00  7.31904e-12
      2200.00  7.31367e-12
      2210.00  7.30670e-12
      2220.00  7.29854e-12
      2230.00  7.28961e-12
      2240.00  7.28035e-12
      2250.00  7.27119e-12
      2260.00  7.26256e-12
      2270.00  7.25489e-12
      2280.00  7.24862e-12
      2290.00  7.24419e-12
      2300.00  7.24202e-12
      2310.00  7.24255e-12
      2320.00  7.24623e-12
      2330.00  7.25350e-12
      2340.00  7.26485e-12
      2350.00  7.28081e-12
      2360.00  7.30203e-12
      2370.00  7.32930e-12
      2380.00  7.36365e-12
      2390.00  7.40646e-12
      2400.00  7.45955e-12
      2410.00  7.52529e-12
      2420.00  7.60668e-12
      2430.00  7.70733e-12
      2440.00  7.83140e-12
      2450.00  7.98338e-12
      2460.00  8.16768e-12
      2470.00  8.38814e-12
      2480.00  8.64736e-12
      2490.00  8.94604e-12
      2500.00  9.28235e-12
      2510.00  9.65147e-12
      2520.00  1.00455e-11
      2530.00  1.04535e-11
      2540.00  1.08624e-11
      2550.00  1.12580e-11
      2560.00  1.16259e-11
      2570.00  1.19531e-11
      2580.00  1.22290e-11
      2590.00  1.24463e-11
      2600.00  1.26013e-11
      2610.00  1.26937e-11
      2620.00  1.27265e-11
      2630.00  1.27050e-11
      2640.00  1.26362e-11
      2650.00  1.25266e-11
      2660.00  1.23117e-11
      2670.00  1.14454e-11
      2680.00  1.08809e-11
      2690.00  1.49428e-11
      2700.00  2.38371e-11
      2710.00  3.43344e-11
      2720.00  4.16116e-11
      2730.00  4.40849e-11
      2740.00  4.48701e-11
      2750.00  4.58739e-11
      2760.00  4.62693e-11
      2770.00  4.62729e-11
      2780.00  4.74919e-11
      2790.00  5.09988e-11
      2800.00  5.26256e-11
      2810.00  5.24581e-11
      2820.00  5.16266e-11
      2830.00  4.93002e-11
      2840.00  4.72138e-11
      2850.00  4.71792e-11
      2860.00  4.74823e-11
      2870.00  4.76570e-11
      2880.00  4.82862e-11
      2890.00  5.12838e-11
      2900.00  5.66032e-11
      2910.00  6.22922e-11
      2920.00  6.77918e-11
      2930.00  7.19533e-11
      2940.00  7.45345e-11
      2950.00  7.50247e-11
      2960.00  7.35917e-11
      2970.00  7.19732e-11
      2980.00  7.06102e-11
      2990.00  6.81231e-11
      3000.00  6.42096e-11
      3010.00  6.04093e-11
      3020.00  5.77744e-11
      3030.00  5.77361e-11
      3040.00  5.89484e-11
      3050.00  5.95205e-11
      3060.00  5.94821e-11
      3070.00  5.97162e-11
      3080.00  6.08546e-11
      3090.00  5.98813e-11
      3100.00  5.70642e-11
      3110.00  5.74088e-11
      3120.00  6.03785e-11
      3130.00  6.22743e-11
      3140.00  6.33508e-11
      3150.00  6.43870e-11
      3160.00  6.62948e-11
      3170.00  7.00088e-11
      3180.00  7.56653e-11
      3190.00  8.10694e-11
      3200.00  8.42245e-11
      3210.00  8.35043e-11
      3220.00  7.99789e-11
      3230.00  7.52172e-11
      3240.00  7.11912e-11
      3250.00  6.78565e-11
      3260.00  6.45373e-11
      3270.00  6.11127e-11
      3280.00  5.77702e-11
      3290.00  5.59430e-11
      3300.00  5.57813e-11
      3310.00  5.65285e-11
      3320.00  5.78232e-11
      3330.00  5.87446e-11
      3340.00  5.85462e-11
      3350.00  5.59841e-11
      3360.00  5.25613e-11
      3370.00  5.28586e-11
      3380.00  5.60546e-11
      3390.00  5.93385e-11
      3400.00  6.27062e-11
      3410.00  6.74636e-11
      3420.00  7.36077e-11
      3430.00  7.86437e-11
      3440.00  8.05323e-11
      3450.00  7.94258e-11
      3460.00  7.66715e-11
      3470.00  7.39694e-11
      3480.00  7.18680e-11
      3490.00  7.01051e-11
      3500.00  6.94859e-11
      3510.00  7.10989e-11
      3520.00  7.33911e-11
      3530.00  7.53627e-11
      3540.00  7.75994e-11
      3550.00  8.02702e-11
      3560.00  8.34278e-11
      3570.00  8.75232e-11
      3580.00  9.25333e-11
      3590.00  9.74069e-11
      3600.00  1.00707e-10
      3610.00  1.02045e-10
      3620.00  1.02303e-10
      3630.00  1.02156e-10
      3640.00  1.01639e-10
      3650.00  1.01355e-10
      3660.00  1.03102e-10
      3670.00  1.08351e-10
      3680.00  1.17140e-10
      3690.00  1.29723e-10
      3700.00  1.44915e-10
      3710.00  1.59691e-10
      3720.00  1.72011e-10
      3730.00  1.78610e-10
      3740.00  1.77486e-10
      3750.00  1.68590e-10
      3760.00  1.52704e-10
      3770.00  1.32748e-10
      3780.00  1.12613e-10
      3790.00  9.48430e-11
      3800.00  8.01637e-11
      3810.00  6.93029e-11
      3820.00  6.39636e-11
      3830.00  6.51155e-11
      3840.00  7.26186e-11
      3850.00  8.56070e-11
      3860.00  1.02457e-10
      3870.00  1.21360e-10
      3880.00  1.40927e-10
      3890.00  1.60386e-10
      3900.00  1.79624e-10
      3910.00  1.98667e-10
      3920.00  2.16870e-10
      3930.00  2.32934e-10
      3940.00  2.45591e-10
      3950.00  2.54094e-10
      3960.00  2.58644e-10
      3970.00  2.60429e-10
      3980.00  2.60636e-10
      3990.00  2.59329e-10
      4000.00  2.55570e-10
      4010.00  2.48550e-10
      4020.00  2.38401e-10
      4030.00  2.26103e-10
      4040.00  2.12899e-10
      4050.00  1.99993e-10
      4060.00  1.88603e-10
      4070.00  1.79588e-10
      4080.00  1.72816e-10
      4090.00  1.67432e-10
      4100.00  1.62927e-10
      4110.00  1.59611e-10
      4120.00  1.58076e-10
      4130.00  1.58491e-10
      4140.00  1.60438e-10
      4150.00  1.63288e-10
      4160.00  1.66634e-10
      4170.00  1.70330e-10
      4180.00  1.74236e-10
      4190.00  1.78128e-10
      4200.00  1.81783e-10
      4210.00  1.85017e-10
      4220.00  1.87693e-10
      4230.00  1.89815e-10
      4240.00  1.91543e-10
      4250.00  1.93102e-10
      4260.00  1.94716e-10
      4270.00  1.96627e-10
      4280.00  1.99062e-10
      4290.00  2.02071e-10
      4300.00  2.05387e-10
      4310.00  2.08472e-10
      4320.00  2.10662e-10
      4330.00  2.11180e-10
      4340.00  2.09118e-10
      4350.00  2.03738e-10
      4360.00  1.94949e-10
      4370.00  1.83480e-10
      4380.00  1.70571e-10
      4390.00  1.57550e-10
      4400.00  1.45566e-10
      4410.00  1.35495e-10
      4420.00  1.27954e-10
      4430.00  1.23311e-10
      4440.00  1.21746e-10
      4450.00  1.23345e-10
      4460.00  1.28137e-10
      4470.00  1.35995e-10
      4480.00  1.46583e-10
      4490.00  1.59488e-10
      4500.00  1.74452e-10
      4510.00  1.91479e-10
      4520.00  2.10709e-10
      4530.00  2.32186e-10
      4540.00  2.55695e-10
      4550.00  2.80758e-10
      4560.00  3.06679e-10
      4570.00  3.32558e-10
      4580.00  3.57377e-10
      4590.00  3.80146e-10
      4600.00  3.99995e-10
      4610.00  4.16194e-10
      4620.00  4.28108e-10
      4630.00  4.35161e-10
      4640.00  4.36864e-10
      4650.00  4.32902e-10
      4660.00  4.23287e-10
      4670.00  4.08523e-10
      4680.00  3.89622e-10
      4690.00  3.67841e-10
      4700.00  3.44334e-10
      4710.00  3.20035e-10
      4720.00  2.95770e-10
      4730.00  2.72274e-10
      4740.00  2.50030e-10
      4750.00  2.29253e-10
      4760.00  2.10216e-10
      4770.00  1.93592e-10
      4780.00  1.80383e-10
      4790.00  1.71426e-10
      4800.00  1.66894e-10
      4810.00  1.66130e-10
      4820.00  1.67822e-10
      4830.00  1.70391e-10
      4840.00  1.72493e-10
      4850.00  1.73497e-10
      4860.00  1.73719e-10
      4870.00  1.74211e-10
      4880.00  1.76220e-10
      4890.00  1.80676e-10
      4900.00  1.87949e-10
      4910.00  1.97881e-10
      4920.00  2.09874e-10
      4930.00  2.22902e-10
      4940.00  2.35506e-10
      4950.00  2.45883e-10
      4960.00  2.52165e-10
      4970.00  2.52848e-10
      4980.00  2.47284e-10
      4990.00  2.36020e-10
      5000.00  2.20795e-10
      5010.00  2.04089e-10
      5020.00  1.88376e-10
      5030.00  1.75452e-10
      5040.00  1.66150e-10
      5050.00  1.60450e-10
      5060.00  1.57827e-10
      5070.00  1.57609e-10
      5080.00  1.59181e-10
      5090.00  1.62014e-10
      5100.00  1.65620e-10
      5110.00  1.69539e-10
      5120.00  1.73374e-10
      5130.00  1.76848e-10
      5140.00  1.79857e-10
      5150.00  1.82492e-10
      5160.00  1.84999e-10
      5170.00  1.87674e-10
      5180.00  1.90766e-10
      5190.00  1.94441e-10
      5200.00  1.98787e-10
      5210.00  2.03826e-10
      5220.00  2.09517e-10
      5230.00  2.15765e-10
      5240.00  2.22436e-10
      5250.00  2.29372e-10
      5260.00  2.36406e-10
      5270.00  2.43348e-10
      5280.00  2.49983e-10
      5290.00  2.56071e-10
      5300.00  2.61382e-10
      5310.00  2.65740e-10
      5320.00  2.69052e-10
      5330.00  2.71295e-10
      5340.00  2.72493e-10
      5350.00  2.72678e-10
      5360.00  2.71856e-10
      5370.00  2.69974e-10
      5380.00  2.66919e-10
      5390.00  2.62582e-10
      5400.00  2.57020e-10
      5410.00  2.50575e-10
      5420.00  2.43858e-10
      5430.00  2.37590e-10
      5440.00  2.32415e-10
      5450.00  2.28748e-10
      5460.00  2.26711e-10
      5470.00  2.26128e-10
      5480.00  2.26576e-10
      5490.00  2.27475e-10
      5500.00  2.28190e-10
      5510.00  2.28122e-10
      5520.00  2.26771e-10
      5530.00  2.23769e-10
      5540.00  2.18889e-10
      5550.00  2.12060e-10
      5560.00  2.03399e-10
      5570.00  1.93200e-10
      5580.00  1.81873e-10
      5590.00  1.69864e-10
      5600.00  1.57579e-10
      5610.00  1.45352e-10
      5620.00  1.33451e-10
      5630.00  1.22108e-10
      5640.00  1.11550e-10
      5650.00  1.02033e-10
      5660.00  9.38517e-11
      5670.00  8.73296e-11
      5680.00  8.28028e-11
      5690.00  8.05906e-11
      5700.00  8.09633e-11
      5710.00  8.41117e-11
      5720.00  9.01216e-11
      5730.00  9.89559e-11
      5740.00  1.10441e-10
      5750.00  1.24265e-10
      5760.00  1.39987e-10
      5770.00  1.57063e-10
      5780.00  1.74861e-10
      5790.00  1.92692e-10
      5800.00  2.09826e-10
      5810.00  2.25547e-10
      5820.00  2.39212e-10
      5830.00  2.50334e-10
      5840.00  2.58634e-10
      5850.00  2.64061e-10
      5860.00  2.66760e-10
      5870.00  2.67040e-10
      5880.00  2.65319e-10
      5890.00  2.62026e-10
      5900.00  2.57466e-10
      5910.00  2.51751e-10
      5920.00  2.44832e-10
      5930.00  2.36634e-10
      5940.00  2.27187e-10
      5950.00  2.16684e-10
      5960.00  2.05447e-10
      5970.00  1.93864e-10
      5980.00  1.82328e-10
      5990.00  1.71226e-10
      6000.00  1.60929e-10
      6010.00  1.51792e-10
      6020.00  1.44127e-10
      6030.00  1.38152e-10
      6040.00  1.33950e-10
      6050.00  1.31435e-10
      6060.00  1.30370e-10
      6070.00  1.30407e-10
      6080.00  1.31160e-10
      6090.00  1.32275e-10
      6100.00  1.33505e-10
      6110.00  1.34727e-10
      6120.00  1.35929e-10
      6130.00  1.37153e-10
      6140.00  1.38445e-10
      6150.00  1.39821e-10
      6160.00  1.41245e-10
      6170.00  1.42623e-10
      6180.00  1.43809e-10
      6190.00  1.44610e-10
      6200.00  1.44813e-10
      6210.00  1.44213e-10
      6220.00  1.42653e-10
      6230.00  1.40047e-10
      6240.00  1.36409e-10
      6250.00  1.31854e-10
      6260.00  1.26592e-10
      6270.00  1.20921e-10
      6280.00  1.15193e-10
      6290.00  1.09786e-10
      6300.00  1.05071e-10
      6310.00  1.01380e-10
      6320.00  9.89760e-11
      6330.00  9.80299e-11
      6340.00  9.86046e-11
      6350.00  1.00658e-10
      6360.00  1.04063e-10
      6370.00  1.08652e-10
      6380.00  1.14252e-10
      6390.00  1.20710e-10
      6400.00  1.27860e-10
      6410.00  1.35442e-10
      6420.00  1.43063e-10
      6430.00  1.50281e-10
      6440.00  1.56762e-10
      6450.00  1.62335e-10
      6460.00  1.66912e-10
      6470.00  1.70398e-10
      6480.00  1.72666e-10
      6490.00  1.73584e-10
      6500.00  1.73054e-10
      6510.00  1.71044e-10
      6520.00  1.67598e-10
      6530.00  1.62833e-10
      6540.00  1.56931e-10
      6550.00  1.50125e-10
      6560.00  1.42672e-10
      6570.00  1.34818e-10
      6580.00  1.26770e-10
      6590.00  1.18689e-10
      6600.00  1.10706e-10
      6610.00  1.02941e-10
      6620.00  9.55084e-11
      6630.00  8.85095e-11
      6640.00  8.20145e-11
      6650.00  7.60539e-11
      6660.00  7.06238e-11
      6670.00  6.57021e-11
      6680.00  6.12662e-11
      6690.00  5.73042e-11
      6700.00  5.38163e-11
      6710.00  5.08075e-11
      6720.00  4.82790e-11
      6730.00  4.62208e-11
      6740.00  4.46111e-11
      6750.00  4.34193e-11
      6760.00  4.26098e-11
      6770.00  4.21425e-11
      6780.00  4.19726e-11
      6790.00  4.20550e-11
      6800.00  4.23518e-11
      6810.00  4.28379e-11
      6820.00  4.35011e-11
      6830.00  4.43379e-11
      6840.00  4.53510e-11
      6850.00  4.65481e-11
      6860.00  4.79400e-11
      6870.00  4.95349e-11
      6880.00  5.13275e-11
      6890.00  5.32863e-11
      6900.00  5.53465e-11
      6910.00  5.74151e-11
      6920.00  5.93888e-11
      6930.00  6.11784e-11
      6940.00  6.27307e-11
      6950.00  6.40401e-11
      6960.00  6.51470e-11
      6970.00  6.61251e-11
      6980.00  6.70631e-11
      6990.00  6.80462e-11
      7000.00  6.91418e-11
      7010.00  7.03934e-11
      7020.00  7.18193e-11
      7030.00  7.34167e-11
      7040.00  7.51657e-11
      7050.00  7.70327e-11
      7060.00  7.89719e-11
      7070.00  8.09289e-11
      7080.00  8.28453e-11
      7090.00  8.46677e-11
      7100.00  8.63551e-11
      7110.00  8.78838e-11
      7120.00  8.92471e-11
      7130.00  9.04534e-11
      7140.00  9.15224e-11
      7150.00  9.24828e-11
      7160.00  9.33675e-11
      7170.00  9.42091e-11
      7180.00  9.50309e-11
      7190.00  9.58400e-11
      7200.00  9.66212e-11
      7210.00  9.73372e-11
      7220.00  9.79351e-11
      7230.00  9.83569e-11
      7240.00  9.85524e-11
      7250.00  9.84906e-11
      7260.00  9.81675e-11
      7270.00  9.76094e-11
      7280.00  9.68698e-11
      7290.00  9.60198e-11
      7300.00  9.51345e-11
      7310.00  9.42345e-11
      7320.00  9.33333e-11
      7330.00  9.25005e-11
      7340.00  9.17148e-11
      7350.00  9.09299e-11
      7360.00  9.00872e-11
      7370.00  8.91333e-11
      7380.00  8.80367e-11
      7390.00  8.67984e-11
      7400.00  8.54502e-11
      7410.00  8.40417e-11
      7420.00  8.26212e-11
      7430.00  8.12207e-11
      7440.00  7.98489e-11
      7450.00  7.84918e-11
      7460.00  7.71204e-11
      7470.00  7.57016e-11
      7480.00  7.42105e-11
      7490.00  7.26414e-11
      7500.00  7.10104e-11
      7510.00  6.93504e-11
      7520.00  6.76995e-11
      7530.00  6.60899e-11
      7540.00  6.45438e-11
      7550.00  6.30793e-11
      7560.00  6.17192e-11
      7570.00  6.04979e-11
      7580.00  5.94607e-11
      7590.00  5.86566e-11
      7600.00  5.81264e-11
      7610.00  5.78919e-11
      7620.00  5.79502e-11
      7630.00  5.82762e-11
      7640.00  5.88318e-11
      7650.00  5.95712e-11
      7660.00  6.04398e-11
      7670.00  6.13680e-11
      7680.00  6.22698e-11
      7690.00  6.30515e-11
      7700.00  6.36257e-11
      7710.00  6.39257e-11
      7720.00  6.39129e-11
      7730.00  6.35777e-11
      7740.00  6.29359e-11
      7750.00  6.20230e-11
      7760.00  6.08899e-11
      7770.00  5.95994e-11
      7780.00  5.82221e-11
      7790.00  5.68303e-11
      7800.00  5.54895e-11
      7810.00  5.42490e-11
      7820.00  5.31333e-11
      7830.00  5.21378e-11
      7840.00  5.12281e-11
      7850.00  5.03460e-11
      7860.00  4.94198e-11
      7870.00  4.83783e-11
      7880.00  4.71669e-11
      7890.00  4.57594e-11
      7900.00  4.41652e-11
      7910.00  4.24278e-11
      7920.00  4.06157e-11
      7930.00  3.88095e-11
      7940.00  3.70862e-11
      7950.00  3.55063e-11
      7960.00  3.41053e-11
      7970.00  3.28916e-11
      7980.00  3.18518e-11
      7990.00  3.09586e-11
      8000.00  3.01806e-11
      8010.00  2.94895e-11
      8020.00  2.88627e-11
      8030.00  2.82832e-11
      8040.00  2.77360e-11
      8050.00  2.72054e-11
      8060.00  2.66728e-11
      8070.00  2.61170e-11
      8080.00  2.55162e-11
      8090.00  2.48516e-11
      8100.00  2.41098e-11
      8110.00  2.32855e-11
      8120.00  2.23817e-11
      8130.00  2.14100e-11
      8140.00  2.03884e-11
      8150.00  1.93409e-11
      8160.00  1.82950e-11
      8170.00  1.72809e-11
      8180.00  1.63290e-11
      8190.00  1.54673e-11
      8200.00  1.47184e-11
      8210.00  1.40964e-11
      8220.00  1.36057e-11
      8230.00  1.32414e-11
      8240.00  1.29920e-11
      8250.00  1.28438e-11
      8260.00  1.27856e-11
      8270.00  1.28107e-11
      8280.00  1.29184e-11
      8290.00  1.31107e-11
      8300.00  1.33887e-11
      8310.00  1.37485e-11
      8320.00  1.41786e-11
      8330.00  1.46618e-11
      8340.00  1.51797e-11
      8350.00  1.57199e-11
      8360.00  1.62830e-11
      8370.00  1.68852e-11
      8380.00  1.75566e-11
      8390.00  1.83338e-11
      8400.00  1.92503e-11
      8410.00  2.03271e-11
      8420.00  2.15677e-11
      8430.00  2.29569e-11
      8440.00  2.44640e-11
      8450.00  2.60481e-11
      8460.00  2.76634e-11
      8470.00  2.92639e-11
      8480.00  3.08062e-11
      8490.00  3.22536e-11
      8500.00  3.35786e-11
      8510.00  3.47664e-11
      8520.00  3.58153e-11
      8530.00  3.67354e-11
      8540.00  3.75434e-11
      8550.00  3.82575e-11
      8560.00  3.88912e-11
      8570.00  3.94508e-11
      8580.00  3.99351e-11
      8590.00  4.03394e-11
      8600.00  4.06608e-11
      8610.00  4.09043e-11
      8620.00  4.10865e-11
      8630.00  4.12355e-11
      8640.00  4.13868e-11
      8650.00  4.15747e-11
      8660.00  4.18227e-11
      8670.00  4.21345e-11
      8680.00  4.24885e-11
      8690.00  4.28392e-11
      8700.00  4.31246e-11
      8710.00  4.32822e-11
      8720.00  4.32675e-11
      8730.00  4.30716e-11
      8740.00  4.27305e-11
      8750.00  4.23210e-11
      8760.00  4.19398e-11
      8770.00  4.16701e-11
      8780.00  4.15511e-11
      8790.00  4.15650e-11
      8800.00  4.16493e-11
      8810.00  4.17231e-11
      8820.00  4.17133e-11
      8830.00  4.15709e-11
      8840.00  4.12743e-11
      8850.00  4.08251e-11
      8860.00  4.02393e-11
      8870.00  3.95396e-11
      8880.00  3.87487e-11
      8890.00  3.78881e-11
      8900.00  3.69782e-11
      8910.00  3.60405e-11
      8920.00  3.50980e-11
      8930.00  3.41728e-11
      8940.00  3.32841e-11
      8950.00  3.24453e-11
      8960.00  3.16636e-11
      8970.00  3.09421e-11
      8980.00  3.02822e-11
      8990.00  2.96872e-11
      9000.00  2.91647e-11
      9010.00  2.87274e-11
      9020.00  2.83933e-11
      9030.00  2.81832e-11
      9040.00  2.81171e-11
      9050.00  2.82108e-11
      9060.00  2.84725e-11
      9070.00  2.89015e-11
      9080.00  2.94889e-11
      9090.00  3.02204e-11
      9100.00  3.10788e-11
      9110.00  3.20467e-11
      9120.00  3.31081e-11
      9130.00  3.42486e-11
      9140.00  3.54555e-11
      9150.00  3.67174e-11
      9160.00  3.80246e-11
      9170.00  3.93683e-11
      9180.00  4.07397e-11
      9190.00  4.21281e-11
      9200.00  4.35182e-11
      9210.00  4.48879e-11
      9220.00  4.62084e-11
      9230.00  4.74482e-11
      9240.00  4.85804e-11
      9250.00  4.95909e-11
      9260.00  5.04821e-11
      9270.00  5.12693e-11
      9280.00  5.19698e-11
      9290.00  5.25922e-11
      9300.00  5.31320e-11
      9310.00  5.35776e-11
      9320.00  5.39206e-11
      9330.00  5.41635e-11
      9340.00  5.43202e-11
      9350.00  5.44105e-11
      9360.00  5.44529e-11
      9370.00  5.44606e-11
      9380.00  5.44403e-11
      9390.00  5.43942e-11
      9400.00  5.43212e-11
      9410.00  5.42193e-11
      9420.00  5.40859e-11
      9430.00  5.39184e-11
      9440.00  5.37148e-11
      9450.00  5.34736e-11
      9460.00  5.31939e-11
      9470.00  5.28756e-11
      9480.00  5.25194e-11
      9490.00  5.21269e-11
      9500.00  5.17001e-11
      9510.00  5.12420e-11
      9520.00  5.07560e-11
      9530.00  5.02461e-11
      9540.00  4.97164e-11
      9550.00  4.91715e-11
      9560.00  4.86157e-11
      9570.00  4.80535e-11
      9580.00  4.74892e-11
      9590.00  4.69268e-11
      9600.00  4.63701e-11
      9610.00  4.58226e-11
      9620.00  4.52874e-11
      9630.00  4.47674e-11
      9640.00  4.42651e-11
      9650.00  4.37829e-11
      9660.00  4.33225e-11
      9670.00  4.28860e-11
      9680.00  4.24748e-11
      9690.00  4.20902e-11
      9700.00  4.17336e-11
      9710.00  4.14060e-11
      9720.00  4.11081e-11
      9730.00  4.08406e-11
      9740.00  4.06039e-11
      9750.00  4.03982e-11
      9760.00  4.02231e-11
      9770.00  4.00783e-11
      9780.00  3.99628e-11
      9790.00  3.98751e-11
      9800.00  3.98137e-11
      9810.00  3.97764e-11
      9820.00  3.97606e-11
      9830.00  3.97634e-11
      9840.00  3.97819e-11
      9850.00  3.98127e-11
      9860.00  3.98527e-11
      9870.00  3.98985e-11
      9880.00  3.99474e-11
      9890.00  3.99965e-11
      9900.00  4.00437e-11
      9910.00  4.00874e-11
      9920.00  4.01262e-11
      9930.00  4.01598e-11
      9940.00  4.01879e-11
      9950.00  4.02110e-11
      9960.00  4.02300e-11
      9970.00  4.02460e-11
      9980.00  4.02602e-11
      9990.00  4.02736e-11
      10000.0  4.02874e-11
      10010.0  4.03021e-11
      10020.0  4.03178e-11
      10030.0  4.03341e-11
      10040.0  4.03499e-11
      10050.0  4.03636e-11
      10060.0  4.03728e-11
      10070.0  4.03749e-11
      10080.0  4.03669e-11
      10090.0  4.03457e-11
      10100.0  4.03082e-11
      10110.0  4.02517e-11
      10120.0  4.01739e-11
      10130.0  4.00732e-11
      10140.0  3.99490e-11
      10150.0  3.98011e-11
      10160.0  3.96304e-11
      10170.0  3.94386e-11
      10180.0  3.92280e-11
      10190.0  3.90014e-11
      10200.0  3.87618e-11
      10210.0  3.85125e-11
      10220.0  3.82566e-11
      10230.0  3.79968e-11
      10240.0  3.77355e-11
      10250.0  3.74745e-11
      10260.0  3.72151e-11
      10270.0  3.69580e-11
      10280.0  3.67032e-11
      10290.0  3.64503e-11
      10300.0  3.61986e-11
      10310.0  3.59470e-11
      10320.0  3.56941e-11
      10330.0  3.54387e-11
      10340.0  3.51793e-11
      10350.0  3.49147e-11
      10360.0  3.46436e-11
      10370.0  3.43648e-11
      10380.0  3.40773e-11
      10390.0  3.37800e-11
      10400.0  3.34721e-11
      10410.0  3.31527e-11
      10420.0  3.28209e-11
      10430.0  3.24758e-11
      10440.0  3.21166e-11
      10450.0  3.17423e-11
      10460.0  3.13523e-11
      10470.0  3.09456e-11
      10480.0  3.05217e-11
      10490.0  3.00800e-11
      10500.0  2.96203e-11
      10510.0  2.91424e-11
      10520.0  2.86464e-11
      10530.0  2.81331e-11
      10540.0  2.76031e-11
      10550.0  2.70578e-11
      10560.0  2.64988e-11
      10570.0  2.59281e-11
      10580.0  2.53481e-11
      10590.0  2.47614e-11
      10600.0  2.41712e-11
      10610.0  2.35805e-11
      10620.0  2.29929e-11
      10630.0  2.24117e-11
      10640.0  2.18406e-11
      10650.0  2.12829e-11
      10660.0  2.07418e-11
      10670.0  2.02205e-11
      10680.0  1.97218e-11
      10690.0  1.92479e-11
      10700.0  1.88008e-11
      10710.0  1.83819e-11
      10720.0  1.79923e-11
      10730.0  1.76324e-11
      10740.0  1.73021e-11
      10750.0  1.70007e-11
      10760.0  1.67274e-11
      10770.0  1.64805e-11
      10780.0  1.62583e-11
      10790.0  1.60586e-11
      10800.0  1.58789e-11
      10810.0  1.57167e-11
      10820.0  1.55693e-11
      10830.0  1.54341e-11
      10840.0  1.53085e-11
      10850.0  1.51899e-11
      10860.0  1.50759e-11
      10870.0  1.49646e-11
      10880.0  1.48539e-11
      10890.0  1.47422e-11
      10900.0  1.46283e-11
      10910.0  1.45110e-11
      10920.0  1.43896e-11
      10930.0  1.42634e-11
      10940.0  1.41321e-11
      10950.0  1.39956e-11
      10960.0  1.38538e-11
      10970.0  1.37068e-11
      10980.0  1.35547e-11
      10990.0  1.33979e-11
      11000.0  1.32364e-11
      11010.0  1.30704e-11
      11020.0  1.29002e-11
      11030.0  1.27256e-11
      11040.0  1.25469e-11
      11050.0  1.23637e-11
      11060.0  1.21762e-11
      11070.0  1.19840e-11
      11080.0  1.17869e-11
      11090.0  1.15846e-11
      11100.0  1.13770e-11
      11110.0  1.11638e-11
      11120.0  1.09448e-11
      11130.0  1.07200e-11
      11140.0  1.04895e-11
      11150.0  1.02533e-11
      11160.0  1.00118e-11
      11170.0  9.76560e-12
      11180.0  9.51523e-12
      11190.0  9.26155e-12
      11200.0  9.00555e-12
      11210.0  8.74834e-12
      11220.0  8.49119e-12
      11230.0  8.23544e-12
      11240.0  7.98249e-12
      11250.0  7.73381e-12
      11260.0  7.49084e-12
      11270.0  7.25499e-12
      11280.0  7.02759e-12
      11290.0  6.80989e-12
      11300.0  6.60300e-12
      11310.0  6.40787e-12
      11320.0  6.22529e-12
      11330.0  6.05584e-12
      11340.0  5.89995e-12
      11350.0  5.75781e-12
      11360.0  5.62942e-12
      11370.0  5.51462e-12
      11380.0  5.41304e-12
      11390.0  5.32415e-12
      11400.0  5.24726e-12
      11410.0  5.18155e-12
      11420.0  5.12607e-12
      11430.0  5.07978e-12
      11440.0  5.04154e-12
      11450.0  5.01015e-12
      11460.0  4.98438e-12
      11470.0  4.96295e-12
      11480.0  4.94458e-12
      11490.0  4.92803e-12
      11500.0  4.91206e-12
      11510.0  4.89548e-12
      11520.0  4.87721e-12
      11530.0  4.85622e-12
      11540.0  4.83159e-12
      11550.0  4.80253e-12
      11560.0  4.76837e-12
      11570.0  4.72859e-12
      11580.0  4.68279e-12
      11590.0  4.63076e-12
      11600.0  4.57240e-12
      11610.0  4.50778e-12
      11620.0  4.43712e-12
      11630.0  4.36075e-12
      11640.0  4.27915e-12
      11650.0  4.19288e-12
      11660.0  4.10261e-12
      11670.0  4.00910e-12
      11680.0  3.91314e-12
      11690.0  3.81559e-12
      11700.0  3.71731e-12
      11710.0  3.61918e-12
      11720.0  3.52206e-12
      11730.0  3.42680e-12
      11740.0  3.33417e-12
      11750.0  3.24492e-12
      11760.0  3.15970e-12
      11770.0  3.07911e-12
      11780.0  3.00364e-12
      11790.0  2.93370e-12
      11800.0  2.86959e-12
      11810.0  2.81151e-12
      11820.0  2.75957e-12
      11830.0  2.71378e-12
      11840.0  2.67405e-12
      11850.0  2.64021e-12
      11860.0  2.61199e-12
      11870.0  2.58906e-12
      11880.0  2.57104e-12
      11890.0  2.55748e-12
      11900.0  2.54789e-12
      11910.0  2.54177e-12
      11920.0  2.53859e-12
      11930.0  2.53783e-12
      11940.0  2.53897e-12
      11950.0  2.54153e-12
      11960.0  2.54504e-12
      11970.0  2.54910e-12
      11980.0  2.55335e-12
      11990.0  2.55750e-12
      12000.0  2.56132e-12
      12010.0  2.56465e-12
      12020.0  2.56741e-12
      12030.0  2.56960e-12
      12040.0  2.57129e-12
      12050.0  2.57261e-12
      12060.0  2.57378e-12
      12070.0  2.57505e-12
      12080.0  2.57674e-12
      12090.0  2.57922e-12
      12100.0  2.58287e-12
      12110.0  2.58811e-12
      12120.0  2.59537e-12
      12130.0  2.60507e-12
      12140.0  2.61765e-12
      12150.0  2.63351e-12
      12160.0  2.65303e-12
      12170.0  2.67657e-12
      12180.0  2.70443e-12
      12190.0  2.73690e-12
      12200.0  2.77421e-12
      12210.0  2.81655e-12
      12220.0  2.86405e-12
      12230.0  2.91683e-12
      12240.0  2.97494e-12
      12250.0  3.03841e-12
      12260.0  3.10720e-12
      12270.0  3.18128e-12
      12280.0  3.26056e-12
      12290.0  3.34493e-12
      12300.0  3.43426e-12
      12310.0  3.52839e-12
      12320.0  3.62713e-12
      12330.0  3.73027e-12
      12340.0  3.83758e-12
      12350.0  3.94880e-12
      12360.0  4.06364e-12
      12370.0  4.18178e-12
      12380.0  4.30285e-12
      12390.0  4.42647e-12
      12400.0  4.55220e-12
      12410.0  4.67955e-12
      12420.0  4.80801e-12
      12430.0  4.93701e-12
      12440.0  5.06593e-12
      12450.0  5.19414e-12
      12460.0  5.32096e-12
      12470.0  5.44566e-12
      12480.0  5.56754e-12
      12490.0  5.68585e-12
      12500.0  5.79987e-12
      12510.0  5.90889e-12
      12520.0  6.01223e-12
      12530.0  6.10925e-12
      12540.0  6.19938e-12
      12550.0  6.28210e-12
      12560.0  6.35699e-12
      12570.0  6.42371e-12
      12580.0  6.48200e-12
      12590.0  6.53174e-12
      12600.0  6.57287e-12
      12610.0  6.60545e-12
      12620.0  6.62965e-12
      12630.0  6.64571e-12
      12640.0  6.65395e-12
      12650.0  6.65478e-12
      12660.0  6.64865e-12
      12670.0  6.63605e-12
      12680.0  6.61753e-12
      12690.0  6.59362e-12
      12700.0  6.56486e-12
      12710.0  6.53178e-12
      12720.0  6.49490e-12
      12730.0  6.45467e-12
      12740.0  6.41153e-12
      12750.0  6.36585e-12
      12760.0  6.31796e-12
      12770.0  6.26810e-12
      12780.0  6.21649e-12
      12790.0  6.16328e-12
      12800.0  6.10856e-12
      12810.0  6.05238e-12
      12820.0  5.99473e-12
      12830.0  5.93560e-12
      12840.0  5.87492e-12
      12850.0  5.81261e-12
      12860.0  5.74858e-12
      12870.0  5.68274e-12
      12880.0  5.61497e-12
      12890.0  5.54522e-12
      12900.0  5.47339e-12
      12910.0  5.39946e-12
      12920.0  5.32340e-12
      12930.0  5.24524e-12
      12940.0  5.16501e-12
      12950.0  5.08282e-12
      12960.0  4.99879e-12
      12970.0  4.91309e-12
      12980.0  4.82593e-12
      12990.0  4.73756e-12
      13000.0  4.64826e-12
      13010.0  4.55834e-12
      13020.0  4.46815e-12
      13030.0  4.37804e-12
      13040.0  4.28839e-12
      13050.0  4.19959e-12
      13060.0  4.11204e-12
      13070.0  4.02612e-12
      13080.0  3.94222e-12
      13090.0  3.86070e-12
      13100.0  3.78192e-12
      13110.0  3.70620e-12
      13120.0  3.63386e-12
      13130.0  3.56517e-12
      13140.0  3.50038e-12
      13150.0  3.43971e-12
      13160.0  3.38336e-12
      13170.0  3.33150e-12
      13180.0  3.28428e-12
      13190.0  3.24184e-12
      13200.0  3.20429e-12
      13210.0  3.17175e-12
      13220.0  3.14432e-12
      13230.0  3.12211e-12
      13240.0  3.10524e-12
      13250.0  3.09384e-12
      13260.0  3.08803e-12
      13270.0  3.08795e-12
      13280.0  3.09378e-12
      13290.0  3.10568e-12
      13300.0  3.12383e-12
      13310.0  3.14840e-12
      13320.0  3.17959e-12
      13330.0  3.21754e-12
      13340.0  3.26241e-12
      13350.0  3.31430e-12
      13360.0  3.37328e-12
      13370.0  3.43935e-12
      13380.0  3.51244e-12
      13390.0  3.59240e-12
      13400.0  3.67899e-12
      13410.0  3.77184e-12
      13420.0  3.87048e-12
      13430.0  3.97432e-12
      13440.0  4.08265e-12
      13450.0  4.19463e-12
      13460.0  4.30932e-12
      13470.0  4.42568e-12
      13480.0  4.54256e-12
      13490.0  4.65877e-12
      13500.0  4.77306e-12
      13510.0  4.88418e-12
      13520.0  4.99087e-12
      13530.0  5.09192e-12
      13540.0  5.18621e-12
      13550.0  5.27269e-12
      13560.0  5.35047e-12
      13570.0  5.41878e-12
      13580.0  5.47705e-12
      13590.0  5.52490e-12
      13600.0  5.56212e-12
      13610.0  5.58873e-12
      13620.0  5.60494e-12
      13630.0  5.61115e-12
      13640.0  5.60795e-12
      13650.0  5.59607e-12
      13660.0  5.57640e-12
      13670.0  5.54993e-12
      13680.0  5.51773e-12
      13690.0  5.48092e-12
      13700.0  5.44067e-12
      13710.0  5.39813e-12
      13720.0  5.35441e-12
      13730.0  5.31058e-12
      13740.0  5.26763e-12
      13750.0  5.22645e-12
      13760.0  5.18781e-12
      13770.0  5.15236e-12
      13780.0  5.12061e-12
      13790.0  5.09294e-12
      13800.0  5.06957e-12
      13810.0  5.05057e-12
      13820.0  5.03589e-12
      13830.0  5.02530e-12
      13840.0  5.01848e-12
      13850.0  5.01496e-12
      13860.0  5.01417e-12
      13870.0  5.01545e-12
      13880.0  5.01803e-12
      13890.0  5.02112e-12
      13900.0  5.02386e-12
      13910.0  5.02536e-12
      13920.0  5.02473e-12
      13930.0  5.02111e-12
      13940.0  5.01367e-12
      13950.0  5.00163e-12
      13960.0  4.98430e-12
      13970.0  4.96106e-12
      13980.0  4.93141e-12
      13990.0  4.89497e-12
      14000.0  4.85150e-12
      14010.0  4.80085e-12
      14020.0  4.74305e-12
      14030.0  4.67824e-12
      14040.0  4.60669e-12
      14050.0  4.52880e-12
      14060.0  4.44508e-12
      14070.0  4.35613e-12
      14080.0  4.26267e-12
      14090.0  4.16545e-12
      14100.0  4.06531e-12
      14110.0  3.96311e-12
      14120.0  3.85975e-12
      14130.0  3.75615e-12
      14140.0  3.65320e-12
      14150.0  3.55179e-12
      14160.0  3.45281e-12
      14170.0  3.35706e-12
      14180.0  3.26534e-12
      14190.0  3.17837e-12
      14200.0  3.09683e-12
      14210.0  3.02132e-12
      14220.0  2.95238e-12
      14230.0  2.89047e-12
      14240.0  2.83599e-12
      14250.0  2.78924e-12
      14260.0  2.75047e-12
      14270.0  2.71981e-12
      14280.0  2.69734e-12
      14290.0  2.68305e-12
      14300.0  2.67684e-12
      14310.0  2.67853e-12
      14320.0  2.68785e-12
      14330.0  2.70449e-12
      14340.0  2.72802e-12
      14350.0  2.75795e-12
      14360.0  2.79375e-12
      14370.0  2.83481e-12
      14380.0  2.88047e-12
      14390.0  2.93004e-12
      14400.0  2.98279e-12
      14410.0  3.03797e-12
      14420.0  3.09483e-12
      14430.0  3.15262e-12
      14440.0  3.21060e-12
      14450.0  3.26808e-12
      14460.0  3.32437e-12
      14470.0  3.37886e-12
      14480.0  3.43100e-12
      14490.0  3.48030e-12
      14500.0  3.52634e-12
      14510.0  3.56877e-12
      14520.0  3.60735e-12
      14530.0  3.64189e-12
      14540.0  3.67231e-12
      14550.0  3.69857e-12
      14560.0  3.72074e-12
      14570.0  3.73892e-12
      14580.0  3.75328e-12
      14590.0  3.76406e-12
      14600.0  3.77149e-12
      14610.0  3.77587e-12
      14620.0  3.77750e-12
      14630.0  3.77668e-12
      14640.0  3.77372e-12
      14650.0  3.76893e-12
      14660.0  3.76258e-12
      14670.0  3.75495e-12
      14680.0  3.74628e-12
      14690.0  3.73679e-12
      14700.0  3.72669e-12
      14710.0  3.71615e-12
      14720.0  3.70533e-12
      14730.0  3.69439e-12
      14740.0  3.68346e-12
      14750.0  3.67269e-12
      14760.0  3.66221e-12
      14770.0  3.65218e-12
      14780.0  3.64277e-12
      14790.0  3.63416e-12
      14800.0  3.62655e-12
      14810.0  3.62020e-12
      14820.0  3.61535e-12
      14830.0  3.61231e-12
      14840.0  3.61139e-12
      14850.0  3.61294e-12
      14860.0  3.61732e-12
      14870.0  3.62492e-12
      14880.0  3.63613e-12
      14890.0  3.65136e-12
      14900.0  3.67099e-12
      14910.0  3.69543e-12
      14920.0  3.72505e-12
      14930.0  3.76019e-12
      14940.0  3.80116e-12
      14950.0  3.84826e-12
      14960.0  3.90170e-12
      14970.0  3.96165e-12
      14980.0  4.02825e-12
      14990.0  4.10154e-12
      15000.0  4.18152e-12
      15010.0  4.26811e-12
      15020.0  4.36116e-12
      15030.0  4.46047e-12
      15040.0  4.56576e-12
      15050.0  4.67670e-12
      15060.0  4.79291e-12
      15070.0  4.91396e-12
      15080.0  5.03936e-12
      15090.0  5.16863e-12
      15100.0  5.30123e-12
      15110.0  5.43662e-12
      15120.0  5.57427e-12
      15130.0  5.71363e-12
      15140.0  5.85419e-12
      15150.0  5.99544e-12
      15160.0  6.13690e-12
      15170.0  6.27812e-12
      15180.0  6.41869e-12
      15190.0  6.55824e-12
      15200.0  6.69642e-12
      15210.0  6.83293e-12
      15220.0  6.96750e-12
      15230.0  7.09987e-12
      15240.0  7.22984e-12
      15250.0  7.35721e-12
      15260.0  7.48179e-12
      15270.0  7.60343e-12
      15280.0  7.72195e-12
      15290.0  7.83720e-12
      15300.0  7.94902e-12
      15310.0  8.05725e-12
      15320.0  8.16173e-12
      15330.0  8.26228e-12
      15340.0  8.35873e-12
      15350.0  8.45089e-12
      15360.0  8.53859e-12
      15370.0  8.62164e-12
      15380.0  8.69984e-12
      15390.0  8.77303e-12
      15400.0  8.84102e-12
      15410.0  8.90365e-12
      15420.0  8.96076e-12
      15430.0  9.01220e-12
      15440.0  9.05784e-12
      15450.0  9.09755e-12
      15460.0  9.13124e-12
      15470.0  9.15882e-12
      15480.0  9.18021e-12
      15490.0  9.19536e-12
      15500.0  9.20423e-12
      15510.0  9.20679e-12
      15520.0  9.20304e-12
      15530.0  9.19298e-12
      15540.0  9.17666e-12
      15550.0  9.15411e-12
      15560.0  9.12542e-12
      15570.0  9.09067e-12
      15580.0  9.04999e-12
      15590.0  9.00352e-12
      15600.0  8.95144e-12
      15610.0  8.89395e-12
      15620.0  8.83130e-12
      15630.0  8.76375e-12
      15640.0  8.69160e-12
      15650.0  8.61519e-12
      15660.0  8.53489e-12
      15670.0  8.45109e-12
      15680.0  8.36421e-12
      15690.0  8.27471e-12
      15700.0  8.18304e-12
      15710.0  8.08968e-12
      15720.0  7.99513e-12
      15730.0  7.89988e-12
      15740.0  7.80443e-12
      15750.0  7.70927e-12
      15760.0  7.61486e-12
      15770.0  7.52167e-12
      15780.0  7.43013e-12
      15790.0  7.34064e-12
      15800.0  7.25359e-12
      15810.0  7.16931e-12
      15820.0  7.08811e-12
      15830.0  7.01024e-12
      15840.0  6.93593e-12
      15850.0  6.86537e-12
      15860.0  6.79869e-12
      15870.0  6.73599e-12
      15880.0  6.67734e-12
      15890.0  6.62276e-12
      15900.0  6.57225e-12
      15910.0  6.52578e-12
      15920.0  6.48328e-12
      15930.0  6.44466e-12
      15940.0  6.40982e-12
      15950.0  6.37863e-12
      15960.0  6.35096e-12
      15970.0  6.32667e-12
      15980.0  6.30559e-12
      15990.0  6.28757e-12
      16000.0  6.27246e-12
      16010.0  6.26008e-12
      16020.0  6.25030e-12
      16030.0  6.24295e-12
      16040.0  6.23790e-12
      16050.0  6.23499e-12
      16060.0  6.23411e-12
      16070.0  6.23512e-12
      16080.0  6.23790e-12
      16090.0  6.24236e-12
      16100.0  6.24837e-12
      16110.0  6.25585e-12
      16120.0  6.26470e-12
      16130.0  6.27482e-12
      16140.0  6.28614e-12
      16150.0  6.29856e-12
      16160.0  6.31199e-12
      16170.0  6.32632e-12
      16180.0  6.34146e-12
      16190.0  6.35728e-12
      16200.0  6.37365e-12
      16210.0  6.39041e-12
      16220.0  6.40740e-12
      16230.0  6.42443e-12
      16240.0  6.44125e-12
      16250.0  6.45764e-12
      16260.0  6.47331e-12
      16270.0  6.48797e-12
      16280.0  6.50131e-12
      16290.0  6.51299e-12
      16300.0  6.52268e-12
      16310.0  6.53005e-12
      16320.0  6.53479e-12
      16330.0  6.53662e-12
      16340.0  6.53531e-12
      16350.0  6.53069e-12
      16360.0  6.52267e-12
      16370.0  6.51123e-12
      16380.0  6.49647e-12
      16390.0  6.47859e-12
      16400.0  6.45791e-12
      16410.0  6.43485e-12
      16420.0  6.40994e-12
      16430.0  6.38380e-12
      16440.0  6.35715e-12
      16450.0  6.33076e-12
      16460.0  6.30545e-12
      16470.0  6.28205e-12
      16480.0  6.26140e-12
      16490.0  6.24431e-12
      16500.0  6.23154e-12
      16510.0  6.22379e-12
      16520.0  6.22168e-12
      16530.0  6.22572e-12
      16540.0  6.23631e-12
      16550.0  6.25375e-12
      16560.0  6.27820e-12
      16570.0  6.30975e-12
      16580.0  6.34831e-12
      16590.0  6.39374e-12
      16600.0  6.44576e-12
      16610.0  6.50403e-12
      16620.0  6.56808e-12
      16630.0  6.63740e-12
      16640.0  6.71140e-12
      16650.0  6.78945e-12
      16660.0  6.87084e-12
      16670.0  6.95486e-12
      16680.0  7.04075e-12
      16690.0  7.12774e-12
      16700.0  7.21505e-12
      16710.0  7.30189e-12
      16720.0  7.38751e-12
      16730.0  7.47114e-12
      16740.0  7.55207e-12
      16750.0  7.62962e-12
      16760.0  7.70313e-12
      16770.0  7.77203e-12
      16780.0  7.83577e-12
      16790.0  7.89389e-12
      16800.0  7.94598e-12
      16810.0  7.99171e-12
      16820.0  8.03081e-12
      16830.0  8.06311e-12
      16840.0  8.08849e-12
      16850.0  8.10690e-12
      16860.0  8.11837e-12
      16870.0  8.12301e-12
      16880.0  8.12098e-12
      16890.0  8.11250e-12
      16900.0  8.09786e-12
      16910.0  8.07739e-12
      16920.0  8.05146e-12
      16930.0  8.02050e-12
      16940.0  7.98496e-12
      16950.0  7.94532e-12
      16960.0  7.90209e-12
      16970.0  7.85579e-12
      16980.0  7.80695e-12
      16990.0  7.75611e-12
      17000.0  7.70380e-12
      17010.0  7.65055e-12
      17020.0  7.59687e-12
      17030.0  7.54325e-12
      17040.0  7.49017e-12
      17050.0  7.43808e-12
      17060.0  7.38738e-12
      17070.0  7.33845e-12
      17080.0  7.29164e-12
      17090.0  7.24723e-12
      17100.0  7.20548e-12
      17110.0  7.16660e-12
      17120.0  7.13075e-12
      17130.0  7.09805e-12
      17140.0  7.06857e-12
      17150.0  7.04234e-12
      17160.0  7.01934e-12
      17170.0  6.99952e-12
      17180.0  6.98279e-12
      17190.0  6.96902e-12
      17200.0  6.95804e-12
      17210.0  6.94968e-12
      17220.0  6.94373e-12
      17230.0  6.93996e-12
      17240.0  6.93812e-12
      17250.0  6.93798e-12
      17260.0  6.93927e-12
      17270.0  6.94175e-12
      17280.0  6.94517e-12
      17290.0  6.94929e-12
      17300.0  6.95389e-12
      17310.0  6.95875e-12
      17320.0  6.96370e-12
      17330.0  6.96856e-12
      17340.0  6.97321e-12
      17350.0  6.97752e-12
      17360.0  6.98141e-12
      17370.0  6.98482e-12
      17380.0  6.98773e-12
      17390.0  6.99013e-12
      17400.0  6.99205e-12
      17410.0  6.99353e-12
      17420.0  6.99463e-12
      17430.0  6.99544e-12
      17440.0  6.99605e-12
      17450.0  6.99656e-12
      17460.0  6.99708e-12
      17470.0  6.99772e-12
      17480.0  6.99857e-12
      17490.0  6.99973e-12
      17500.0  7.00128e-12
      17510.0  7.00328e-12
      17520.0  7.00576e-12
      17530.0  7.00876e-12
      17540.0  7.01226e-12
      17550.0  7.01622e-12
      17560.0  7.02059e-12
      17570.0  7.02526e-12
      17580.0  7.03013e-12
      17590.0  7.03505e-12
      17600.0  7.03985e-12
      17610.0  7.04435e-12
      17620.0  7.04833e-12
      17630.0  7.05159e-12
      17640.0  7.05390e-12
      17650.0  7.05502e-12
      17660.0  7.05474e-12
      17670.0  7.05281e-12
      17680.0  7.04904e-12
      17690.0  7.04322e-12
      17700.0  7.03517e-12
      17710.0  7.02475e-12
      17720.0  7.01180e-12
      17730.0  6.99624e-12
      17740.0  6.97799e-12
      17750.0  6.95701e-12
      17760.0  6.93329e-12
      17770.0  6.90686e-12
      17780.0  6.87777e-12
      17790.0  6.84611e-12
      17800.0  6.81200e-12
      17810.0  6.77558e-12
      17820.0  6.73701e-12
      17830.0  6.69650e-12
      17840.0  6.65425e-12
      17850.0  6.61049e-12
      17860.0  6.56547e-12
      17870.0  6.51942e-12
      17880.0  6.47262e-12
      17890.0  6.42534e-12
      17900.0  6.37783e-12
      17910.0  6.33038e-12
      17920.0  6.28325e-12
      17930.0  6.23670e-12
      17940.0  6.19100e-12
      17950.0  6.14639e-12
      17960.0  6.10312e-12
      17970.0  6.06143e-12
      17980.0  6.02152e-12
      17990.0  5.98361e-12
      18000.0  5.94787e-12
      18010.0  5.91449e-12
      18020.0  5.88359e-12
      18030.0  5.85531e-12
      18040.0  5.82973e-12
      18050.0  5.80693e-12
      18060.0  5.78692e-12
      18070.0  5.76970e-12
      18080.0  5.75524e-12
      18090.0  5.74344e-12
      18100.0  5.73418e-12
      18110.0  5.72729e-12
      18120.0  5.72256e-12
      18130.0  5.71973e-12
      18140.0  5.71848e-12
      18150.0  5.71848e-12
      18160.0  5.71932e-12
      18170.0  5.72058e-12
      18180.0  5.72180e-12
      18190.0  5.72248e-12
      18200.0  5.72211e-12
      18210.0  5.72013e-12
      18220.0  5.71601e-12
      18230.0  5.70919e-12
      18240.0  5.69912e-12
      18250.0  5.68526e-12
      18260.0  5.66710e-12
      18270.0  5.64415e-12
      18280.0  5.61595e-12
      18290.0  5.58210e-12
      18300.0  5.54225e-12
      18310.0  5.49612e-12
      18320.0  5.44346e-12
      18330.0  5.38414e-12
      18340.0  5.31808e-12
      18350.0  5.24528e-12
      18360.0  5.16583e-12
      18370.0  5.07991e-12
      18380.0  4.98777e-12
      18390.0  4.88976e-12
      18400.0  4.78631e-12
      18410.0  4.67792e-12
      18420.0  4.56516e-12
      18430.0  4.44867e-12
      18440.0  4.32917e-12
      18450.0  4.20740e-12
      18460.0  4.08417e-12
      18470.0  3.96029e-12
      18480.0  3.83663e-12
      18490.0  3.71404e-12
      18500.0  3.59338e-12
      18510.0  3.47549e-12
      18520.0  3.36119e-12
      18530.0  3.25126e-12
      18540.0  3.14642e-12
      18550.0  3.04734e-12
      18560.0  2.95463e-12
      18570.0  2.86878e-12
      18580.0  2.79024e-12
      18590.0  2.71933e-12
      18600.0  2.65629e-12
      18610.0  2.60126e-12
      18620.0  2.55425e-12
      18630.0  2.51521e-12
      18640.0  2.48395e-12
      18650.0  2.46021e-12
      18660.0  2.44362e-12
      18670.0  2.43374e-12
      18680.0  2.43006e-12
      18690.0  2.43199e-12
      18700.0  2.43890e-12
      18710.0  2.45012e-12
      18720.0  2.46495e-12
      18730.0  2.48266e-12
      18740.0  2.50254e-12
      18750.0  2.52387e-12
      18760.0  2.54598e-12
      18770.0  2.56821e-12
      18780.0  2.58994e-12
      18790.0  2.61063e-12
      18800.0  2.62976e-12
      18810.0  2.64692e-12
      18820.0  2.66173e-12
      18830.0  2.67392e-12
      18840.0  2.68326e-12
      18850.0  2.68962e-12
      18860.0  2.69294e-12
      18870.0  2.69321e-12
      18880.0  2.69050e-12
      18890.0  2.68493e-12
      18900.0  2.67669e-12
      18910.0  2.66599e-12
      18920.0  2.65309e-12
      18930.0  2.63828e-12
      18940.0  2.62186e-12
      18950.0  2.60416e-12
      18960.0  2.58549e-12
      18970.0  2.56618e-12
      18980.0  2.54654e-12
      18990.0  2.52687e-12
      19000.0  2.50744e-12
      19010.0  2.48852e-12
      19020.0  2.47032e-12
      19030.0  2.45305e-12
      19040.0  2.43688e-12
      19050.0  2.42195e-12
      19060.0  2.40835e-12
      19070.0  2.39618e-12
      19080.0  2.38549e-12
      19090.0  2.37630e-12
      19100.0  2.36862e-12
      19110.0  2.36245e-12
      19120.0  2.35775e-12
      19130.0  2.35450e-12
      19140.0  2.35264e-12
      19150.0  2.35213e-12
      19160.0  2.35292e-12
      19170.0  2.35497e-12
      19180.0  2.35822e-12
      19190.0  2.36266e-12
      19200.0  2.36825e-12
      19210.0  2.37498e-12
      19220.0  2.38286e-12
      19230.0  2.39191e-12
      19240.0  2.40215e-12
      19250.0  2.41363e-12
      19260.0  2.42642e-12
      19270.0  2.44059e-12
      19280.0  2.45624e-12
      19290.0  2.47347e-12
      19300.0  2.49239e-12
      19310.0  2.51313e-12
      19320.0  2.53580e-12
      19330.0  2.56056e-12
      19340.0  2.58751e-12
      19350.0  2.61680e-12
      19360.0  2.64854e-12
      19370.0  2.68283e-12
      19380.0  2.71978e-12
      19390.0  2.75946e-12
      19400.0  2.80193e-12
      19410.0  2.84722e-12
      19420.0  2.89534e-12
      19430.0  2.94627e-12
      19440.0  2.99995e-12
      19450.0  3.05629e-12
      19460.0  3.11517e-12
      19470.0  3.17645e-12
      19480.0  3.23992e-12
      19490.0  3.30537e-12
      19500.0  3.37255e-12
      19510.0  3.44115e-12
      19520.0  3.51087e-12
      19530.0  3.58137e-12
      19540.0  3.65228e-12
      19550.0  3.72321e-12
      19560.0  3.79377e-12
      19570.0  3.86355e-12
      19580.0  3.93212e-12
      19590.0  3.99906e-12
      19600.0  4.06395e-12
      19610.0  4.12639e-12
      19620.0  4.18596e-12
      19630.0  4.24228e-12
      19640.0  4.29498e-12
      19650.0  4.34372e-12
      19660.0  4.38818e-12
      19670.0  4.42809e-12
      19680.0  4.46318e-12
      19690.0  4.49325e-12
      19700.0  4.51813e-12
      19710.0  4.53768e-12
      19720.0  4.55181e-12
      19730.0  4.56048e-12
      19740.0  4.56368e-12
      19750.0  4.56145e-12
      19760.0  4.55388e-12
      19770.0  4.54108e-12
      19780.0  4.52322e-12
      19790.0  4.50048e-12
      19800.0  4.47309e-12
      19810.0  4.44131e-12
      19820.0  4.40541e-12
      19830.0  4.36568e-12
      19840.0  4.32244e-12
      19850.0  4.27601e-12
      19860.0  4.22672e-12
      19870.0  4.17489e-12
      19880.0  4.12084e-12
      19890.0  4.06491e-12
      19900.0  4.00739e-12
      19910.0  3.94857e-12
      19920.0  3.88874e-12
      19930.0  3.82814e-12
      19940.0  3.76702e-12
      19950.0  3.70557e-12
      19960.0  3.64400e-12
      19970.0  3.58246e-12
      19980.0  3.52110e-12
      19990.0  3.46004e-12
      20000.0  3.39939e-12
      20010.0  3.33922e-12
      20020.0  3.27959e-12
      20030.0  3.22057e-12
      20040.0  3.16220e-12
      20050.0  3.10449e-12
      20060.0  3.04749e-12
      20070.0  2.99121e-12
      20080.0  2.93567e-12
      20090.0  2.88088e-12
      20100.0  2.82688e-12
      20110.0  2.77368e-12
      20120.0  2.72133e-12
      20130.0  2.66985e-12
      20140.0  2.61928e-12
      20150.0  2.56969e-12
      20160.0  2.52113e-12
      20170.0  2.47366e-12
      20180.0  2.42736e-12
      20190.0  2.38231e-12
      20200.0  2.33858e-12
      20210.0  2.29627e-12
      20220.0  2.25546e-12
      20230.0  2.21625e-12
      20240.0  2.17872e-12
      20250.0  2.14296e-12
      20260.0  2.10906e-12
      20270.0  2.07710e-12
      20280.0  2.04715e-12
      20290.0  2.01930e-12
      20300.0  1.99358e-12
      20310.0  1.97006e-12
      20320.0  1.94879e-12
      20330.0  1.92978e-12
      20340.0  1.91307e-12
      20350.0  1.89866e-12
      20360.0  1.88654e-12
      20370.0  1.87671e-12
      20380.0  1.86914e-12
      20390.0  1.86379e-12
      20400.0  1.86061e-12
      20410.0  1.85954e-12
      20420.0  1.86051e-12
      20430.0  1.86343e-12
      20440.0  1.86823e-12
      20450.0  1.87479e-12
      20460.0  1.88303e-12
      20470.0  1.89281e-12
      20480.0  1.90404e-12
      20490.0  1.91658e-12
      20500.0  1.93031e-12
      20510.0  1.94510e-12
      20520.0  1.96083e-12
      20530.0  1.97736e-12
      20540.0  1.99458e-12
      20550.0  2.01234e-12
      20560.0  2.03054e-12
      20570.0  2.04906e-12
      20580.0  2.06777e-12
      20590.0  2.08658e-12
      20600.0  2.10539e-12
      20610.0  2.12409e-12
      20620.0  2.14261e-12
      20630.0  2.16088e-12
      20640.0  2.17882e-12
      20650.0  2.19639e-12
      20660.0  2.21354e-12
      20670.0  2.23022e-12
      20680.0  2.24643e-12
      20690.0  2.26214e-12
      20700.0  2.27736e-12
      20710.0  2.29209e-12
      20720.0  2.30634e-12
      20730.0  2.32014e-12
      20740.0  2.33352e-12
      20750.0  2.34653e-12
      20760.0  2.35920e-12
      20770.0  2.37158e-12
      20780.0  2.38373e-12
      20790.0  2.39571e-12
      20800.0  2.40756e-12
      20810.0  2.41935e-12
      20820.0  2.43112e-12
      20830.0  2.44292e-12
      20840.0  2.45480e-12
      20850.0  2.46678e-12
      20860.0  2.47891e-12
      20870.0  2.49121e-12
      20880.0  2.50368e-12
      20890.0  2.51633e-12
      20900.0  2.52915e-12
      20910.0  2.54213e-12
      20920.0  2.55523e-12
      20930.0  2.56843e-12
      20940.0  2.58167e-12
      20950.0  2.59489e-12
      20960.0  2.60804e-12
      20970.0  2.62104e-12
      20980.0  2.63381e-12
      20990.0  2.64627e-12
      21000.0  2.65834e-12
      21010.0  2.66991e-12
      21020.0  2.68092e-12
      21030.0  2.69125e-12
      21040.0  2.70083e-12
      21050.0  2.70957e-12
      21060.0  2.71738e-12
      21070.0  2.72421e-12
      21080.0  2.72996e-12
      21090.0  2.73459e-12
      21100.0  2.73803e-12
      21110.0  2.74026e-12
      21120.0  2.74121e-12
      21130.0  2.74088e-12
      21140.0  2.73924e-12
      21150.0  2.73629e-12
      21160.0  2.73202e-12
      21170.0  2.72644e-12
      21180.0  2.71958e-12
      21190.0  2.71144e-12
      21200.0  2.70208e-12
      21210.0  2.69151e-12
      21220.0  2.67978e-12
      21230.0  2.66694e-12
      21240.0  2.65304e-12
      21250.0  2.63812e-12
      21260.0  2.62224e-12
      21270.0  2.60545e-12
      21280.0  2.58779e-12
      21290.0  2.56932e-12
      21300.0  2.55009e-12
      21310.0  2.53015e-12
      21320.0  2.50952e-12
      21330.0  2.48827e-12
      21340.0  2.46641e-12
      21350.0  2.44398e-12
      21360.0  2.42102e-12
      21370.0  2.39755e-12
      21380.0  2.37358e-12
      21390.0  2.34914e-12
      21400.0  2.32425e-12
      21410.0  2.29891e-12
      21420.0  2.27315e-12
      21430.0  2.24697e-12
      21440.0  2.22038e-12
      21450.0  2.19339e-12
      21460.0  2.16603e-12
      21470.0  2.13829e-12
      21480.0  2.11021e-12
      21490.0  2.08179e-12
      21500.0  2.05307e-12
      21510.0  2.02408e-12
      21520.0  1.99485e-12
      21530.0  1.96543e-12
      21540.0  1.93586e-12
      21550.0  1.90620e-12
      21560.0  1.87653e-12
      21570.0  1.84691e-12
      21580.0  1.81742e-12
      21590.0  1.78816e-12
      21600.0  1.75924e-12
      21610.0  1.73074e-12
      21620.0  1.70281e-12
      21630.0  1.67554e-12
      21640.0  1.64909e-12
      21650.0  1.62357e-12
      21660.0  1.59914e-12
      21670.0  1.57593e-12
      21680.0  1.55409e-12
      21690.0  1.53376e-12
      21700.0  1.51510e-12
      21710.0  1.49823e-12
      21720.0  1.48329e-12
      21730.0  1.47042e-12
      21740.0  1.45974e-12
      21750.0  1.45136e-12
      21760.0  1.44537e-12
      21770.0  1.44186e-12
      21780.0  1.44091e-12
      21790.0  1.44258e-12
      21800.0  1.44689e-12
      21810.0  1.45388e-12
      21820.0  1.46354e-12
      21830.0  1.47586e-12
      21840.0  1.49080e-12
      21850.0  1.50831e-12
      21860.0  1.52832e-12
      21870.0  1.55072e-12
      21880.0  1.57543e-12
      21890.0  1.60229e-12
      21900.0  1.63119e-12
      21910.0  1.66195e-12
      21920.0  1.69442e-12
      21930.0  1.72841e-12
      21940.0  1.76373e-12
      21950.0  1.80020e-12
      21960.0  1.83761e-12
      21970.0  1.87575e-12
      21980.0  1.91442e-12
      21990.0  1.95343e-12
      22000.0  1.99255e-12
      22010.0  2.03160e-12
      22020.0  2.07039e-12
      22030.0  2.10872e-12
      22040.0  2.14642e-12
      22050.0  2.18332e-12
      22060.0  2.21927e-12
      22070.0  2.25412e-12
      22080.0  2.28774e-12
      22090.0  2.32000e-12
      22100.0  2.35080e-12
      22110.0  2.38005e-12
      22120.0  2.40768e-12
      22130.0  2.43360e-12
      22140.0  2.45777e-12
      22150.0  2.48016e-12
      22160.0  2.50074e-12
      22170.0  2.51949e-12
      22180.0  2.53640e-12
      22190.0  2.55150e-12
      22200.0  2.56478e-12
      22210.0  2.57629e-12
      22220.0  2.58605e-12
      22230.0  2.59410e-12
      22240.0  2.60049e-12
      22250.0  2.60526e-12
      22260.0  2.60846e-12
      22270.0  2.61015e-12
      22280.0  2.61039e-12
      22290.0  2.60922e-12
      22300.0  2.60670e-12
      22310.0  2.60288e-12
      22320.0  2.59779e-12
      22330.0  2.59149e-12
      22340.0  2.58402e-12
      22350.0  2.57540e-12
      22360.0  2.56565e-12
      22370.0  2.55481e-12
      22380.0  2.54289e-12
      22390.0  2.52989e-12
      22400.0  2.51582e-12
      22410.0  2.50067e-12
      22420.0  2.48445e-12
      22430.0  2.46714e-12
      22440.0  2.44872e-12
      22450.0  2.42919e-12
      22460.0  2.40851e-12
      22470.0  2.38668e-12
      22480.0  2.36368e-12
      22490.0  2.33949e-12
      22500.0  2.31410e-12
      22510.0  2.28750e-12
      22520.0  2.25968e-12
      22530.0  2.23065e-12
      22540.0  2.20041e-12
      22550.0  2.16899e-12
      22560.0  2.13641e-12
      22570.0  2.10270e-12
      22580.0  2.06790e-12
      22590.0  2.03206e-12
      22600.0  1.99525e-12
      22610.0  1.95753e-12
      22620.0  1.91899e-12
      22630.0  1.87970e-12
      22640.0  1.83977e-12
      22650.0  1.79928e-12
      22660.0  1.75835e-12
      22670.0  1.71709e-12
      22680.0  1.67560e-12
      22690.0  1.63400e-12
      22700.0  1.59240e-12
      22710.0  1.55092e-12
      22720.0  1.50967e-12
      22730.0  1.46875e-12
      22740.0  1.42827e-12
      22750.0  1.38833e-12
      22760.0  1.34901e-12
      22770.0  1.31041e-12
      22780.0  1.27260e-12
      22790.0  1.23564e-12
      22800.0  1.19961e-12
      22810.0  1.16454e-12
      22820.0  1.13048e-12
      22830.0  1.09748e-12
      22840.0  1.06555e-12
      22850.0  1.03472e-12
      22860.0  1.00500e-12
      22870.0  9.76409e-13
      22880.0  9.48939e-13
      22890.0  9.22597e-13
      22900.0  8.97379e-13
      22910.0  8.73282e-13
      22920.0  8.50302e-13
      22930.0  8.28434e-13
      22940.0  8.07673e-13
      22950.0  7.88019e-13
      22960.0  7.69471e-13
      22970.0  7.52035e-13
      22980.0  7.35717e-13
      22990.0  7.20528e-13
      23000.0  7.06485e-13
      23010.0  6.93609e-13
      23020.0  6.81923e-13
      23030.0  6.71458e-13
      23040.0  6.62247e-13
      23050.0  6.54328e-13
      23060.0  6.47741e-13
      23070.0  6.42530e-13
      23080.0  6.38742e-13
      23090.0  6.36423e-13
      23100.0  6.35621e-13
      23110.0  6.36383e-13
      23120.0  6.38756e-13
      23130.0  6.42782e-13
      23140.0  6.48501e-13
      23150.0  6.55949e-13
      23160.0  6.65153e-13
      23170.0  6.76136e-13
      23180.0  6.88910e-13
      23190.0  7.03480e-13
      23200.0  7.19838e-13
      23210.0  7.37967e-13
      23220.0  7.57836e-13
      23230.0  7.79401e-13
      23240.0  8.02606e-13
      23250.0  8.27378e-13
      23260.0  8.53631e-13
      23270.0  8.81266e-13
      23280.0  9.10168e-13
      23290.0  9.40210e-13
      23300.0  9.71250e-13
      23310.0  1.00314e-12
      23320.0  1.03570e-12
      23330.0  1.06878e-12
      23340.0  1.10219e-12
      23350.0  1.13573e-12
      23360.0  1.16923e-12
      23370.0  1.20249e-12
      23380.0  1.23532e-12
      23390.0  1.26753e-12
      23400.0  1.29894e-12
      23410.0  1.32937e-12
      23420.0  1.35867e-12
      23430.0  1.38667e-12
      23440.0  1.41326e-12
      23450.0  1.43829e-12
      23460.0  1.46169e-12
      23470.0  1.48336e-12
      23480.0  1.50324e-12
      23490.0  1.52130e-12
      23500.0  1.53753e-12
      23510.0  1.55193e-12
      23520.0  1.56453e-12
      23530.0  1.57538e-12
      23540.0  1.58456e-12
      23550.0  1.59216e-12
      23560.0  1.59827e-12
      23570.0  1.60304e-12
      23580.0  1.60660e-12
      23590.0  1.60910e-12
      23600.0  1.61069e-12
      23610.0  1.61154e-12
      23620.0  1.61182e-12
      23630.0  1.61170e-12
      23640.0  1.61134e-12
      23650.0  1.61091e-12
      23660.0  1.61055e-12
      23670.0  1.61043e-12
      23680.0  1.61067e-12
      23690.0  1.61139e-12
      23700.0  1.61270e-12
      23710.0  1.61470e-12
      23720.0  1.61747e-12
      23730.0  1.62107e-12
      23740.0  1.62554e-12
      23750.0  1.63092e-12
      23760.0  1.63723e-12
      23770.0  1.64446e-12
      23780.0  1.65260e-12
      23790.0  1.66165e-12
      23800.0  1.67155e-12
      23810.0  1.68227e-12
      23820.0  1.69377e-12
      23830.0  1.70604e-12
      23840.0  1.71899e-12
      23850.0  1.73254e-12
      23860.0  1.74661e-12
      23870.0  1.76113e-12
      23880.0  1.77603e-12
      23890.0  1.79122e-12
      23900.0  1.80664e-12
      23910.0  1.82220e-12
      23920.0  1.83782e-12
      23930.0  1.85342e-12
      23940.0  1.86891e-12
      23950.0  1.88421e-12
      23960.0  1.89924e-12
      23970.0  1.91391e-12
      23980.0  1.92816e-12
      23990.0  1.94189e-12
      24000.0  1.95506e-12
      24010.0  1.96759e-12
      24020.0  1.97943e-12
      24030.0  1.99055e-12
      24040.0  2.00091e-12
      24050.0  2.01049e-12
      24060.0  2.01931e-12
      24070.0  2.02736e-12
      24080.0  2.03468e-12
      24090.0  2.04131e-12
      24100.0  2.04729e-12
      24110.0  2.05271e-12
      24120.0  2.05764e-12
      24130.0  2.06216e-12
      24140.0  2.06637e-12
      24150.0  2.07037e-12
      24160.0  2.07425e-12
      24170.0  2.07813e-12
      24180.0  2.08209e-12
      24190.0  2.08624e-12
      24200.0  2.09065e-12
      24210.0  2.09543e-12
      24220.0  2.10063e-12
      24230.0  2.10633e-12
      24240.0  2.11258e-12
      24250.0  2.11942e-12
      24260.0  2.12689e-12
      24270.0  2.13502e-12
      24280.0  2.14382e-12
      24290.0  2.15331e-12
      24300.0  2.16347e-12
      24310.0  2.17431e-12
      24320.0  2.18580e-12
      24330.0  2.19794e-12
      24340.0  2.21070e-12
      24350.0  2.22405e-12
      24360.0  2.23797e-12
      24370.0  2.25242e-12
      24380.0  2.26738e-12
      24390.0  2.28280e-12
      24400.0  2.29867e-12
      24410.0  2.31494e-12
      24420.0  2.33158e-12
      24430.0  2.34856e-12
      24440.0  2.36586e-12
      24450.0  2.38343e-12
      24460.0  2.40125e-12
      24470.0  2.41929e-12
      24480.0  2.43752e-12
      24490.0  2.45590e-12
      24500.0  2.47441e-12
      24510.0  2.49300e-12
      24520.0  2.51164e-12
      24530.0  2.53030e-12
      24540.0  2.54894e-12
      24550.0  2.56751e-12
      24560.0  2.58598e-12
      24570.0  2.60428e-12
      24580.0  2.62239e-12
      24590.0  2.64023e-12
      24600.0  2.65777e-12
      24610.0  2.67495e-12
      24620.0  2.69171e-12
      24630.0  2.70799e-12
      24640.0  2.72375e-12
      24650.0  2.73893e-12
      24660.0  2.75348e-12
      24670.0  2.76735e-12
      24680.0  2.78051e-12
      24690.0  2.79292e-12
      24700.0  2.80454e-12
      24710.0  2.81536e-12
      24720.0  2.82537e-12
      24730.0  2.83457e-12
      24740.0  2.84295e-12
      24750.0  2.85054e-12
      24760.0  2.85736e-12
      24770.0  2.86344e-12
      24780.0  2.86883e-12
      24790.0  2.87356e-12
      24800.0  2.87771e-12
      24810.0  2.88131e-12
      24820.0  2.88443e-12
      24830.0  2.88712e-12
      24840.0  2.88946e-12
      24850.0  2.89148e-12
      24860.0  2.89324e-12
      24870.0  2.89480e-12
      24880.0  2.89617e-12
      24890.0  2.89741e-12
      24900.0  2.89854e-12
      24910.0  2.89958e-12
      24920.0  2.90054e-12
      24930.0  2.90145e-12
      24940.0  2.90231e-12
      24950.0  2.90313e-12
      24960.0  2.90391e-12
      24970.0  2.90466e-12
      24980.0  2.90537e-12
      24990.0  2.90605e-12
      25000.0  2.90669e-12
