      1000.00  1.14990e-13
      1010.00  1.39325e-13
      1020.00  1.69357e-13
      1030.00  2.06237e-13
      1040.00  2.51396e-13
      1050.00  3.06467e-13
      1060.00  3.73274e-13
      1070.00  4.53796e-13
      1080.00  5.50115e-13
      1090.00  6.64342e-13
      1100.00  7.98522e-13
      1110.00  9.54532e-13
      1120.00  1.13397e-12
      1130.00  1.33807e-12
      1140.00  1.56757e-12
      1150.00  1.82271e-12
      1160.00  2.10314e-12
      1170.00  2.40790e-12
      1180.00  2.73544e-12
      1190.00  3.08362e-12
      1200.00  3.44976e-12
      1210.00  3.83069e-12
      1220.00  4.22281e-12
      1230.00  4.62218e-12
      1240.00  5.02464e-12
      1250.00  5.42590e-12
      1260.00  5.82167e-12
      1270.00  6.20776e-12
      1280.00  6.58022e-12
      1290.00  6.93540e-12
      1300.00  7.27009e-12
      1310.00  7.58155e-12
      1320.00  7.86756e-12
      1330.00  8.12652e-12
      1340.00  8.35736e-12
      1350.00  8.55965e-12
      1360.00  8.73349e-12
      1370.00  8.87954e-12
      1380.00  8.99894e-12
      1390.00  9.09330e-12
      1400.00  9.16461e-12
      1410.00  9.21516e-12
      1420.00  9.24754e-12
      1430.00  9.26450e-12
      1440.00  9.26894e-12
      1450.00  9.26377e-12
      1460.00  9.25193e-12
      1470.00  9.23625e-12
      1480.00  9.21946e-12
      1490.00  9.20410e-12
      1500.00  9.19248e-12
      1510.00  9.18669e-12
      1520.00  9.18855e-12
      1530.00  9.19959e-12
      1540.00  9.22111e-12
      1550.00  9.25414e-12
      1560.00  9.29947e-12
      1570.00  9.35770e-12
      1580.00  9.42926e-12
      1590.00  9.51445e-12
      1600.00  9.61344e-12
      1610.00  9.72636e-12
      1620.00  9.85328e-12
      1630.00  9.99423e-12
      1640.00  1.01492e-11
      1650.00  1.03183e-11
      1660.00  1.05015e-11
      1670.00  1.06987e-11
      1680.00  1.09099e-11
      1690.00  1.11350e-11
      1700.00  1.13736e-11
      1710.00  1.16254e-11
      1720.00  1.18898e-11
      1730.00  1.21658e-11
      1740.00  1.24523e-11
      1750.00  1.27473e-11
      1760.00  1.30489e-11
      1770.00  1.33541e-11
      1780.00  1.36600e-11
      1790.00  1.39628e-11
      1800.00  1.42590e-11
      1810.00  1.45452e-11
      1820.00  1.48184e-11
      1830.00  1.50768e-11
      1840.00  1.53203e-11
      1850.00  1.55504e-11
      1860.00  1.57706e-11
      1870.00  1.59866e-11
      1880.00  1.62056e-11
      1890.00  1.64362e-11
      1900.00  1.66873e-11
      1910.00  1.69675e-11
      1920.00  1.72843e-11
      1930.00  1.76436e-11
      1940.00  1.80492e-11
      1950.00  1.85027e-11
      1960.00  1.90039e-11
      1970.00  1.95511e-11
      1980.00  2.01416e-11
      1990.00  2.07722e-11
      2000.00  2.14395e-11
      2010.00  2.21397e-11
      2020.00  2.28692e-11
      2030.00  2.36236e-11
      2040.00  2.43977e-11
      2050.00  2.51848e-11
      2060.00  2.59764e-11
      2070.00  2.67620e-11
      2080.00  2.75287e-11
      2090.00  2.82617e-11
      2100.00  2.89440e-11
      2110.00  2.95578e-11
      2120.00  3.00850e-11
      2130.00  3.05084e-11
      2140.00  3.08138e-11
      2150.00  3.09909e-11
      2160.00  3.10351e-11
      2170.00  3.09487e-11
      2180.00  3.07411e-11
      2190.00  3.04287e-11
      2200.00  3.00337e-11
      2210.00  2.95821e-11
      2220.00  2.91016e-11
      2230.00  2.86193e-11
      2240.00  2.81592e-11
      2250.00  2.77411e-11
      2260.00  2.73793e-11
      2270.00  2.70830e-11
      2280.00  2.68568e-11
      2290.00  2.67015e-11
      2300.00  2.66156e-11
      2310.00  2.65961e-11
      2320.00  2.66394e-11
      2330.00  2.67419e-11
      2340.00  2.68992e-11
      2350.00  2.71068e-11
      2360.00  2.73587e-11
      2370.00  2.76475e-11
      2380.00  2.79647e-11
      2390.00  2.83001e-11
      2400.00  2.86432e-11
      2410.00  2.89836e-11
      2420.00  2.93118e-11
      2430.00  2.96203e-11
      2440.00  2.99032e-11
      2450.00  3.01571e-11
      2460.00  3.03795e-11
      2470.00  3.05689e-11
      2480.00  3.07235e-11
      2490.00  3.08409e-11
      2500.00  3.09174e-11
      2510.00  3.09491e-11
      2520.00  3.09320e-11
      2530.00  3.08635e-11
      2540.00  3.07435e-11
      2550.00  3.05755e-11
      2560.00  3.03667e-11
      2570.00  3.01280e-11
      2580.00  2.98732e-11
      2590.00  2.96173e-11
      2600.00  2.93754e-11
      2610.00  2.91614e-11
      2620.00  2.89862e-11
      2630.00  2.88581e-11
      2640.00  2.87818e-11
      2650.00  2.87652e-11
      2660.00  2.91423e-11
      2670.00  3.30137e-11
      2680.00  4.27452e-11
      2690.00  5.25326e-11
      2700.00  6.20965e-11
      2710.00  6.86512e-11
      2720.00  7.21170e-11
      2730.00  7.73730e-11
      2740.00  8.26938e-11
      2750.00  8.50405e-11
      2760.00  8.54514e-11
      2770.00  8.52111e-11
      2780.00  8.50607e-11
      2790.00  8.58327e-11
      2800.00  8.79808e-11
      2810.00  9.04643e-11
      2820.00  9.28104e-11
      2830.00  9.35142e-11
      2840.00  9.04435e-11
      2850.00  9.00193e-11
      2860.00  1.00278e-10
      2870.00  1.17506e-10
      2880.00  1.27110e-10
      2890.00  1.25091e-10
      2900.00  1.28973e-10
      2910.00  1.38171e-10
      2920.00  1.43948e-10
      2930.00  1.46148e-10
      2940.00  1.47447e-10
      2950.00  1.46267e-10
      2960.00  1.40893e-10
      2970.00  1.33647e-10
      2980.00  1.28129e-10
      2990.00  1.21919e-10
      3000.00  1.11336e-10
      3010.00  1.02585e-10
      3020.00  1.01435e-10
      3030.00  1.04519e-10
      3040.00  1.03553e-10
      3050.00  9.95589e-11
      3060.00  1.03820e-10
      3070.00  1.15224e-10
      3080.00  1.22075e-10
      3090.00  1.22318e-10
      3100.00  1.19849e-10
      3110.00  1.17914e-10
      3120.00  1.19381e-10
      3130.00  1.27704e-10
      3140.00  1.40686e-10
      3150.00  1.49638e-10
      3160.00  1.51074e-10
      3170.00  1.49116e-10
      3180.00  1.50345e-10
      3190.00  1.60392e-10
      3200.00  1.77092e-10
      3210.00  1.90211e-10
      3220.00  1.89545e-10
      3230.00  1.75713e-10
      3240.00  1.60616e-10
      3250.00  1.52642e-10
      3260.00  1.50894e-10
      3270.00  1.55812e-10
      3280.00  1.63392e-10
      3290.00  1.64480e-10
      3300.00  1.63122e-10
      3310.00  1.65242e-10
      3320.00  1.67406e-10
      3330.00  1.67330e-10
      3340.00  1.63733e-10
      3350.00  1.57351e-10
      3360.00  1.54550e-10
      3370.00  1.57722e-10
      3380.00  1.65744e-10
      3390.00  1.76215e-10
      3400.00  1.86316e-10
      3410.00  1.94081e-10
      3420.00  1.98610e-10
      3430.00  2.00320e-10
      3440.00  2.00778e-10
      3450.00  2.01350e-10
      3460.00  2.03164e-10
      3470.00  2.07743e-10
      3480.00  2.15725e-10
      3490.00  2.26760e-10
      3500.00  2.40056e-10
      3510.00  2.54337e-10
      3520.00  2.68065e-10
      3530.00  2.79520e-10
      3540.00  2.88715e-10
      3550.00  2.97659e-10
      3560.00  3.06843e-10
      3570.00  3.15262e-10
      3580.00  3.21794e-10
      3590.00  3.25401e-10
      3600.00  3.25325e-10
      3610.00  3.21966e-10
      3620.00  3.20735e-10
      3630.00  3.29258e-10
      3640.00  3.47585e-10
      3650.00  3.70391e-10
      3660.00  3.92894e-10
      3670.00  4.11610e-10
      3680.00  4.23566e-10
      3690.00  4.26297e-10
      3700.00  4.18797e-10
      3710.00  4.02264e-10
      3720.00  3.79768e-10
      3730.00  3.54403e-10
      3740.00  3.27657e-10
      3750.00  3.00211e-10
      3760.00  2.73809e-10
      3770.00  2.51510e-10
      3780.00  2.36341e-10
      3790.00  2.30158e-10
      3800.00  2.33607e-10
      3810.00  2.47770e-10
      3820.00  2.74362e-10
      3830.00  3.12982e-10
      3840.00  3.61082e-10
      3850.00  4.15395e-10
      3860.00  4.72104e-10
      3870.00  5.27283e-10
      3880.00  5.78051e-10
      3890.00  6.23229e-10
      3900.00  6.62939e-10
      3910.00  6.97889e-10
      3920.00  7.28905e-10
      3930.00  7.56476e-10
      3940.00  7.79943e-10
      3950.00  7.96876e-10
      3960.00  8.03820e-10
      3970.00  7.98262e-10
      3980.00  7.80159e-10
      3990.00  7.52100e-10
      4000.00  7.18564e-10
      4010.00  6.84687e-10
      4020.00  6.54751e-10
      4030.00  6.31021e-10
      4040.00  6.13500e-10
      4050.00  6.00522e-10
      4060.00  5.89760e-10
      4070.00  5.79267e-10
      4080.00  5.68338e-10
      4090.00  5.57685e-10
      4100.00  5.48567e-10
      4110.00  5.41835e-10
      4120.00  5.37730e-10
      4130.00  5.36403e-10
      4140.00  5.38419e-10
      4150.00  5.44407e-10
      4160.00  5.54072e-10
      4170.00  5.65715e-10
      4180.00  5.76985e-10
      4190.00  5.86200e-10
      4200.00  5.92982e-10
      4210.00  5.97822e-10
      4220.00  6.01455e-10
      4230.00  6.04744e-10
      4240.00  6.08760e-10
      4250.00  6.14559e-10
      4260.00  6.22679e-10
      4270.00  6.32854e-10
      4280.00  6.44063e-10
      4290.00  6.54570e-10
      4300.00  6.61814e-10
      4310.00  6.62563e-10
      4320.00  6.53891e-10
      4330.00  6.34654e-10
      4340.00  6.06310e-10
      4350.00  5.72284e-10
      4360.00  5.36452e-10
      4370.00  5.01954e-10
      4380.00  4.70940e-10
      4390.00  4.44949e-10
      4400.00  4.25209e-10
      4410.00  4.12568e-10
      4420.00  4.07309e-10
      4430.00  4.09172e-10
      4440.00  4.17555e-10
      4450.00  4.31895e-10
      4460.00  4.52007e-10
      4470.00  4.78138e-10
      4480.00  5.10864e-10
      4490.00  5.51110e-10
      4500.00  6.00183e-10
      4510.00  6.59328e-10
      4520.00  7.28875e-10
      4530.00  8.07655e-10
      4540.00  8.92950e-10
      4550.00  9.80606e-10
      4560.00  1.06542e-09
      4570.00  1.14210e-09
      4580.00  1.20637e-09
      4590.00  1.25526e-09
      4600.00  1.28676e-09
      4610.00  1.29941e-09
      4620.00  1.29191e-09
      4630.00  1.26301e-09
      4640.00  1.21200e-09
      4650.00  1.14052e-09
      4660.00  1.05475e-09
      4670.00  9.63958e-10
      4680.00  8.76003e-10
      4690.00  7.95688e-10
      4700.00  7.25807e-10
      4710.00  6.67924e-10
      4720.00  6.22681e-10
      4730.00  5.90254e-10
      4740.00  5.70790e-10
      4750.00  5.64439e-10
      4760.00  5.70771e-10
      4770.00  5.87967e-10
      4780.00  6.12507e-10
      4790.00  6.39706e-10
      4800.00  6.64905e-10
      4810.00  6.84840e-10
      4820.00  6.98836e-10
      4830.00  7.09242e-10
      4840.00  7.20366e-10
      4850.00  7.36361e-10
      4860.00  7.60230e-10
      4870.00  7.94236e-10
      4880.00  8.39488e-10
      4890.00  8.94585e-10
      4900.00  9.54953e-10
      4910.00  1.01328e-09
      4920.00  1.06080e-09
      4930.00  1.08923e-09
      4940.00  1.09299e-09
      4950.00  1.07079e-09
      4960.00  1.02603e-09
      4970.00  9.65899e-10
      4980.00  8.99718e-10
      4990.00  8.36681e-10
      5000.00  7.83086e-10
      5010.00  7.40046e-10
      5020.00  7.05010e-10
      5030.00  6.75791e-10
      5040.00  6.51687e-10
      5050.00  6.32017e-10
      5060.00  6.15625e-10
      5070.00  6.01533e-10
      5080.00  5.89368e-10
      5090.00  5.79322e-10
      5100.00  5.71928e-10
      5110.00  5.67858e-10
      5120.00  5.67787e-10
      5130.00  5.72247e-10
      5140.00  5.81543e-10
      5150.00  5.95806e-10
      5160.00  6.15112e-10
      5170.00  6.39493e-10
      5180.00  6.68782e-10
      5190.00  7.02443e-10
      5200.00  7.39587e-10
      5210.00  7.79138e-10
      5220.00  8.19985e-10
      5230.00  8.61100e-10
      5240.00  9.01615e-10
      5250.00  9.40810e-10
      5260.00  9.77950e-10
      5270.00  1.01204e-09
      5280.00  1.04177e-09
      5290.00  1.06571e-09
      5300.00  1.08284e-09
      5310.00  1.09300e-09
      5320.00  1.09728e-09
      5330.00  1.09804e-09
      5340.00  1.09839e-09
      5350.00  1.10164e-09
      5360.00  1.11058e-09
      5370.00  1.12717e-09
      5380.00  1.15252e-09
      5390.00  1.18696e-09
      5400.00  1.23015e-09
      5410.00  1.28106e-09
      5420.00  1.33786e-09
      5430.00  1.39808e-09
      5440.00  1.45877e-09
      5450.00  1.51685e-09
      5460.00  1.56955e-09
      5470.00  1.61479e-09
      5480.00  1.65141e-09
      5490.00  1.67902e-09
      5500.00  1.69769e-09
      5510.00  1.70750e-09
      5520.00  1.70842e-09
      5530.00  1.70059e-09
      5540.00  1.68441e-09
      5550.00  1.66059e-09
      5560.00  1.63000e-09
      5570.00  1.59350e-09
      5580.00  1.55175e-09
      5590.00  1.50520e-09
      5600.00  1.45418e-09
      5610.00  1.39919e-09
      5620.00  1.34112e-09
      5630.00  1.28129e-09
      5640.00  1.22133e-09
      5650.00  1.16310e-09
      5660.00  1.10852e-09
      5670.00  1.05947e-09
      5680.00  1.01769e-09
      5690.00  9.84719e-10
      5700.00  9.61807e-10
      5710.00  9.49830e-10
      5720.00  9.49103e-10
      5730.00  9.59212e-10
      5740.00  9.78959e-10
      5750.00  1.00650e-09
      5760.00  1.03960e-09
      5770.00  1.07590e-09
      5780.00  1.11311e-09
      5790.00  1.14904e-09
      5800.00  1.18172e-09
      5810.00  1.20941e-09
      5820.00  1.23082e-09
      5830.00  1.24523e-09
      5840.00  1.25250e-09
      5850.00  1.25286e-09
      5860.00  1.24659e-09
      5870.00  1.23390e-09
      5880.00  1.21500e-09
      5890.00  1.19014e-09
      5900.00  1.15967e-09
      5910.00  1.12396e-09
      5920.00  1.08355e-09
      5930.00  1.03940e-09
      5940.00  9.93107e-10
      5950.00  9.46842e-10
      5960.00  9.02923e-10
      5970.00  8.63322e-10
      5980.00  8.29281e-10
      5990.00  8.01203e-10
      6000.00  7.78779e-10
      6010.00  7.61244e-10
      6020.00  7.47667e-10
      6030.00  7.37156e-10
      6040.00  7.28924e-10
      6050.00  7.22240e-10
      6060.00  7.16360e-10
      6070.00  7.10524e-10
      6080.00  7.04087e-10
      6090.00  6.96690e-10
      6100.00  6.88387e-10
      6110.00  6.79684e-10
      6120.00  6.71482e-10
      6130.00  6.64933e-10
      6140.00  6.61206e-10
      6150.00  6.61180e-10
      6160.00  6.65139e-10
      6170.00  6.72601e-10
      6180.00  6.82375e-10
      6190.00  6.92846e-10
      6200.00  7.02393e-10
      6210.00  7.09815e-10
      6220.00  7.14604e-10
      6230.00  7.16977e-10
      6240.00  7.17744e-10
      6250.00  7.18117e-10
      6260.00  7.19543e-10
      6270.00  7.23521e-10
      6280.00  7.31376e-10
      6290.00  7.44059e-10
      6300.00  7.62029e-10
      6310.00  7.85251e-10
      6320.00  8.13303e-10
      6330.00  8.45573e-10
      6340.00  8.81444e-10
      6350.00  9.20401e-10
      6360.00  9.62000e-10
      6370.00  1.00577e-09
      6380.00  1.05106e-09
      6390.00  1.09701e-09
      6400.00  1.14256e-09
      6410.00  1.18657e-09
      6420.00  1.22797e-09
      6430.00  1.26586e-09
      6440.00  1.29960e-09
      6450.00  1.32878e-09
      6460.00  1.35324e-09
      6470.00  1.37298e-09
      6480.00  1.38810e-09
      6490.00  1.39867e-09
      6500.00  1.40472e-09
      6510.00  1.40624e-09
      6520.00  1.40320e-09
      6530.00  1.39562e-09
      6540.00  1.38355e-09
      6550.00  1.36706e-09
      6560.00  1.34616e-09
      6570.00  1.32083e-09
      6580.00  1.29099e-09
      6590.00  1.25663e-09
      6600.00  1.21790e-09
      6610.00  1.17521e-09
      6620.00  1.12930e-09
      6630.00  1.08118e-09
      6640.00  1.03213e-09
      6650.00  9.83501e-10
      6660.00  9.36606e-10
      6670.00  8.92588e-10
      6680.00  8.52307e-10
      6690.00  8.16297e-10
      6700.00  7.84756e-10
      6710.00  7.57589e-10
      6720.00  7.34464e-10
      6730.00  7.14884e-10
      6740.00  6.98261e-10
      6750.00  6.83988e-10
      6760.00  6.71509e-10
      6770.00  6.60373e-10
      6780.00  6.50289e-10
      6790.00  6.41141e-10
      6800.00  6.32940e-10
      6810.00  6.25755e-10
      6820.00  6.19646e-10
      6830.00  6.14618e-10
      6840.00  6.10588e-10
      6850.00  6.07367e-10
      6860.00  6.04682e-10
      6870.00  6.02243e-10
      6880.00  5.99803e-10
      6890.00  5.97189e-10
      6900.00  5.94304e-10
      6910.00  5.91106e-10
      6920.00  5.87568e-10
      6930.00  5.83647e-10
      6940.00  5.79269e-10
      6950.00  5.74332e-10
      6960.00  5.68745e-10
      6970.00  5.62473e-10
      6980.00  5.55570e-10
      6990.00  5.48185e-10
      7000.00  5.40544e-10
      7010.00  5.32923e-10
      7020.00  5.25618e-10
      7030.00  5.18923e-10
      7040.00  5.13106e-10
      7050.00  5.08399e-10
      7060.00  5.04991e-10
      7070.00  5.03034e-10
      7080.00  5.02643e-10
      7090.00  5.03911e-10
      7100.00  5.06912e-10
      7110.00  5.11685e-10
      7120.00  5.18205e-10
      7130.00  5.26324e-10
      7140.00  5.35740e-10
      7150.00  5.45991e-10
      7160.00  5.56505e-10
      7170.00  5.66686e-10
      7180.00  5.75995e-10
      7190.00  5.84017e-10
      7200.00  5.90490e-10
      7210.00  5.95320e-10
      7220.00  5.98585e-10
      7230.00  6.00533e-10
      7240.00  6.01552e-10
      7250.00  6.02120e-10
      7260.00  6.02749e-10
      7270.00  6.03938e-10
      7280.00  6.06138e-10
      7290.00  6.09729e-10
      7300.00  6.14977e-10
      7310.00  6.22004e-10
      7320.00  6.30767e-10
      7330.00  6.41077e-10
      7340.00  6.52630e-10
      7350.00  6.65042e-10
      7360.00  6.77853e-10
      7370.00  6.90529e-10
      7380.00  7.02443e-10
      7390.00  7.12882e-10
      7400.00  7.21090e-10
      7410.00  7.26341e-10
      7420.00  7.28040e-10
      7430.00  7.25849e-10
      7440.00  7.19786e-10
      7450.00  7.10265e-10
      7460.00  6.98054e-10
      7470.00  6.84172e-10
      7480.00  6.69751e-10
      7490.00  6.55893e-10
      7500.00  6.43543e-10
      7510.00  6.33391e-10
      7520.00  6.25857e-10
      7530.00  6.21183e-10
      7540.00  6.19587e-10
      7550.00  6.21371e-10
      7560.00  6.26862e-10
      7570.00  6.36198e-10
      7580.00  6.49120e-10
      7590.00  6.64927e-10
      7600.00  6.82627e-10
      7610.00  7.01174e-10
      7620.00  7.19649e-10
      7630.00  7.37349e-10
      7640.00  7.53776e-10
      7650.00  7.68599e-10
      7660.00  7.81603e-10
      7670.00  7.92642e-10
      7680.00  8.01608e-10
      7690.00  8.08421e-10
      7700.00  8.13024e-10
      7710.00  8.15404e-10
      7720.00  8.15605e-10
      7730.00  8.13726e-10
      7740.00  8.09907e-10
      7750.00  8.04293e-10
      7760.00  7.97026e-10
      7770.00  7.88224e-10
      7780.00  7.77997e-10
      7790.00  7.66449e-10
      7800.00  7.53689e-10
      7810.00  7.39835e-10
      7820.00  7.25021e-10
      7830.00  7.09399e-10
      7840.00  6.93132e-10
      7850.00  6.76389e-10
      7860.00  6.59327e-10
      7870.00  6.42079e-10
      7880.00  6.24760e-10
      7890.00  6.07469e-10
      7900.00  5.90312e-10
      7910.00  5.73417e-10
      7920.00  5.56937e-10
      7930.00  5.41037e-10
      7940.00  5.25860e-10
      7950.00  5.11490e-10
      7960.00  4.97938e-10
      7970.00  4.85168e-10
      7980.00  4.73150e-10
      7990.00  4.61886e-10
      8000.00  4.51381e-10
      8010.00  4.41588e-10
      8020.00  4.32369e-10
      8030.00  4.23496e-10
      8040.00  4.14685e-10
      8050.00  4.05627e-10
      8060.00  3.95996e-10
      8070.00  3.85441e-10
      8080.00  3.73603e-10
      8090.00  3.60158e-10
      8100.00  3.44873e-10
      8110.00  3.27680e-10
      8120.00  3.08720e-10
      8130.00  2.88359e-10
      8140.00  2.67155e-10
      8150.00  2.45807e-10
      8160.00  2.25065e-10
      8170.00  2.05663e-10
      8180.00  1.88240e-10
      8190.00  1.73294e-10
      8200.00  1.61143e-10
      8210.00  1.51914e-10
      8220.00  1.45555e-10
      8230.00  1.41863e-10
      8240.00  1.40537e-10
      8250.00  1.41227e-10
      8260.00  1.43579e-10
      8270.00  1.47275e-10
      8280.00  1.52047e-10
      8290.00  1.57691e-10
      8300.00  1.64064e-10
      8310.00  1.71083e-10
      8320.00  1.78733e-10
      8330.00  1.87075e-10
      8340.00  1.96263e-10
      8350.00  2.06545e-10
      8360.00  2.18250e-10
      8370.00  2.31750e-10
      8380.00  2.47394e-10
      8390.00  2.65437e-10
      8400.00  2.85971e-10
      8410.00  3.08888e-10
      8420.00  3.33895e-10
      8430.00  3.60589e-10
      8440.00  3.88527e-10
      8450.00  4.17303e-10
      8460.00  4.46575e-10
      8470.00  4.76040e-10
      8480.00  5.05380e-10
      8490.00  5.34214e-10
      8500.00  5.62083e-10
      8510.00  5.88492e-10
      8520.00  6.13000e-10
      8530.00  6.35305e-10
      8540.00  6.55306e-10
      8550.00  6.73104e-10
      8560.00  6.88963e-10
      8570.00  7.03233e-10
      8580.00  7.16293e-10
      8590.00  7.28516e-10
      8600.00  7.40260e-10
      8610.00  7.51854e-10
      8620.00  7.63562e-10
      8630.00  7.75543e-10
      8640.00  7.87815e-10
      8650.00  8.00259e-10
      8660.00  8.12650e-10
      8670.00  8.24717e-10
      8680.00  8.36191e-10
      8690.00  8.46835e-10
      8700.00  8.56463e-10
      8710.00  8.64956e-10
      8720.00  8.72231e-10
      8730.00  8.78205e-10
      8740.00  8.82781e-10
      8750.00  8.85859e-10
      8760.00  8.87353e-10
      8770.00  8.87201e-10
      8780.00  8.85375e-10
      8790.00  8.81874e-10
      8800.00  8.76711e-10
      8810.00  8.69911e-10
      8820.00  8.61515e-10
      8830.00  8.51592e-10
      8840.00  8.40238e-10
      8850.00  8.27579e-10
      8860.00  8.13762e-10
      8870.00  7.98951e-10
      8880.00  7.83321e-10
      8890.00  7.67056e-10
      8900.00  7.50356e-10
      8910.00  7.33424e-10
      8920.00  7.17676e-10
      8930.00  7.02447e-10
      8940.00  6.87538e-10
      8950.00  6.73073e-10
      8960.00  6.59143e-10
      8970.00  6.45813e-10
      8980.00  6.33150e-10
      8990.00  6.21245e-10
      9000.00  6.10237e-10
      9010.00  6.00288e-10
      9020.00  5.91526e-10
      9030.00  5.83984e-10
      9040.00  5.77574e-10
      9050.00  5.72111e-10
      9060.00  5.67369e-10
      9070.00  5.63138e-10
      9080.00  5.59250e-10
      9090.00  5.55574e-10
      9100.00  5.51995e-10
      9110.00  5.48401e-10
      9120.00  5.44667e-10
      9130.00  5.40673e-10
      9140.00  5.36326e-10
      9150.00  5.31587e-10
      9160.00  5.26481e-10
      9170.00  5.21086e-10
      9180.00  5.15489e-10
      9190.00  5.09749e-10
      9200.00  5.03879e-10
      9210.00  4.97872e-10
      9220.00  4.91751e-10
      9230.00  4.85611e-10
      9240.00  4.79648e-10
      9250.00  4.74136e-10
      9260.00  4.69383e-10
      9270.00  4.65646e-10
      9280.00  4.63051e-10
      9290.00  4.61555e-10
      9300.00  4.60977e-10
      9310.00  4.61073e-10
      9320.00  4.61614e-10
      9330.00  4.62434e-10
      9340.00  4.63427e-10
      9350.00  4.64531e-10
      9360.00  4.65707e-10
      9370.00  4.66928e-10
      9380.00  4.68170e-10
      9390.00  4.69408e-10
      9400.00  4.70618e-10
      9410.00  4.71770e-10
      9420.00  4.72837e-10
      9430.00  4.73786e-10
      9440.00  4.74585e-10
      9450.00  4.75199e-10
      9460.00  4.75596e-10
      9470.00  4.75748e-10
      9480.00  4.75627e-10
      9490.00  4.75214e-10
      9500.00  4.74493e-10
      9510.00  4.73458e-10
      9520.00  4.72111e-10
      9530.00  4.70461e-10
      9540.00  4.68528e-10
      9550.00  4.66338e-10
      9560.00  4.63929e-10
      9570.00  4.61343e-10
      9580.00  4.58632e-10
      9590.00  4.55851e-10
      9600.00  4.53060e-10
      9610.00  4.50322e-10
      9620.00  4.47703e-10
      9630.00  4.45266e-10
      9640.00  4.43074e-10
      9650.00  4.41186e-10
      9660.00  4.39657e-10
      9670.00  4.38537e-10
      9680.00  4.37865e-10
      9690.00  4.37675e-10
      9700.00  4.37992e-10
      9710.00  4.38830e-10
      9720.00  4.40192e-10
      9730.00  4.42073e-10
      9740.00  4.44456e-10
      9750.00  4.47315e-10
      9760.00  4.50613e-10
      9770.00  4.54305e-10
      9780.00  4.58339e-10
      9790.00  4.62654e-10
      9800.00  4.67185e-10
      9810.00  4.71862e-10
      9820.00  4.76610e-10
      9830.00  4.81354e-10
      9840.00  4.86019e-10
      9850.00  4.90528e-10
      9860.00  4.94807e-10
      9870.00  4.98785e-10
      9880.00  5.02395e-10
      9890.00  5.05575e-10
      9900.00  5.08269e-10
      9910.00  5.10425e-10
      9920.00  5.12002e-10
      9930.00  5.12963e-10
      9940.00  5.13281e-10
      9950.00  5.12937e-10
      9960.00  5.11920e-10
      9970.00  5.10227e-10
      9980.00  5.07864e-10
      9990.00  5.04845e-10
      10000.0  5.01192e-10
      10010.0  4.96935e-10
      10020.0  4.92108e-10
      10030.0  4.86755e-10
      10040.0  4.80924e-10
      10050.0  4.74667e-10
      10060.0  4.68040e-10
      10070.0  4.61105e-10
      10080.0  4.53923e-10
      10090.0  4.46559e-10
      10100.0  4.39076e-10
      10110.0  4.31539e-10
      10120.0  4.24010e-10
      10130.0  4.16552e-10
      10140.0  4.09221e-10
      10150.0  4.02072e-10
      10160.0  3.95155e-10
      10170.0  3.88514e-10
      10180.0  3.82189e-10
      10190.0  3.76212e-10
      10200.0  3.70610e-10
      10210.0  3.65402e-10
      10220.0  3.60601e-10
      10230.0  3.56214e-10
      10240.0  3.52243e-10
      10250.0  3.48682e-10
      10260.0  3.45522e-10
      10270.0  3.42753e-10
      10280.0  3.40358e-10
      10290.0  3.38322e-10
      10300.0  3.36628e-10
      10310.0  3.35260e-10
      10320.0  3.34202e-10
      10330.0  3.33441e-10
      10340.0  3.32964e-10
      10350.0  3.32758e-10
      10360.0  3.32813e-10
      10370.0  3.33117e-10
      10380.0  3.33657e-10
      10390.0  3.34416e-10
      10400.0  3.35375e-10
      10410.0  3.36509e-10
      10420.0  3.37790e-10
      10430.0  3.39180e-10
      10440.0  3.40638e-10
      10450.0  3.42116e-10
      10460.0  3.43562e-10
      10470.0  3.44920e-10
      10480.0  3.46135e-10
      10490.0  3.47149e-10
      10500.0  3.47908e-10
      10510.0  3.48364e-10
      10520.0  3.48475e-10
      10530.0  3.48207e-10
      10540.0  3.47537e-10
      10550.0  3.46451e-10
      10560.0  3.44948e-10
      10570.0  3.43038e-10
      10580.0  3.40740e-10
      10590.0  3.38082e-10
      10600.0  3.35101e-10
      10610.0  3.31839e-10
      10620.0  3.28343e-10
      10630.0  3.24663e-10
      10640.0  3.20846e-10
      10650.0  3.16944e-10
      10660.0  3.13001e-10
      10670.0  3.09061e-10
      10680.0  3.05162e-10
      10690.0  3.01337e-10
      10700.0  2.97615e-10
      10710.0  2.94018e-10
      10720.0  2.90561e-10
      10730.0  2.87255e-10
      10740.0  2.84106e-10
      10750.0  2.81115e-10
      10760.0  2.78278e-10
      10770.0  2.75587e-10
      10780.0  2.73032e-10
      10790.0  2.70598e-10
      10800.0  2.68271e-10
      10810.0  2.66033e-10
      10820.0  2.63867e-10
      10830.0  2.61753e-10
      10840.0  2.59674e-10
      10850.0  2.57613e-10
      10860.0  2.55552e-10
      10870.0  2.53476e-10
      10880.0  2.51371e-10
      10890.0  2.49225e-10
      10900.0  2.47028e-10
      10910.0  2.44771e-10
      10920.0  2.42448e-10
      10930.0  2.40055e-10
      10940.0  2.37591e-10
      10950.0  2.35054e-10
      10960.0  2.32448e-10
      10970.0  2.29776e-10
      10980.0  2.27043e-10
      10990.0  2.24255e-10
      11000.0  2.21421e-10
      11010.0  2.18548e-10
      11020.0  2.15645e-10
      11030.0  2.12722e-10
      11040.0  2.09787e-10
      11050.0  2.06850e-10
      11060.0  2.03919e-10
      11070.0  2.01002e-10
      11080.0  1.98106e-10
      11090.0  1.95238e-10
      11100.0  1.92402e-10
      11110.0  1.89605e-10
      11120.0  1.86849e-10
      11130.0  1.84138e-10
      11140.0  1.81476e-10
      11150.0  1.78865e-10
      11160.0  1.76307e-10
      11170.0  1.73805e-10
      11180.0  1.71362e-10
      11190.0  1.68981e-10
      11200.0  1.66665e-10
      11210.0  1.64416e-10
      11220.0  1.62239e-10
      11230.0  1.60138e-10
      11240.0  1.58115e-10
      11250.0  1.56175e-10
      11260.0  1.54322e-10
      11270.0  1.52557e-10
      11280.0  1.50884e-10
      11290.0  1.49305e-10
      11300.0  1.47820e-10
      11310.0  1.46429e-10
      11320.0  1.45131e-10
      11330.0  1.43925e-10
      11340.0  1.42807e-10
      11350.0  1.41771e-10
      11360.0  1.40813e-10
      11370.0  1.39926e-10
      11380.0  1.39101e-10
      11390.0  1.38330e-10
      11400.0  1.37605e-10
      11410.0  1.36914e-10
      11420.0  1.36248e-10
      11430.0  1.35595e-10
      11440.0  1.34946e-10
      11450.0  1.34290e-10
      11460.0  1.33617e-10
      11470.0  1.32916e-10
      11480.0  1.32179e-10
      11490.0  1.31397e-10
      11500.0  1.30562e-10
      11510.0  1.29668e-10
      11520.0  1.28708e-10
      11530.0  1.27679e-10
      11540.0  1.26575e-10
      11550.0  1.25395e-10
      11560.0  1.24137e-10
      11570.0  1.22802e-10
      11580.0  1.21389e-10
      11590.0  1.19903e-10
      11600.0  1.18345e-10
      11610.0  1.16720e-10
      11620.0  1.15035e-10
      11630.0  1.13295e-10
      11640.0  1.11508e-10
      11650.0  1.09683e-10
      11660.0  1.07828e-10
      11670.0  1.05953e-10
      11680.0  1.04067e-10
      11690.0  1.02181e-10
      11700.0  1.00303e-10
      11710.0  9.84452e-11
      11720.0  9.66155e-11
      11730.0  9.48230e-11
      11740.0  9.30760e-11
      11750.0  9.13818e-11
      11760.0  8.97467e-11
      11770.0  8.81763e-11
      11780.0  8.66748e-11
      11790.0  8.52452e-11
      11800.0  8.38897e-11
      11810.0  8.26090e-11
      11820.0  8.14028e-11
      11830.0  8.02697e-11
      11840.0  7.92075e-11
      11850.0  7.82129e-11
      11860.0  7.72820e-11
      11870.0  7.64099e-11
      11880.0  7.55917e-11
      11890.0  7.48217e-11
      11900.0  7.40939e-11
      11910.0  7.34024e-11
      11920.0  7.27411e-11
      11930.0  7.21039e-11
      11940.0  7.14850e-11
      11950.0  7.08788e-11
      11960.0  7.02799e-11
      11970.0  6.96835e-11
      11980.0  6.90852e-11
      11990.0  6.84811e-11
      12000.0  6.78678e-11
      12010.0  6.72426e-11
      12020.0  6.66032e-11
      12030.0  6.59483e-11
      12040.0  6.52768e-11
      12050.0  6.45885e-11
      12060.0  6.38837e-11
      12070.0  6.31633e-11
      12080.0  6.24287e-11
      12090.0  6.16821e-11
      12100.0  6.09259e-11
      12110.0  6.01630e-11
      12120.0  5.93967e-11
      12130.0  5.86309e-11
      12140.0  5.78693e-11
      12150.0  5.71164e-11
      12160.0  5.63764e-11
      12170.0  5.56539e-11
      12180.0  5.49534e-11
      12190.0  5.42795e-11
      12200.0  5.36368e-11
      12210.0  5.30295e-11
      12220.0  5.24620e-11
      12230.0  5.19381e-11
      12240.0  5.14616e-11
      12250.0  5.10358e-11
      12260.0  5.06635e-11
      12270.0  5.03474e-11
      12280.0  5.00894e-11
      12290.0  4.98910e-11
      12300.0  4.97531e-11
      12310.0  4.96760e-11
      12320.0  4.96596e-11
      12330.0  4.97030e-11
      12340.0  4.98048e-11
      12350.0  4.99631e-11
      12360.0  5.01753e-11
      12370.0  5.04385e-11
      12380.0  5.07493e-11
      12390.0  5.11040e-11
      12400.0  5.14984e-11
      12410.0  5.19283e-11
      12420.0  5.23892e-11
      12430.0  5.28767e-11
      12440.0  5.33863e-11
      12450.0  5.39134e-11
      12460.0  5.44538e-11
      12470.0  5.50033e-11
      12480.0  5.55579e-11
      12490.0  5.61140e-11
      12500.0  5.66680e-11
      12510.0  5.72168e-11
      12520.0  5.77574e-11
      12530.0  5.82873e-11
      12540.0  5.88040e-11
      12550.0  5.93054e-11
      12560.0  5.97896e-11
      12570.0  6.02549e-11
      12580.0  6.06999e-11
      12590.0  6.11233e-11
      12600.0  6.15239e-11
      12610.0  6.19007e-11
      12620.0  6.22530e-11
      12630.0  6.25801e-11
      12640.0  6.28814e-11
      12650.0  6.31566e-11
      12660.0  6.34055e-11
      12670.0  6.36279e-11
      12680.0  6.38238e-11
      12690.0  6.39933e-11
      12700.0  6.41368e-11
      12710.0  6.42545e-11
      12720.0  6.43471e-11
      12730.0  6.44149e-11
      12740.0  6.44589e-11
      12750.0  6.44796e-11
      12760.0  6.44778e-11
      12770.0  6.44546e-11
      12780.0  6.44106e-11
      12790.0  6.43469e-11
      12800.0  6.42643e-11
      12810.0  6.41637e-11
      12820.0  6.40459e-11
      12830.0  6.39119e-11
      12840.0  6.37622e-11
      12850.0  6.35977e-11
      12860.0  6.34188e-11
      12870.0  6.32262e-11
      12880.0  6.30204e-11
      12890.0  6.28016e-11
      12900.0  6.25703e-11
      12910.0  6.23267e-11
      12920.0  6.20710e-11
      12930.0  6.18035e-11
      12940.0  6.15243e-11
      12950.0  6.12336e-11
      12960.0  6.09317e-11
      12970.0  6.06186e-11
      12980.0  6.02948e-11
      12990.0  5.99604e-11
      13000.0  5.96160e-11
      13010.0  5.92618e-11
      13020.0  5.88985e-11
      13030.0  5.85266e-11
      13040.0  5.81468e-11
      13050.0  5.77598e-11
      13060.0  5.73663e-11
      13070.0  5.69673e-11
      13080.0  5.65637e-11
      13090.0  5.61563e-11
      13100.0  5.57462e-11
      13110.0  5.53345e-11
      13120.0  5.49221e-11
      13130.0  5.45103e-11
      13140.0  5.40999e-11
      13150.0  5.36923e-11
      13160.0  5.32884e-11
      13170.0  5.28894e-11
      13180.0  5.24962e-11
      13190.0  5.21101e-11
      13200.0  5.17318e-11
      13210.0  5.13624e-11
      13220.0  5.10027e-11
      13230.0  5.06535e-11
      13240.0  5.03155e-11
      13250.0  4.99892e-11
      13260.0  4.96752e-11
      13270.0  4.93738e-11
      13280.0  4.90851e-11
      13290.0  4.88092e-11
      13300.0  4.85461e-11
      13310.0  4.82956e-11
      13320.0  4.80574e-11
      13330.0  4.78309e-11
      13340.0  4.76157e-11
      13350.0  4.74110e-11
      13360.0  4.72161e-11
      13370.0  4.70301e-11
      13380.0  4.68522e-11
      13390.0  4.66815e-11
      13400.0  4.65169e-11
      13410.0  4.63576e-11
      13420.0  4.62027e-11
      13430.0  4.60511e-11
      13440.0  4.59021e-11
      13450.0  4.57549e-11
      13460.0  4.56087e-11
      13470.0  4.54629e-11
      13480.0  4.53170e-11
      13490.0  4.51704e-11
      13500.0  4.50228e-11
      13510.0  4.48739e-11
      13520.0  4.47235e-11
      13530.0  4.45714e-11
      13540.0  4.44176e-11
      13550.0  4.42621e-11
      13560.0  4.41051e-11
      13570.0  4.39466e-11
      13580.0  4.37870e-11
      13590.0  4.36263e-11
      13600.0  4.34650e-11
      13610.0  4.33032e-11
      13620.0  4.31413e-11
      13630.0  4.29797e-11
      13640.0  4.28186e-11
      13650.0  4.26584e-11
      13660.0  4.24995e-11
      13670.0  4.23421e-11
      13680.0  4.21865e-11
      13690.0  4.20330e-11
      13700.0  4.18819e-11
      13710.0  4.17333e-11
      13720.0  4.15875e-11
      13730.0  4.14446e-11
      13740.0  4.13046e-11
      13750.0  4.11676e-11
      13760.0  4.10336e-11
      13770.0  4.09024e-11
      13780.0  4.07738e-11
      13790.0  4.06478e-11
      13800.0  4.05238e-11
      13810.0  4.04015e-11
      13820.0  4.02805e-11
      13830.0  4.01603e-11
      13840.0  4.00403e-11
      13850.0  3.99198e-11
      13860.0  3.97982e-11
      13870.0  3.96749e-11
      13880.0  3.95491e-11
      13890.0  3.94203e-11
      13900.0  3.92877e-11
      13910.0  3.91508e-11
      13920.0  3.90091e-11
      13930.0  3.88620e-11
      13940.0  3.87094e-11
      13950.0  3.85509e-11
      13960.0  3.83865e-11
      13970.0  3.82160e-11
      13980.0  3.80397e-11
      13990.0  3.78578e-11
      14000.0  3.76707e-11
      14010.0  3.74789e-11
      14020.0  3.72830e-11
      14030.0  3.70837e-11
      14040.0  3.68818e-11
      14050.0  3.66782e-11
      14060.0  3.64738e-11
      14070.0  3.62696e-11
      14080.0  3.60665e-11
      14090.0  3.58655e-11
      14100.0  3.56676e-11
      14110.0  3.54737e-11
      14120.0  3.52848e-11
      14130.0  3.51018e-11
      14140.0  3.49254e-11
      14150.0  3.47566e-11
      14160.0  3.45961e-11
      14170.0  3.44446e-11
      14180.0  3.43028e-11
      14190.0  3.41714e-11
      14200.0  3.40510e-11
      14210.0  3.39423e-11
      14220.0  3.38458e-11
      14230.0  3.37623e-11
      14240.0  3.36922e-11
      14250.0  3.36361e-11
      14260.0  3.35948e-11
      14270.0  3.35686e-11
      14280.0  3.35581e-11
      14290.0  3.35639e-11
      14300.0  3.35863e-11
      14310.0  3.36258e-11
      14320.0  3.36825e-11
      14330.0  3.37568e-11
      14340.0  3.38487e-11
      14350.0  3.39581e-11
      14360.0  3.40850e-11
      14370.0  3.42288e-11
      14380.0  3.43893e-11
      14390.0  3.45657e-11
      14400.0  3.47573e-11
      14410.0  3.49633e-11
      14420.0  3.51824e-11
      14430.0  3.54137e-11
      14440.0  3.56558e-11
      14450.0  3.59074e-11
      14460.0  3.61671e-11
      14470.0  3.64335e-11
      14480.0  3.67052e-11
      14490.0  3.69809e-11
      14500.0  3.72592e-11
      14510.0  3.75390e-11
      14520.0  3.78191e-11
      14530.0  3.80986e-11
      14540.0  3.83767e-11
      14550.0  3.86528e-11
      14560.0  3.89264e-11
      14570.0  3.91974e-11
      14580.0  3.94657e-11
      14590.0  3.97315e-11
      14600.0  3.99950e-11
      14610.0  4.02568e-11
      14620.0  4.05176e-11
      14630.0  4.07780e-11
      14640.0  4.10391e-11
      14650.0  4.13016e-11
      14660.0  4.15666e-11
      14670.0  4.18351e-11
      14680.0  4.21081e-11
      14690.0  4.23865e-11
      14700.0  4.26711e-11
      14710.0  4.29628e-11
      14720.0  4.32621e-11
      14730.0  4.35696e-11
      14740.0  4.38856e-11
      14750.0  4.42103e-11
      14760.0  4.45438e-11
      14770.0  4.48859e-11
      14780.0  4.52362e-11
      14790.0  4.55943e-11
      14800.0  4.59595e-11
      14810.0  4.63309e-11
      14820.0  4.67076e-11
      14830.0  4.70885e-11
      14840.0  4.74723e-11
      14850.0  4.78578e-11
      14860.0  4.82437e-11
      14870.0  4.86284e-11
      14880.0  4.90105e-11
      14890.0  4.93887e-11
      14900.0  4.97615e-11
      14910.0  5.01277e-11
      14920.0  5.04859e-11
      14930.0  5.08351e-11
      14940.0  5.11743e-11
      14950.0  5.15026e-11
      14960.0  5.18195e-11
      14970.0  5.21245e-11
      14980.0  5.24174e-11
      14990.0  5.26981e-11
      15000.0  5.29668e-11
      15010.0  5.32240e-11
      15020.0  5.34702e-11
      15030.0  5.37063e-11
      15040.0  5.39330e-11
      15050.0  5.41516e-11
      15060.0  5.43632e-11
      15070.0  5.45691e-11
      15080.0  5.47706e-11
      15090.0  5.49690e-11
      15100.0  5.51656e-11
      15110.0  5.53618e-11
      15120.0  5.55585e-11
      15130.0  5.57571e-11
      15140.0  5.59582e-11
      15150.0  5.61629e-11
      15160.0  5.63718e-11
      15170.0  5.65852e-11
      15180.0  5.68037e-11
      15190.0  5.70274e-11
      15200.0  5.72563e-11
      15210.0  5.74905e-11
      15220.0  5.77297e-11
      15230.0  5.79737e-11
      15240.0  5.82222e-11
      15250.0  5.84750e-11
      15260.0  5.87315e-11
      15270.0  5.89916e-11
      15280.0  5.92548e-11
      15290.0  5.95210e-11
      15300.0  5.97899e-11
      15310.0  6.00612e-11
      15320.0  6.03350e-11
      15330.0  6.06111e-11
      15340.0  6.08895e-11
      15350.0  6.11704e-11
      15360.0  6.14537e-11
      15370.0  6.17395e-11
      15380.0  6.20281e-11
      15390.0  6.23195e-11
      15400.0  6.26137e-11
      15410.0  6.29110e-11
      15420.0  6.32112e-11
      15430.0  6.35144e-11
      15440.0  6.38206e-11
      15450.0  6.41295e-11
      15460.0  6.44411e-11
      15470.0  6.47550e-11
      15480.0  6.50711e-11
      15490.0  6.53890e-11
      15500.0  6.57083e-11
      15510.0  6.60287e-11
      15520.0  6.63498e-11
      15530.0  6.66713e-11
      15540.0  6.69927e-11
      15550.0  6.73137e-11
      15560.0  6.76340e-11
      15570.0  6.79532e-11
      15580.0  6.82711e-11
      15590.0  6.85874e-11
      15600.0  6.89020e-11
      15610.0  6.92146e-11
      15620.0  6.95251e-11
      15630.0  6.98334e-11
      15640.0  7.01393e-11
      15650.0  7.04428e-11
      15660.0  7.07437e-11
      15670.0  7.10419e-11
      15680.0  7.13372e-11
      15690.0  7.16296e-11
      15700.0  7.19188e-11
      15710.0  7.22046e-11
      15720.0  7.24869e-11
      15730.0  7.27652e-11
      15740.0  7.30394e-11
      15750.0  7.33091e-11
      15760.0  7.35740e-11
      15770.0  7.38337e-11
      15780.0  7.40879e-11
      15790.0  7.43362e-11
      15800.0  7.45784e-11
      15810.0  7.48141e-11
      15820.0  7.50430e-11
      15830.0  7.52650e-11
      15840.0  7.54799e-11
      15850.0  7.56876e-11
      15860.0  7.58879e-11
      15870.0  7.60811e-11
      15880.0  7.62671e-11
      15890.0  7.64462e-11
      15900.0  7.66185e-11
      15910.0  7.67844e-11
      15920.0  7.69442e-11
      15930.0  7.70983e-11
      15940.0  7.72470e-11
      15950.0  7.73908e-11
      15960.0  7.75300e-11
      15970.0  7.76651e-11
      15980.0  7.77964e-11
      15990.0  7.79241e-11
      16000.0  7.80484e-11
      16010.0  7.81695e-11
      16020.0  7.82873e-11
      16030.0  7.84016e-11
      16040.0  7.85123e-11
      16050.0  7.86189e-11
      16060.0  7.87207e-11
      16070.0  7.88172e-11
      16080.0  7.89075e-11
      16090.0  7.89905e-11
      16100.0  7.90652e-11
      16110.0  7.91304e-11
      16120.0  7.91846e-11
      16130.0  7.92265e-11
      16140.0  7.92547e-11
      16150.0  7.92675e-11
      16160.0  7.92636e-11
      16170.0  7.92413e-11
      16180.0  7.91992e-11
      16190.0  7.91358e-11
      16200.0  7.90498e-11
      16210.0  7.89400e-11
      16220.0  7.88053e-11
      16230.0  7.86445e-11
      16240.0  7.84569e-11
      16250.0  7.82417e-11
      16260.0  7.79985e-11
      16270.0  7.77268e-11
      16280.0  7.74264e-11
      16290.0  7.70974e-11
      16300.0  7.67398e-11
      16310.0  7.63540e-11
      16320.0  7.59405e-11
      16330.0  7.54999e-11
      16340.0  7.50329e-11
      16350.0  7.45405e-11
      16360.0  7.40236e-11
      16370.0  7.34836e-11
      16380.0  7.29216e-11
      16390.0  7.23389e-11
      16400.0  7.17371e-11
      16410.0  7.11176e-11
      16420.0  7.04821e-11
      16430.0  6.98321e-11
      16440.0  6.91695e-11
      16450.0  6.84960e-11
      16460.0  6.78134e-11
      16470.0  6.71235e-11
      16480.0  6.64282e-11
      16490.0  6.57293e-11
      16500.0  6.50288e-11
      16510.0  6.43285e-11
      16520.0  6.36303e-11
      16530.0  6.29361e-11
      16540.0  6.22479e-11
      16550.0  6.15673e-11
      16560.0  6.08962e-11
      16570.0  6.02364e-11
      16580.0  5.95897e-11
      16590.0  5.89576e-11
      16600.0  5.83418e-11
      16610.0  5.77438e-11
      16620.0  5.71652e-11
      16630.0  5.66072e-11
      16640.0  5.60712e-11
      16650.0  5.55584e-11
      16660.0  5.50698e-11
      16670.0  5.46065e-11
      16680.0  5.41693e-11
      16690.0  5.37589e-11
      16700.0  5.33760e-11
      16710.0  5.30209e-11
      16720.0  5.26942e-11
      16730.0  5.23959e-11
      16740.0  5.21261e-11
      16750.0  5.18847e-11
      16760.0  5.16715e-11
      16770.0  5.14862e-11
      16780.0  5.13281e-11
      16790.0  5.11968e-11
      16800.0  5.10913e-11
      16810.0  5.10110e-11
      16820.0  5.09548e-11
      16830.0  5.09218e-11
      16840.0  5.09108e-11
      16850.0  5.09206e-11
      16860.0  5.09502e-11
      16870.0  5.09983e-11
      16880.0  5.10639e-11
      16890.0  5.11457e-11
      16900.0  5.12426e-11
      16910.0  5.13537e-11
      16920.0  5.14781e-11
      16930.0  5.16147e-11
      16940.0  5.17630e-11
      16950.0  5.19223e-11
      16960.0  5.20920e-11
      16970.0  5.22719e-11
      16980.0  5.24615e-11
      16990.0  5.26609e-11
      17000.0  5.28699e-11
      17010.0  5.30886e-11
      17020.0  5.33174e-11
      17030.0  5.35564e-11
      17040.0  5.38060e-11
      17050.0  5.40667e-11
      17060.0  5.43391e-11
      17070.0  5.46235e-11
      17080.0  5.49207e-11
      17090.0  5.52312e-11
      17100.0  5.55556e-11
      17110.0  5.58945e-11
      17120.0  5.62484e-11
      17130.0  5.66179e-11
      17140.0  5.70035e-11
      17150.0  5.74057e-11
      17160.0  5.78247e-11
      17170.0  5.82611e-11
      17180.0  5.87150e-11
      17190.0  5.91867e-11
      17200.0  5.96764e-11
      17210.0  6.01841e-11
      17220.0  6.07099e-11
      17230.0  6.12537e-11
      17240.0  6.18155e-11
      17250.0  6.23950e-11
      17260.0  6.29921e-11
      17270.0  6.36064e-11
      17280.0  6.42376e-11
      17290.0  6.48852e-11
      17300.0  6.55486e-11
      17310.0  6.62275e-11
      17320.0  6.69209e-11
      17330.0  6.76284e-11
      17340.0  6.83489e-11
      17350.0  6.90816e-11
      17360.0  6.98256e-11
      17370.0  7.05798e-11
      17380.0  7.13431e-11
      17390.0  7.21144e-11
      17400.0  7.28922e-11
      17410.0  7.36753e-11
      17420.0  7.44623e-11
      17430.0  7.52517e-11
      17440.0  7.60420e-11
      17450.0  7.68315e-11
      17460.0  7.76186e-11
      17470.0  7.84017e-11
      17480.0  7.91789e-11
      17490.0  7.99485e-11
      17500.0  8.07086e-11
      17510.0  8.14575e-11
      17520.0  8.21932e-11
      17530.0  8.29139e-11
      17540.0  8.36176e-11
      17550.0  8.43025e-11
      17560.0  8.49665e-11
      17570.0  8.56079e-11
      17580.0  8.62245e-11
      17590.0  8.68145e-11
      17600.0  8.73760e-11
      17610.0  8.79069e-11
      17620.0  8.84052e-11
      17630.0  8.88691e-11
      17640.0  8.92964e-11
      17650.0  8.96853e-11
      17660.0  9.00337e-11
      17670.0  9.03396e-11
      17680.0  9.06009e-11
      17690.0  9.08158e-11
      17700.0  9.09822e-11
      17710.0  9.10981e-11
      17720.0  9.11616e-11
      17730.0  9.11709e-11
      17740.0  9.11242e-11
      17750.0  9.10199e-11
      17760.0  9.08565e-11
      17770.0  9.06328e-11
      17780.0  9.03477e-11
      17790.0  9.00005e-11
      17800.0  8.95908e-11
      17810.0  8.91185e-11
      17820.0  8.85841e-11
      17830.0  8.79882e-11
      17840.0  8.73323e-11
      17850.0  8.66180e-11
      17860.0  8.58477e-11
      17870.0  8.50242e-11
      17880.0  8.41507e-11
      17890.0  8.32309e-11
      17900.0  8.22690e-11
      17910.0  8.12695e-11
      17920.0  8.02372e-11
      17930.0  7.91771e-11
      17940.0  7.80944e-11
      17950.0  7.69943e-11
      17960.0  7.58821e-11
      17970.0  7.47627e-11
      17980.0  7.36411e-11
      17990.0  7.25218e-11
      18000.0  7.14093e-11
      18010.0  7.03073e-11
      18020.0  6.92193e-11
      18030.0  6.81484e-11
      18040.0  6.70969e-11
      18050.0  6.60670e-11
      18060.0  6.50602e-11
      18070.0  6.40777e-11
      18080.0  6.31200e-11
      18090.0  6.21876e-11
      18100.0  6.12804e-11
      18110.0  6.03982e-11
      18120.0  5.95402e-11
      18130.0  5.87060e-11
      18140.0  5.78945e-11
      18150.0  5.71049e-11
      18160.0  5.63361e-11
      18170.0  5.55872e-11
      18180.0  5.48572e-11
      18190.0  5.41452e-11
      18200.0  5.34502e-11
      18210.0  5.27715e-11
      18220.0  5.21084e-11
      18230.0  5.14603e-11
      18240.0  5.08266e-11
      18250.0  5.02070e-11
      18260.0  4.96011e-11
      18270.0  4.90087e-11
      18280.0  4.84294e-11
      18290.0  4.78632e-11
      18300.0  4.73099e-11
      18310.0  4.67694e-11
      18320.0  4.62416e-11
      18330.0  4.57266e-11
      18340.0  4.52242e-11
      18350.0  4.47344e-11
      18360.0  4.42571e-11
      18370.0  4.37923e-11
      18380.0  4.33400e-11
      18390.0  4.28999e-11
      18400.0  4.24722e-11
      18410.0  4.20566e-11
      18420.0  4.16532e-11
      18430.0  4.12619e-11
      18440.0  4.08826e-11
      18450.0  4.05152e-11
      18460.0  4.01598e-11
      18470.0  3.98162e-11
      18480.0  3.94845e-11
      18490.0  3.91645e-11
      18500.0  3.88563e-11
      18510.0  3.85598e-11
      18520.0  3.82750e-11
      18530.0  3.80019e-11
      18540.0  3.77403e-11
      18550.0  3.74901e-11
      18560.0  3.72513e-11
      18570.0  3.70237e-11
      18580.0  3.68071e-11
      18590.0  3.66014e-11
      18600.0  3.64063e-11
      18610.0  3.62214e-11
      18620.0  3.60465e-11
      18630.0  3.58813e-11
      18640.0  3.57253e-11
      18650.0  3.55781e-11
      18660.0  3.54392e-11
      18670.0  3.53082e-11
      18680.0  3.51845e-11
      18690.0  3.50675e-11
      18700.0  3.49567e-11
      18710.0  3.48514e-11
      18720.0  3.47511e-11
      18730.0  3.46550e-11
      18740.0  3.45625e-11
      18750.0  3.44730e-11
      18760.0  3.43857e-11
      18770.0  3.43001e-11
      18780.0  3.42153e-11
      18790.0  3.41307e-11
      18800.0  3.40457e-11
      18810.0  3.39597e-11
      18820.0  3.38720e-11
      18830.0  3.37820e-11
      18840.0  3.36892e-11
      18850.0  3.35931e-11
      18860.0  3.34933e-11
      18870.0  3.33893e-11
      18880.0  3.32808e-11
      18890.0  3.31677e-11
      18900.0  3.30497e-11
      18910.0  3.29266e-11
      18920.0  3.27986e-11
      18930.0  3.26656e-11
      18940.0  3.25278e-11
      18950.0  3.23855e-11
      18960.0  3.22389e-11
      18970.0  3.20885e-11
      18980.0  3.19348e-11
      18990.0  3.17782e-11
      19000.0  3.16194e-11
      19010.0  3.14591e-11
      19020.0  3.12980e-11
      19030.0  3.11368e-11
      19040.0  3.09763e-11
      19050.0  3.08174e-11
      19060.0  3.06608e-11
      19070.0  3.05072e-11
      19080.0  3.03576e-11
      19090.0  3.02126e-11
      19100.0  3.00730e-11
      19110.0  2.99394e-11
      19120.0  2.98124e-11
      19130.0  2.96926e-11
      19140.0  2.95803e-11
      19150.0  2.94761e-11
      19160.0  2.93801e-11
      19170.0  2.92926e-11
      19180.0  2.92137e-11
      19190.0  2.91433e-11
      19200.0  2.90814e-11
      19210.0  2.90278e-11
      19220.0  2.89823e-11
      19230.0  2.89444e-11
      19240.0  2.89137e-11
      19250.0  2.88897e-11
      19260.0  2.88719e-11
      19270.0  2.88595e-11
      19280.0  2.88519e-11
      19290.0  2.88485e-11
      19300.0  2.88484e-11
      19310.0  2.88510e-11
      19320.0  2.88554e-11
      19330.0  2.88610e-11
      19340.0  2.88671e-11
      19350.0  2.88731e-11
      19360.0  2.88782e-11
      19370.0  2.88821e-11
      19380.0  2.88842e-11
      19390.0  2.88842e-11
      19400.0  2.88816e-11
      19410.0  2.88763e-11
      19420.0  2.88681e-11
      19430.0  2.88569e-11
      19440.0  2.88428e-11
      19450.0  2.88258e-11
      19460.0  2.88060e-11
      19470.0  2.87837e-11
      19480.0  2.87591e-11
      19490.0  2.87325e-11
      19500.0  2.87042e-11
      19510.0  2.86746e-11
      19520.0  2.86441e-11
      19530.0  2.86130e-11
      19540.0  2.85817e-11
      19550.0  2.85505e-11
      19560.0  2.85198e-11
      19570.0  2.84897e-11
      19580.0  2.84606e-11
      19590.0  2.84326e-11
      19600.0  2.84059e-11
      19610.0  2.83805e-11
      19620.0  2.83566e-11
      19630.0  2.83340e-11
      19640.0  2.83126e-11
      19650.0  2.82925e-11
      19660.0  2.82733e-11
      19670.0  2.82549e-11
      19680.0  2.82370e-11
      19690.0  2.82193e-11
      19700.0  2.82014e-11
      19710.0  2.81831e-11
      19720.0  2.81638e-11
      19730.0  2.81433e-11
      19740.0  2.81210e-11
      19750.0  2.80966e-11
      19760.0  2.80696e-11
      19770.0  2.80396e-11
      19780.0  2.80061e-11
      19790.0  2.79688e-11
      19800.0  2.79271e-11
      19810.0  2.78808e-11
      19820.0  2.78293e-11
      19830.0  2.77724e-11
      19840.0  2.77097e-11
      19850.0  2.76409e-11
      19860.0  2.75656e-11
      19870.0  2.74836e-11
      19880.0  2.73947e-11
      19890.0  2.72987e-11
      19900.0  2.71953e-11
      19910.0  2.70846e-11
      19920.0  2.69663e-11
      19930.0  2.68404e-11
      19940.0  2.67070e-11
      19950.0  2.65660e-11
      19960.0  2.64175e-11
      19970.0  2.62617e-11
      19980.0  2.60986e-11
      19990.0  2.59286e-11
      20000.0  2.57517e-11
      20010.0  2.55683e-11
      20020.0  2.53787e-11
      20030.0  2.51833e-11
      20040.0  2.49823e-11
      20050.0  2.47763e-11
      20060.0  2.45657e-11
      20070.0  2.43509e-11
      20080.0  2.41325e-11
      20090.0  2.39109e-11
      20100.0  2.36867e-11
      20110.0  2.34605e-11
      20120.0  2.32327e-11
      20130.0  2.30041e-11
      20140.0  2.27750e-11
      20150.0  2.25462e-11
      20160.0  2.23181e-11
      20170.0  2.20915e-11
      20180.0  2.18667e-11
      20190.0  2.16444e-11
      20200.0  2.14252e-11
      20210.0  2.12095e-11
      20220.0  2.09978e-11
      20230.0  2.07907e-11
      20240.0  2.05886e-11
      20250.0  2.03920e-11
      20260.0  2.02013e-11
      20270.0  2.00170e-11
      20280.0  1.98393e-11
      20290.0  1.96688e-11
      20300.0  1.95057e-11
      20310.0  1.93503e-11
      20320.0  1.92031e-11
      20330.0  1.90642e-11
      20340.0  1.89341e-11
      20350.0  1.88128e-11
      20360.0  1.87007e-11
      20370.0  1.85980e-11
      20380.0  1.85049e-11
      20390.0  1.84216e-11
      20400.0  1.83483e-11
      20410.0  1.82852e-11
      20420.0  1.82323e-11
      20430.0  1.81899e-11
      20440.0  1.81580e-11
      20450.0  1.81368e-11
      20460.0  1.81262e-11
      20470.0  1.81264e-11
      20480.0  1.81374e-11
      20490.0  1.81592e-11
      20500.0  1.81917e-11
      20510.0  1.82350e-11
      20520.0  1.82888e-11
      20530.0  1.83532e-11
      20540.0  1.84279e-11
      20550.0  1.85127e-11
      20560.0  1.86075e-11
      20570.0  1.87120e-11
      20580.0  1.88259e-11
      20590.0  1.89489e-11
      20600.0  1.90806e-11
      20610.0  1.92206e-11
      20620.0  1.93686e-11
      20630.0  1.95240e-11
      20640.0  1.96863e-11
      20650.0  1.98550e-11
      20660.0  2.00296e-11
      20670.0  2.02095e-11
      20680.0  2.03941e-11
      20690.0  2.05828e-11
      20700.0  2.07749e-11
      20710.0  2.09697e-11
      20720.0  2.11667e-11
      20730.0  2.13651e-11
      20740.0  2.15642e-11
      20750.0  2.17633e-11
      20760.0  2.19618e-11
      20770.0  2.21590e-11
      20780.0  2.23542e-11
      20790.0  2.25468e-11
      20800.0  2.27360e-11
      20810.0  2.29213e-11
      20820.0  2.31020e-11
      20830.0  2.32776e-11
      20840.0  2.34474e-11
      20850.0  2.36111e-11
      20860.0  2.37679e-11
      20870.0  2.39175e-11
      20880.0  2.40594e-11
      20890.0  2.41931e-11
      20900.0  2.43183e-11
      20910.0  2.44346e-11
      20920.0  2.45417e-11
      20930.0  2.46392e-11
      20940.0  2.47269e-11
      20950.0  2.48045e-11
      20960.0  2.48718e-11
      20970.0  2.49285e-11
      20980.0  2.49746e-11
      20990.0  2.50099e-11
      21000.0  2.50342e-11
      21010.0  2.50475e-11
      21020.0  2.50497e-11
      21030.0  2.50409e-11
      21040.0  2.50211e-11
      21050.0  2.49902e-11
      21060.0  2.49485e-11
      21070.0  2.48961e-11
      21080.0  2.48331e-11
      21090.0  2.47598e-11
      21100.0  2.46764e-11
      21110.0  2.45833e-11
      21120.0  2.44808e-11
      21130.0  2.43693e-11
      21140.0  2.42492e-11
      21150.0  2.41211e-11
      21160.0  2.39854e-11
      21170.0  2.38427e-11
      21180.0  2.36935e-11
      21190.0  2.35386e-11
      21200.0  2.33785e-11
      21210.0  2.32140e-11
      21220.0  2.30457e-11
      21230.0  2.28744e-11
      21240.0  2.27009e-11
      21250.0  2.25259e-11
      21260.0  2.23501e-11
      21270.0  2.21745e-11
      21280.0  2.19997e-11
      21290.0  2.18266e-11
      21300.0  2.16559e-11
      21310.0  2.14885e-11
      21320.0  2.13250e-11
      21330.0  2.11662e-11
      21340.0  2.10128e-11
      21350.0  2.08655e-11
      21360.0  2.07250e-11
      21370.0  2.05917e-11
      21380.0  2.04664e-11
      21390.0  2.03495e-11
      21400.0  2.02414e-11
      21410.0  2.01427e-11
      21420.0  2.00536e-11
      21430.0  1.99745e-11
      21440.0  1.99056e-11
      21450.0  1.98472e-11
      21460.0  1.97993e-11
      21470.0  1.97622e-11
      21480.0  1.97358e-11
      21490.0  1.97201e-11
      21500.0  1.97152e-11
      21510.0  1.97208e-11
      21520.0  1.97370e-11
      21530.0  1.97635e-11
      21540.0  1.98001e-11
      21550.0  1.98466e-11
      21560.0  1.99028e-11
      21570.0  1.99683e-11
      21580.0  2.00428e-11
      21590.0  2.01260e-11
      21600.0  2.02176e-11
      21610.0  2.03171e-11
      21620.0  2.04244e-11
      21630.0  2.05388e-11
      21640.0  2.06602e-11
      21650.0  2.07880e-11
      21660.0  2.09220e-11
      21670.0  2.10617e-11
      21680.0  2.12068e-11
      21690.0  2.13569e-11
      21700.0  2.15116e-11
      21710.0  2.16706e-11
      21720.0  2.18335e-11
      21730.0  2.20000e-11
      21740.0  2.21697e-11
      21750.0  2.23424e-11
      21760.0  2.25177e-11
      21770.0  2.26954e-11
      21780.0  2.28751e-11
      21790.0  2.30566e-11
      21800.0  2.32395e-11
      21810.0  2.34237e-11
      21820.0  2.36089e-11
      21830.0  2.37948e-11
      21840.0  2.39812e-11
      21850.0  2.41678e-11
      21860.0  2.43544e-11
      21870.0  2.45409e-11
      21880.0  2.47269e-11
      21890.0  2.49122e-11
      21900.0  2.50967e-11
      21910.0  2.52801e-11
      21920.0  2.54623e-11
      21930.0  2.56428e-11
      21940.0  2.58217e-11
      21950.0  2.59986e-11
      21960.0  2.61733e-11
      21970.0  2.63456e-11
      21980.0  2.65152e-11
      21990.0  2.66820e-11
      22000.0  2.68456e-11
      22010.0  2.70058e-11
      22020.0  2.71623e-11
      22030.0  2.73149e-11
      22040.0  2.74632e-11
      22050.0  2.76070e-11
      22060.0  2.77460e-11
      22070.0  2.78797e-11
      22080.0  2.80080e-11
      22090.0  2.81303e-11
      22100.0  2.82465e-11
      22110.0  2.83560e-11
      22120.0  2.84586e-11
      22130.0  2.85537e-11
      22140.0  2.86411e-11
      22150.0  2.87203e-11
      22160.0  2.87909e-11
      22170.0  2.88526e-11
      22180.0  2.89048e-11
      22190.0  2.89473e-11
      22200.0  2.89796e-11
      22210.0  2.90014e-11
      22220.0  2.90123e-11
      22230.0  2.90120e-11
      22240.0  2.90002e-11
      22250.0  2.89766e-11
      22260.0  2.89409e-11
      22270.0  2.88930e-11
      22280.0  2.88326e-11
      22290.0  2.87597e-11
      22300.0  2.86742e-11
      22310.0  2.85759e-11
      22320.0  2.84649e-11
      22330.0  2.83412e-11
      22340.0  2.82050e-11
      22350.0  2.80564e-11
      22360.0  2.78955e-11
      22370.0  2.77228e-11
      22380.0  2.75383e-11
      22390.0  2.73426e-11
      22400.0  2.71360e-11
      22410.0  2.69190e-11
      22420.0  2.66921e-11
      22430.0  2.64559e-11
      22440.0  2.62108e-11
      22450.0  2.59577e-11
      22460.0  2.56972e-11
      22470.0  2.54299e-11
      22480.0  2.51566e-11
      22490.0  2.48782e-11
      22500.0  2.45953e-11
      22510.0  2.43088e-11
      22520.0  2.40196e-11
      22530.0  2.37284e-11
      22540.0  2.34362e-11
      22550.0  2.31438e-11
      22560.0  2.28519e-11
      22570.0  2.25616e-11
      22580.0  2.22735e-11
      22590.0  2.19884e-11
      22600.0  2.17073e-11
      22610.0  2.14308e-11
      22620.0  2.11596e-11
      22630.0  2.08945e-11
      22640.0  2.06360e-11
      22650.0  2.03849e-11
      22660.0  2.01416e-11
      22670.0  1.99066e-11
      22680.0  1.96806e-11
      22690.0  1.94637e-11
      22700.0  1.92565e-11
      22710.0  1.90592e-11
      22720.0  1.88721e-11
      22730.0  1.86954e-11
      22740.0  1.85292e-11
      22750.0  1.83735e-11
      22760.0  1.82286e-11
      22770.0  1.80943e-11
      22780.0  1.79706e-11
      22790.0  1.78573e-11
      22800.0  1.77545e-11
      22810.0  1.76618e-11
      22820.0  1.75791e-11
      22830.0  1.75061e-11
      22840.0  1.74425e-11
      22850.0  1.73881e-11
      22860.0  1.73426e-11
      22870.0  1.73055e-11
      22880.0  1.72767e-11
      22890.0  1.72556e-11
      22900.0  1.72420e-11
      22910.0  1.72355e-11
      22920.0  1.72357e-11
      22930.0  1.72422e-11
      22940.0  1.72547e-11
      22950.0  1.72729e-11
      22960.0  1.72963e-11
      22970.0  1.73246e-11
      22980.0  1.73576e-11
      22990.0  1.73947e-11
      23000.0  1.74358e-11
      23010.0  1.74805e-11
      23020.0  1.75284e-11
      23030.0  1.75793e-11
      23040.0  1.76328e-11
      23050.0  1.76887e-11
      23060.0  1.77466e-11
      23070.0  1.78061e-11
      23080.0  1.78671e-11
      23090.0  1.79291e-11
      23100.0  1.79919e-11
      23110.0  1.80551e-11
      23120.0  1.81184e-11
      23130.0  1.81814e-11
      23140.0  1.82440e-11
      23150.0  1.83056e-11
      23160.0  1.83660e-11
      23170.0  1.84249e-11
      23180.0  1.84820e-11
      23190.0  1.85369e-11
      23200.0  1.85894e-11
      23210.0  1.86391e-11
      23220.0  1.86858e-11
      23230.0  1.87294e-11
      23240.0  1.87694e-11
      23250.0  1.88058e-11
      23260.0  1.88383e-11
      23270.0  1.88668e-11
      23280.0  1.88911e-11
      23290.0  1.89110e-11
      23300.0  1.89265e-11
      23310.0  1.89375e-11
      23320.0  1.89439e-11
      23330.0  1.89455e-11
      23340.0  1.89424e-11
      23350.0  1.89345e-11
      23360.0  1.89218e-11
      23370.0  1.89042e-11
      23380.0  1.88817e-11
      23390.0  1.88544e-11
      23400.0  1.88222e-11
      23410.0  1.87852e-11
      23420.0  1.87435e-11
      23430.0  1.86972e-11
      23440.0  1.86463e-11
      23450.0  1.85910e-11
      23460.0  1.85316e-11
      23470.0  1.84682e-11
      23480.0  1.84010e-11
      23490.0  1.83303e-11
      23500.0  1.82565e-11
      23510.0  1.81798e-11
      23520.0  1.81007e-11
      23530.0  1.80195e-11
      23540.0  1.79366e-11
      23550.0  1.78526e-11
      23560.0  1.77678e-11
      23570.0  1.76827e-11
      23580.0  1.75978e-11
      23590.0  1.75136e-11
      23600.0  1.74307e-11
      23610.0  1.73494e-11
      23620.0  1.72705e-11
      23630.0  1.71942e-11
      23640.0  1.71213e-11
      23650.0  1.70521e-11
      23660.0  1.69871e-11
      23670.0  1.69269e-11
      23680.0  1.68719e-11
      23690.0  1.68227e-11
      23700.0  1.67795e-11
      23710.0  1.67430e-11
      23720.0  1.67135e-11
      23730.0  1.66915e-11
      23740.0  1.66773e-11
      23750.0  1.66714e-11
      23760.0  1.66741e-11
      23770.0  1.66857e-11
      23780.0  1.67067e-11
      23790.0  1.67371e-11
      23800.0  1.67774e-11
      23810.0  1.68277e-11
      23820.0  1.68882e-11
      23830.0  1.69594e-11
      23840.0  1.70411e-11
      23850.0  1.71332e-11
      23860.0  1.72355e-11
      23870.0  1.73479e-11
      23880.0  1.74701e-11
      23890.0  1.76019e-11
      23900.0  1.77428e-11
      23910.0  1.78924e-11
      23920.0  1.80500e-11
      23930.0  1.82150e-11
      23940.0  1.83866e-11
      23950.0  1.85641e-11
      23960.0  1.87466e-11
      23970.0  1.89332e-11
      23980.0  1.91229e-11
      23990.0  1.93148e-11
      24000.0  1.95078e-11
      24010.0  1.97011e-11
      24020.0  1.98937e-11
      24030.0  2.00847e-11
      24040.0  2.02732e-11
      24050.0  2.04584e-11
      24060.0  2.06397e-11
      24070.0  2.08164e-11
      24080.0  2.09880e-11
      24090.0  2.11541e-11
      24100.0  2.13142e-11
      24110.0  2.14681e-11
      24120.0  2.16157e-11
      24130.0  2.17568e-11
      24140.0  2.18913e-11
      24150.0  2.20194e-11
      24160.0  2.21411e-11
      24170.0  2.22564e-11
      24180.0  2.23656e-11
      24190.0  2.24689e-11
      24200.0  2.25663e-11
      24210.0  2.26582e-11
      24220.0  2.27448e-11
      24230.0  2.28262e-11
      24240.0  2.29027e-11
      24250.0  2.29744e-11
      24260.0  2.30416e-11
      24270.0  2.31044e-11
      24280.0  2.31629e-11
      24290.0  2.32174e-11
      24300.0  2.32679e-11
      24310.0  2.33144e-11
      24320.0  2.33572e-11
      24330.0  2.33963e-11
      24340.0  2.34316e-11
      24350.0  2.34633e-11
      24360.0  2.34914e-11
      24370.0  2.35158e-11
      24380.0  2.35365e-11
      24390.0  2.35536e-11
      24400.0  2.35670e-11
      24410.0  2.35767e-11
      24420.0  2.35826e-11
      24430.0  2.35848e-11
      24440.0  2.35833e-11
      24450.0  2.35780e-11
      24460.0  2.35690e-11
      24470.0  2.35565e-11
      24480.0  2.35404e-11
      24490.0  2.35210e-11
      24500.0  2.34985e-11
      24510.0  2.34730e-11
      24520.0  2.34448e-11
      24530.0  2.34142e-11
      24540.0  2.33816e-11
      24550.0  2.33473e-11
      24560.0  2.33116e-11
      24570.0  2.32750e-11
      24580.0  2.32379e-11
      24590.0  2.32007e-11
      24600.0  2.31636e-11
      24610.0  2.31272e-11
      24620.0  2.30917e-11
      24630.0  2.30574e-11
      24640.0  2.30246e-11
      24650.0  2.29936e-11
      24660.0  2.29644e-11
      24670.0  2.29372e-11
      24680.0  2.29122e-11
      24690.0  2.28893e-11
      24700.0  2.28685e-11
      24710.0  2.28499e-11
      24720.0  2.28332e-11
      24730.0  2.28186e-11
      24740.0  2.28058e-11
      24750.0  2.27947e-11
      24760.0  2.27852e-11
      24770.0  2.27771e-11
      24780.0  2.27703e-11
      24790.0  2.27647e-11
      24800.0  2.27600e-11
      24810.0  2.27563e-11
      24820.0  2.27533e-11
      24830.0  2.27510e-11
      24840.0  2.27491e-11
      24850.0  2.27478e-11
      24860.0  2.27468e-11
      24870.0  2.27461e-11
      24880.0  2.27456e-11
      24890.0  2.27454e-11
      24900.0  2.27452e-11
      24910.0  2.27452e-11
      24920.0  2.27453e-11
      24930.0  2.27454e-11
      24940.0  2.27455e-11
      24950.0  2.27457e-11
      24960.0  2.27459e-11
      24970.0  2.27460e-11
      24980.0  2.27462e-11
      24990.0  2.27464e-11
      25000.0  2.27466e-11
