      1000.00  9.90192e-13
      1010.00  1.20101e-12
      1020.00  1.46183e-12
      1030.00  1.78303e-12
      1040.00  2.17762e-12
      1050.00  2.66061e-12
      1060.00  3.24901e-12
      1070.00  3.96161e-12
      1080.00  4.81865e-12
      1090.00  5.84126e-12
      1100.00  7.05082e-12
      1110.00  8.46807e-12
      1120.00  1.01124e-11
      1130.00  1.20008e-11
      1140.00  1.41473e-11
      1150.00  1.65626e-11
      1160.00  1.92529e-11
      1170.00  2.22202e-11
      1180.00  2.54620e-11
      1190.00  2.89709e-11
      1200.00  3.27352e-11
      1210.00  3.67385e-11
      1220.00  4.09601e-11
      1230.00  4.53757e-11
      1240.00  4.99575e-11
      1250.00  5.46750e-11
      1260.00  5.94956e-11
      1270.00  6.43854e-11
      1280.00  6.93098e-11
      1290.00  7.42347e-11
      1300.00  7.91266e-11
      1310.00  8.39540e-11
      1320.00  8.86874e-11
      1330.00  9.33000e-11
      1340.00  9.77684e-11
      1350.00  1.02073e-10
      1360.00  1.06197e-10
      1370.00  1.10129e-10
      1380.00  1.13860e-10
      1390.00  1.17386e-10
      1400.00  1.20706e-10
      1410.00  1.23824e-10
      1420.00  1.26744e-10
      1430.00  1.29475e-10
      1440.00  1.32026e-10
      1450.00  1.34407e-10
      1460.00  1.36626e-10
      1470.00  1.38690e-10
      1480.00  1.40602e-10
      1490.00  1.42361e-10
      1500.00  1.43958e-10
      1510.00  1.45379e-10
      1520.00  1.46601e-10
      1530.00  1.47598e-10
      1540.00  1.48338e-10
      1550.00  1.48789e-10
      1560.00  1.48920e-10
      1570.00  1.48710e-10
      1580.00  1.48148e-10
      1590.00  1.47239e-10
      1600.00  1.46007e-10
      1610.00  1.44495e-10
      1620.00  1.42765e-10
      1630.00  1.40895e-10
      1640.00  1.38976e-10
      1650.00  1.37105e-10
      1660.00  1.35379e-10
      1670.00  1.33896e-10
      1680.00  1.32740e-10
      1690.00  1.31991e-10
      1700.00  1.31712e-10
      1710.00  1.31956e-10
      1720.00  1.32766e-10
      1730.00  1.34173e-10
      1740.00  1.36197e-10
      1750.00  1.38850e-10
      1760.00  1.42132e-10
      1770.00  1.46031e-10
      1780.00  1.50520e-10
      1790.00  1.55555e-10
      1800.00  1.61071e-10
      1810.00  1.66982e-10
      1820.00  1.73182e-10
      1830.00  1.79545e-10
      1840.00  1.85933e-10
      1850.00  1.92204e-10
      1860.00  1.98218e-10
      1870.00  2.03853e-10
      1880.00  2.09014e-10
      1890.00  2.13638e-10
      1900.00  2.17705e-10
      1910.00  2.21234e-10
      1920.00  2.24278e-10
      1930.00  2.26917e-10
      1940.00  2.29247e-10
      1950.00  2.31357e-10
      1960.00  2.33325e-10
      1970.00  2.35202e-10
      1980.00  2.37005e-10
      1990.00  2.38717e-10
      2000.00  2.40293e-10
      2010.00  2.41668e-10
      2020.00  2.42767e-10
      2030.00  2.43522e-10
      2040.00  2.43878e-10
      2050.00  2.43809e-10
      2060.00  2.43316e-10
      2070.00  2.42434e-10
      2080.00  2.41229e-10
      2090.00  2.39792e-10
      2100.00  2.38234e-10
      2110.00  2.36682e-10
      2120.00  2.35269e-10
      2130.00  2.34132e-10
      2140.00  2.33406e-10
      2150.00  2.33220e-10
      2160.00  2.33692e-10
      2170.00  2.34922e-10
      2180.00  2.36991e-10
      2190.00  2.39946e-10
      2200.00  2.43800e-10
      2210.00  2.48527e-10
      2220.00  2.54054e-10
      2230.00  2.60271e-10
      2240.00  2.67032e-10
      2250.00  2.74166e-10
      2260.00  2.81494e-10
      2270.00  2.88837e-10
      2280.00  2.96032e-10
      2290.00  3.02939e-10
      2300.00  3.09448e-10
      2310.00  3.15472e-10
      2320.00  3.20949e-10
      2330.00  3.25832e-10
      2340.00  3.30088e-10
      2350.00  3.33695e-10
      2360.00  3.36648e-10
      2370.00  3.38964e-10
      2380.00  3.40699e-10
      2390.00  3.41954e-10
      2400.00  3.42885e-10
      2410.00  3.43696e-10
      2420.00  3.44632e-10
      2430.00  3.45956e-10
      2440.00  3.47915e-10
      2450.00  3.50711e-10
      2460.00  3.54465e-10
      2470.00  3.59194e-10
      2480.00  3.64804e-10
      2490.00  3.71088e-10
      2500.00  3.77760e-10
      2510.00  3.84480e-10
      2520.00  3.90908e-10
      2530.00  3.96747e-10
      2540.00  4.01779e-10
      2550.00  4.05891e-10
      2560.00  4.09086e-10
      2570.00  4.11468e-10
      2580.00  4.13222e-10
      2590.00  4.14579e-10
      2600.00  4.15785e-10
      2610.00  4.17068e-10
      2620.00  4.18616e-10
      2630.00  4.20568e-10
      2640.00  4.23007e-10
      2650.00  4.26082e-10
      2660.00  4.35737e-10
      2670.00  5.05900e-10
      2680.00  6.62533e-10
      2690.00  7.59430e-10
      2700.00  8.05275e-10
      2710.00  8.55094e-10
      2720.00  8.92234e-10
      2730.00  9.33484e-10
      2740.00  9.96054e-10
      2750.00  1.03921e-09
      2760.00  1.04704e-09
      2770.00  1.05623e-09
      2780.00  1.08771e-09
      2790.00  1.12162e-09
      2800.00  1.13701e-09
      2810.00  1.18389e-09
      2820.00  1.28713e-09
      2830.00  1.38818e-09
      2840.00  1.46321e-09
      2850.00  1.53987e-09
      2860.00  1.62324e-09
      2870.00  1.73365e-09
      2880.00  1.91552e-09
      2890.00  2.13202e-09
      2900.00  2.31794e-09
      2910.00  2.47571e-09
      2920.00  2.61402e-09
      2930.00  2.70881e-09
      2940.00  2.73550e-09
      2950.00  2.70275e-09
      2960.00  2.61054e-09
      2970.00  2.45169e-09
      2980.00  2.27079e-09
      2990.00  2.13008e-09
      3000.00  2.05599e-09
      3010.00  2.04499e-09
      3020.00  2.05442e-09
      3030.00  2.05435e-09
      3040.00  2.03296e-09
      3050.00  1.99754e-09
      3060.00  1.96754e-09
      3070.00  1.96002e-09
      3080.00  1.97802e-09
      3090.00  2.00415e-09
      3100.00  2.03505e-09
      3110.00  2.11405e-09
      3120.00  2.25930e-09
      3130.00  2.47808e-09
      3140.00  2.75313e-09
      3150.00  3.01719e-09
      3160.00  3.18214e-09
      3170.00  3.22377e-09
      3180.00  3.18661e-09
      3190.00  3.09566e-09
      3200.00  2.95378e-09
      3210.00  2.77563e-09
      3220.00  2.59245e-09
      3230.00  2.45563e-09
      3240.00  2.38904e-09
      3250.00  2.37043e-09
      3260.00  2.37775e-09
      3270.00  2.40593e-09
      3280.00  2.43315e-09
      3290.00  2.43396e-09
      3300.00  2.43357e-09
      3310.00  2.47270e-09
      3320.00  2.54518e-09
      3330.00  2.62690e-09
      3340.00  2.70655e-09
      3350.00  2.76761e-09
      3360.00  2.80451e-09
      3370.00  2.84017e-09
      3380.00  2.89427e-09
      3390.00  2.96931e-09
      3400.00  3.05710e-09
      3410.00  3.14910e-09
      3420.00  3.23915e-09
      3430.00  3.31972e-09
      3440.00  3.38952e-09
      3450.00  3.46732e-09
      3460.00  3.57819e-09
      3470.00  3.72741e-09
      3480.00  3.91899e-09
      3490.00  4.17583e-09
      3500.00  4.50387e-09
      3510.00  4.86162e-09
      3520.00  5.19213e-09
      3530.00  5.47250e-09
      3540.00  5.70979e-09
      3550.00  5.91654e-09
      3560.00  6.09007e-09
      3570.00  6.20432e-09
      3580.00  6.22831e-09
      3590.00  6.15767e-09
      3600.00  6.04537e-09
      3610.00  5.98604e-09
      3620.00  6.03525e-09
      3630.00  6.16859e-09
      3640.00  6.30326e-09
      3650.00  6.33675e-09
      3660.00  6.19796e-09
      3670.00  5.88249e-09
      3680.00  5.44769e-09
      3690.00  4.97445e-09
      3700.00  4.52897e-09
      3710.00  4.15055e-09
      3720.00  3.84732e-09
      3730.00  3.59829e-09
      3740.00  3.38963e-09
      3750.00  3.22976e-09
      3760.00  3.12975e-09
      3770.00  3.09387e-09
      3780.00  3.12102e-09
      3790.00  3.20831e-09
      3800.00  3.36645e-09
      3810.00  3.62068e-09
      3820.00  3.98323e-09
      3830.00  4.44708e-09
      3840.00  4.99564e-09
      3850.00  5.60858e-09
      3860.00  6.26358e-09
      3870.00  6.92771e-09
      3880.00  7.55217e-09
      3890.00  8.08696e-09
      3900.00  8.49844e-09
      3910.00  8.77026e-09
      3920.00  8.89511e-09
      3930.00  8.87109e-09
      3940.00  8.70235e-09
      3950.00  8.40332e-09
      3960.00  8.00979e-09
      3970.00  7.58111e-09
      3980.00  7.18409e-09
      3990.00  6.87628e-09
      4000.00  6.69907e-09
      4010.00  6.66974e-09
      4020.00  6.77392e-09
      4030.00  6.97136e-09
      4040.00  7.21001e-09
      4050.00  7.43661e-09
      4060.00  7.60800e-09
      4070.00  7.70438e-09
      4080.00  7.73070e-09
      4090.00  7.70284e-09
      4100.00  7.63731e-09
      4110.00  7.55062e-09
      4120.00  7.45822e-09
      4130.00  7.37095e-09
      4140.00  7.29335e-09
      4150.00  7.22365e-09
      4160.00  7.15497e-09
      4170.00  7.07835e-09
      4180.00  6.98511e-09
      4190.00  6.86743e-09
      4200.00  6.72046e-09
      4210.00  6.54550e-09
      4220.00  6.34946e-09
      4230.00  6.13976e-09
      4240.00  5.91913e-09
      4250.00  5.68596e-09
      4260.00  5.43784e-09
      4270.00  5.17801e-09
      4280.00  4.92069e-09
      4290.00  4.68951e-09
      4300.00  4.50806e-09
      4310.00  4.38904e-09
      4320.00  4.33005e-09
      4330.00  4.31793e-09
      4340.00  4.33633e-09
      4350.00  4.37103e-09
      4360.00  4.41297e-09
      4370.00  4.46126e-09
      4380.00  4.52353e-09
      4390.00  4.60988e-09
      4400.00  4.72425e-09
      4410.00  4.86137e-09
      4420.00  5.01142e-09
      4430.00  5.16650e-09
      4440.00  5.32330e-09
      4450.00  5.48326e-09
      4460.00  5.65002e-09
      4470.00  5.82551e-09
      4480.00  6.00625e-09
      4490.00  6.18236e-09
      4500.00  6.34062e-09
      4510.00  6.46942e-09
      4520.00  6.56131e-09
      4530.00  6.61301e-09
      4540.00  6.62557e-09
      4550.00  6.60539e-09
      4560.00  6.56288e-09
      4570.00  6.50765e-09
      4580.00  6.44321e-09
      4590.00  6.36442e-09
      4600.00  6.26139e-09
      4610.00  6.12861e-09
      4620.00  5.96534e-09
      4630.00  5.76981e-09
      4640.00  5.54408e-09
      4650.00  5.30366e-09
      4660.00  5.07493e-09
      4670.00  4.88049e-09
      4680.00  4.72577e-09
      4690.00  4.59948e-09
      4700.00  4.48570e-09
      4710.00  4.37457e-09
      4720.00  4.26454e-09
      4730.00  4.15960e-09
      4740.00  4.06567e-09
      4750.00  3.98703e-09
      4760.00  3.92372e-09
      4770.00  3.87103e-09
      4780.00  3.82115e-09
      4790.00  3.76518e-09
      4800.00  3.69586e-09
      4810.00  3.61068e-09
      4820.00  3.51373e-09
      4830.00  3.41529e-09
      4840.00  3.32991e-09
      4850.00  3.27328e-09
      4860.00  3.25805e-09
      4870.00  3.28954e-09
      4880.00  3.36187e-09
      4890.00  3.45384e-09
      4900.00  3.52835e-09
      4910.00  3.55060e-09
      4920.00  3.51912e-09
      4930.00  3.46269e-09
      4940.00  3.40258e-09
      4950.00  3.34172e-09
      4960.00  3.28312e-09
      4970.00  3.23734e-09
      4980.00  3.21519e-09
      4990.00  3.22121e-09
      5000.00  3.25308e-09
      5010.00  3.30519e-09
      5020.00  3.37274e-09
      5030.00  3.45346e-09
      5040.00  3.54654e-09
      5050.00  3.65097e-09
      5060.00  3.76493e-09
      5070.00  3.88603e-09
      5080.00  4.01125e-09
      5090.00  4.13663e-09
      5100.00  4.25716e-09
      5110.00  4.36722e-09
      5120.00  4.46138e-09
      5130.00  4.53576e-09
      5140.00  4.58913e-09
      5150.00  4.62328e-09
      5160.00  4.64203e-09
      5170.00  4.64927e-09
      5180.00  4.64679e-09
      5190.00  4.63203e-09
      5200.00  4.59746e-09
      5210.00  4.53285e-09
      5220.00  4.42983e-09
      5230.00  4.28661e-09
      5240.00  4.11087e-09
      5250.00  3.91916e-09
      5260.00  3.73246e-09
      5270.00  3.56981e-09
      5280.00  3.44319e-09
      5290.00  3.35621e-09
      5300.00  3.30575e-09
      5310.00  3.28473e-09
      5320.00  3.28439e-09
      5330.00  3.29599e-09
      5340.00  3.31195e-09
      5350.00  3.32653e-09
      5360.00  3.33585e-09
      5370.00  3.33730e-09
      5380.00  3.32850e-09
      5390.00  3.30654e-09
      5400.00  3.26861e-09
      5410.00  3.21371e-09
      5420.00  3.14433e-09
      5430.00  3.06728e-09
      5440.00  2.99301e-09
      5450.00  2.93372e-09
      5460.00  2.90061e-09
      5470.00  2.90143e-09
      5480.00  2.93907e-09
      5490.00  3.01138e-09
      5500.00  3.11177e-09
      5510.00  3.23086e-09
      5520.00  3.35823e-09
      5530.00  3.48301e-09
      5540.00  3.59397e-09
      5550.00  3.68186e-09
      5560.00  3.74282e-09
      5570.00  3.77880e-09
      5580.00  3.79475e-09
      5590.00  3.79574e-09
      5600.00  3.78551e-09
      5610.00  3.76615e-09
      5620.00  3.73833e-09
      5630.00  3.70196e-09
      5640.00  3.65705e-09
      5650.00  3.60386e-09
      5660.00  3.54265e-09
      5670.00  3.47365e-09
      5680.00  3.39764e-09
      5690.00  3.31684e-09
      5700.00  3.23526e-09
      5710.00  3.15814e-09
      5720.00  3.09064e-09
      5730.00  3.03680e-09
      5740.00  2.99907e-09
      5750.00  2.97857e-09
      5760.00  2.97552e-09
      5770.00  2.98937e-09
      5780.00  3.01856e-09
      5790.00  3.06027e-09
      5800.00  3.11041e-09
      5810.00  3.16421e-09
      5820.00  3.21713e-09
      5830.00  3.26570e-09
      5840.00  3.30761e-09
      5850.00  3.34144e-09
      5860.00  3.36657e-09
      5870.00  3.38302e-09
      5880.00  3.39136e-09
      5890.00  3.39260e-09
      5900.00  3.38792e-09
      5910.00  3.37846e-09
      5920.00  3.36528e-09
      5930.00  3.34923e-09
      5940.00  3.33073e-09
      5950.00  3.30931e-09
      5960.00  3.28309e-09
      5970.00  3.24844e-09
      5980.00  3.20012e-09
      5990.00  3.13202e-09
      6000.00  3.03843e-09
      6010.00  2.91573e-09
      6020.00  2.76371e-09
      6030.00  2.58609e-09
      6040.00  2.39016e-09
      6050.00  2.18562e-09
      6060.00  1.98310e-09
      6070.00  1.79274e-09
      6080.00  1.62329e-09
      6090.00  1.48175e-09
      6100.00  1.37316e-09
      6110.00  1.30057e-09
      6120.00  1.26510e-09
      6130.00  1.26598e-09
      6140.00  1.30072e-09
      6150.00  1.36542e-09
      6160.00  1.45507e-09
      6170.00  1.56392e-09
      6180.00  1.68585e-09
      6190.00  1.81473e-09
      6200.00  1.94476e-09
      6210.00  2.07079e-09
      6220.00  2.18854e-09
      6230.00  2.29477e-09
      6240.00  2.38733e-09
      6250.00  2.46510e-09
      6260.00  2.52793e-09
      6270.00  2.57651e-09
      6280.00  2.61216e-09
      6290.00  2.63656e-09
      6300.00  2.65142e-09
      6310.00  2.65820e-09
      6320.00  2.65804e-09
      6330.00  2.65184e-09
      6340.00  2.64050e-09
      6350.00  2.62508e-09
      6360.00  2.60680e-09
      6370.00  2.58665e-09
      6380.00  2.56523e-09
      6390.00  2.54267e-09
      6400.00  2.51890e-09
      6410.00  2.49387e-09
      6420.00  2.46779e-09
      6430.00  2.44113e-09
      6440.00  2.41445e-09
      6450.00  2.38821e-09
      6460.00  2.36260e-09
      6470.00  2.33749e-09
      6480.00  2.31252e-09
      6490.00  2.28733e-09
      6500.00  2.26171e-09
      6510.00  2.23564e-09
      6520.00  2.20921e-09
      6530.00  2.18244e-09
      6540.00  2.15515e-09
      6550.00  2.12703e-09
      6560.00  2.09780e-09
      6570.00  2.06761e-09
      6580.00  2.03715e-09
      6590.00  2.00737e-09
      6600.00  1.97897e-09
      6610.00  1.95201e-09
      6620.00  1.92578e-09
      6630.00  1.89930e-09
      6640.00  1.87178e-09
      6650.00  1.84302e-09
      6660.00  1.81344e-09
      6670.00  1.78375e-09
      6680.00  1.75470e-09
      6690.00  1.72675e-09
      6700.00  1.70011e-09
      6710.00  1.67474e-09
      6720.00  1.65054e-09
      6730.00  1.62743e-09
      6740.00  1.60536e-09
      6750.00  1.58439e-09
      6760.00  1.56461e-09
      6770.00  1.54610e-09
      6780.00  1.52876e-09
      6790.00  1.51226e-09
      6800.00  1.49611e-09
      6810.00  1.47982e-09
      6820.00  1.46319e-09
      6830.00  1.44635e-09
      6840.00  1.42967e-09
      6850.00  1.41354e-09
      6860.00  1.39814e-09
      6870.00  1.38336e-09
      6880.00  1.36886e-09
      6890.00  1.35426e-09
      6900.00  1.33928e-09
      6910.00  1.32385e-09
      6920.00  1.30817e-09
      6930.00  1.29256e-09
      6940.00  1.27741e-09
      6950.00  1.26300e-09
      6960.00  1.24948e-09
      6970.00  1.23687e-09
      6980.00  1.22509e-09
      6990.00  1.21399e-09
      7000.00  1.20343e-09
      7010.00  1.19323e-09
      7020.00  1.18324e-09
      7030.00  1.17332e-09
      7040.00  1.16337e-09
      7050.00  1.15334e-09
      7060.00  1.14327e-09
      7070.00  1.13331e-09
      7080.00  1.12362e-09
      7090.00  1.11429e-09
      7100.00  1.10529e-09
      7110.00  1.09652e-09
      7120.00  1.08798e-09
      7130.00  1.07980e-09
      7140.00  1.07230e-09
      7150.00  1.06583e-09
      7160.00  1.06062e-09
      7170.00  1.05662e-09
      7180.00  1.05354e-09
      7190.00  1.05098e-09
      7200.00  1.04850e-09
      7210.00  1.04578e-09
      7220.00  1.04258e-09
      7230.00  1.03872e-09
      7240.00  1.03398e-09
      7250.00  1.02813e-09
      7260.00  1.02089e-09
      7270.00  1.01208e-09
      7280.00  1.00166e-09
      7290.00  9.89660e-10
      7300.00  9.76139e-10
      7310.00  9.61099e-10
      7320.00  9.44533e-10
      7330.00  9.26477e-10
      7340.00  9.07026e-10
      7350.00  8.86305e-10
      7360.00  8.64456e-10
      7370.00  8.41639e-10
      7380.00  8.18058e-10
      7390.00  7.93996e-10
      7400.00  7.69875e-10
      7410.00  7.46288e-10
      7420.00  7.23968e-10
      7430.00  7.03679e-10
      7440.00  6.86052e-10
      7450.00  6.71466e-10
      7460.00  6.60017e-10
      7470.00  6.51568e-10
      7480.00  6.45819e-10
      7490.00  6.42362e-10
      7500.00  6.40723e-10
      7510.00  6.40432e-10
      7520.00  6.41105e-10
      7530.00  6.42532e-10
      7540.00  6.44706e-10
      7550.00  6.47775e-10
      7560.00  6.51939e-10
      7570.00  6.57315e-10
      7580.00  6.63838e-10
      7590.00  6.71208e-10
      7600.00  6.78908e-10
      7610.00  6.86313e-10
      7620.00  6.92901e-10
      7630.00  6.98473e-10
      7640.00  7.03233e-10
      7650.00  7.07622e-10
      7660.00  7.12046e-10
      7670.00  7.16702e-10
      7680.00  7.21614e-10
      7690.00  7.26761e-10
      7700.00  7.32167e-10
      7710.00  7.37889e-10
      7720.00  7.43972e-10
      7730.00  7.50414e-10
      7740.00  7.57159e-10
      7750.00  7.64116e-10
      7760.00  7.71166e-10
      7770.00  7.78150e-10
      7780.00  7.84860e-10
      7790.00  7.91029e-10
      7800.00  7.96358e-10
      7810.00  8.00551e-10
      7820.00  8.03349e-10
      7830.00  8.04552e-10
      7840.00  8.04037e-10
      7850.00  8.01771e-10
      7860.00  7.97829e-10
      7870.00  7.92400e-10
      7880.00  7.85772e-10
      7890.00  7.78301e-10
      7900.00  7.70369e-10
      7910.00  7.62351e-10
      7920.00  7.54183e-10
      7930.00  7.46238e-10
      7940.00  7.38550e-10
      7950.00  7.30774e-10
      7960.00  7.22476e-10
      7970.00  7.13366e-10
      7980.00  7.03490e-10
      7990.00  6.93242e-10
      8000.00  6.83210e-10
      8010.00  6.73900e-10
      8020.00  6.65502e-10
      8030.00  6.57811e-10
      8040.00  6.50391e-10
      8050.00  6.42831e-10
      8060.00  6.34917e-10
      8070.00  6.26606e-10
      8080.00  6.17875e-10
      8090.00  6.08619e-10
      8100.00  5.98674e-10
      8110.00  5.87928e-10
      8120.00  5.76403e-10
      8130.00  5.64269e-10
      8140.00  5.51810e-10
      8150.00  5.39381e-10
      8160.00  5.27375e-10
      8170.00  5.16183e-10
      8180.00  5.06169e-10
      8190.00  4.97638e-10
      8200.00  4.90816e-10
      8210.00  4.85839e-10
      8220.00  4.82750e-10
      8230.00  4.81501e-10
      8240.00  4.81793e-10
      8250.00  4.83488e-10
      8260.00  4.86387e-10
      8270.00  4.90216e-10
      8280.00  4.94754e-10
      8290.00  4.99892e-10
      8300.00  5.05655e-10
      8310.00  5.12204e-10
      8320.00  5.19787e-10
      8330.00  5.28684e-10
      8340.00  5.39139e-10
      8350.00  5.51314e-10
      8360.00  5.65253e-10
      8370.00  5.80870e-10
      8380.00  5.97960e-10
      8390.00  6.16226e-10
      8400.00  6.35318e-10
      8410.00  6.54878e-10
      8420.00  6.74574e-10
      8430.00  6.94124e-10
      8440.00  7.13298e-10
      8450.00  7.31913e-10
      8460.00  7.49819e-10
      8470.00  7.66881e-10
      8480.00  7.82980e-10
      8490.00  7.98010e-10
      8500.00  8.11889e-10
      8510.00  8.24572e-10
      8520.00  8.36054e-10
      8530.00  8.46368e-10
      8540.00  8.55568e-10
      8550.00  8.63711e-10
      8560.00  8.70838e-10
      8570.00  8.76958e-10
      8580.00  8.82061e-10
      8590.00  8.86124e-10
      8600.00  8.89131e-10
      8610.00  8.91088e-10
      8620.00  8.92022e-10
      8630.00  8.91986e-10
      8640.00  8.91049e-10
      8650.00  8.89290e-10
      8660.00  8.86796e-10
      8670.00  8.83657e-10
      8680.00  8.79961e-10
      8690.00  8.75780e-10
      8700.00  8.71159e-10
      8710.00  8.66102e-10
      8720.00  8.60554e-10
      8730.00  8.54405e-10
      8740.00  8.47493e-10
      8750.00  8.39633e-10
      8760.00  8.30656e-10
      8770.00  8.20456e-10
      8780.00  8.09016e-10
      8790.00  7.96429e-10
      8800.00  7.82882e-10
      8810.00  7.68625e-10
      8820.00  7.53940e-10
      8830.00  7.39112e-10
      8840.00  7.24416e-10
      8850.00  7.10112e-10
      8860.00  6.96442e-10
      8870.00  6.83615e-10
      8880.00  6.71791e-10
      8890.00  6.61065e-10
      8900.00  6.51456e-10
      8910.00  6.42909e-10
      8920.00  6.35314e-10
      8930.00  6.28517e-10
      8940.00  6.22328e-10
      8950.00  6.16522e-10
      8960.00  6.10840e-10
      8970.00  6.05013e-10
      8980.00  5.98830e-10
      8990.00  5.92223e-10
      9000.00  5.85341e-10
      9010.00  5.78540e-10
      9020.00  5.72279e-10
      9030.00  5.66970e-10
      9040.00  5.62839e-10
      9050.00  5.59884e-10
      9060.00  5.57896e-10
      9070.00  5.56533e-10
      9080.00  5.55402e-10
      9090.00  5.54129e-10
      9100.00  5.52422e-10
      9110.00  5.50120e-10
      9120.00  5.47211e-10
      9130.00  5.43833e-10
      9140.00  5.40243e-10
      9150.00  5.36769e-10
      9160.00  5.33757e-10
      9170.00  5.31512e-10
      9180.00  5.30257e-10
      9190.00  5.30093e-10
      9200.00  5.30973e-10
      9210.00  5.32688e-10
      9220.00  5.34876e-10
      9230.00  5.37062e-10
      9240.00  5.38719e-10
      9250.00  5.39347e-10
      9260.00  5.38554e-10
      9270.00  5.36144e-10
      9280.00  5.32193e-10
      9290.00  5.27076e-10
      9300.00  5.21392e-10
      9310.00  5.15788e-10
      9320.00  5.10761e-10
      9330.00  5.06528e-10
      9340.00  5.03041e-10
      9350.00  5.00084e-10
      9360.00  4.97405e-10
      9370.00  4.94798e-10
      9380.00  4.92129e-10
      9390.00  4.89328e-10
      9400.00  4.86364e-10
      9410.00  4.83230e-10
      9420.00  4.79927e-10
      9430.00  4.76464e-10
      9440.00  4.72850e-10
      9450.00  4.69098e-10
      9460.00  4.65224e-10
      9470.00  4.61243e-10
      9480.00  4.57171e-10
      9490.00  4.53027e-10
      9500.00  4.48827e-10
      9510.00  4.44588e-10
      9520.00  4.40326e-10
      9530.00  4.36057e-10
      9540.00  4.31794e-10
      9550.00  4.27548e-10
      9560.00  4.23330e-10
      9570.00  4.19147e-10
      9580.00  4.15006e-10
      9590.00  4.10911e-10
      9600.00  4.06867e-10
      9610.00  4.02874e-10
      9620.00  3.98934e-10
      9630.00  3.95048e-10
      9640.00  3.91216e-10
      9650.00  3.87438e-10
      9660.00  3.83717e-10
      9670.00  3.80053e-10
      9680.00  3.76450e-10
      9690.00  3.72909e-10
      9700.00  3.69436e-10
      9710.00  3.66035e-10
      9720.00  3.62712e-10
      9730.00  3.59472e-10
      9740.00  3.56321e-10
      9750.00  3.53265e-10
      9760.00  3.50311e-10
      9770.00  3.47463e-10
      9780.00  3.44727e-10
      9790.00  3.42105e-10
      9800.00  3.39602e-10
      9810.00  3.37220e-10
      9820.00  3.34959e-10
      9830.00  3.32819e-10
      9840.00  3.30799e-10
      9850.00  3.28898e-10
      9860.00  3.27110e-10
      9870.00  3.25432e-10
      9880.00  3.23858e-10
      9890.00  3.22381e-10
      9900.00  3.20994e-10
      9910.00  3.19687e-10
      9920.00  3.18452e-10
      9930.00  3.17279e-10
      9940.00  3.16158e-10
      9950.00  3.15078e-10
      9960.00  3.14029e-10
      9970.00  3.13001e-10
      9980.00  3.11984e-10
      9990.00  3.10967e-10
      10000.0  3.09942e-10
      10010.0  3.08901e-10
      10020.0  3.07836e-10
      10030.0  3.06740e-10
      10040.0  3.05609e-10
      10050.0  3.04437e-10
      10060.0  3.03220e-10
      10070.0  3.01956e-10
      10080.0  3.00644e-10
      10090.0  2.99281e-10
      10100.0  2.97868e-10
      10110.0  2.96404e-10
      10120.0  2.94892e-10
      10130.0  2.93332e-10
      10140.0  2.91725e-10
      10150.0  2.90075e-10
      10160.0  2.88382e-10
      10170.0  2.86651e-10
      10180.0  2.84882e-10
      10190.0  2.83079e-10
      10200.0  2.81244e-10
      10210.0  2.79380e-10
      10220.0  2.77491e-10
      10230.0  2.75577e-10
      10240.0  2.73644e-10
      10250.0  2.71693e-10
      10260.0  2.69728e-10
      10270.0  2.67752e-10
      10280.0  2.65768e-10
      10290.0  2.63781e-10
      10300.0  2.61794e-10
      10310.0  2.59810e-10
      10320.0  2.57834e-10
      10330.0  2.55870e-10
      10340.0  2.53923e-10
      10350.0  2.51997e-10
      10360.0  2.50097e-10
      10370.0  2.48228e-10
      10380.0  2.46394e-10
      10390.0  2.44603e-10
      10400.0  2.42858e-10
      10410.0  2.41166e-10
      10420.0  2.39531e-10
      10430.0  2.37960e-10
      10440.0  2.36459e-10
      10450.0  2.35032e-10
      10460.0  2.33685e-10
      10470.0  2.32422e-10
      10480.0  2.31248e-10
      10490.0  2.30168e-10
      10500.0  2.29184e-10
      10510.0  2.28299e-10
      10520.0  2.27514e-10
      10530.0  2.26831e-10
      10540.0  2.26250e-10
      10550.0  2.25768e-10
      10560.0  2.25384e-10
      10570.0  2.25096e-10
      10580.0  2.24898e-10
      10590.0  2.24785e-10
      10600.0  2.24752e-10
      10610.0  2.24792e-10
      10620.0  2.24898e-10
      10630.0  2.25062e-10
      10640.0  2.25277e-10
      10650.0  2.25533e-10
      10660.0  2.25824e-10
      10670.0  2.26140e-10
      10680.0  2.26474e-10
      10690.0  2.26819e-10
      10700.0  2.27167e-10
      10710.0  2.27512e-10
      10720.0  2.27849e-10
      10730.0  2.28172e-10
      10740.0  2.28476e-10
      10750.0  2.28758e-10
      10760.0  2.29016e-10
      10770.0  2.29246e-10
      10780.0  2.29446e-10
      10790.0  2.29616e-10
      10800.0  2.29754e-10
      10810.0  2.29861e-10
      10820.0  2.29936e-10
      10830.0  2.29980e-10
      10840.0  2.29992e-10
      10850.0  2.29973e-10
      10860.0  2.29923e-10
      10870.0  2.29844e-10
      10880.0  2.29734e-10
      10890.0  2.29594e-10
      10900.0  2.29424e-10
      10910.0  2.29223e-10
      10920.0  2.28992e-10
      10930.0  2.28729e-10
      10940.0  2.28435e-10
      10950.0  2.28107e-10
      10960.0  2.27747e-10
      10970.0  2.27353e-10
      10980.0  2.26925e-10
      10990.0  2.26463e-10
      11000.0  2.25967e-10
      11010.0  2.25437e-10
      11020.0  2.24874e-10
      11030.0  2.24280e-10
      11040.0  2.23655e-10
      11050.0  2.23001e-10
      11060.0  2.22319e-10
      11070.0  2.21613e-10
      11080.0  2.20883e-10
      11090.0  2.20133e-10
      11100.0  2.19365e-10
      11110.0  2.18582e-10
      11120.0  2.17786e-10
      11130.0  2.16980e-10
      11140.0  2.16167e-10
      11150.0  2.15348e-10
      11160.0  2.14528e-10
      11170.0  2.13707e-10
      11180.0  2.12888e-10
      11190.0  2.12074e-10
      11200.0  2.11266e-10
      11210.0  2.10466e-10
      11220.0  2.09676e-10
      11230.0  2.08898e-10
      11240.0  2.08133e-10
      11250.0  2.07382e-10
      11260.0  2.06647e-10
      11270.0  2.05929e-10
      11280.0  2.05229e-10
      11290.0  2.04547e-10
      11300.0  2.03885e-10
      11310.0  2.03241e-10
      11320.0  2.02617e-10
      11330.0  2.02013e-10
      11340.0  2.01428e-10
      11350.0  2.00861e-10
      11360.0  2.00311e-10
      11370.0  1.99779e-10
      11380.0  1.99262e-10
      11390.0  1.98758e-10
      11400.0  1.98268e-10
      11410.0  1.97787e-10
      11420.0  1.97315e-10
      11430.0  1.96850e-10
      11440.0  1.96390e-10
      11450.0  1.95932e-10
      11460.0  1.95474e-10
      11470.0  1.95015e-10
      11480.0  1.94552e-10
      11490.0  1.94083e-10
      11500.0  1.93607e-10
      11510.0  1.93121e-10
      11520.0  1.92623e-10
      11530.0  1.92113e-10
      11540.0  1.91587e-10
      11550.0  1.91046e-10
      11560.0  1.90488e-10
      11570.0  1.89911e-10
      11580.0  1.89314e-10
      11590.0  1.88699e-10
      11600.0  1.88062e-10
      11610.0  1.87406e-10
      11620.0  1.86729e-10
      11630.0  1.86032e-10
      11640.0  1.85315e-10
      11650.0  1.84581e-10
      11660.0  1.83829e-10
      11670.0  1.83061e-10
      11680.0  1.82280e-10
      11690.0  1.81486e-10
      11700.0  1.80681e-10
      11710.0  1.79868e-10
      11720.0  1.79049e-10
      11730.0  1.78226e-10
      11740.0  1.77401e-10
      11750.0  1.76575e-10
      11760.0  1.75752e-10
      11770.0  1.74932e-10
      11780.0  1.74117e-10
      11790.0  1.73309e-10
      11800.0  1.72508e-10
      11810.0  1.71716e-10
      11820.0  1.70934e-10
      11830.0  1.70161e-10
      11840.0  1.69398e-10
      11850.0  1.68646e-10
      11860.0  1.67904e-10
      11870.0  1.67172e-10
      11880.0  1.66451e-10
      11890.0  1.65740e-10
      11900.0  1.65040e-10
      11910.0  1.64349e-10
      11920.0  1.63668e-10
      11930.0  1.62997e-10
      11940.0  1.62336e-10
      11950.0  1.61686e-10
      11960.0  1.61046e-10
      11970.0  1.60418e-10
      11980.0  1.59801e-10
      11990.0  1.59196e-10
      12000.0  1.58604e-10
      12010.0  1.58026e-10
      12020.0  1.57462e-10
      12030.0  1.56914e-10
      12040.0  1.56381e-10
      12050.0  1.55866e-10
      12060.0  1.55367e-10
      12070.0  1.54887e-10
      12080.0  1.54426e-10
      12090.0  1.53984e-10
      12100.0  1.53563e-10
      12110.0  1.53162e-10
      12120.0  1.52783e-10
      12130.0  1.52426e-10
      12140.0  1.52091e-10
      12150.0  1.51779e-10
      12160.0  1.51491e-10
      12170.0  1.51228e-10
      12180.0  1.50989e-10
      12190.0  1.50775e-10
      12200.0  1.50587e-10
      12210.0  1.50426e-10
      12220.0  1.50291e-10
      12230.0  1.50184e-10
      12240.0  1.50104e-10
      12250.0  1.50050e-10
      12260.0  1.50024e-10
      12270.0  1.50025e-10
      12280.0  1.50053e-10
      12290.0  1.50106e-10
      12300.0  1.50183e-10
      12310.0  1.50285e-10
      12320.0  1.50409e-10
      12330.0  1.50554e-10
      12340.0  1.50719e-10
      12350.0  1.50901e-10
      12360.0  1.51099e-10
      12370.0  1.51312e-10
      12380.0  1.51536e-10
      12390.0  1.51771e-10
      12400.0  1.52013e-10
      12410.0  1.52261e-10
      12420.0  1.52512e-10
      12430.0  1.52765e-10
      12440.0  1.53017e-10
      12450.0  1.53265e-10
      12460.0  1.53507e-10
      12470.0  1.53742e-10
      12480.0  1.53965e-10
      12490.0  1.54176e-10
      12500.0  1.54372e-10
      12510.0  1.54549e-10
      12520.0  1.54706e-10
      12530.0  1.54839e-10
      12540.0  1.54948e-10
      12550.0  1.55028e-10
      12560.0  1.55078e-10
      12570.0  1.55095e-10
      12580.0  1.55078e-10
      12590.0  1.55025e-10
      12600.0  1.54935e-10
      12610.0  1.54805e-10
      12620.0  1.54636e-10
      12630.0  1.54426e-10
      12640.0  1.54175e-10
      12650.0  1.53885e-10
      12660.0  1.53554e-10
      12670.0  1.53184e-10
      12680.0  1.52776e-10
      12690.0  1.52332e-10
      12700.0  1.51853e-10
      12710.0  1.51342e-10
      12720.0  1.50800e-10
      12730.0  1.50230e-10
      12740.0  1.49635e-10
      12750.0  1.49017e-10
      12760.0  1.48379e-10
      12770.0  1.47723e-10
      12780.0  1.47053e-10
      12790.0  1.46370e-10
      12800.0  1.45677e-10
      12810.0  1.44977e-10
      12820.0  1.44272e-10
      12830.0  1.43563e-10
      12840.0  1.42853e-10
      12850.0  1.42143e-10
      12860.0  1.41434e-10
      12870.0  1.40729e-10
      12880.0  1.40027e-10
      12890.0  1.39330e-10
      12900.0  1.38638e-10
      12910.0  1.37951e-10
      12920.0  1.37271e-10
      12930.0  1.36596e-10
      12940.0  1.35926e-10
      12950.0  1.35263e-10
      12960.0  1.34604e-10
      12970.0  1.33951e-10
      12980.0  1.33302e-10
      12990.0  1.32657e-10
      13000.0  1.32016e-10
      13010.0  1.31378e-10
      13020.0  1.30743e-10
      13030.0  1.30112e-10
      13040.0  1.29483e-10
      13050.0  1.28858e-10
      13060.0  1.28237e-10
      13070.0  1.27619e-10
      13080.0  1.27007e-10
      13090.0  1.26400e-10
      13100.0  1.25799e-10
      13110.0  1.25206e-10
      13120.0  1.24622e-10
      13130.0  1.24049e-10
      13140.0  1.23486e-10
      13150.0  1.22937e-10
      13160.0  1.22401e-10
      13170.0  1.21881e-10
      13180.0  1.21377e-10
      13190.0  1.20890e-10
      13200.0  1.20421e-10
      13210.0  1.19970e-10
      13220.0  1.19538e-10
      13230.0  1.19125e-10
      13240.0  1.18730e-10
      13250.0  1.18354e-10
      13260.0  1.17995e-10
      13270.0  1.17654e-10
      13280.0  1.17328e-10
      13290.0  1.17016e-10
      13300.0  1.16718e-10
      13310.0  1.16432e-10
      13320.0  1.16156e-10
      13330.0  1.15888e-10
      13340.0  1.15628e-10
      13350.0  1.15374e-10
      13360.0  1.15123e-10
      13370.0  1.14875e-10
      13380.0  1.14627e-10
      13390.0  1.14380e-10
      13400.0  1.14131e-10
      13410.0  1.13880e-10
      13420.0  1.13625e-10
      13430.0  1.13366e-10
      13440.0  1.13103e-10
      13450.0  1.12833e-10
      13460.0  1.12558e-10
      13470.0  1.12277e-10
      13480.0  1.11989e-10
      13490.0  1.11695e-10
      13500.0  1.11395e-10
      13510.0  1.11088e-10
      13520.0  1.10776e-10
      13530.0  1.10458e-10
      13540.0  1.10134e-10
      13550.0  1.09805e-10
      13560.0  1.09472e-10
      13570.0  1.09135e-10
      13580.0  1.08793e-10
      13590.0  1.08449e-10
      13600.0  1.08101e-10
      13610.0  1.07751e-10
      13620.0  1.07399e-10
      13630.0  1.07046e-10
      13640.0  1.06690e-10
      13650.0  1.06334e-10
      13660.0  1.05976e-10
      13670.0  1.05618e-10
      13680.0  1.05259e-10
      13690.0  1.04899e-10
      13700.0  1.04539e-10
      13710.0  1.04177e-10
      13720.0  1.03815e-10
      13730.0  1.03451e-10
      13740.0  1.03086e-10
      13750.0  1.02720e-10
      13760.0  1.02351e-10
      13770.0  1.01980e-10
      13780.0  1.01607e-10
      13790.0  1.01231e-10
      13800.0  1.00851e-10
      13810.0  1.00468e-10
      13820.0  1.00082e-10
      13830.0  9.96911e-11
      13840.0  9.92963e-11
      13850.0  9.88972e-11
      13860.0  9.84936e-11
      13870.0  9.80854e-11
      13880.0  9.76725e-11
      13890.0  9.72549e-11
      13900.0  9.68324e-11
      13910.0  9.64051e-11
      13920.0  9.59730e-11
      13930.0  9.55358e-11
      13940.0  9.50938e-11
      13950.0  9.46467e-11
      13960.0  9.41946e-11
      13970.0  9.37375e-11
      13980.0  9.32754e-11
      13990.0  9.28081e-11
      14000.0  9.23359e-11
      14010.0  9.18586e-11
      14020.0  9.13765e-11
      14030.0  9.08897e-11
      14040.0  9.03984e-11
      14050.0  8.99029e-11
      14060.0  8.94036e-11
      14070.0  8.89010e-11
      14080.0  8.83956e-11
      14090.0  8.78881e-11
      14100.0  8.73793e-11
      14110.0  8.68700e-11
      14120.0  8.63610e-11
      14130.0  8.58534e-11
      14140.0  8.53481e-11
      14150.0  8.48464e-11
      14160.0  8.43491e-11
      14170.0  8.38574e-11
      14180.0  8.33724e-11
      14190.0  8.28951e-11
      14200.0  8.24264e-11
      14210.0  8.19671e-11
      14220.0  8.15182e-11
      14230.0  8.10803e-11
      14240.0  8.06539e-11
      14250.0  8.02396e-11
      14260.0  7.98377e-11
      14270.0  7.94482e-11
      14280.0  7.90715e-11
      14290.0  7.87073e-11
      14300.0  7.83556e-11
      14310.0  7.80160e-11
      14320.0  7.76883e-11
      14330.0  7.73719e-11
      14340.0  7.70664e-11
      14350.0  7.67712e-11
      14360.0  7.64857e-11
      14370.0  7.62091e-11
      14380.0  7.59410e-11
      14390.0  7.56806e-11
      14400.0  7.54273e-11
      14410.0  7.51805e-11
      14420.0  7.49396e-11
      14430.0  7.47040e-11
      14440.0  7.44731e-11
      14450.0  7.42467e-11
      14460.0  7.40241e-11
      14470.0  7.38051e-11
      14480.0  7.35893e-11
      14490.0  7.33764e-11
      14500.0  7.31661e-11
      14510.0  7.29581e-11
      14520.0  7.27524e-11
      14530.0  7.25488e-11
      14540.0  7.23470e-11
      14550.0  7.21470e-11
      14560.0  7.19486e-11
      14570.0  7.17519e-11
      14580.0  7.15567e-11
      14590.0  7.13630e-11
      14600.0  7.11709e-11
      14610.0  7.09803e-11
      14620.0  7.07913e-11
      14630.0  7.06040e-11
      14640.0  7.04185e-11
      14650.0  7.02349e-11
      14660.0  7.00536e-11
      14670.0  6.98747e-11
      14680.0  6.96984e-11
      14690.0  6.95251e-11
      14700.0  6.93552e-11
      14710.0  6.91889e-11
      14720.0  6.90268e-11
      14730.0  6.88693e-11
      14740.0  6.87168e-11
      14750.0  6.85699e-11
      14760.0  6.84292e-11
      14770.0  6.82951e-11
      14780.0  6.81682e-11
      14790.0  6.80493e-11
      14800.0  6.79390e-11
      14810.0  6.78379e-11
      14820.0  6.77467e-11
      14830.0  6.76662e-11
      14840.0  6.75971e-11
      14850.0  6.75402e-11
      14860.0  6.74964e-11
      14870.0  6.74664e-11
      14880.0  6.74511e-11
      14890.0  6.74514e-11
      14900.0  6.74681e-11
      14910.0  6.75021e-11
      14920.0  6.75541e-11
      14930.0  6.76250e-11
      14940.0  6.77155e-11
      14950.0  6.78263e-11
      14960.0  6.79580e-11
      14970.0  6.81111e-11
      14980.0  6.82861e-11
      14990.0  6.84831e-11
      15000.0  6.87024e-11
      15010.0  6.89439e-11
      15020.0  6.92075e-11
      15030.0  6.94929e-11
      15040.0  6.97995e-11
      15050.0  7.01266e-11
      15060.0  7.04733e-11
      15070.0  7.08386e-11
      15080.0  7.12214e-11
      15090.0  7.16201e-11
      15100.0  7.20333e-11
      15110.0  7.24592e-11
      15120.0  7.28961e-11
      15130.0  7.33421e-11
      15140.0  7.37950e-11
      15150.0  7.42529e-11
      15160.0  7.47136e-11
      15170.0  7.51748e-11
      15180.0  7.56343e-11
      15190.0  7.60900e-11
      15200.0  7.65396e-11
      15210.0  7.69809e-11
      15220.0  7.74117e-11
      15230.0  7.78300e-11
      15240.0  7.82337e-11
      15250.0  7.86209e-11
      15260.0  7.89897e-11
      15270.0  7.93384e-11
      15280.0  7.96654e-11
      15290.0  7.99691e-11
      15300.0  8.02481e-11
      15310.0  8.05013e-11
      15320.0  8.07275e-11
      15330.0  8.09257e-11
      15340.0  8.10952e-11
      15350.0  8.12353e-11
      15360.0  8.13455e-11
      15370.0  8.14255e-11
      15380.0  8.14750e-11
      15390.0  8.14939e-11
      15400.0  8.14824e-11
      15410.0  8.14407e-11
      15420.0  8.13690e-11
      15430.0  8.12678e-11
      15440.0  8.11377e-11
      15450.0  8.09791e-11
      15460.0  8.07929e-11
      15470.0  8.05798e-11
      15480.0  8.03407e-11
      15490.0  8.00763e-11
      15500.0  7.97878e-11
      15510.0  7.94759e-11
      15520.0  7.91418e-11
      15530.0  7.87864e-11
      15540.0  7.84109e-11
      15550.0  7.80163e-11
      15560.0  7.76038e-11
      15570.0  7.71745e-11
      15580.0  7.67297e-11
      15590.0  7.62704e-11
      15600.0  7.57981e-11
      15610.0  7.53139e-11
      15620.0  7.48192e-11
      15630.0  7.43152e-11
      15640.0  7.38035e-11
      15650.0  7.32852e-11
      15660.0  7.27618e-11
      15670.0  7.22347e-11
      15680.0  7.17053e-11
      15690.0  7.11748e-11
      15700.0  7.06445e-11
      15710.0  7.01158e-11
      15720.0  6.95898e-11
      15730.0  6.90678e-11
      15740.0  6.85506e-11
      15750.0  6.80394e-11
      15760.0  6.75349e-11
      15770.0  6.70381e-11
      15780.0  6.65496e-11
      15790.0  6.60699e-11
      15800.0  6.55996e-11
      15810.0  6.51391e-11
      15820.0  6.46887e-11
      15830.0  6.42487e-11
      15840.0  6.38193e-11
      15850.0  6.34007e-11
      15860.0  6.29929e-11
      15870.0  6.25960e-11
      15880.0  6.22102e-11
      15890.0  6.18354e-11
      15900.0  6.14718e-11
      15910.0  6.11195e-11
      15920.0  6.07785e-11
      15930.0  6.04490e-11
      15940.0  6.01313e-11
      15950.0  5.98254e-11
      15960.0  5.95317e-11
      15970.0  5.92503e-11
      15980.0  5.89817e-11
      15990.0  5.87260e-11
      16000.0  5.84836e-11
      16010.0  5.82549e-11
      16020.0  5.80401e-11
      16030.0  5.78397e-11
      16040.0  5.76538e-11
      16050.0  5.74829e-11
      16060.0  5.73272e-11
      16070.0  5.71870e-11
      16080.0  5.70624e-11
      16090.0  5.69538e-11
      16100.0  5.68613e-11
      16110.0  5.67850e-11
      16120.0  5.67251e-11
      16130.0  5.66818e-11
      16140.0  5.66550e-11
      16150.0  5.66448e-11
      16160.0  5.66513e-11
      16170.0  5.66744e-11
      16180.0  5.67141e-11
      16190.0  5.67702e-11
      16200.0  5.68428e-11
      16210.0  5.69316e-11
      16220.0  5.70365e-11
      16230.0  5.71571e-11
      16240.0  5.72932e-11
      16250.0  5.74444e-11
      16260.0  5.76102e-11
      16270.0  5.77902e-11
      16280.0  5.79837e-11
      16290.0  5.81901e-11
      16300.0  5.84087e-11
      16310.0  5.86386e-11
      16320.0  5.88791e-11
      16330.0  5.91290e-11
      16340.0  5.93875e-11
      16350.0  5.96535e-11
      16360.0  5.99259e-11
      16370.0  6.02035e-11
      16380.0  6.04853e-11
      16390.0  6.07700e-11
      16400.0  6.10565e-11
      16410.0  6.13438e-11
      16420.0  6.16306e-11
      16430.0  6.19161e-11
      16440.0  6.21991e-11
      16450.0  6.24788e-11
      16460.0  6.27544e-11
      16470.0  6.30251e-11
      16480.0  6.32901e-11
      16490.0  6.35490e-11
      16500.0  6.38012e-11
      16510.0  6.40464e-11
      16520.0  6.42843e-11
      16530.0  6.45146e-11
      16540.0  6.47372e-11
      16550.0  6.49521e-11
      16560.0  6.51592e-11
      16570.0  6.53588e-11
      16580.0  6.55510e-11
      16590.0  6.57360e-11
      16600.0  6.59140e-11
      16610.0  6.60855e-11
      16620.0  6.62508e-11
      16630.0  6.64103e-11
      16640.0  6.65644e-11
      16650.0  6.67137e-11
      16660.0  6.68588e-11
      16670.0  6.70000e-11
      16680.0  6.71382e-11
      16690.0  6.72737e-11
      16700.0  6.74073e-11
      16710.0  6.75397e-11
      16720.0  6.76714e-11
      16730.0  6.78032e-11
      16740.0  6.79356e-11
      16750.0  6.80695e-11
      16760.0  6.82053e-11
      16770.0  6.83438e-11
      16780.0  6.84856e-11
      16790.0  6.86312e-11
      16800.0  6.87812e-11
      16810.0  6.89361e-11
      16820.0  6.90962e-11
      16830.0  6.92620e-11
      16840.0  6.94338e-11
      16850.0  6.96118e-11
      16860.0  6.97962e-11
      16870.0  6.99871e-11
      16880.0  7.01844e-11
      16890.0  7.03880e-11
      16900.0  7.05980e-11
      16910.0  7.08140e-11
      16920.0  7.10358e-11
      16930.0  7.12630e-11
      16940.0  7.14953e-11
      16950.0  7.17322e-11
      16960.0  7.19734e-11
      16970.0  7.22182e-11
      16980.0  7.24662e-11
      16990.0  7.27170e-11
      17000.0  7.29699e-11
      17010.0  7.32246e-11
      17020.0  7.34806e-11
      17030.0  7.37374e-11
      17040.0  7.39946e-11
      17050.0  7.42518e-11
      17060.0  7.45087e-11
      17070.0  7.47651e-11
      17080.0  7.50205e-11
      17090.0  7.52748e-11
      17100.0  7.55278e-11
      17110.0  7.57792e-11
      17120.0  7.60288e-11
      17130.0  7.62765e-11
      17140.0  7.65222e-11
      17150.0  7.67655e-11
      17160.0  7.70063e-11
      17170.0  7.72444e-11
      17180.0  7.74795e-11
      17190.0  7.77113e-11
      17200.0  7.79394e-11
      17210.0  7.81636e-11
      17220.0  7.83833e-11
      17230.0  7.85981e-11
      17240.0  7.88076e-11
      17250.0  7.90112e-11
      17260.0  7.92085e-11
      17270.0  7.93987e-11
      17280.0  7.95815e-11
      17290.0  7.97563e-11
      17300.0  7.99224e-11
      17310.0  8.00795e-11
      17320.0  8.02271e-11
      17330.0  8.03648e-11
      17340.0  8.04921e-11
      17350.0  8.06090e-11
      17360.0  8.07150e-11
      17370.0  8.08102e-11
      17380.0  8.08944e-11
      17390.0  8.09678e-11
      17400.0  8.10303e-11
      17410.0  8.10821e-11
      17420.0  8.11236e-11
      17430.0  8.11551e-11
      17440.0  8.11769e-11
      17450.0  8.11894e-11
      17460.0  8.11931e-11
      17470.0  8.11885e-11
      17480.0  8.11760e-11
      17490.0  8.11562e-11
      17500.0  8.11296e-11
      17510.0  8.10966e-11
      17520.0  8.10578e-11
      17530.0  8.10134e-11
      17540.0  8.09641e-11
      17550.0  8.09101e-11
      17560.0  8.08517e-11
      17570.0  8.07893e-11
      17580.0  8.07232e-11
      17590.0  8.06535e-11
      17600.0  8.05804e-11
      17610.0  8.05041e-11
      17620.0  8.04248e-11
      17630.0  8.03424e-11
      17640.0  8.02572e-11
      17650.0  8.01691e-11
      17660.0  8.00783e-11
      17670.0  7.99846e-11
      17680.0  7.98883e-11
      17690.0  7.97892e-11
      17700.0  7.96874e-11
      17710.0  7.95829e-11
      17720.0  7.94756e-11
      17730.0  7.93656e-11
      17740.0  7.92529e-11
      17750.0  7.91374e-11
      17760.0  7.90192e-11
      17770.0  7.88982e-11
      17780.0  7.87744e-11
      17790.0  7.86477e-11
      17800.0  7.85183e-11
      17810.0  7.83860e-11
      17820.0  7.82509e-11
      17830.0  7.81129e-11
      17840.0  7.79720e-11
      17850.0  7.78283e-11
      17860.0  7.76817e-11
      17870.0  7.75323e-11
      17880.0  7.73801e-11
      17890.0  7.72251e-11
      17900.0  7.70674e-11
      17910.0  7.69069e-11
      17920.0  7.67438e-11
      17930.0  7.65782e-11
      17940.0  7.64100e-11
      17950.0  7.62394e-11
      17960.0  7.60666e-11
      17970.0  7.58915e-11
      17980.0  7.57143e-11
      17990.0  7.55351e-11
      18000.0  7.53540e-11
      18010.0  7.51711e-11
      18020.0  7.49866e-11
      18030.0  7.48005e-11
      18040.0  7.46130e-11
      18050.0  7.44242e-11
      18060.0  7.42342e-11
      18070.0  7.40432e-11
      18080.0  7.38511e-11
      18090.0  7.36582e-11
      18100.0  7.34645e-11
      18110.0  7.32701e-11
      18120.0  7.30751e-11
      18130.0  7.28796e-11
      18140.0  7.26836e-11
      18150.0  7.24873e-11
      18160.0  7.22908e-11
      18170.0  7.20941e-11
      18180.0  7.18972e-11
      18190.0  7.17003e-11
      18200.0  7.15034e-11
      18210.0  7.13066e-11
      18220.0  7.11100e-11
      18230.0  7.09136e-11
      18240.0  7.07175e-11
      18250.0  7.05217e-11
      18260.0  7.03263e-11
      18270.0  7.01313e-11
      18280.0  6.99368e-11
      18290.0  6.97428e-11
      18300.0  6.95493e-11
      18310.0  6.93563e-11
      18320.0  6.91639e-11
      18330.0  6.89720e-11
      18340.0  6.87805e-11
      18350.0  6.85896e-11
      18360.0  6.83990e-11
      18370.0  6.82088e-11
      18380.0  6.80190e-11
      18390.0  6.78293e-11
      18400.0  6.76397e-11
      18410.0  6.74501e-11
      18420.0  6.72605e-11
      18430.0  6.70707e-11
      18440.0  6.68805e-11
      18450.0  6.66899e-11
      18460.0  6.64988e-11
      18470.0  6.63071e-11
      18480.0  6.61146e-11
      18490.0  6.59212e-11
      18500.0  6.57270e-11
      18510.0  6.55318e-11
      18520.0  6.53356e-11
      18530.0  6.51383e-11
      18540.0  6.49400e-11
      18550.0  6.47407e-11
      18560.0  6.45404e-11
      18570.0  6.43391e-11
      18580.0  6.41370e-11
      18590.0  6.39341e-11
      18600.0  6.37304e-11
      18610.0  6.35262e-11
      18620.0  6.33216e-11
      18630.0  6.31166e-11
      18640.0  6.29114e-11
      18650.0  6.27062e-11
      18660.0  6.25010e-11
      18670.0  6.22960e-11
      18680.0  6.20914e-11
      18690.0  6.18871e-11
      18700.0  6.16834e-11
      18710.0  6.14803e-11
      18720.0  6.12780e-11
      18730.0  6.10763e-11
      18740.0  6.08755e-11
      18750.0  6.06756e-11
      18760.0  6.04765e-11
      18770.0  6.02784e-11
      18780.0  6.00812e-11
      18790.0  5.98850e-11
      18800.0  5.96897e-11
      18810.0  5.94954e-11
      18820.0  5.93022e-11
      18830.0  5.91099e-11
      18840.0  5.89187e-11
      18850.0  5.87285e-11
      18860.0  5.85395e-11
      18870.0  5.83517e-11
      18880.0  5.81651e-11
      18890.0  5.79797e-11
      18900.0  5.77958e-11
      18910.0  5.76133e-11
      18920.0  5.74324e-11
      18930.0  5.72531e-11
      18940.0  5.70755e-11
      18950.0  5.68998e-11
      18960.0  5.67260e-11
      18970.0  5.65542e-11
      18980.0  5.63846e-11
      18990.0  5.62173e-11
      19000.0  5.60523e-11
      19010.0  5.58897e-11
      19020.0  5.57295e-11
      19030.0  5.55720e-11
      19040.0  5.54171e-11
      19050.0  5.52649e-11
      19060.0  5.51155e-11
      19070.0  5.49689e-11
      19080.0  5.48252e-11
      19090.0  5.46843e-11
      19100.0  5.45463e-11
      19110.0  5.44114e-11
      19120.0  5.42793e-11
      19130.0  5.41503e-11
      19140.0  5.40242e-11
      19150.0  5.39012e-11
      19160.0  5.37811e-11
      19170.0  5.36640e-11
      19180.0  5.35498e-11
      19190.0  5.34386e-11
      19200.0  5.33303e-11
      19210.0  5.32247e-11
      19220.0  5.31220e-11
      19230.0  5.30219e-11
      19240.0  5.29245e-11
      19250.0  5.28296e-11
      19260.0  5.27371e-11
      19270.0  5.26469e-11
      19280.0  5.25589e-11
      19290.0  5.24730e-11
      19300.0  5.23891e-11
      19310.0  5.23069e-11
      19320.0  5.22265e-11
      19330.0  5.21476e-11
      19340.0  5.20702e-11
      19350.0  5.19942e-11
      19360.0  5.19195e-11
      19370.0  5.18460e-11
      19380.0  5.17737e-11
      19390.0  5.17025e-11
      19400.0  5.16325e-11
      19410.0  5.15637e-11
      19420.0  5.14961e-11
      19430.0  5.14298e-11
      19440.0  5.13649e-11
      19450.0  5.13014e-11
      19460.0  5.12396e-11
      19470.0  5.11795e-11
      19480.0  5.11213e-11
      19490.0  5.10651e-11
      19500.0  5.10111e-11
      19510.0  5.09595e-11
      19520.0  5.09102e-11
      19530.0  5.08635e-11
      19540.0  5.08195e-11
      19550.0  5.07780e-11
      19560.0  5.07393e-11
      19570.0  5.07032e-11
      19580.0  5.06697e-11
      19590.0  5.06387e-11
      19600.0  5.06099e-11
      19610.0  5.05832e-11
      19620.0  5.05583e-11
      19630.0  5.05350e-11
      19640.0  5.05127e-11
      19650.0  5.04912e-11
      19660.0  5.04700e-11
      19670.0  5.04486e-11
      19680.0  5.04265e-11
      19690.0  5.04031e-11
      19700.0  5.03780e-11
      19710.0  5.03505e-11
      19720.0  5.03200e-11
      19730.0  5.02861e-11
      19740.0  5.02481e-11
      19750.0  5.02056e-11
      19760.0  5.01579e-11
      19770.0  5.01045e-11
      19780.0  5.00451e-11
      19790.0  4.99791e-11
      19800.0  4.99062e-11
      19810.0  4.98261e-11
      19820.0  4.97383e-11
      19830.0  4.96426e-11
      19840.0  4.95389e-11
      19850.0  4.94269e-11
      19860.0  4.93064e-11
      19870.0  4.91775e-11
      19880.0  4.90400e-11
      19890.0  4.88940e-11
      19900.0  4.87394e-11
      19910.0  4.85765e-11
      19920.0  4.84051e-11
      19930.0  4.82256e-11
      19940.0  4.80380e-11
      19950.0  4.78426e-11
      19960.0  4.76396e-11
      19970.0  4.74293e-11
      19980.0  4.72119e-11
      19990.0  4.69878e-11
      20000.0  4.67572e-11
      20010.0  4.65206e-11
      20020.0  4.62782e-11
      20030.0  4.60306e-11
      20040.0  4.57781e-11
      20050.0  4.55211e-11
      20060.0  4.52600e-11
      20070.0  4.49954e-11
      20080.0  4.47277e-11
      20090.0  4.44573e-11
      20100.0  4.41848e-11
      20110.0  4.39107e-11
      20120.0  4.36354e-11
      20130.0  4.33595e-11
      20140.0  4.30835e-11
      20150.0  4.28078e-11
      20160.0  4.25330e-11
      20170.0  4.22596e-11
      20180.0  4.19880e-11
      20190.0  4.17187e-11
      20200.0  4.14522e-11
      20210.0  4.11888e-11
      20220.0  4.09290e-11
      20230.0  4.06732e-11
      20240.0  4.04218e-11
      20250.0  4.01751e-11
      20260.0  3.99334e-11
      20270.0  3.96971e-11
      20280.0  3.94663e-11
      20290.0  3.92414e-11
      20300.0  3.90225e-11
      20310.0  3.88098e-11
      20320.0  3.86035e-11
      20330.0  3.84037e-11
      20340.0  3.82105e-11
      20350.0  3.80239e-11
      20360.0  3.78442e-11
      20370.0  3.76712e-11
      20380.0  3.75049e-11
      20390.0  3.73455e-11
      20400.0  3.71928e-11
      20410.0  3.70468e-11
      20420.0  3.69074e-11
      20430.0  3.67746e-11
      20440.0  3.66483e-11
      20450.0  3.65285e-11
      20460.0  3.64149e-11
      20470.0  3.63074e-11
      20480.0  3.62061e-11
      20490.0  3.61107e-11
      20500.0  3.60211e-11
      20510.0  3.59372e-11
      20520.0  3.58588e-11
      20530.0  3.57859e-11
      20540.0  3.57182e-11
      20550.0  3.56557e-11
      20560.0  3.55981e-11
      20570.0  3.55454e-11
      20580.0  3.54974e-11
      20590.0  3.54538e-11
      20600.0  3.54147e-11
      20610.0  3.53797e-11
      20620.0  3.53486e-11
      20630.0  3.53214e-11
      20640.0  3.52978e-11
      20650.0  3.52776e-11
      20660.0  3.52605e-11
      20670.0  3.52464e-11
      20680.0  3.52349e-11
      20690.0  3.52258e-11
      20700.0  3.52189e-11
      20710.0  3.52138e-11
      20720.0  3.52102e-11
      20730.0  3.52078e-11
      20740.0  3.52062e-11
      20750.0  3.52052e-11
      20760.0  3.52044e-11
      20770.0  3.52034e-11
      20780.0  3.52018e-11
      20790.0  3.51993e-11
      20800.0  3.51955e-11
      20810.0  3.51901e-11
      20820.0  3.51827e-11
      20830.0  3.51730e-11
      20840.0  3.51605e-11
      20850.0  3.51451e-11
      20860.0  3.51263e-11
      20870.0  3.51039e-11
      20880.0  3.50776e-11
      20890.0  3.50473e-11
      20900.0  3.50126e-11
      20910.0  3.49734e-11
      20920.0  3.49296e-11
      20930.0  3.48810e-11
      20940.0  3.48276e-11
      20950.0  3.47692e-11
      20960.0  3.47059e-11
      20970.0  3.46378e-11
      20980.0  3.45647e-11
      20990.0  3.44868e-11
      21000.0  3.44042e-11
      21010.0  3.43170e-11
      21020.0  3.42254e-11
      21030.0  3.41294e-11
      21040.0  3.40293e-11
      21050.0  3.39253e-11
      21060.0  3.38176e-11
      21070.0  3.37063e-11
      21080.0  3.35918e-11
      21090.0  3.34743e-11
      21100.0  3.33539e-11
      21110.0  3.32309e-11
      21120.0  3.31056e-11
      21130.0  3.29782e-11
      21140.0  3.28490e-11
      21150.0  3.27182e-11
      21160.0  3.25861e-11
      21170.0  3.24529e-11
      21180.0  3.23188e-11
      21190.0  3.21842e-11
      21200.0  3.20492e-11
      21210.0  3.19141e-11
      21220.0  3.17791e-11
      21230.0  3.16445e-11
      21240.0  3.15105e-11
      21250.0  3.13773e-11
      21260.0  3.12451e-11
      21270.0  3.11141e-11
      21280.0  3.09844e-11
      21290.0  3.08564e-11
      21300.0  3.07300e-11
      21310.0  3.06055e-11
      21320.0  3.04830e-11
      21330.0  3.03625e-11
      21340.0  3.02443e-11
      21350.0  3.01282e-11
      21360.0  3.00145e-11
      21370.0  2.99031e-11
      21380.0  2.97941e-11
      21390.0  2.96874e-11
      21400.0  2.95830e-11
      21410.0  2.94810e-11
      21420.0  2.93812e-11
      21430.0  2.92836e-11
      21440.0  2.91881e-11
      21450.0  2.90947e-11
      21460.0  2.90033e-11
      21470.0  2.89137e-11
      21480.0  2.88259e-11
      21490.0  2.87397e-11
      21500.0  2.86551e-11
      21510.0  2.85719e-11
      21520.0  2.84901e-11
      21530.0  2.84094e-11
      21540.0  2.83299e-11
      21550.0  2.82515e-11
      21560.0  2.81739e-11
      21570.0  2.80972e-11
      21580.0  2.80213e-11
      21590.0  2.79460e-11
      21600.0  2.78714e-11
      21610.0  2.77972e-11
      21620.0  2.77236e-11
      21630.0  2.76503e-11
      21640.0  2.75775e-11
      21650.0  2.75049e-11
      21660.0  2.74326e-11
      21670.0  2.73605e-11
      21680.0  2.72886e-11
      21690.0  2.72169e-11
      21700.0  2.71452e-11
      21710.0  2.70736e-11
      21720.0  2.70020e-11
      21730.0  2.69304e-11
      21740.0  2.68587e-11
      21750.0  2.67869e-11
      21760.0  2.67149e-11
      21770.0  2.66427e-11
      21780.0  2.65702e-11
      21790.0  2.64974e-11
      21800.0  2.64242e-11
      21810.0  2.63505e-11
      21820.0  2.62763e-11
      21830.0  2.62016e-11
      21840.0  2.61262e-11
      21850.0  2.60501e-11
      21860.0  2.59733e-11
      21870.0  2.58957e-11
      21880.0  2.58172e-11
      21890.0  2.57377e-11
      21900.0  2.56573e-11
      21910.0  2.55759e-11
      21920.0  2.54935e-11
      21930.0  2.54100e-11
      21940.0  2.53253e-11
      21950.0  2.52396e-11
      21960.0  2.51527e-11
      21970.0  2.50648e-11
      21980.0  2.49757e-11
      21990.0  2.48856e-11
      22000.0  2.47944e-11
      22010.0  2.47023e-11
      22020.0  2.46092e-11
      22030.0  2.45152e-11
      22040.0  2.44205e-11
      22050.0  2.43251e-11
      22060.0  2.42291e-11
      22070.0  2.41326e-11
      22080.0  2.40357e-11
      22090.0  2.39386e-11
      22100.0  2.38414e-11
      22110.0  2.37442e-11
      22120.0  2.36471e-11
      22130.0  2.35503e-11
      22140.0  2.34539e-11
      22150.0  2.33581e-11
      22160.0  2.32629e-11
      22170.0  2.31686e-11
      22180.0  2.30752e-11
      22190.0  2.29828e-11
      22200.0  2.28916e-11
      22210.0  2.28017e-11
      22220.0  2.27131e-11
      22230.0  2.26259e-11
      22240.0  2.25402e-11
      22250.0  2.24560e-11
      22260.0  2.23734e-11
      22270.0  2.22924e-11
      22280.0  2.22131e-11
      22290.0  2.21353e-11
      22300.0  2.20592e-11
      22310.0  2.19847e-11
      22320.0  2.19117e-11
      22330.0  2.18402e-11
      22340.0  2.17701e-11
      22350.0  2.17014e-11
      22360.0  2.16340e-11
      22370.0  2.15678e-11
      22380.0  2.15027e-11
      22390.0  2.14386e-11
      22400.0  2.13754e-11
      22410.0  2.13130e-11
      22420.0  2.12512e-11
      22430.0  2.11900e-11
      22440.0  2.11292e-11
      22450.0  2.10686e-11
      22460.0  2.10082e-11
      22470.0  2.09479e-11
      22480.0  2.08874e-11
      22490.0  2.08268e-11
      22500.0  2.07659e-11
      22510.0  2.07047e-11
      22520.0  2.06429e-11
      22530.0  2.05806e-11
      22540.0  2.05177e-11
      22550.0  2.04542e-11
      22560.0  2.03899e-11
      22570.0  2.03248e-11
      22580.0  2.02590e-11
      22590.0  2.01925e-11
      22600.0  2.01252e-11
      22610.0  2.00571e-11
      22620.0  1.99884e-11
      22630.0  1.99190e-11
      22640.0  1.98491e-11
      22650.0  1.97786e-11
      22660.0  1.97078e-11
      22670.0  1.96366e-11
      22680.0  1.95652e-11
      22690.0  1.94937e-11
      22700.0  1.94222e-11
      22710.0  1.93509e-11
      22720.0  1.92798e-11
      22730.0  1.92091e-11
      22740.0  1.91389e-11
      22750.0  1.90694e-11
      22760.0  1.90007e-11
      22770.0  1.89329e-11
      22780.0  1.88662e-11
      22790.0  1.88006e-11
      22800.0  1.87364e-11
      22810.0  1.86737e-11
      22820.0  1.86126e-11
      22830.0  1.85532e-11
      22840.0  1.84957e-11
      22850.0  1.84403e-11
      22860.0  1.83871e-11
      22870.0  1.83363e-11
      22880.0  1.82880e-11
      22890.0  1.82425e-11
      22900.0  1.82000e-11
      22910.0  1.81606e-11
      22920.0  1.81247e-11
      22930.0  1.80923e-11
      22940.0  1.80638e-11
      22950.0  1.80393e-11
      22960.0  1.80191e-11
      22970.0  1.80034e-11
      22980.0  1.79922e-11
      22990.0  1.79858e-11
      23000.0  1.79843e-11
      23010.0  1.79877e-11
      23020.0  1.79959e-11
      23030.0  1.80091e-11
      23040.0  1.80269e-11
      23050.0  1.80494e-11
      23060.0  1.80763e-11
      23070.0  1.81073e-11
      23080.0  1.81421e-11
      23090.0  1.81803e-11
      23100.0  1.82215e-11
      23110.0  1.82653e-11
      23120.0  1.83113e-11
      23130.0  1.83590e-11
      23140.0  1.84080e-11
      23150.0  1.84578e-11
      23160.0  1.85080e-11
      23170.0  1.85583e-11
      23180.0  1.86082e-11
      23190.0  1.86576e-11
      23200.0  1.87060e-11
      23210.0  1.87534e-11
      23220.0  1.87994e-11
      23230.0  1.88440e-11
      23240.0  1.88870e-11
      23250.0  1.89284e-11
      23260.0  1.89680e-11
      23270.0  1.90059e-11
      23280.0  1.90421e-11
      23290.0  1.90765e-11
      23300.0  1.91091e-11
      23310.0  1.91400e-11
      23320.0  1.91693e-11
      23330.0  1.91969e-11
      23340.0  1.92228e-11
      23350.0  1.92473e-11
      23360.0  1.92703e-11
      23370.0  1.92919e-11
      23380.0  1.93121e-11
      23390.0  1.93311e-11
      23400.0  1.93489e-11
      23410.0  1.93657e-11
      23420.0  1.93815e-11
      23430.0  1.93964e-11
      23440.0  1.94106e-11
      23450.0  1.94241e-11
      23460.0  1.94370e-11
      23470.0  1.94494e-11
      23480.0  1.94613e-11
      23490.0  1.94728e-11
      23500.0  1.94840e-11
      23510.0  1.94948e-11
      23520.0  1.95052e-11
      23530.0  1.95153e-11
      23540.0  1.95249e-11
      23550.0  1.95341e-11
      23560.0  1.95429e-11
      23570.0  1.95511e-11
      23580.0  1.95589e-11
      23590.0  1.95662e-11
      23600.0  1.95731e-11
      23610.0  1.95797e-11
      23620.0  1.95863e-11
      23630.0  1.95931e-11
      23640.0  1.96005e-11
      23650.0  1.96088e-11
      23660.0  1.96187e-11
      23670.0  1.96308e-11
      23680.0  1.96456e-11
      23690.0  1.96639e-11
      23700.0  1.96866e-11
      23710.0  1.97144e-11
      23720.0  1.97482e-11
      23730.0  1.97886e-11
      23740.0  1.98366e-11
      23750.0  1.98926e-11
      23760.0  1.99574e-11
      23770.0  2.00315e-11
      23780.0  2.01150e-11
      23790.0  2.02084e-11
      23800.0  2.03117e-11
      23810.0  2.04248e-11
      23820.0  2.05475e-11
      23830.0  2.06799e-11
      23840.0  2.08214e-11
      23850.0  2.09713e-11
      23860.0  2.11293e-11
      23870.0  2.12946e-11
      23880.0  2.14666e-11
      23890.0  2.16447e-11
      23900.0  2.18282e-11
      23910.0  2.20165e-11
      23920.0  2.22089e-11
      23930.0  2.24048e-11
      23940.0  2.26035e-11
      23950.0  2.28043e-11
      23960.0  2.30067e-11
      23970.0  2.32098e-11
      23980.0  2.34131e-11
      23990.0  2.36158e-11
      24000.0  2.38171e-11
      24010.0  2.40162e-11
      24020.0  2.42125e-11
      24030.0  2.44050e-11
      24040.0  2.45931e-11
      24050.0  2.47759e-11
      24060.0  2.49527e-11
      24070.0  2.51229e-11
      24080.0  2.52858e-11
      24090.0  2.54410e-11
      24100.0  2.55880e-11
      24110.0  2.57265e-11
      24120.0  2.58563e-11
      24130.0  2.59774e-11
      24140.0  2.60898e-11
      24150.0  2.61936e-11
      24160.0  2.62891e-11
      24170.0  2.63766e-11
      24180.0  2.64564e-11
      24190.0  2.65291e-11
      24200.0  2.65951e-11
      24210.0  2.66549e-11
      24220.0  2.67092e-11
      24230.0  2.67584e-11
      24240.0  2.68031e-11
      24250.0  2.68438e-11
      24260.0  2.68810e-11
      24270.0  2.69152e-11
      24280.0  2.69468e-11
      24290.0  2.69762e-11
      24300.0  2.70037e-11
      24310.0  2.70296e-11
      24320.0  2.70543e-11
      24330.0  2.70781e-11
      24340.0  2.71010e-11
      24350.0  2.71233e-11
      24360.0  2.71452e-11
      24370.0  2.71668e-11
      24380.0  2.71883e-11
      24390.0  2.72096e-11
      24400.0  2.72310e-11
      24410.0  2.72525e-11
      24420.0  2.72741e-11
      24430.0  2.72958e-11
      24440.0  2.73178e-11
      24450.0  2.73401e-11
      24460.0  2.73625e-11
      24470.0  2.73852e-11
      24480.0  2.74081e-11
      24490.0  2.74312e-11
      24500.0  2.74545e-11
      24510.0  2.74779e-11
      24520.0  2.75014e-11
      24530.0  2.75250e-11
      24540.0  2.75485e-11
      24550.0  2.75720e-11
      24560.0  2.75954e-11
      24570.0  2.76187e-11
      24580.0  2.76417e-11
      24590.0  2.76646e-11
      24600.0  2.76871e-11
      24610.0  2.77094e-11
      24620.0  2.77314e-11
      24630.0  2.77531e-11
      24640.0  2.77746e-11
      24650.0  2.77959e-11
      24660.0  2.78169e-11
      24670.0  2.78379e-11
      24680.0  2.78588e-11
      24690.0  2.78797e-11
      24700.0  2.79008e-11
      24710.0  2.79222e-11
      24720.0  2.79439e-11
      24730.0  2.79660e-11
      24740.0  2.79888e-11
      24750.0  2.80121e-11
      24760.0  2.80362e-11
      24770.0  2.80610e-11
      24780.0  2.80867e-11
      24790.0  2.81132e-11
      24800.0  2.81405e-11
      24810.0  2.81685e-11
      24820.0  2.81971e-11
      24830.0  2.82262e-11
      24840.0  2.82556e-11
      24850.0  2.82852e-11
      24860.0  2.83147e-11
      24870.0  2.83439e-11
      24880.0  2.83726e-11
      24890.0  2.84005e-11
      24900.0  2.84276e-11
      24910.0  2.84536e-11
      24920.0  2.84784e-11
      24930.0  2.85020e-11
      24940.0  2.85241e-11
      24950.0  2.85449e-11
      24960.0  2.85643e-11
      24970.0  2.85823e-11
      24980.0  2.85990e-11
      24990.0  2.86143e-11
      25000.0  2.86285e-11
