      1000.00  8.16661e-13
      1010.00  9.90422e-13
      1020.00  1.20537e-12
      1030.00  1.47008e-12
      1040.00  1.79525e-12
      1050.00  2.19326e-12
      1060.00  2.67812e-12
      1070.00  3.26532e-12
      1080.00  3.97157e-12
      1090.00  4.81429e-12
      1100.00  5.81113e-12
      1110.00  6.97925e-12
      1120.00  8.33467e-12
      1130.00  9.89156e-12
      1140.00  1.16617e-11
      1150.00  1.36537e-11
      1160.00  1.58733e-11
      1170.00  1.83223e-11
      1180.00  2.09987e-11
      1190.00  2.38970e-11
      1200.00  2.70076e-11
      1210.00  3.03175e-11
      1220.00  3.38101e-11
      1230.00  3.74656e-11
      1240.00  4.12615e-11
      1250.00  4.51729e-11
      1260.00  4.91734e-11
      1270.00  5.32351e-11
      1280.00  5.73299e-11
      1290.00  6.14296e-11
      1300.00  6.55069e-11
      1310.00  6.95356e-11
      1320.00  7.34913e-11
      1330.00  7.73519e-11
      1340.00  8.10978e-11
      1350.00  8.47122e-11
      1360.00  8.81816e-11
      1370.00  9.14954e-11
      1380.00  9.46466e-11
      1390.00  9.76309e-11
      1400.00  1.00448e-10
      1410.00  1.03098e-10
      1420.00  1.05587e-10
      1430.00  1.07921e-10
      1440.00  1.10106e-10
      1450.00  1.12151e-10
      1460.00  1.14063e-10
      1470.00  1.15847e-10
      1480.00  1.17506e-10
      1490.00  1.19038e-10
      1500.00  1.20438e-10
      1510.00  1.21693e-10
      1520.00  1.22785e-10
      1530.00  1.23692e-10
      1540.00  1.24387e-10
      1550.00  1.24841e-10
      1560.00  1.25028e-10
      1570.00  1.24924e-10
      1580.00  1.24517e-10
      1590.00  1.23805e-10
      1600.00  1.22801e-10
      1610.00  1.21532e-10
      1620.00  1.20044e-10
      1630.00  1.18398e-10
      1640.00  1.16665e-10
      1650.00  1.14926e-10
      1660.00  1.13269e-10
      1670.00  1.11780e-10
      1680.00  1.10542e-10
      1690.00  1.09633e-10
      1700.00  1.09120e-10
      1710.00  1.09058e-10
      1720.00  1.09491e-10
      1730.00  1.10450e-10
      1740.00  1.11952e-10
      1750.00  1.14004e-10
      1760.00  1.16602e-10
      1770.00  1.19728e-10
      1780.00  1.23358e-10
      1790.00  1.27454e-10
      1800.00  1.31966e-10
      1810.00  1.36832e-10
      1820.00  1.41975e-10
      1830.00  1.47305e-10
      1840.00  1.52722e-10
      1850.00  1.58120e-10
      1860.00  1.63390e-10
      1870.00  1.68435e-10
      1880.00  1.73174e-10
      1890.00  1.77548e-10
      1900.00  1.81532e-10
      1910.00  1.85128e-10
      1920.00  1.88365e-10
      1930.00  1.91294e-10
      1940.00  1.93972e-10
      1950.00  1.96454e-10
      1960.00  1.98778e-10
      1970.00  2.00960e-10
      1980.00  2.02988e-10
      1990.00  2.04824e-10
      2000.00  2.06408e-10
      2010.00  2.07672e-10
      2020.00  2.08547e-10
      2030.00  2.08976e-10
      2040.00  2.08924e-10
      2050.00  2.08381e-10
      2060.00  2.07367e-10
      2070.00  2.05933e-10
      2080.00  2.04153e-10
      2090.00  2.02128e-10
      2100.00  1.99975e-10
      2110.00  1.97824e-10
      2120.00  1.95816e-10
      2130.00  1.94099e-10
      2140.00  1.92821e-10
      2150.00  1.92125e-10
      2160.00  1.92146e-10
      2170.00  1.92998e-10
      2180.00  1.94770e-10
      2190.00  1.97516e-10
      2200.00  2.01248e-10
      2210.00  2.05929e-10
      2220.00  2.11478e-10
      2230.00  2.17768e-10
      2240.00  2.24637e-10
      2250.00  2.31902e-10
      2260.00  2.39370e-10
      2270.00  2.46854e-10
      2280.00  2.54185e-10
      2290.00  2.61223e-10
      2300.00  2.67852e-10
      2310.00  2.73984e-10
      2320.00  2.79554e-10
      2330.00  2.84509e-10
      2340.00  2.88811e-10
      2350.00  2.92429e-10
      2360.00  2.95351e-10
      2370.00  2.97588e-10
      2380.00  2.99191e-10
      2390.00  3.00255e-10
      2400.00  3.00930e-10
      2410.00  3.01420e-10
      2420.00  3.01964e-10
      2430.00  3.02819e-10
      2440.00  3.04229e-10
      2450.00  3.06392e-10
      2460.00  3.09429e-10
      2470.00  3.13359e-10
      2480.00  3.18096e-10
      2490.00  3.23452e-10
      2500.00  3.29159e-10
      2510.00  3.34905e-10
      2520.00  3.40378e-10
      2530.00  3.45307e-10
      2540.00  3.49498e-10
      2550.00  3.52856e-10
      2560.00  3.55391e-10
      2570.00  3.57208e-10
      2580.00  3.58486e-10
      2590.00  3.59442e-10
      2600.00  3.60307e-10
      2610.00  3.61290e-10
      2620.00  3.62564e-10
      2630.00  3.64255e-10
      2640.00  3.66434e-10
      2650.00  3.69233e-10
      2660.00  3.78144e-10
      2670.00  4.43108e-10
      2680.00  5.88510e-10
      2690.00  6.74698e-10
      2700.00  7.06179e-10
      2710.00  7.47389e-10
      2720.00  7.76495e-10
      2730.00  8.06295e-10
      2740.00  8.66491e-10
      2750.00  9.16353e-10
      2760.00  9.25863e-10
      2770.00  9.28477e-10
      2780.00  9.60149e-10
      2790.00  1.00487e-09
      2800.00  1.02793e-09
      2810.00  1.06505e-09
      2820.00  1.14282e-09
      2830.00  1.21409e-09
      2840.00  1.26635e-09
      2850.00  1.33245e-09
      2860.00  1.40415e-09
      2870.00  1.49572e-09
      2880.00  1.66066e-09
      2890.00  1.85911e-09
      2900.00  2.01793e-09
      2910.00  2.15568e-09
      2920.00  2.28951e-09
      2930.00  2.38387e-09
      2940.00  2.41151e-09
      2950.00  2.39046e-09
      2960.00  2.32531e-09
      2970.00  2.19980e-09
      2980.00  2.04886e-09
      2990.00  1.93032e-09
      3000.00  1.86904e-09
      3010.00  1.85226e-09
      3020.00  1.84179e-09
      3030.00  1.82702e-09
      3040.00  1.79078e-09
      3050.00  1.74198e-09
      3060.00  1.70898e-09
      3070.00  1.70463e-09
      3080.00  1.73077e-09
      3090.00  1.77956e-09
      3100.00  1.83830e-09
      3110.00  1.91642e-09
      3120.00  2.03552e-09
      3130.00  2.22133e-09
      3140.00  2.46166e-09
      3150.00  2.68775e-09
      3160.00  2.82687e-09
      3170.00  2.87489e-09
      3180.00  2.86689e-09
      3190.00  2.80347e-09
      3200.00  2.67414e-09
      3210.00  2.49197e-09
      3220.00  2.29872e-09
      3230.00  2.15386e-09
      3240.00  2.08045e-09
      3250.00  2.05348e-09
      3260.00  2.05860e-09
      3270.00  2.09781e-09
      3280.00  2.14134e-09
      3290.00  2.14911e-09
      3300.00  2.14210e-09
      3310.00  2.17150e-09
      3320.00  2.23802e-09
      3330.00  2.31248e-09
      3340.00  2.37831e-09
      3350.00  2.41990e-09
      3360.00  2.43963e-09
      3370.00  2.46762e-09
      3380.00  2.52104e-09
      3390.00  2.59308e-09
      3400.00  2.67345e-09
      3410.00  2.75663e-09
      3420.00  2.83813e-09
      3430.00  2.91190e-09
      3440.00  2.97522e-09
      3450.00  3.04295e-09
      3460.00  3.14025e-09
      3470.00  3.27452e-09
      3480.00  3.44746e-09
      3490.00  3.67831e-09
      3500.00  3.97647e-09
      3510.00  4.30770e-09
      3520.00  4.61794e-09
      3530.00  4.88123e-09
      3540.00  5.10330e-09
      3550.00  5.29787e-09
      3560.00  5.45977e-09
      3570.00  5.56086e-09
      3580.00  5.57951e-09
      3590.00  5.52571e-09
      3600.00  5.44548e-09
      3610.00  5.41307e-09
      3620.00  5.48796e-09
      3630.00  5.65890e-09
      3640.00  5.84752e-09
      3650.00  5.95020e-09
      3660.00  5.88955e-09
      3670.00  5.65037e-09
      3680.00  5.27930e-09
      3690.00  4.85549e-09
      3700.00  4.45281e-09
      3710.00  4.11127e-09
      3720.00  3.82804e-09
      3730.00  3.57804e-09
      3740.00  3.35279e-09
      3750.00  3.16890e-09
      3760.00  3.04560e-09
      3770.00  2.99155e-09
      3780.00  3.00708e-09
      3790.00  3.09044e-09
      3800.00  3.24856e-09
      3810.00  3.49674e-09
      3820.00  3.84231e-09
      3830.00  4.27950e-09
      3840.00  4.79456e-09
      3850.00  5.36924e-09
      3860.00  5.98070e-09
      3870.00  6.59630e-09
      3880.00  7.17262e-09
      3890.00  7.66724e-09
      3900.00  8.05203e-09
      3910.00  8.31187e-09
      3920.00  8.43642e-09
      3930.00  8.41821e-09
      3940.00  8.25646e-09
      3950.00  7.96321e-09
      3960.00  7.57458e-09
      3970.00  7.15156e-09
      3980.00  6.76162e-09
      3990.00  6.46043e-09
      4000.00  6.28497e-09
      4010.00  6.24855e-09
      4020.00  6.33653e-09
      4030.00  6.51107e-09
      4040.00  6.72227e-09
      4050.00  6.91855e-09
      4060.00  7.05971e-09
      4070.00  7.13042e-09
      4080.00  7.14037e-09
      4090.00  7.10899e-09
      4100.00  7.05333e-09
      4110.00  6.98733e-09
      4120.00  6.92255e-09
      4130.00  6.86596e-09
      4140.00  6.81779e-09
      4150.00  6.77248e-09
      4160.00  6.72258e-09
      4170.00  6.66239e-09
      4180.00  6.58765e-09
      4190.00  6.49308e-09
      4200.00  6.37332e-09
      4210.00  6.22692e-09
      4220.00  6.05761e-09
      4230.00  5.87197e-09
      4240.00  5.67556e-09
      4250.00  5.47071e-09
      4260.00  5.25515e-09
      4270.00  5.02655e-09
      4280.00  4.79155e-09
      4290.00  4.56878e-09
      4300.00  4.38023e-09
      4310.00  4.23917e-09
      4320.00  4.14614e-09
      4330.00  4.09356e-09
      4340.00  4.07129e-09
      4350.00  4.06912e-09
      4360.00  4.07937e-09
      4370.00  4.10201e-09
      4380.00  4.14624e-09
      4390.00  4.22341e-09
      4400.00  4.33706e-09
      4410.00  4.48014e-09
      4420.00  4.64053e-09
      4430.00  4.80717e-09
      4440.00  4.97259e-09
      4450.00  5.13483e-09
      4460.00  5.29738e-09
      4470.00  5.46560e-09
      4480.00  5.64077e-09
      4490.00  5.81677e-09
      4500.00  5.98268e-09
      4510.00  6.12796e-09
      4520.00  6.24507e-09
      4530.00  6.32925e-09
      4540.00  6.37908e-09
      4550.00  6.39750e-09
      4560.00  6.39019e-09
      4570.00  6.36103e-09
      4580.00  6.30884e-09
      4590.00  6.22738e-09
      4600.00  6.11041e-09
      4610.00  5.96018e-09
      4620.00  5.78434e-09
      4630.00  5.58607e-09
      4640.00  5.36747e-09
      4650.00  5.13981e-09
      4660.00  4.92232e-09
      4670.00  4.73035e-09
      4680.00  4.56565e-09
      4690.00  4.41849e-09
      4700.00  4.27836e-09
      4710.00  4.14201e-09
      4720.00  4.01370e-09
      4730.00  3.90100e-09
      4740.00  3.81033e-09
      4750.00  3.74324e-09
      4760.00  3.69482e-09
      4770.00  3.65525e-09
      4780.00  3.61381e-09
      4790.00  3.56203e-09
      4800.00  3.49605e-09
      4810.00  3.41790e-09
      4820.00  3.33530e-09
      4830.00  3.25986e-09
      4840.00  3.20461e-09
      4850.00  3.18128e-09
      4860.00  3.19736e-09
      4870.00  3.25318e-09
      4880.00  3.33921e-09
      4890.00  3.43234e-09
      4900.00  3.49561e-09
      4910.00  3.49677e-09
      4920.00  3.43918e-09
      4930.00  3.35672e-09
      4940.00  3.27370e-09
      4950.00  3.19377e-09
      4960.00  3.11971e-09
      4970.00  3.06166e-09
      4980.00  3.03004e-09
      4990.00  3.02908e-09
      5000.00  3.05613e-09
      5010.00  3.10496e-09
      5020.00  3.16976e-09
      5030.00  3.24723e-09
      5040.00  3.33590e-09
      5050.00  3.43437e-09
      5060.00  3.54072e-09
      5070.00  3.65293e-09
      5080.00  3.76925e-09
      5090.00  3.88792e-09
      5100.00  4.00655e-09
      5110.00  4.12166e-09
      5120.00  4.22865e-09
      5130.00  4.32275e-09
      5140.00  4.40040e-09
      5150.00  4.46017e-09
      5160.00  4.50272e-09
      5170.00  4.52993e-09
      5180.00  4.54330e-09
      5190.00  4.54165e-09
      5200.00  4.51984e-09
      5210.00  4.47026e-09
      5220.00  4.38631e-09
      5230.00  4.26616e-09
      5240.00  4.11544e-09
      5250.00  3.94732e-09
      5260.00  3.77931e-09
      5270.00  3.62802e-09
      5280.00  3.50484e-09
      5290.00  3.41438e-09
      5300.00  3.35544e-09
      5310.00  3.32283e-09
      5320.00  3.30924e-09
      5330.00  3.30692e-09
      5340.00  3.30918e-09
      5350.00  3.31127e-09
      5360.00  3.31042e-09
      5370.00  3.30506e-09
      5380.00  3.29349e-09
      5390.00  3.27292e-09
      5400.00  3.24013e-09
      5410.00  3.19314e-09
      5420.00  3.13289e-09
      5430.00  3.06418e-09
      5440.00  2.99574e-09
      5450.00  2.93900e-09
      5460.00  2.90508e-09
      5470.00  2.90119e-09
      5480.00  2.92926e-09
      5490.00  2.98655e-09
      5500.00  3.06723e-09
      5510.00  3.16390e-09
      5520.00  3.26839e-09
      5530.00  3.37166e-09
      5540.00  3.46385e-09
      5550.00  3.53666e-09
      5560.00  3.58633e-09
      5570.00  3.61411e-09
      5580.00  3.62399e-09
      5590.00  3.62026e-09
      5600.00  3.60614e-09
      5610.00  3.58346e-09
      5620.00  3.55278e-09
      5630.00  3.51401e-09
      5640.00  3.46711e-09
      5650.00  3.41227e-09
      5660.00  3.34984e-09
      5670.00  3.28035e-09
      5680.00  3.20503e-09
      5690.00  3.12653e-09
      5700.00  3.04915e-09
      5710.00  2.97826e-09
      5720.00  2.91902e-09
      5730.00  2.87522e-09
      5740.00  2.84872e-09
      5750.00  2.83983e-09
      5760.00  2.84780e-09
      5770.00  2.87120e-09
      5780.00  2.90794e-09
      5790.00  2.95508e-09
      5800.00  3.00902e-09
      5810.00  3.06587e-09
      5820.00  3.12209e-09
      5830.00  3.17489e-09
      5840.00  3.22215e-09
      5850.00  3.26207e-09
      5860.00  3.29324e-09
      5870.00  3.31470e-09
      5880.00  3.32611e-09
      5890.00  3.32793e-09
      5900.00  3.32136e-09
      5910.00  3.30822e-09
      5920.00  3.29056e-09
      5930.00  3.27011e-09
      5940.00  3.24783e-09
      5950.00  3.22345e-09
      5960.00  3.19531e-09
      5970.00  3.16020e-09
      5980.00  3.11348e-09
      5990.00  3.04944e-09
      6000.00  2.96233e-09
      6010.00  2.84781e-09
      6020.00  2.70442e-09
      6030.00  2.53450e-09
      6040.00  2.34426e-09
      6050.00  2.14297e-09
      6060.00  1.94160e-09
      6070.00  1.75108e-09
      6080.00  1.58110e-09
      6090.00  1.43933e-09
      6100.00  1.33107e-09
      6110.00  1.25921e-09
      6120.00  1.22449e-09
      6130.00  1.22574e-09
      6140.00  1.26014e-09
      6150.00  1.32347e-09
      6160.00  1.41050e-09
      6170.00  1.51536e-09
      6180.00  1.63189e-09
      6190.00  1.75399e-09
      6200.00  1.87597e-09
      6210.00  1.99294e-09
      6220.00  2.10113e-09
      6230.00  2.19797e-09
      6240.00  2.28197e-09
      6250.00  2.35246e-09
      6260.00  2.40939e-09
      6270.00  2.45328e-09
      6280.00  2.48518e-09
      6290.00  2.50652e-09
      6300.00  2.51883e-09
      6310.00  2.52343e-09
      6320.00  2.52122e-09
      6330.00  2.51286e-09
      6340.00  2.49930e-09
      6350.00  2.48218e-09
      6360.00  2.46346e-09
      6370.00  2.44453e-09
      6380.00  2.42574e-09
      6390.00  2.40664e-09
      6400.00  2.38663e-09
      6410.00  2.36552e-09
      6420.00  2.34361e-09
      6430.00  2.32138e-09
      6440.00  2.29925e-09
      6450.00  2.27741e-09
      6460.00  2.25582e-09
      6470.00  2.23426e-09
      6480.00  2.21238e-09
      6490.00  2.18993e-09
      6500.00  2.16679e-09
      6510.00  2.14303e-09
      6520.00  2.11881e-09
      6530.00  2.09419e-09
      6540.00  2.06896e-09
      6550.00  2.04262e-09
      6560.00  2.01471e-09
      6570.00  1.98519e-09
      6580.00  1.95462e-09
      6590.00  1.92396e-09
      6600.00  1.89408e-09
      6610.00  1.86523e-09
      6620.00  1.83711e-09
      6630.00  1.80912e-09
      6640.00  1.78087e-09
      6650.00  1.75231e-09
      6660.00  1.72375e-09
      6670.00  1.69556e-09
      6680.00  1.66804e-09
      6690.00  1.64135e-09
      6700.00  1.61560e-09
      6710.00  1.59091e-09
      6720.00  1.56740e-09
      6730.00  1.54512e-09
      6740.00  1.52399e-09
      6750.00  1.50390e-09
      6760.00  1.48484e-09
      6770.00  1.46693e-09
      6780.00  1.45027e-09
      6790.00  1.43479e-09
      6800.00  1.42009e-09
      6810.00  1.40559e-09
      6820.00  1.39083e-09
      6830.00  1.37563e-09
      6840.00  1.36016e-09
      6850.00  1.34480e-09
      6860.00  1.32984e-09
      6870.00  1.31531e-09
      6880.00  1.30096e-09
      6890.00  1.28634e-09
      6900.00  1.27105e-09
      6910.00  1.25492e-09
      6920.00  1.23812e-09
      6930.00  1.22112e-09
      6940.00  1.20454e-09
      6950.00  1.18895e-09
      6960.00  1.17472e-09
      6970.00  1.16197e-09
      6980.00  1.15061e-09
      6990.00  1.14041e-09
      7000.00  1.13105e-09
      7010.00  1.12224e-09
      7020.00  1.11368e-09
      7030.00  1.10512e-09
      7040.00  1.09632e-09
      7050.00  1.08713e-09
      7060.00  1.07758e-09
      7070.00  1.06790e-09
      7080.00  1.05843e-09
      7090.00  1.04947e-09
      7100.00  1.04117e-09
      7110.00  1.03352e-09
      7120.00  1.02650e-09
      7130.00  1.02017e-09
      7140.00  1.01470e-09
      7150.00  1.01030e-09
      7160.00  1.00706e-09
      7170.00  1.00489e-09
      7180.00  1.00351e-09
      7190.00  1.00256e-09
      7200.00  1.00173e-09
      7210.00  1.00072e-09
      7220.00  9.99287e-10
      7230.00  9.97138e-10
      7240.00  9.93865e-10
      7250.00  9.88970e-10
      7260.00  9.82033e-10
      7270.00  9.72954e-10
      7280.00  9.62051e-10
      7290.00  9.49853e-10
      7300.00  9.36739e-10
      7310.00  9.22734e-10
      7320.00  9.07607e-10
      7330.00  8.91085e-10
      7340.00  8.73006e-10
      7350.00  8.53345e-10
      7360.00  8.32183e-10
      7370.00  8.09681e-10
      7380.00  7.86076e-10
      7390.00  7.61700e-10
      7400.00  7.37038e-10
      7410.00  7.12775e-10
      7420.00  6.89744e-10
      7430.00  6.68773e-10
      7440.00  6.50489e-10
      7450.00  6.35199e-10
      7460.00  6.22891e-10
      7470.00  6.13350e-10
      7480.00  6.06265e-10
      7490.00  6.01295e-10
      7500.00  5.98098e-10
      7510.00  5.96344e-10
      7520.00  5.95743e-10
      7530.00  5.96099e-10
      7540.00  5.97345e-10
      7550.00  5.99540e-10
      7560.00  6.02808e-10
      7570.00  6.07240e-10
      7580.00  6.12800e-10
      7590.00  6.19265e-10
      7600.00  6.26231e-10
      7610.00  6.33199e-10
      7620.00  6.39720e-10
      7630.00  6.45553e-10
      7640.00  6.50722e-10
      7650.00  6.55439e-10
      7660.00  6.59948e-10
      7670.00  6.64417e-10
      7680.00  6.68934e-10
      7690.00  6.73568e-10
      7700.00  6.78405e-10
      7710.00  6.83553e-10
      7720.00  6.89110e-10
      7730.00  6.95132e-10
      7740.00  7.01617e-10
      7750.00  7.08507e-10
      7760.00  7.15683e-10
      7770.00  7.22958e-10
      7780.00  7.30092e-10
      7790.00  7.36808e-10
      7800.00  7.42823e-10
      7810.00  7.47869e-10
      7820.00  7.51712e-10
      7830.00  7.54157e-10
      7840.00  7.55068e-10
      7850.00  7.54384e-10
      7860.00  7.52153e-10
      7870.00  7.48533e-10
      7880.00  7.43782e-10
      7890.00  7.38215e-10
      7900.00  7.32173e-10
      7910.00  7.25986e-10
      7920.00  7.19595e-10
      7930.00  7.13319e-10
      7940.00  7.07159e-10
      7950.00  7.00751e-10
      7960.00  6.93632e-10
      7970.00  6.85473e-10
      7980.00  6.76265e-10
      7990.00  6.66344e-10
      8000.00  6.56239e-10
      8010.00  6.46418e-10
      8020.00  6.37076e-10
      8030.00  6.28066e-10
      8040.00  6.19026e-10
      8050.00  6.09600e-10
      8060.00  5.99610e-10
      8070.00  5.89072e-10
      8080.00  5.78081e-10
      8090.00  5.66681e-10
      8100.00  5.54830e-10
      8110.00  5.42474e-10
      8120.00  5.29636e-10
      8130.00  5.16467e-10
      8140.00  5.03243e-10
      8150.00  4.90331e-10
      8160.00  4.78136e-10
      8170.00  4.67063e-10
      8180.00  4.57475e-10
      8190.00  4.49661e-10
      8200.00  4.43817e-10
      8210.00  4.40033e-10
      8220.00  4.38295e-10
      8230.00  4.38484e-10
      8240.00  4.40389e-10
      8250.00  4.43721e-10
      8260.00  4.48153e-10
      8270.00  4.53373e-10
      8280.00  4.59146e-10
      8290.00  4.65369e-10
      8300.00  4.72095e-10
      8310.00  4.79517e-10
      8320.00  4.87920e-10
      8330.00  4.97613e-10
      8340.00  5.08865e-10
      8350.00  5.21847e-10
      8360.00  5.36603e-10
      8370.00  5.53041e-10
      8380.00  5.70942e-10
      8390.00  5.89995e-10
      8400.00  6.09836e-10
      8410.00  6.30100e-10
      8420.00  6.50453e-10
      8430.00  6.70623e-10
      8440.00  6.90393e-10
      8450.00  7.09599e-10
      8460.00  7.28108e-10
      8470.00  7.45803e-10
      8480.00  7.62575e-10
      8490.00  7.78322e-10
      8500.00  7.92960e-10
      8510.00  8.06427e-10
      8520.00  8.18694e-10
      8530.00  8.29760e-10
      8540.00  8.39643e-10
      8550.00  8.48373e-10
      8560.00  8.55970e-10
      8570.00  8.62448e-10
      8580.00  8.67809e-10
      8590.00  8.72055e-10
      8600.00  8.75194e-10
      8610.00  8.77252e-10
      8620.00  8.78272e-10
      8630.00  8.78310e-10
      8640.00  8.77430e-10
      8650.00  8.75697e-10
      8660.00  8.73177e-10
      8670.00  8.69937e-10
      8680.00  8.66045e-10
      8690.00  8.61569e-10
      8700.00  8.56568e-10
      8710.00  8.51073e-10
      8720.00  8.45072e-10
      8730.00  8.38495e-10
      8740.00  8.31209e-10
      8750.00  8.23043e-10
      8760.00  8.13822e-10
      8770.00  8.03417e-10
      8780.00  7.91785e-10
      8790.00  7.78991e-10
      8800.00  7.65204e-10
      8810.00  7.50669e-10
      8820.00  7.35671e-10
      8830.00  7.20506e-10
      8840.00  7.05462e-10
      8850.00  6.90801e-10
      8860.00  6.76756e-10
      8870.00  6.63518e-10
      8880.00  6.51220e-10
      8890.00  6.39928e-10
      8900.00  6.29634e-10
      8910.00  6.20274e-10
      8920.00  6.11739e-10
      8930.00  6.03901e-10
      8940.00  5.96621e-10
      8950.00  5.89753e-10
      8960.00  5.83147e-10
      8970.00  5.76660e-10
      8980.00  5.70186e-10
      8990.00  5.63700e-10
      9000.00  5.57287e-10
      9010.00  5.51145e-10
      9020.00  5.45531e-10
      9030.00  5.40681e-10
      9040.00  5.36736e-10
      9050.00  5.33696e-10
      9060.00  5.31416e-10
      9070.00  5.29639e-10
      9080.00  5.28045e-10
      9090.00  5.26311e-10
      9100.00  5.24175e-10
      9110.00  5.21483e-10
      9120.00  5.18217e-10
      9130.00  5.14497e-10
      9140.00  5.10566e-10
      9150.00  5.06738e-10
      9160.00  5.03356e-10
      9170.00  5.00726e-10
      9180.00  4.99065e-10
      9190.00  4.98459e-10
      9200.00  4.98841e-10
      9210.00  4.99993e-10
      9220.00  5.01574e-10
      9230.00  5.03165e-10
      9240.00  5.04314e-10
      9250.00  5.04589e-10
      9260.00  5.03646e-10
      9270.00  5.01300e-10
      9280.00  4.97509e-10
      9290.00  4.92644e-10
      9300.00  4.87311e-10
      9310.00  4.82108e-10
      9320.00  4.77491e-10
      9330.00  4.73657e-10
      9340.00  4.70551e-10
      9350.00  4.67965e-10
      9360.00  4.65659e-10
      9370.00  4.63434e-10
      9380.00  4.61163e-10
      9390.00  4.58777e-10
      9400.00  4.56245e-10
      9410.00  4.53556e-10
      9420.00  4.50709e-10
      9430.00  4.47708e-10
      9440.00  4.44559e-10
      9450.00  4.41271e-10
      9460.00  4.37855e-10
      9470.00  4.34324e-10
      9480.00  4.30690e-10
      9490.00  4.26970e-10
      9500.00  4.23179e-10
      9510.00  4.19333e-10
      9520.00  4.15449e-10
      9530.00  4.11541e-10
      9540.00  4.07624e-10
      9550.00  4.03712e-10
      9560.00  3.99815e-10
      9570.00  3.95943e-10
      9580.00  3.92103e-10
      9590.00  3.88302e-10
      9600.00  3.84544e-10
      9610.00  3.80830e-10
      9620.00  3.77163e-10
      9630.00  3.73544e-10
      9640.00  3.69971e-10
      9650.00  3.66446e-10
      9660.00  3.62969e-10
      9670.00  3.59541e-10
      9680.00  3.56165e-10
      9690.00  3.52842e-10
      9700.00  3.49578e-10
      9710.00  3.46377e-10
      9720.00  3.43244e-10
      9730.00  3.40187e-10
      9740.00  3.37211e-10
      9750.00  3.34323e-10
      9760.00  3.31530e-10
      9770.00  3.28839e-10
      9780.00  3.26255e-10
      9790.00  3.23783e-10
      9800.00  3.21428e-10
      9810.00  3.19193e-10
      9820.00  3.17079e-10
      9830.00  3.15088e-10
      9840.00  3.13219e-10
      9850.00  3.11471e-10
      9860.00  3.09840e-10
      9870.00  3.08324e-10
      9880.00  3.06916e-10
      9890.00  3.05610e-10
      9900.00  3.04399e-10
      9910.00  3.03274e-10
      9920.00  3.02225e-10
      9930.00  3.01244e-10
      9940.00  3.00320e-10
      9950.00  2.99440e-10
      9960.00  2.98595e-10
      9970.00  2.97773e-10
      9980.00  2.96963e-10
      9990.00  2.96154e-10
      10000.0  2.95337e-10
      10010.0  2.94500e-10
      10020.0  2.93637e-10
      10030.0  2.92739e-10
      10040.0  2.91799e-10
      10050.0  2.90812e-10
      10060.0  2.89773e-10
      10070.0  2.88679e-10
      10080.0  2.87527e-10
      10090.0  2.86316e-10
      10100.0  2.85045e-10
      10110.0  2.83714e-10
      10120.0  2.82325e-10
      10130.0  2.80878e-10
      10140.0  2.79376e-10
      10150.0  2.77821e-10
      10160.0  2.76216e-10
      10170.0  2.74563e-10
      10180.0  2.72865e-10
      10190.0  2.71125e-10
      10200.0  2.69347e-10
      10210.0  2.67533e-10
      10220.0  2.65687e-10
      10230.0  2.63812e-10
      10240.0  2.61912e-10
      10250.0  2.59989e-10
      10260.0  2.58048e-10
      10270.0  2.56091e-10
      10280.0  2.54124e-10
      10290.0  2.52149e-10
      10300.0  2.50170e-10
      10310.0  2.48192e-10
      10320.0  2.46218e-10
      10330.0  2.44254e-10
      10340.0  2.42303e-10
      10350.0  2.40370e-10
      10360.0  2.38459e-10
      10370.0  2.36574e-10
      10380.0  2.34721e-10
      10390.0  2.32905e-10
      10400.0  2.31128e-10
      10410.0  2.29397e-10
      10420.0  2.27716e-10
      10430.0  2.26090e-10
      10440.0  2.24523e-10
      10450.0  2.23020e-10
      10460.0  2.21584e-10
      10470.0  2.20221e-10
      10480.0  2.18934e-10
      10490.0  2.17727e-10
      10500.0  2.16602e-10
      10510.0  2.15562e-10
      10520.0  2.14609e-10
      10530.0  2.13744e-10
      10540.0  2.12967e-10
      10550.0  2.12279e-10
      10560.0  2.11676e-10
      10570.0  2.11159e-10
      10580.0  2.10722e-10
      10590.0  2.10363e-10
      10600.0  2.10077e-10
      10610.0  2.09859e-10
      10620.0  2.09702e-10
      10630.0  2.09602e-10
      10640.0  2.09551e-10
      10650.0  2.09543e-10
      10660.0  2.09571e-10
      10670.0  2.09628e-10
      10680.0  2.09708e-10
      10690.0  2.09805e-10
      10700.0  2.09913e-10
      10710.0  2.10027e-10
      10720.0  2.10141e-10
      10730.0  2.10251e-10
      10740.0  2.10354e-10
      10750.0  2.10445e-10
      10760.0  2.10523e-10
      10770.0  2.10585e-10
      10780.0  2.10629e-10
      10790.0  2.10653e-10
      10800.0  2.10657e-10
      10810.0  2.10640e-10
      10820.0  2.10601e-10
      10830.0  2.10541e-10
      10840.0  2.10458e-10
      10850.0  2.10353e-10
      10860.0  2.10225e-10
      10870.0  2.10074e-10
      10880.0  2.09900e-10
      10890.0  2.09703e-10
      10900.0  2.09481e-10
      10910.0  2.09234e-10
      10920.0  2.08960e-10
      10930.0  2.08659e-10
      10940.0  2.08330e-10
      10950.0  2.07971e-10
      10960.0  2.07581e-10
      10970.0  2.07159e-10
      10980.0  2.06705e-10
      10990.0  2.06218e-10
      11000.0  2.05697e-10
      11010.0  2.05143e-10
      11020.0  2.04556e-10
      11030.0  2.03938e-10
      11040.0  2.03289e-10
      11050.0  2.02610e-10
      11060.0  2.01905e-10
      11070.0  2.01176e-10
      11080.0  2.00425e-10
      11090.0  1.99655e-10
      11100.0  1.98870e-10
      11110.0  1.98072e-10
      11120.0  1.97265e-10
      11130.0  1.96452e-10
      11140.0  1.95637e-10
      11150.0  1.94822e-10
      11160.0  1.94010e-10
      11170.0  1.93205e-10
      11180.0  1.92408e-10
      11190.0  1.91622e-10
      11200.0  1.90850e-10
      11210.0  1.90092e-10
      11220.0  1.89350e-10
      11230.0  1.88627e-10
      11240.0  1.87922e-10
      11250.0  1.87237e-10
      11260.0  1.86573e-10
      11270.0  1.85930e-10
      11280.0  1.85308e-10
      11290.0  1.84708e-10
      11300.0  1.84130e-10
      11310.0  1.83573e-10
      11320.0  1.83036e-10
      11330.0  1.82520e-10
      11340.0  1.82024e-10
      11350.0  1.81545e-10
      11360.0  1.81084e-10
      11370.0  1.80639e-10
      11380.0  1.80208e-10
      11390.0  1.79789e-10
      11400.0  1.79381e-10
      11410.0  1.78982e-10
      11420.0  1.78589e-10
      11430.0  1.78201e-10
      11440.0  1.77815e-10
      11450.0  1.77429e-10
      11460.0  1.77042e-10
      11470.0  1.76650e-10
      11480.0  1.76253e-10
      11490.0  1.75848e-10
      11500.0  1.75433e-10
      11510.0  1.75006e-10
      11520.0  1.74567e-10
      11530.0  1.74112e-10
      11540.0  1.73642e-10
      11550.0  1.73154e-10
      11560.0  1.72648e-10
      11570.0  1.72122e-10
      11580.0  1.71576e-10
      11590.0  1.71008e-10
      11600.0  1.70419e-10
      11610.0  1.69808e-10
      11620.0  1.69175e-10
      11630.0  1.68520e-10
      11640.0  1.67844e-10
      11650.0  1.67147e-10
      11660.0  1.66429e-10
      11670.0  1.65692e-10
      11680.0  1.64938e-10
      11690.0  1.64166e-10
      11700.0  1.63379e-10
      11710.0  1.62579e-10
      11720.0  1.61767e-10
      11730.0  1.60944e-10
      11740.0  1.60113e-10
      11750.0  1.59274e-10
      11760.0  1.58431e-10
      11770.0  1.57584e-10
      11780.0  1.56735e-10
      11790.0  1.55886e-10
      11800.0  1.55037e-10
      11810.0  1.54190e-10
      11820.0  1.53346e-10
      11830.0  1.52506e-10
      11840.0  1.51670e-10
      11850.0  1.50840e-10
      11860.0  1.50015e-10
      11870.0  1.49198e-10
      11880.0  1.48388e-10
      11890.0  1.47585e-10
      11900.0  1.46791e-10
      11910.0  1.46005e-10
      11920.0  1.45229e-10
      11930.0  1.44463e-10
      11940.0  1.43707e-10
      11950.0  1.42963e-10
      11960.0  1.42230e-10
      11970.0  1.41509e-10
      11980.0  1.40802e-10
      11990.0  1.40108e-10
      12000.0  1.39428e-10
      12010.0  1.38763e-10
      12020.0  1.38113e-10
      12030.0  1.37479e-10
      12040.0  1.36860e-10
      12050.0  1.36258e-10
      12060.0  1.35673e-10
      12070.0  1.35104e-10
      12080.0  1.34552e-10
      12090.0  1.34017e-10
      12100.0  1.33499e-10
      12110.0  1.32999e-10
      12120.0  1.32516e-10
      12130.0  1.32052e-10
      12140.0  1.31607e-10
      12150.0  1.31181e-10
      12160.0  1.30776e-10
      12170.0  1.30392e-10
      12180.0  1.30030e-10
      12190.0  1.29692e-10
      12200.0  1.29378e-10
      12210.0  1.29090e-10
      12220.0  1.28829e-10
      12230.0  1.28596e-10
      12240.0  1.28391e-10
      12250.0  1.28216e-10
      12260.0  1.28072e-10
      12270.0  1.27958e-10
      12280.0  1.27875e-10
      12290.0  1.27822e-10
      12300.0  1.27799e-10
      12310.0  1.27806e-10
      12320.0  1.27840e-10
      12330.0  1.27902e-10
      12340.0  1.27990e-10
      12350.0  1.28101e-10
      12360.0  1.28234e-10
      12370.0  1.28388e-10
      12380.0  1.28559e-10
      12390.0  1.28746e-10
      12400.0  1.28946e-10
      12410.0  1.29158e-10
      12420.0  1.29378e-10
      12430.0  1.29605e-10
      12440.0  1.29837e-10
      12450.0  1.30071e-10
      12460.0  1.30305e-10
      12470.0  1.30537e-10
      12480.0  1.30764e-10
      12490.0  1.30985e-10
      12500.0  1.31196e-10
      12510.0  1.31397e-10
      12520.0  1.31584e-10
      12530.0  1.31756e-10
      12540.0  1.31910e-10
      12550.0  1.32045e-10
      12560.0  1.32157e-10
      12570.0  1.32245e-10
      12580.0  1.32306e-10
      12590.0  1.32340e-10
      12600.0  1.32345e-10
      12610.0  1.32319e-10
      12620.0  1.32260e-10
      12630.0  1.32168e-10
      12640.0  1.32043e-10
      12650.0  1.31883e-10
      12660.0  1.31689e-10
      12670.0  1.31461e-10
      12680.0  1.31198e-10
      12690.0  1.30903e-10
      12700.0  1.30576e-10
      12710.0  1.30217e-10
      12720.0  1.29829e-10
      12730.0  1.29414e-10
      12740.0  1.28972e-10
      12750.0  1.28506e-10
      12760.0  1.28018e-10
      12770.0  1.27510e-10
      12780.0  1.26985e-10
      12790.0  1.26444e-10
      12800.0  1.25889e-10
      12810.0  1.25324e-10
      12820.0  1.24749e-10
      12830.0  1.24166e-10
      12840.0  1.23579e-10
      12850.0  1.22987e-10
      12860.0  1.22394e-10
      12870.0  1.21799e-10
      12880.0  1.21205e-10
      12890.0  1.20613e-10
      12900.0  1.20023e-10
      12910.0  1.19436e-10
      12920.0  1.18853e-10
      12930.0  1.18274e-10
      12940.0  1.17699e-10
      12950.0  1.17129e-10
      12960.0  1.16562e-10
      12970.0  1.16001e-10
      12980.0  1.15443e-10
      12990.0  1.14889e-10
      13000.0  1.14339e-10
      13010.0  1.13792e-10
      13020.0  1.13249e-10
      13030.0  1.12708e-10
      13040.0  1.12171e-10
      13050.0  1.11637e-10
      13060.0  1.11106e-10
      13070.0  1.10578e-10
      13080.0  1.10055e-10
      13090.0  1.09536e-10
      13100.0  1.09022e-10
      13110.0  1.08514e-10
      13120.0  1.08013e-10
      13130.0  1.07519e-10
      13140.0  1.07033e-10
      13150.0  1.06557e-10
      13160.0  1.06092e-10
      13170.0  1.05638e-10
      13180.0  1.05196e-10
      13190.0  1.04767e-10
      13200.0  1.04352e-10
      13210.0  1.03950e-10
      13220.0  1.03563e-10
      13230.0  1.03191e-10
      13240.0  1.02833e-10
      13250.0  1.02489e-10
      13260.0  1.02160e-10
      13270.0  1.01843e-10
      13280.0  1.01540e-10
      13290.0  1.01248e-10
      13300.0  1.00966e-10
      13310.0  1.00695e-10
      13320.0  1.00432e-10
      13330.0  1.00177e-10
      13340.0  9.99275e-11
      13350.0  9.96832e-11
      13360.0  9.94425e-11
      13370.0  9.92044e-11
      13380.0  9.89676e-11
      13390.0  9.87311e-11
      13400.0  9.84939e-11
      13410.0  9.82550e-11
      13420.0  9.80137e-11
      13430.0  9.77692e-11
      13440.0  9.75208e-11
      13450.0  9.72680e-11
      13460.0  9.70103e-11
      13470.0  9.67473e-11
      13480.0  9.64789e-11
      13490.0  9.62047e-11
      13500.0  9.59248e-11
      13510.0  9.56390e-11
      13520.0  9.53474e-11
      13530.0  9.50502e-11
      13540.0  9.47476e-11
      13550.0  9.44397e-11
      13560.0  9.41270e-11
      13570.0  9.38097e-11
      13580.0  9.34883e-11
      13590.0  9.31632e-11
      13600.0  9.28349e-11
      13610.0  9.25038e-11
      13620.0  9.21703e-11
      13630.0  9.18350e-11
      13640.0  9.14982e-11
      13650.0  9.11604e-11
      13660.0  9.08219e-11
      13670.0  9.04830e-11
      13680.0  9.01439e-11
      13690.0  8.98048e-11
      13700.0  8.94658e-11
      13710.0  8.91270e-11
      13720.0  8.87884e-11
      13730.0  8.84497e-11
      13740.0  8.81111e-11
      13750.0  8.77721e-11
      13760.0  8.74327e-11
      13770.0  8.70926e-11
      13780.0  8.67515e-11
      13790.0  8.64093e-11
      13800.0  8.60656e-11
      13810.0  8.57203e-11
      13820.0  8.53732e-11
      13830.0  8.50241e-11
      13840.0  8.46730e-11
      13850.0  8.43198e-11
      13860.0  8.39645e-11
      13870.0  8.36071e-11
      13880.0  8.32476e-11
      13890.0  8.28861e-11
      13900.0  8.25228e-11
      13910.0  8.21576e-11
      13920.0  8.17908e-11
      13930.0  8.14223e-11
      13940.0  8.10522e-11
      13950.0  8.06805e-11
      13960.0  8.03074e-11
      13970.0  7.99327e-11
      13980.0  7.95563e-11
      13990.0  7.91784e-11
      14000.0  7.87987e-11
      14010.0  7.84171e-11
      14020.0  7.80337e-11
      14030.0  7.76483e-11
      14040.0  7.72608e-11
      14050.0  7.68714e-11
      14060.0  7.64801e-11
      14070.0  7.60869e-11
      14080.0  7.56921e-11
      14090.0  7.52959e-11
      14100.0  7.48986e-11
      14110.0  7.45007e-11
      14120.0  7.41027e-11
      14130.0  7.37051e-11
      14140.0  7.33085e-11
      14150.0  7.29136e-11
      14160.0  7.25212e-11
      14170.0  7.21319e-11
      14180.0  7.17467e-11
      14190.0  7.13662e-11
      14200.0  7.09913e-11
      14210.0  7.06226e-11
      14220.0  7.02610e-11
      14230.0  6.99071e-11
      14240.0  6.95615e-11
      14250.0  6.92246e-11
      14260.0  6.88971e-11
      14270.0  6.85791e-11
      14280.0  6.82711e-11
      14290.0  6.79731e-11
      14300.0  6.76852e-11
      14310.0  6.74074e-11
      14320.0  6.71395e-11
      14330.0  6.68813e-11
      14340.0  6.66326e-11
      14350.0  6.63929e-11
      14360.0  6.61618e-11
      14370.0  6.59389e-11
      14380.0  6.57237e-11
      14390.0  6.55156e-11
      14400.0  6.53140e-11
      14410.0  6.51185e-11
      14420.0  6.49285e-11
      14430.0  6.47435e-11
      14440.0  6.45630e-11
      14450.0  6.43867e-11
      14460.0  6.42140e-11
      14470.0  6.40446e-11
      14480.0  6.38782e-11
      14490.0  6.37144e-11
      14500.0  6.35530e-11
      14510.0  6.33936e-11
      14520.0  6.32361e-11
      14530.0  6.30801e-11
      14540.0  6.29255e-11
      14550.0  6.27719e-11
      14560.0  6.26193e-11
      14570.0  6.24673e-11
      14580.0  6.23157e-11
      14590.0  6.21644e-11
      14600.0  6.20132e-11
      14610.0  6.18619e-11
      14620.0  6.17104e-11
      14630.0  6.15587e-11
      14640.0  6.14068e-11
      14650.0  6.12548e-11
      14660.0  6.11027e-11
      14670.0  6.09509e-11
      14680.0  6.07998e-11
      14690.0  6.06496e-11
      14700.0  6.05011e-11
      14710.0  6.03548e-11
      14720.0  6.02115e-11
      14730.0  6.00720e-11
      14740.0  5.99373e-11
      14750.0  5.98082e-11
      14760.0  5.96859e-11
      14770.0  5.95715e-11
      14780.0  5.94661e-11
      14790.0  5.93708e-11
      14800.0  5.92869e-11
      14810.0  5.92156e-11
      14820.0  5.91579e-11
      14830.0  5.91152e-11
      14840.0  5.90884e-11
      14850.0  5.90788e-11
      14860.0  5.90874e-11
      14870.0  5.91151e-11
      14880.0  5.91631e-11
      14890.0  5.92321e-11
      14900.0  5.93231e-11
      14910.0  5.94369e-11
      14920.0  5.95742e-11
      14930.0  5.97356e-11
      14940.0  5.99219e-11
      14950.0  6.01333e-11
      14960.0  6.03705e-11
      14970.0  6.06336e-11
      14980.0  6.09229e-11
      14990.0  6.12384e-11
      15000.0  6.15802e-11
      15010.0  6.19479e-11
      15020.0  6.23413e-11
      15030.0  6.27597e-11
      15040.0  6.32027e-11
      15050.0  6.36693e-11
      15060.0  6.41584e-11
      15070.0  6.46690e-11
      15080.0  6.51997e-11
      15090.0  6.57489e-11
      15100.0  6.63150e-11
      15110.0  6.68962e-11
      15120.0  6.74904e-11
      15130.0  6.80957e-11
      15140.0  6.87097e-11
      15150.0  6.93302e-11
      15160.0  6.99548e-11
      15170.0  7.05810e-11
      15180.0  7.12063e-11
      15190.0  7.18283e-11
      15200.0  7.24443e-11
      15210.0  7.30519e-11
      15220.0  7.36484e-11
      15230.0  7.42315e-11
      15240.0  7.47988e-11
      15250.0  7.53478e-11
      15260.0  7.58764e-11
      15270.0  7.63824e-11
      15280.0  7.68637e-11
      15290.0  7.73186e-11
      15300.0  7.77453e-11
      15310.0  7.81423e-11
      15320.0  7.85080e-11
      15330.0  7.88414e-11
      15340.0  7.91414e-11
      15350.0  7.94072e-11
      15360.0  7.96381e-11
      15370.0  7.98336e-11
      15380.0  7.99935e-11
      15390.0  8.01177e-11
      15400.0  8.02062e-11
      15410.0  8.02594e-11
      15420.0  8.02776e-11
      15430.0  8.02613e-11
      15440.0  8.02113e-11
      15450.0  8.01282e-11
      15460.0  8.00131e-11
      15470.0  7.98667e-11
      15480.0  7.96902e-11
      15490.0  7.94846e-11
      15500.0  7.92511e-11
      15510.0  7.89909e-11
      15520.0  7.87050e-11
      15530.0  7.83949e-11
      15540.0  7.80616e-11
      15550.0  7.77064e-11
      15560.0  7.73306e-11
      15570.0  7.69355e-11
      15580.0  7.65223e-11
      15590.0  7.60924e-11
      15600.0  7.56470e-11
      15610.0  7.51876e-11
      15620.0  7.47154e-11
      15630.0  7.42318e-11
      15640.0  7.37383e-11
      15650.0  7.32361e-11
      15660.0  7.27268e-11
      15670.0  7.22117e-11
      15680.0  7.16921e-11
      15690.0  7.11695e-11
      15700.0  7.06453e-11
      15710.0  7.01207e-11
      15720.0  6.95971e-11
      15730.0  6.90756e-11
      15740.0  6.85573e-11
      15750.0  6.80435e-11
      15760.0  6.75351e-11
      15770.0  6.70329e-11
      15780.0  6.65379e-11
      15790.0  6.60507e-11
      15800.0  6.55720e-11
      15810.0  6.51024e-11
      15820.0  6.46424e-11
      15830.0  6.41923e-11
      15840.0  6.37524e-11
      15850.0  6.33231e-11
      15860.0  6.29045e-11
      15870.0  6.24968e-11
      15880.0  6.21003e-11
      15890.0  6.17149e-11
      15900.0  6.13408e-11
      15910.0  6.09781e-11
      15920.0  6.06270e-11
      15930.0  6.02874e-11
      15940.0  5.99596e-11
      15950.0  5.96437e-11
      15960.0  5.93398e-11
      15970.0  5.90480e-11
      15980.0  5.87686e-11
      15990.0  5.85016e-11
      16000.0  5.82473e-11
      16010.0  5.80059e-11
      16020.0  5.77775e-11
      16030.0  5.75623e-11
      16040.0  5.73605e-11
      16050.0  5.71722e-11
      16060.0  5.69976e-11
      16070.0  5.68368e-11
      16080.0  5.66901e-11
      16090.0  5.65574e-11
      16100.0  5.64389e-11
      16110.0  5.63349e-11
      16120.0  5.62452e-11
      16130.0  5.61702e-11
      16140.0  5.61098e-11
      16150.0  5.60641e-11
      16160.0  5.60334e-11
      16170.0  5.60175e-11
      16180.0  5.60167e-11
      16190.0  5.60309e-11
      16200.0  5.60601e-11
      16210.0  5.61044e-11
      16220.0  5.61637e-11
      16230.0  5.62378e-11
      16240.0  5.63267e-11
      16250.0  5.64301e-11
      16260.0  5.65477e-11
      16270.0  5.66793e-11
      16280.0  5.68242e-11
      16290.0  5.69821e-11
      16300.0  5.71523e-11
      16310.0  5.73341e-11
      16320.0  5.75267e-11
      16330.0  5.77294e-11
      16340.0  5.79411e-11
      16350.0  5.81609e-11
      16360.0  5.83878e-11
      16370.0  5.86207e-11
      16380.0  5.88585e-11
      16390.0  5.91001e-11
      16400.0  5.93444e-11
      16410.0  5.95902e-11
      16420.0  5.98366e-11
      16430.0  6.00824e-11
      16440.0  6.03268e-11
      16450.0  6.05688e-11
      16460.0  6.08077e-11
      16470.0  6.10426e-11
      16480.0  6.12729e-11
      16490.0  6.14980e-11
      16500.0  6.17176e-11
      16510.0  6.19312e-11
      16520.0  6.21385e-11
      16530.0  6.23394e-11
      16540.0  6.25338e-11
      16550.0  6.27217e-11
      16560.0  6.29031e-11
      16570.0  6.30782e-11
      16580.0  6.32472e-11
      16590.0  6.34102e-11
      16600.0  6.35678e-11
      16610.0  6.37201e-11
      16620.0  6.38676e-11
      16630.0  6.40107e-11
      16640.0  6.41499e-11
      16650.0  6.42856e-11
      16660.0  6.44185e-11
      16670.0  6.45490e-11
      16680.0  6.46777e-11
      16690.0  6.48052e-11
      16700.0  6.49320e-11
      16710.0  6.50589e-11
      16720.0  6.51865e-11
      16730.0  6.53153e-11
      16740.0  6.54461e-11
      16750.0  6.55795e-11
      16760.0  6.57161e-11
      16770.0  6.58566e-11
      16780.0  6.60015e-11
      16790.0  6.61515e-11
      16800.0  6.63071e-11
      16810.0  6.64689e-11
      16820.0  6.66372e-11
      16830.0  6.68126e-11
      16840.0  6.69953e-11
      16850.0  6.71857e-11
      16860.0  6.73840e-11
      16870.0  6.75904e-11
      16880.0  6.78048e-11
      16890.0  6.80273e-11
      16900.0  6.82579e-11
      16910.0  6.84964e-11
      16920.0  6.87425e-11
      16930.0  6.89961e-11
      16940.0  6.92567e-11
      16950.0  6.95240e-11
      16960.0  6.97976e-11
      16970.0  7.00770e-11
      16980.0  7.03617e-11
      16990.0  7.06513e-11
      17000.0  7.09452e-11
      17010.0  7.12431e-11
      17020.0  7.15443e-11
      17030.0  7.18484e-11
      17040.0  7.21550e-11
      17050.0  7.24636e-11
      17060.0  7.27739e-11
      17070.0  7.30854e-11
      17080.0  7.33979e-11
      17090.0  7.37109e-11
      17100.0  7.40241e-11
      17110.0  7.43372e-11
      17120.0  7.46500e-11
      17130.0  7.49620e-11
      17140.0  7.52729e-11
      17150.0  7.55824e-11
      17160.0  7.58900e-11
      17170.0  7.61953e-11
      17180.0  7.64979e-11
      17190.0  7.67972e-11
      17200.0  7.70926e-11
      17210.0  7.73836e-11
      17220.0  7.76694e-11
      17230.0  7.79492e-11
      17240.0  7.82225e-11
      17250.0  7.84883e-11
      17260.0  7.87458e-11
      17270.0  7.89943e-11
      17280.0  7.92328e-11
      17290.0  7.94607e-11
      17300.0  7.96771e-11
      17310.0  7.98813e-11
      17320.0  8.00727e-11
      17330.0  8.02506e-11
      17340.0  8.04146e-11
      17350.0  8.05642e-11
      17360.0  8.06991e-11
      17370.0  8.08192e-11
      17380.0  8.09244e-11
      17390.0  8.10147e-11
      17400.0  8.10903e-11
      17410.0  8.11513e-11
      17420.0  8.11983e-11
      17430.0  8.12315e-11
      17440.0  8.12516e-11
      17450.0  8.12591e-11
      17460.0  8.12546e-11
      17470.0  8.12389e-11
      17480.0  8.12126e-11
      17490.0  8.11764e-11
      17500.0  8.11311e-11
      17510.0  8.10773e-11
      17520.0  8.10157e-11
      17530.0  8.09469e-11
      17540.0  8.08715e-11
      17550.0  8.07900e-11
      17560.0  8.07030e-11
      17570.0  8.06107e-11
      17580.0  8.05137e-11
      17590.0  8.04121e-11
      17600.0  8.03064e-11
      17610.0  8.01968e-11
      17620.0  8.00833e-11
      17630.0  7.99663e-11
      17640.0  7.98457e-11
      17650.0  7.97218e-11
      17660.0  7.95947e-11
      17670.0  7.94643e-11
      17680.0  7.93309e-11
      17690.0  7.91943e-11
      17700.0  7.90548e-11
      17710.0  7.89123e-11
      17720.0  7.87669e-11
      17730.0  7.86187e-11
      17740.0  7.84676e-11
      17750.0  7.83138e-11
      17760.0  7.81573e-11
      17770.0  7.79981e-11
      17780.0  7.78364e-11
      17790.0  7.76720e-11
      17800.0  7.75051e-11
      17810.0  7.73356e-11
      17820.0  7.71637e-11
      17830.0  7.69893e-11
      17840.0  7.68124e-11
      17850.0  7.66331e-11
      17860.0  7.64514e-11
      17870.0  7.62672e-11
      17880.0  7.60807e-11
      17890.0  7.58918e-11
      17900.0  7.57006e-11
      17910.0  7.55071e-11
      17920.0  7.53112e-11
      17930.0  7.51132e-11
      17940.0  7.49130e-11
      17950.0  7.47106e-11
      17960.0  7.45062e-11
      17970.0  7.42999e-11
      17980.0  7.40916e-11
      17990.0  7.38815e-11
      18000.0  7.36697e-11
      18010.0  7.34562e-11
      18020.0  7.32412e-11
      18030.0  7.30247e-11
      18040.0  7.28069e-11
      18050.0  7.25878e-11
      18060.0  7.23675e-11
      18070.0  7.21461e-11
      18080.0  7.19237e-11
      18090.0  7.17003e-11
      18100.0  7.14762e-11
      18110.0  7.12512e-11
      18120.0  7.10256e-11
      18130.0  7.07993e-11
      18140.0  7.05726e-11
      18150.0  7.03454e-11
      18160.0  7.01179e-11
      18170.0  6.98901e-11
      18180.0  6.96622e-11
      18190.0  6.94343e-11
      18200.0  6.92064e-11
      18210.0  6.89786e-11
      18220.0  6.87512e-11
      18230.0  6.85241e-11
      18240.0  6.82975e-11
      18250.0  6.80715e-11
      18260.0  6.78462e-11
      18270.0  6.76217e-11
      18280.0  6.73981e-11
      18290.0  6.71755e-11
      18300.0  6.69539e-11
      18310.0  6.67333e-11
      18320.0  6.65139e-11
      18330.0  6.62956e-11
      18340.0  6.60784e-11
      18350.0  6.58622e-11
      18360.0  6.56471e-11
      18370.0  6.54329e-11
      18380.0  6.52196e-11
      18390.0  6.50070e-11
      18400.0  6.47950e-11
      18410.0  6.45835e-11
      18420.0  6.43723e-11
      18430.0  6.41612e-11
      18440.0  6.39501e-11
      18450.0  6.37387e-11
      18460.0  6.35269e-11
      18470.0  6.33146e-11
      18480.0  6.31015e-11
      18490.0  6.28875e-11
      18500.0  6.26725e-11
      18510.0  6.24565e-11
      18520.0  6.22392e-11
      18530.0  6.20207e-11
      18540.0  6.18009e-11
      18550.0  6.15798e-11
      18560.0  6.13575e-11
      18570.0  6.11340e-11
      18580.0  6.09094e-11
      18590.0  6.06838e-11
      18600.0  6.04574e-11
      18610.0  6.02303e-11
      18620.0  6.00028e-11
      18630.0  5.97748e-11
      18640.0  5.95468e-11
      18650.0  5.93188e-11
      18660.0  5.90911e-11
      18670.0  5.88639e-11
      18680.0  5.86373e-11
      18690.0  5.84116e-11
      18700.0  5.81869e-11
      18710.0  5.79633e-11
      18720.0  5.77411e-11
      18730.0  5.75204e-11
      18740.0  5.73012e-11
      18750.0  5.70838e-11
      18760.0  5.68681e-11
      18770.0  5.66543e-11
      18780.0  5.64424e-11
      18790.0  5.62326e-11
      18800.0  5.60248e-11
      18810.0  5.58192e-11
      18820.0  5.56158e-11
      18830.0  5.54147e-11
      18840.0  5.52158e-11
      18850.0  5.50194e-11
      18860.0  5.48253e-11
      18870.0  5.46338e-11
      18880.0  5.44449e-11
      18890.0  5.42586e-11
      18900.0  5.40750e-11
      18910.0  5.38941e-11
      18920.0  5.37161e-11
      18930.0  5.35411e-11
      18940.0  5.33689e-11
      18950.0  5.31998e-11
      18960.0  5.30337e-11
      18970.0  5.28708e-11
      18980.0  5.27110e-11
      18990.0  5.25544e-11
      19000.0  5.24010e-11
      19010.0  5.22508e-11
      19020.0  5.21039e-11
      19030.0  5.19602e-11
      19040.0  5.18197e-11
      19050.0  5.16826e-11
      19060.0  5.15487e-11
      19070.0  5.14180e-11
      19080.0  5.12907e-11
      19090.0  5.11666e-11
      19100.0  5.10457e-11
      19110.0  5.09282e-11
      19120.0  5.08139e-11
      19130.0  5.07029e-11
      19140.0  5.05952e-11
      19150.0  5.04908e-11
      19160.0  5.03898e-11
      19170.0  5.02920e-11
      19180.0  5.01975e-11
      19190.0  5.01063e-11
      19200.0  5.00184e-11
      19210.0  4.99337e-11
      19220.0  4.98523e-11
      19230.0  4.97740e-11
      19240.0  4.96989e-11
      19250.0  4.96269e-11
      19260.0  4.95578e-11
      19270.0  4.94917e-11
      19280.0  4.94284e-11
      19290.0  4.93678e-11
      19300.0  4.93098e-11
      19310.0  4.92544e-11
      19320.0  4.92014e-11
      19330.0  4.91507e-11
      19340.0  4.91023e-11
      19350.0  4.90560e-11
      19360.0  4.90117e-11
      19370.0  4.89694e-11
      19380.0  4.89290e-11
      19390.0  4.88905e-11
      19400.0  4.88539e-11
      19410.0  4.88191e-11
      19420.0  4.87862e-11
      19430.0  4.87551e-11
      19440.0  4.87260e-11
      19450.0  4.86988e-11
      19460.0  4.86736e-11
      19470.0  4.86505e-11
      19480.0  4.86295e-11
      19490.0  4.86108e-11
      19500.0  4.85944e-11
      19510.0  4.85803e-11
      19520.0  4.85686e-11
      19530.0  4.85593e-11
      19540.0  4.85523e-11
      19550.0  4.85477e-11
      19560.0  4.85454e-11
      19570.0  4.85453e-11
      19580.0  4.85472e-11
      19590.0  4.85509e-11
      19600.0  4.85561e-11
      19610.0  4.85627e-11
      19620.0  4.85703e-11
      19630.0  4.85784e-11
      19640.0  4.85866e-11
      19650.0  4.85946e-11
      19660.0  4.86018e-11
      19670.0  4.86075e-11
      19680.0  4.86114e-11
      19690.0  4.86128e-11
      19700.0  4.86110e-11
      19710.0  4.86055e-11
      19720.0  4.85957e-11
      19730.0  4.85809e-11
      19740.0  4.85606e-11
      19750.0  4.85342e-11
      19760.0  4.85011e-11
      19770.0  4.84608e-11
      19780.0  4.84129e-11
      19790.0  4.83569e-11
      19800.0  4.82924e-11
      19810.0  4.82191e-11
      19820.0  4.81368e-11
      19830.0  4.80451e-11
      19840.0  4.79440e-11
      19850.0  4.78334e-11
      19860.0  4.77131e-11
      19870.0  4.75832e-11
      19880.0  4.74437e-11
      19890.0  4.72947e-11
      19900.0  4.71364e-11
      19910.0  4.69689e-11
      19920.0  4.67925e-11
      19930.0  4.66074e-11
      19940.0  4.64138e-11
      19950.0  4.62122e-11
      19960.0  4.60028e-11
      19970.0  4.57859e-11
      19980.0  4.55620e-11
      19990.0  4.53313e-11
      20000.0  4.50944e-11
      20010.0  4.48515e-11
      20020.0  4.46032e-11
      20030.0  4.43497e-11
      20040.0  4.40916e-11
      20050.0  4.38292e-11
      20060.0  4.35631e-11
      20070.0  4.32935e-11
      20080.0  4.30211e-11
      20090.0  4.27462e-11
      20100.0  4.24693e-11
      20110.0  4.21908e-11
      20120.0  4.19112e-11
      20130.0  4.16309e-11
      20140.0  4.13505e-11
      20150.0  4.10704e-11
      20160.0  4.07910e-11
      20170.0  4.05127e-11
      20180.0  4.02362e-11
      20190.0  3.99617e-11
      20200.0  3.96897e-11
      20210.0  3.94206e-11
      20220.0  3.91549e-11
      20230.0  3.88928e-11
      20240.0  3.86349e-11
      20250.0  3.83815e-11
      20260.0  3.81328e-11
      20270.0  3.78893e-11
      20280.0  3.76512e-11
      20290.0  3.74187e-11
      20300.0  3.71922e-11
      20310.0  3.69719e-11
      20320.0  3.67579e-11
      20330.0  3.65505e-11
      20340.0  3.63498e-11
      20350.0  3.61559e-11
      20360.0  3.59690e-11
      20370.0  3.57891e-11
      20380.0  3.56163e-11
      20390.0  3.54507e-11
      20400.0  3.52922e-11
      20410.0  3.51409e-11
      20420.0  3.49967e-11
      20430.0  3.48597e-11
      20440.0  3.47297e-11
      20450.0  3.46067e-11
      20460.0  3.44907e-11
      20470.0  3.43815e-11
      20480.0  3.42790e-11
      20490.0  3.41832e-11
      20500.0  3.40938e-11
      20510.0  3.40108e-11
      20520.0  3.39340e-11
      20530.0  3.38632e-11
      20540.0  3.37982e-11
      20550.0  3.37390e-11
      20560.0  3.36853e-11
      20570.0  3.36369e-11
      20580.0  3.35936e-11
      20590.0  3.35553e-11
      20600.0  3.35216e-11
      20610.0  3.34924e-11
      20620.0  3.34674e-11
      20630.0  3.34465e-11
      20640.0  3.34292e-11
      20650.0  3.34155e-11
      20660.0  3.34050e-11
      20670.0  3.33974e-11
      20680.0  3.33924e-11
      20690.0  3.33898e-11
      20700.0  3.33892e-11
      20710.0  3.33904e-11
      20720.0  3.33929e-11
      20730.0  3.33965e-11
      20740.0  3.34008e-11
      20750.0  3.34055e-11
      20760.0  3.34102e-11
      20770.0  3.34145e-11
      20780.0  3.34182e-11
      20790.0  3.34208e-11
      20800.0  3.34221e-11
      20810.0  3.34216e-11
      20820.0  3.34191e-11
      20830.0  3.34142e-11
      20840.0  3.34066e-11
      20850.0  3.33960e-11
      20860.0  3.33822e-11
      20870.0  3.33648e-11
      20880.0  3.33437e-11
      20890.0  3.33186e-11
      20900.0  3.32894e-11
      20910.0  3.32558e-11
      20920.0  3.32178e-11
      20930.0  3.31753e-11
      20940.0  3.31281e-11
      20950.0  3.30762e-11
      20960.0  3.30195e-11
      20970.0  3.29582e-11
      20980.0  3.28921e-11
      20990.0  3.28215e-11
      21000.0  3.27462e-11
      21010.0  3.26665e-11
      21020.0  3.25824e-11
      21030.0  3.24941e-11
      21040.0  3.24017e-11
      21050.0  3.23055e-11
      21060.0  3.22055e-11
      21070.0  3.21021e-11
      21080.0  3.19953e-11
      21090.0  3.18855e-11
      21100.0  3.17728e-11
      21110.0  3.16574e-11
      21120.0  3.15397e-11
      21130.0  3.14198e-11
      21140.0  3.12980e-11
      21150.0  3.11745e-11
      21160.0  3.10496e-11
      21170.0  3.09236e-11
      21180.0  3.07966e-11
      21190.0  3.06689e-11
      21200.0  3.05408e-11
      21210.0  3.04125e-11
      21220.0  3.02842e-11
      21230.0  3.01562e-11
      21240.0  3.00287e-11
      21250.0  2.99018e-11
      21260.0  2.97759e-11
      21270.0  2.96510e-11
      21280.0  2.95274e-11
      21290.0  2.94052e-11
      21300.0  2.92847e-11
      21310.0  2.91658e-11
      21320.0  2.90488e-11
      21330.0  2.89338e-11
      21340.0  2.88208e-11
      21350.0  2.87100e-11
      21360.0  2.86013e-11
      21370.0  2.84949e-11
      21380.0  2.83908e-11
      21390.0  2.82890e-11
      21400.0  2.81894e-11
      21410.0  2.80921e-11
      21420.0  2.79970e-11
      21430.0  2.79042e-11
      21440.0  2.78135e-11
      21450.0  2.77249e-11
      21460.0  2.76383e-11
      21470.0  2.75536e-11
      21480.0  2.74708e-11
      21490.0  2.73898e-11
      21500.0  2.73105e-11
      21510.0  2.72328e-11
      21520.0  2.71566e-11
      21530.0  2.70818e-11
      21540.0  2.70083e-11
      21550.0  2.69361e-11
      21560.0  2.68650e-11
      21570.0  2.67951e-11
      21580.0  2.67261e-11
      21590.0  2.66580e-11
      21600.0  2.65909e-11
      21610.0  2.65245e-11
      21620.0  2.64589e-11
      21630.0  2.63940e-11
      21640.0  2.63297e-11
      21650.0  2.62661e-11
      21660.0  2.62029e-11
      21670.0  2.61403e-11
      21680.0  2.60782e-11
      21690.0  2.60165e-11
      21700.0  2.59551e-11
      21710.0  2.58941e-11
      21720.0  2.58334e-11
      21730.0  2.57729e-11
      21740.0  2.57126e-11
      21750.0  2.56524e-11
      21760.0  2.55924e-11
      21770.0  2.55323e-11
      21780.0  2.54722e-11
      21790.0  2.54121e-11
      21800.0  2.53517e-11
      21810.0  2.52912e-11
      21820.0  2.52303e-11
      21830.0  2.51691e-11
      21840.0  2.51075e-11
      21850.0  2.50453e-11
      21860.0  2.49826e-11
      21870.0  2.49192e-11
      21880.0  2.48551e-11
      21890.0  2.47903e-11
      21900.0  2.47246e-11
      21910.0  2.46580e-11
      21920.0  2.45906e-11
      21930.0  2.45221e-11
      21940.0  2.44527e-11
      21950.0  2.43822e-11
      21960.0  2.43107e-11
      21970.0  2.42381e-11
      21980.0  2.41645e-11
      21990.0  2.40898e-11
      22000.0  2.40142e-11
      22010.0  2.39375e-11
      22020.0  2.38599e-11
      22030.0  2.37813e-11
      22040.0  2.37020e-11
      22050.0  2.36218e-11
      22060.0  2.35410e-11
      22070.0  2.34595e-11
      22080.0  2.33774e-11
      22090.0  2.32949e-11
      22100.0  2.32121e-11
      22110.0  2.31290e-11
      22120.0  2.30457e-11
      22130.0  2.29624e-11
      22140.0  2.28791e-11
      22150.0  2.27959e-11
      22160.0  2.27130e-11
      22170.0  2.26303e-11
      22180.0  2.25481e-11
      22190.0  2.24664e-11
      22200.0  2.23853e-11
      22210.0  2.23047e-11
      22220.0  2.22249e-11
      22230.0  2.21458e-11
      22240.0  2.20675e-11
      22250.0  2.19901e-11
      22260.0  2.19134e-11
      22270.0  2.18377e-11
      22280.0  2.17628e-11
      22290.0  2.16888e-11
      22300.0  2.16156e-11
      22310.0  2.15432e-11
      22320.0  2.14717e-11
      22330.0  2.14009e-11
      22340.0  2.13308e-11
      22350.0  2.12614e-11
      22360.0  2.11926e-11
      22370.0  2.11243e-11
      22380.0  2.10565e-11
      22390.0  2.09891e-11
      22400.0  2.09219e-11
      22410.0  2.08549e-11
      22420.0  2.07881e-11
      22430.0  2.07213e-11
      22440.0  2.06544e-11
      22450.0  2.05874e-11
      22460.0  2.05201e-11
      22470.0  2.04525e-11
      22480.0  2.03845e-11
      22490.0  2.03160e-11
      22500.0  2.02470e-11
      22510.0  2.01774e-11
      22520.0  2.01071e-11
      22530.0  2.00361e-11
      22540.0  1.99644e-11
      22550.0  1.98919e-11
      22560.0  1.98187e-11
      22570.0  1.97447e-11
      22580.0  1.96699e-11
      22590.0  1.95945e-11
      22600.0  1.95184e-11
      22610.0  1.94417e-11
      22620.0  1.93644e-11
      22630.0  1.92866e-11
      22640.0  1.92085e-11
      22650.0  1.91300e-11
      22660.0  1.90514e-11
      22670.0  1.89727e-11
      22680.0  1.88940e-11
      22690.0  1.88154e-11
      22700.0  1.87372e-11
      22710.0  1.86593e-11
      22720.0  1.85820e-11
      22730.0  1.85053e-11
      22740.0  1.84295e-11
      22750.0  1.83545e-11
      22760.0  1.82806e-11
      22770.0  1.82079e-11
      22780.0  1.81364e-11
      22790.0  1.80664e-11
      22800.0  1.79979e-11
      22810.0  1.79310e-11
      22820.0  1.78659e-11
      22830.0  1.78028e-11
      22840.0  1.77416e-11
      22850.0  1.76827e-11
      22860.0  1.76260e-11
      22870.0  1.75718e-11
      22880.0  1.75202e-11
      22890.0  1.74714e-11
      22900.0  1.74256e-11
      22910.0  1.73829e-11
      22920.0  1.73435e-11
      22930.0  1.73077e-11
      22940.0  1.72756e-11
      22950.0  1.72474e-11
      22960.0  1.72233e-11
      22970.0  1.72034e-11
      22980.0  1.71880e-11
      22990.0  1.71770e-11
      23000.0  1.71706e-11
      23010.0  1.71688e-11
      23020.0  1.71715e-11
      23030.0  1.71788e-11
      23040.0  1.71904e-11
      23050.0  1.72063e-11
      23060.0  1.72261e-11
      23070.0  1.72496e-11
      23080.0  1.72765e-11
      23090.0  1.73064e-11
      23100.0  1.73389e-11
      23110.0  1.73735e-11
      23120.0  1.74099e-11
      23130.0  1.74476e-11
      23140.0  1.74861e-11
      23150.0  1.75250e-11
      23160.0  1.75639e-11
      23170.0  1.76025e-11
      23180.0  1.76404e-11
      23190.0  1.76773e-11
      23200.0  1.77128e-11
      23210.0  1.77469e-11
      23220.0  1.77793e-11
      23230.0  1.78098e-11
      23240.0  1.78383e-11
      23250.0  1.78647e-11
      23260.0  1.78890e-11
      23270.0  1.79110e-11
      23280.0  1.79309e-11
      23290.0  1.79485e-11
      23300.0  1.79638e-11
      23310.0  1.79769e-11
      23320.0  1.79877e-11
      23330.0  1.79964e-11
      23340.0  1.80028e-11
      23350.0  1.80071e-11
      23360.0  1.80094e-11
      23370.0  1.80096e-11
      23380.0  1.80079e-11
      23390.0  1.80043e-11
      23400.0  1.79990e-11
      23410.0  1.79920e-11
      23420.0  1.79835e-11
      23430.0  1.79736e-11
      23440.0  1.79624e-11
      23450.0  1.79501e-11
      23460.0  1.79368e-11
      23470.0  1.79226e-11
      23480.0  1.79077e-11
      23490.0  1.78921e-11
      23500.0  1.78760e-11
      23510.0  1.78594e-11
      23520.0  1.78424e-11
      23530.0  1.78252e-11
      23540.0  1.78077e-11
      23550.0  1.77901e-11
      23560.0  1.77723e-11
      23570.0  1.77545e-11
      23580.0  1.77367e-11
      23590.0  1.77192e-11
      23600.0  1.77020e-11
      23610.0  1.76853e-11
      23620.0  1.76695e-11
      23630.0  1.76550e-11
      23640.0  1.76420e-11
      23650.0  1.76311e-11
      23660.0  1.76229e-11
      23670.0  1.76181e-11
      23680.0  1.76173e-11
      23690.0  1.76212e-11
      23700.0  1.76308e-11
      23710.0  1.76467e-11
      23720.0  1.76699e-11
      23730.0  1.77009e-11
      23740.0  1.77407e-11
      23750.0  1.77897e-11
      23760.0  1.78486e-11
      23770.0  1.79177e-11
      23780.0  1.79973e-11
      23790.0  1.80876e-11
      23800.0  1.81886e-11
      23810.0  1.83001e-11
      23820.0  1.84219e-11
      23830.0  1.85539e-11
      23840.0  1.86954e-11
      23850.0  1.88456e-11
      23860.0  1.90041e-11
      23870.0  1.91700e-11
      23880.0  1.93426e-11
      23890.0  1.95212e-11
      23900.0  1.97051e-11
      23910.0  1.98935e-11
      23920.0  2.00858e-11
      23930.0  2.02812e-11
      23940.0  2.04791e-11
      23950.0  2.06788e-11
      23960.0  2.08797e-11
      23970.0  2.10810e-11
      23980.0  2.12822e-11
      23990.0  2.14824e-11
      24000.0  2.16811e-11
      24010.0  2.18775e-11
      24020.0  2.20709e-11
      24030.0  2.22605e-11
      24040.0  2.24456e-11
      24050.0  2.26256e-11
      24060.0  2.27997e-11
      24070.0  2.29673e-11
      24080.0  2.31280e-11
      24090.0  2.32811e-11
      24100.0  2.34264e-11
      24110.0  2.35635e-11
      24120.0  2.36924e-11
      24130.0  2.38128e-11
      24140.0  2.39249e-11
      24150.0  2.40288e-11
      24160.0  2.41248e-11
      24170.0  2.42130e-11
      24180.0  2.42940e-11
      24190.0  2.43682e-11
      24200.0  2.44359e-11
      24210.0  2.44979e-11
      24220.0  2.45545e-11
      24230.0  2.46063e-11
      24240.0  2.46538e-11
      24250.0  2.46975e-11
      24260.0  2.47380e-11
      24270.0  2.47756e-11
      24280.0  2.48108e-11
      24290.0  2.48439e-11
      24300.0  2.48754e-11
      24310.0  2.49055e-11
      24320.0  2.49346e-11
      24330.0  2.49628e-11
      24340.0  2.49904e-11
      24350.0  2.50176e-11
      24360.0  2.50446e-11
      24370.0  2.50714e-11
      24380.0  2.50983e-11
      24390.0  2.51252e-11
      24400.0  2.51524e-11
      24410.0  2.51799e-11
      24420.0  2.52077e-11
      24430.0  2.52358e-11
      24440.0  2.52643e-11
      24450.0  2.52931e-11
      24460.0  2.53224e-11
      24470.0  2.53520e-11
      24480.0  2.53819e-11
      24490.0  2.54120e-11
      24500.0  2.54424e-11
      24510.0  2.54730e-11
      24520.0  2.55036e-11
      24530.0  2.55343e-11
      24540.0  2.55649e-11
      24550.0  2.55954e-11
      24560.0  2.56258e-11
      24570.0  2.56559e-11
      24580.0  2.56857e-11
      24590.0  2.57153e-11
      24600.0  2.57445e-11
      24610.0  2.57734e-11
      24620.0  2.58020e-11
      24630.0  2.58304e-11
      24640.0  2.58586e-11
      24650.0  2.58866e-11
      24660.0  2.59146e-11
      24670.0  2.59428e-11
      24680.0  2.59711e-11
      24690.0  2.59999e-11
      24700.0  2.60293e-11
      24710.0  2.60594e-11
      24720.0  2.60904e-11
      24730.0  2.61225e-11
      24740.0  2.61558e-11
      24750.0  2.61905e-11
      24760.0  2.62267e-11
      24770.0  2.62645e-11
      24780.0  2.63038e-11
      24790.0  2.63447e-11
      24800.0  2.63872e-11
      24810.0  2.64310e-11
      24820.0  2.64761e-11
      24830.0  2.65221e-11
      24840.0  2.65687e-11
      24850.0  2.66158e-11
      24860.0  2.66628e-11
      24870.0  2.67094e-11
      24880.0  2.67552e-11
      24890.0  2.68000e-11
      24900.0  2.68434e-11
      24910.0  2.68851e-11
      24920.0  2.69248e-11
      24930.0  2.69626e-11
      24940.0  2.69981e-11
      24950.0  2.70314e-11
      24960.0  2.70625e-11
      24970.0  2.70913e-11
      24980.0  2.71180e-11
      24990.0  2.71426e-11
      25000.0  2.71653e-11
