      1000.00  1.43560e-13
      1010.00  1.73943e-13
      1020.00  2.11441e-13
      1030.00  2.57493e-13
      1040.00  3.13886e-13
      1050.00  3.82663e-13
      1060.00  4.66104e-13
      1070.00  5.66687e-13
      1080.00  6.87017e-13
      1090.00  8.29740e-13
      1100.00  9.97421e-13
      1110.00  1.19242e-12
      1120.00  1.41675e-12
      1130.00  1.67197e-12
      1140.00  1.95904e-12
      1150.00  2.27827e-12
      1160.00  2.62927e-12
      1170.00  3.01087e-12
      1180.00  3.42117e-12
      1190.00  3.85755e-12
      1200.00  4.31668e-12
      1210.00  4.79464e-12
      1220.00  5.28696e-12
      1230.00  5.78876e-12
      1240.00  6.29487e-12
      1250.00  6.79993e-12
      1260.00  7.29858e-12
      1270.00  7.78560e-12
      1280.00  8.25603e-12
      1290.00  8.70528e-12
      1300.00  9.12930e-12
      1310.00  9.52461e-12
      1320.00  9.88842e-12
      1330.00  1.02186e-11
      1340.00  1.05138e-11
      1350.00  1.07734e-11
      1360.00  1.09974e-11
      1370.00  1.11867e-11
      1380.00  1.13424e-11
      1390.00  1.14666e-11
      1400.00  1.15617e-11
      1410.00  1.16304e-11
      1420.00  1.16760e-11
      1430.00  1.17018e-11
      1440.00  1.17114e-11
      1450.00  1.17084e-11
      1460.00  1.16964e-11
      1470.00  1.16788e-11
      1480.00  1.16591e-11
      1490.00  1.16405e-11
      1500.00  1.16256e-11
      1510.00  1.16172e-11
      1520.00  1.16176e-11
      1530.00  1.16286e-11
      1540.00  1.16519e-11
      1550.00  1.16888e-11
      1560.00  1.17405e-11
      1570.00  1.18076e-11
      1580.00  1.18910e-11
      1590.00  1.19910e-11
      1600.00  1.21079e-11
      1610.00  1.22421e-11
      1620.00  1.23935e-11
      1630.00  1.25623e-11
      1640.00  1.27486e-11
      1650.00  1.29523e-11
      1660.00  1.31732e-11
      1670.00  1.34114e-11
      1680.00  1.36665e-11
      1690.00  1.39382e-11
      1700.00  1.42258e-11
      1710.00  1.45284e-11
      1720.00  1.48446e-11
      1730.00  1.51724e-11
      1740.00  1.55091e-11
      1750.00  1.58508e-11
      1760.00  1.61929e-11
      1770.00  1.65293e-11
      1780.00  1.68531e-11
      1790.00  1.71568e-11
      1800.00  1.74325e-11
      1810.00  1.76729e-11
      1820.00  1.78723e-11
      1830.00  1.80275e-11
      1840.00  1.81388e-11
      1850.00  1.82109e-11
      1860.00  1.82533e-11
      1870.00  1.82801e-11
      1880.00  1.83094e-11
      1890.00  1.83619e-11
      1900.00  1.84593e-11
      1910.00  1.86223e-11
      1920.00  1.88690e-11
      1930.00  1.92132e-11
      1940.00  1.96638e-11
      1950.00  2.02241e-11
      1960.00  2.08932e-11
      1970.00  2.16659e-11
      1980.00  2.25345e-11
      1990.00  2.34898e-11
      2000.00  2.45220e-11
      2010.00  2.56211e-11
      2020.00  2.67770e-11
      2030.00  2.79790e-11
      2040.00  2.92148e-11
      2050.00  3.04703e-11
      2060.00  3.17280e-11
      2070.00  3.29671e-11
      2080.00  3.41632e-11
      2090.00  3.52882e-11
      2100.00  3.63115e-11
      2110.00  3.72009e-11
      2120.00  3.79250e-11
      2130.00  3.84554e-11
      2140.00  3.87692e-11
      2150.00  3.88521e-11
      2160.00  3.87009e-11
      2170.00  3.83248e-11
      2180.00  3.77464e-11
      2190.00  3.70002e-11
      2200.00  3.61306e-11
      2210.00  3.51884e-11
      2220.00  3.42260e-11
      2230.00  3.32932e-11
      2240.00  3.24336e-11
      2250.00  3.16811e-11
      2260.00  3.10589e-11
      2270.00  3.05796e-11
      2280.00  3.02459e-11
      2290.00  3.00530e-11
      2300.00  2.99906e-11
      2310.00  3.00455e-11
      2320.00  3.02029e-11
      2330.00  3.04479e-11
      2340.00  3.07653e-11
      2350.00  3.11398e-11
      2360.00  3.15559e-11
      2370.00  3.19973e-11
      2380.00  3.24471e-11
      2390.00  3.28886e-11
      2400.00  3.33065e-11
      2410.00  3.36876e-11
      2420.00  3.40225e-11
      2430.00  3.43064e-11
      2440.00  3.45389e-11
      2450.00  3.47234e-11
      2460.00  3.48658e-11
      2470.00  3.49725e-11
      2480.00  3.50484e-11
      2490.00  3.50956e-11
      2500.00  3.51122e-11
      2510.00  3.50929e-11
      2520.00  3.50299e-11
      2530.00  3.49152e-11
      2540.00  3.47425e-11
      2550.00  3.45093e-11
      2560.00  3.42184e-11
      2570.00  3.38779e-11
      2580.00  3.35012e-11
      2590.00  3.31051e-11
      2600.00  3.27080e-11
      2610.00  3.23281e-11
      2620.00  3.19816e-11
      2630.00  3.16815e-11
      2640.00  3.14369e-11
      2650.00  3.12571e-11
      2660.00  3.13586e-11
      2670.00  3.37680e-11
      2680.00  4.03386e-11
      2690.00  4.69612e-11
      2700.00  5.14484e-11
      2710.00  5.39350e-11
      2720.00  5.75297e-11
      2730.00  6.26469e-11
      2740.00  6.69366e-11
      2750.00  6.87727e-11
      2760.00  6.85760e-11
      2770.00  6.87694e-11
      2780.00  6.99530e-11
      2790.00  7.11012e-11
      2800.00  7.39274e-11
      2810.00  7.79250e-11
      2820.00  7.98298e-11
      2830.00  7.94385e-11
      2840.00  7.90830e-11
      2850.00  8.33086e-11
      2860.00  9.63159e-11
      2870.00  1.14342e-10
      2880.00  1.26989e-10
      2890.00  1.31017e-10
      2900.00  1.36958e-10
      2910.00  1.47642e-10
      2920.00  1.55830e-10
      2930.00  1.58441e-10
      2940.00  1.57704e-10
      2950.00  1.53934e-10
      2960.00  1.47184e-10
      2970.00  1.39669e-10
      2980.00  1.33741e-10
      2990.00  1.26061e-10
      3000.00  1.12460e-10
      3010.00  1.00283e-10
      3020.00  9.61573e-11
      3030.00  9.76137e-11
      3040.00  9.99335e-11
      3050.00  1.04610e-10
      3060.00  1.12679e-10
      3070.00  1.16225e-10
      3080.00  1.13628e-10
      3090.00  1.13822e-10
      3100.00  1.20211e-10
      3110.00  1.28252e-10
      3120.00  1.35425e-10
      3130.00  1.45244e-10
      3140.00  1.56696e-10
      3150.00  1.60563e-10
      3160.00  1.53384e-10
      3170.00  1.41323e-10
      3180.00  1.32309e-10
      3190.00  1.35283e-10
      3200.00  1.57696e-10
      3210.00  1.91092e-10
      3220.00  2.09800e-10
      3230.00  2.02811e-10
      3240.00  1.83365e-10
      3250.00  1.66947e-10
      3260.00  1.59812e-10
      3270.00  1.61080e-10
      3280.00  1.64972e-10
      3290.00  1.65128e-10
      3300.00  1.63198e-10
      3310.00  1.65574e-10
      3320.00  1.70159e-10
      3330.00  1.73711e-10
      3340.00  1.75037e-10
      3350.00  1.74729e-10
      3360.00  1.75891e-10
      3370.00  1.80673e-10
      3380.00  1.89805e-10
      3390.00  2.02275e-10
      3400.00  2.15195e-10
      3410.00  2.24850e-10
      3420.00  2.29861e-10
      3430.00  2.31438e-10
      3440.00  2.32417e-10
      3450.00  2.35468e-10
      3460.00  2.41578e-10
      3470.00  2.50732e-10
      3480.00  2.62827e-10
      3490.00  2.78412e-10
      3500.00  2.96752e-10
      3510.00  3.16403e-10
      3520.00  3.36558e-10
      3530.00  3.55115e-10
      3540.00  3.70161e-10
      3550.00  3.82445e-10
      3560.00  3.93438e-10
      3570.00  4.03422e-10
      3580.00  4.11536e-10
      3590.00  4.16960e-10
      3600.00  4.19100e-10
      3610.00  4.18033e-10
      3620.00  4.19526e-10
      3630.00  4.32337e-10
      3640.00  4.56873e-10
      3650.00  4.86952e-10
      3660.00  5.16035e-10
      3670.00  5.38116e-10
      3680.00  5.48085e-10
      3690.00  5.43195e-10
      3700.00  5.24251e-10
      3710.00  4.95320e-10
      3720.00  4.61910e-10
      3730.00  4.28105e-10
      3740.00  3.94978e-10
      3750.00  3.62376e-10
      3760.00  3.31655e-10
      3770.00  3.05993e-10
      3780.00  2.89076e-10
      3790.00  2.84137e-10
      3800.00  2.93335e-10
      3810.00  3.17503e-10
      3820.00  3.56204e-10
      3830.00  4.07617e-10
      3840.00  4.68818e-10
      3850.00  5.36360e-10
      3860.00  6.06172e-10
      3870.00  6.73604e-10
      3880.00  7.34856e-10
      3890.00  7.88431e-10
      3900.00  8.34849e-10
      3910.00  8.75492e-10
      3920.00  9.11908e-10
      3930.00  9.45127e-10
      3940.00  9.74006e-10
      3950.00  9.94133e-10
      3960.00  9.99898e-10
      3970.00  9.88382e-10
      3980.00  9.60942e-10
      3990.00  9.22124e-10
      4000.00  8.78270e-10
      4010.00  8.36204e-10
      4020.00  8.01307e-10
      4030.00  7.75706e-10
      4040.00  7.58042e-10
      4050.00  7.44950e-10
      4060.00  7.32994e-10
      4070.00  7.20077e-10
      4080.00  7.06065e-10
      4090.00  6.92334e-10
      4100.00  6.80493e-10
      4110.00  6.71505e-10
      4120.00  6.65796e-10
      4130.00  6.63842e-10
      4140.00  6.66433e-10
      4150.00  6.74189e-10
      4160.00  6.86528e-10
      4170.00  7.01071e-10
      4180.00  7.14515e-10
      4190.00  7.24559e-10
      4200.00  7.30928e-10
      4210.00  7.34639e-10
      4220.00  7.36931e-10
      4230.00  7.39117e-10
      4240.00  7.42791e-10
      4250.00  7.49529e-10
      4260.00  7.60243e-10
      4270.00  7.74667e-10
      4280.00  7.91146e-10
      4290.00  8.06666e-10
      4300.00  8.17241e-10
      4310.00  8.18730e-10
      4320.00  8.08018e-10
      4330.00  7.84259e-10
      4340.00  7.49440e-10
      4350.00  7.07634e-10
      4360.00  6.63466e-10
      4370.00  6.20912e-10
      4380.00  5.82882e-10
      4390.00  5.51332e-10
      4400.00  5.27514e-10
      4410.00  5.12174e-10
      4420.00  5.05591e-10
      4430.00  5.07490e-10
      4440.00  5.17072e-10
      4450.00  5.33431e-10
      4460.00  5.56180e-10
      4470.00  5.85758e-10
      4480.00  6.23314e-10
      4490.00  6.70499e-10
      4500.00  7.29183e-10
      4510.00  8.00726e-10
      4520.00  8.84938e-10
      4530.00  9.79525e-10
      4540.00  1.08030e-09
      4550.00  1.18171e-09
      4560.00  1.27782e-09
      4570.00  1.36369e-09
      4580.00  1.43636e-09
      4590.00  1.49430e-09
      4600.00  1.53560e-09
      4610.00  1.55677e-09
      4620.00  1.55320e-09
      4630.00  1.52050e-09
      4640.00  1.45612e-09
      4650.00  1.36244e-09
      4660.00  1.24987e-09
      4670.00  1.13369e-09
      4680.00  1.02562e-09
      4690.00  9.31066e-10
      4700.00  8.51922e-10
      4710.00  7.88673e-10
      4720.00  7.41212e-10
      4730.00  7.09306e-10
      4740.00  6.92778e-10
      4750.00  6.91340e-10
      4760.00  7.03977e-10
      4770.00  7.28150e-10
      4780.00  7.59514e-10
      4790.00  7.92570e-10
      4800.00  8.22026e-10
      4810.00  8.44418e-10
      4820.00  8.59415e-10
      4830.00  8.70124e-10
      4840.00  8.82003e-10
      4850.00  9.00766e-10
      4860.00  9.30652e-10
      4870.00  9.73642e-10
      4880.00  1.02902e-09
      4890.00  1.09306e-09
      4900.00  1.15914e-09
      4910.00  1.21854e-09
      4920.00  1.26206e-09
      4930.00  1.28226e-09
      4940.00  1.27543e-09
      4950.00  1.24247e-09
      4960.00  1.18841e-09
      4970.00  1.12100e-09
      4980.00  1.04878e-09
      4990.00  9.79172e-10
      5000.00  9.17116e-10
      5010.00  8.64796e-10
      5020.00  8.22304e-10
      5030.00  7.88630e-10
      5040.00  7.62269e-10
      5050.00  7.41544e-10
      5060.00  7.24937e-10
      5070.00  7.11402e-10
      5080.00  7.00519e-10
      5090.00  6.92442e-10
      5100.00  6.87726e-10
      5110.00  6.87123e-10
      5120.00  6.91436e-10
      5130.00  7.01413e-10
      5140.00  7.17641e-10
      5150.00  7.40507e-10
      5160.00  7.70221e-10
      5170.00  8.06831e-10
      5180.00  8.50069e-10
      5190.00  8.99101e-10
      5200.00  9.52424e-10
      5210.00  1.00808e-09
      5220.00  1.06418e-09
      5230.00  1.11936e-09
      5240.00  1.17276e-09
      5250.00  1.22355e-09
      5260.00  1.27040e-09
      5270.00  1.31130e-09
      5280.00  1.34392e-09
      5290.00  1.36644e-09
      5300.00  1.37823e-09
      5310.00  1.38039e-09
      5320.00  1.37574e-09
      5330.00  1.36844e-09
      5340.00  1.36321e-09
      5350.00  1.36443e-09
      5360.00  1.37526e-09
      5370.00  1.39709e-09
      5380.00  1.42959e-09
      5390.00  1.47115e-09
      5400.00  1.51953e-09
      5410.00  1.57231e-09
      5420.00  1.62707e-09
      5430.00  1.68135e-09
      5440.00  1.73275e-09
      5450.00  1.77905e-09
      5460.00  1.81857e-09
      5470.00  1.85035e-09
      5480.00  1.87418e-09
      5490.00  1.89040e-09
      5500.00  1.89934e-09
      5510.00  1.90082e-09
      5520.00  1.89438e-09
      5530.00  1.87997e-09
      5540.00  1.85803e-09
      5550.00  1.82907e-09
      5560.00  1.79343e-09
      5570.00  1.75162e-09
      5580.00  1.70437e-09
      5590.00  1.65242e-09
      5600.00  1.59640e-09
      5610.00  1.53694e-09
      5620.00  1.47487e-09
      5630.00  1.41138e-09
      5640.00  1.34799e-09
      5650.00  1.28642e-09
      5660.00  1.22850e-09
      5670.00  1.17606e-09
      5680.00  1.13099e-09
      5690.00  1.09513e-09
      5700.00  1.07020e-09
      5710.00  1.05748e-09
      5720.00  1.05745e-09
      5730.00  1.06959e-09
      5740.00  1.09249e-09
      5750.00  1.12424e-09
      5760.00  1.16289e-09
      5770.00  1.20662e-09
      5780.00  1.25369e-09
      5790.00  1.30218e-09
      5800.00  1.34988e-09
      5810.00  1.39436e-09
      5820.00  1.43328e-09
      5830.00  1.46472e-09
      5840.00  1.48727e-09
      5850.00  1.50006e-09
      5860.00  1.50256e-09
      5870.00  1.49471e-09
      5880.00  1.47682e-09
      5890.00  1.44953e-09
      5900.00  1.41353e-09
      5910.00  1.36954e-09
      5920.00  1.31859e-09
      5930.00  1.26255e-09
      5940.00  1.20430e-09
      5950.00  1.14739e-09
      5960.00  1.09511e-09
      5970.00  1.04965e-09
      5980.00  1.01174e-09
      5990.00  9.80779e-10
      6000.00  9.55459e-10
      6010.00  9.34416e-10
      6020.00  9.16713e-10
      6030.00  9.01916e-10
      6040.00  8.89803e-10
      6050.00  8.79909e-10
      6060.00  8.71217e-10
      6070.00  8.62200e-10
      6080.00  8.51232e-10
      6090.00  8.37162e-10
      6100.00  8.19793e-10
      6110.00  8.00089e-10
      6120.00  7.80051e-10
      6130.00  7.62300e-10
      6140.00  7.49456e-10
      6150.00  7.43449e-10
      6160.00  7.44961e-10
      6170.00  7.53204e-10
      6180.00  7.66152e-10
      6190.00  7.81132e-10
      6200.00  7.95586e-10
      6210.00  8.07724e-10
      6220.00  8.16902e-10
      6230.00  8.23629e-10
      6240.00  8.29274e-10
      6250.00  8.35608e-10
      6260.00  8.44362e-10
      6270.00  8.56938e-10
      6280.00  8.74271e-10
      6290.00  8.96797e-10
      6300.00  9.24451e-10
      6310.00  9.56713e-10
      6320.00  9.92743e-10
      6330.00  1.03161e-09
      6340.00  1.07245e-09
      6350.00  1.11460e-09
      6360.00  1.15747e-09
      6370.00  1.20056e-09
      6380.00  1.24328e-09
      6390.00  1.28492e-09
      6400.00  1.32472e-09
      6410.00  1.36189e-09
      6420.00  1.39579e-09
      6430.00  1.42593e-09
      6440.00  1.45204e-09
      6450.00  1.47406e-09
      6460.00  1.49206e-09
      6470.00  1.50617e-09
      6480.00  1.51649e-09
      6490.00  1.52302e-09
      6500.00  1.52564e-09
      6510.00  1.52413e-09
      6520.00  1.51828e-09
      6530.00  1.50794e-09
      6540.00  1.49303e-09
      6550.00  1.47355e-09
      6560.00  1.44950e-09
      6570.00  1.42092e-09
      6580.00  1.38786e-09
      6590.00  1.35045e-09
      6600.00  1.30903e-09
      6610.00  1.26412e-09
      6620.00  1.21653e-09
      6630.00  1.16727e-09
      6640.00  1.11749e-09
      6650.00  1.06838e-09
      6660.00  1.02106e-09
      6670.00  9.76458e-10
      6680.00  9.35244e-10
      6690.00  8.97821e-10
      6700.00  8.64318e-10
      6710.00  8.34623e-10
      6720.00  8.08427e-10
      6730.00  7.85288e-10
      6740.00  7.64727e-10
      6750.00  7.46320e-10
      6760.00  7.29763e-10
      6770.00  7.14885e-10
      6780.00  7.01634e-10
      6790.00  6.90031e-10
      6800.00  6.80118e-10
      6810.00  6.71895e-10
      6820.00  6.65290e-10
      6830.00  6.60151e-10
      6840.00  6.56256e-10
      6850.00  6.53320e-10
      6860.00  6.51020e-10
      6870.00  6.49023e-10
      6880.00  6.47021e-10
      6890.00  6.44765e-10
      6900.00  6.42079e-10
      6910.00  6.38861e-10
      6920.00  6.35057e-10
      6930.00  6.30637e-10
      6940.00  6.25569e-10
      6950.00  6.19835e-10
      6960.00  6.13454e-10
      6970.00  6.06521e-10
      6980.00  5.99211e-10
      6990.00  5.91750e-10
      7000.00  5.84374e-10
      7010.00  5.77307e-10
      7020.00  5.70750e-10
      7030.00  5.64898e-10
      7040.00  5.59965e-10
      7050.00  5.56179e-10
      7060.00  5.53777e-10
      7070.00  5.52961e-10
      7080.00  5.53865e-10
      7090.00  5.56514e-10
      7100.00  5.60815e-10
      7110.00  5.66573e-10
      7120.00  5.73514e-10
      7130.00  5.81314e-10
      7140.00  5.89623e-10
      7150.00  5.98068e-10
      7160.00  6.06274e-10
      7170.00  6.13890e-10
      7180.00  6.20632e-10
      7190.00  6.26310e-10
      7200.00  6.30840e-10
      7210.00  6.34251e-10
      7220.00  6.36690e-10
      7230.00  6.38427e-10
      7240.00  6.39819e-10
      7250.00  6.41259e-10
      7260.00  6.43110e-10
      7270.00  6.45670e-10
      7280.00  6.49170e-10
      7290.00  6.53769e-10
      7300.00  6.59553e-10
      7310.00  6.66520e-10
      7320.00  6.74566e-10
      7330.00  6.83492e-10
      7340.00  6.93018e-10
      7350.00  7.02801e-10
      7360.00  7.12442e-10
      7370.00  7.21480e-10
      7380.00  7.29391e-10
      7390.00  7.35600e-10
      7400.00  7.39531e-10
      7410.00  7.40675e-10
      7420.00  7.38666e-10
      7430.00  7.33374e-10
      7440.00  7.24972e-10
      7450.00  7.13950e-10
      7460.00  7.01075e-10
      7470.00  6.87301e-10
      7480.00  6.73651e-10
      7490.00  6.61084e-10
      7500.00  6.50390e-10
      7510.00  6.42099e-10
      7520.00  6.36449e-10
      7530.00  6.33449e-10
      7540.00  6.33043e-10
      7550.00  6.35285e-10
      7560.00  6.40372e-10
      7570.00  6.48462e-10
      7580.00  6.59416e-10
      7590.00  6.72675e-10
      7600.00  6.87356e-10
      7610.00  7.02486e-10
      7620.00  7.17205e-10
      7630.00  7.30855e-10
      7640.00  7.42991e-10
      7650.00  7.53346e-10
      7660.00  7.61790e-10
      7670.00  7.68304e-10
      7680.00  7.72946e-10
      7690.00  7.75832e-10
      7700.00  7.77106e-10
      7710.00  7.76926e-10
      7720.00  7.75443e-10
      7730.00  7.72794e-10
      7740.00  7.69100e-10
      7750.00  7.64471e-10
      7760.00  7.59007e-10
      7770.00  7.52803e-10
      7780.00  7.45949e-10
      7790.00  7.38513e-10
      7800.00  7.30535e-10
      7810.00  7.22020e-10
      7820.00  7.12943e-10
      7830.00  7.03272e-10
      7840.00  6.92988e-10
      7850.00  6.82091e-10
      7860.00  6.70597e-10
      7870.00  6.58527e-10
      7880.00  6.45900e-10
      7890.00  6.32737e-10
      7900.00  6.19082e-10
      7910.00  6.05021e-10
      7920.00  5.90685e-10
      7930.00  5.76225e-10
      7940.00  5.61764e-10
      7950.00  5.47347e-10
      7960.00  5.32947e-10
      7970.00  5.18526e-10
      7980.00  5.04139e-10
      7990.00  4.89960e-10
      8000.00  4.76220e-10
      8010.00  4.63093e-10
      8020.00  4.50606e-10
      8030.00  4.38639e-10
      8040.00  4.26985e-10
      8050.00  4.15399e-10
      8060.00  4.03619e-10
      8070.00  3.91360e-10
      8080.00  3.78332e-10
      8090.00  3.64269e-10
      8100.00  3.48981e-10
      8110.00  3.32395e-10
      8120.00  3.14589e-10
      8130.00  2.95798e-10
      8140.00  2.76406e-10
      8150.00  2.56915e-10
      8160.00  2.37906e-10
      8170.00  2.19993e-10
      8180.00  2.03771e-10
      8190.00  1.89761e-10
      8200.00  1.78366e-10
      8210.00  1.69832e-10
      8220.00  1.64231e-10
      8230.00  1.61466e-10
      8240.00  1.61298e-10
      8250.00  1.63390e-10
      8260.00  1.67357e-10
      8270.00  1.72811e-10
      8280.00  1.79397e-10
      8290.00  1.86820e-10
      8300.00  1.94863e-10
      8310.00  2.03405e-10
      8320.00  2.12437e-10
      8330.00  2.22067e-10
      8340.00  2.32521e-10
      8350.00  2.44118e-10
      8360.00  2.57229e-10
      8370.00  2.72228e-10
      8380.00  2.89428e-10
      8390.00  3.09024e-10
      8400.00  3.31046e-10
      8410.00  3.55331e-10
      8420.00  3.81549e-10
      8430.00  4.09268e-10
      8440.00  4.38034e-10
      8450.00  4.67442e-10
      8460.00  4.97179e-10
      8470.00  5.27009e-10
      8480.00  5.56721e-10
      8490.00  5.86065e-10
      8500.00  6.14715e-10
      8510.00  6.42289e-10
      8520.00  6.68413e-10
      8530.00  6.92798e-10
      8540.00  7.15295e-10
      8550.00  7.35898e-10
      8560.00  7.54709e-10
      8570.00  7.71888e-10
      8580.00  7.87621e-10
      8590.00  8.02131e-10
      8600.00  8.15702e-10
      8610.00  8.28676e-10
      8620.00  8.41402e-10
      8630.00  8.54149e-10
      8640.00  8.67041e-10
      8650.00  8.80039e-10
      8660.00  8.92979e-10
      8670.00  9.05620e-10
      8680.00  9.17695e-10
      8690.00  9.28941e-10
      8700.00  9.39116e-10
      8710.00  9.48034e-10
      8720.00  9.55559e-10
      8730.00  9.61583e-10
      8740.00  9.66023e-10
      8750.00  9.68816e-10
      8760.00  9.69923e-10
      8770.00  9.69327e-10
      8780.00  9.67032e-10
      8790.00  9.63068e-10
      8800.00  9.57479e-10
      8810.00  9.50334e-10
      8820.00  9.41722e-10
      8830.00  9.31756e-10
      8840.00  9.20571e-10
      8850.00  9.08313e-10
      8860.00  8.95135e-10
      8870.00  8.81180e-10
      8880.00  8.66585e-10
      8890.00  8.51470e-10
      8900.00  8.35950e-10
      8910.00  8.20138e-10
      8920.00  8.04732e-10
      8930.00  7.89471e-10
      8940.00  7.74306e-10
      8950.00  7.59407e-10
      8960.00  7.44954e-10
      8970.00  7.31132e-10
      8980.00  7.18115e-10
      8990.00  7.06053e-10
      9000.00  6.95050e-10
      9010.00  6.85156e-10
      9020.00  6.76347e-10
      9030.00  6.68534e-10
      9040.00  6.61568e-10
      9050.00  6.55264e-10
      9060.00  6.49427e-10
      9070.00  6.43870e-10
      9080.00  6.38421e-10
      9090.00  6.32919e-10
      9100.00  6.27219e-10
      9110.00  6.21199e-10
      9120.00  6.14769e-10
      9130.00  6.07901e-10
      9140.00  6.00649e-10
      9150.00  5.93164e-10
      9160.00  5.85692e-10
      9170.00  5.78525e-10
      9180.00  5.71935e-10
      9190.00  5.66089e-10
      9200.00  5.60988e-10
      9210.00  5.56451e-10
      9220.00  5.52156e-10
      9230.00  5.47707e-10
      9240.00  5.42714e-10
      9250.00  5.36877e-10
      9260.00  5.30065e-10
      9270.00  5.22371e-10
      9280.00  5.14138e-10
      9290.00  5.05912e-10
      9300.00  4.98322e-10
      9310.00  4.91907e-10
      9320.00  4.86960e-10
      9330.00  4.83473e-10
      9340.00  4.81194e-10
      9350.00  4.79765e-10
      9360.00  4.78843e-10
      9370.00  4.78170e-10
      9380.00  4.77589e-10
      9390.00  4.77010e-10
      9400.00  4.76393e-10
      9410.00  4.75714e-10
      9420.00  4.74960e-10
      9430.00  4.74120e-10
      9440.00  4.73184e-10
      9450.00  4.72142e-10
      9460.00  4.70986e-10
      9470.00  4.69708e-10
      9480.00  4.68304e-10
      9490.00  4.66769e-10
      9500.00  4.65104e-10
      9510.00  4.63311e-10
      9520.00  4.61397e-10
      9530.00  4.59371e-10
      9540.00  4.57247e-10
      9550.00  4.55043e-10
      9560.00  4.52778e-10
      9570.00  4.50479e-10
      9580.00  4.48171e-10
      9590.00  4.45884e-10
      9600.00  4.43648e-10
      9610.00  4.41496e-10
      9620.00  4.39460e-10
      9630.00  4.37569e-10
      9640.00  4.35854e-10
      9650.00  4.34340e-10
      9660.00  4.32961e-10
      9670.00  4.31769e-10
      9680.00  4.30824e-10
      9690.00  4.30133e-10
      9700.00  4.29702e-10
      9710.00  4.29530e-10
      9720.00  4.29610e-10
      9730.00  4.29930e-10
      9740.00  4.30474e-10
      9750.00  4.31221e-10
      9760.00  4.32144e-10
      9770.00  4.33216e-10
      9780.00  4.34403e-10
      9790.00  4.35673e-10
      9800.00  4.36988e-10
      9810.00  4.38314e-10
      9820.00  4.39614e-10
      9830.00  4.40852e-10
      9840.00  4.41994e-10
      9850.00  4.43006e-10
      9860.00  4.43858e-10
      9870.00  4.44520e-10
      9880.00  4.44968e-10
      9890.00  4.45177e-10
      9900.00  4.45126e-10
      9910.00  4.44799e-10
      9920.00  4.44179e-10
      9930.00  4.43255e-10
      9940.00  4.42017e-10
      9950.00  4.40459e-10
      9960.00  4.38578e-10
      9970.00  4.36374e-10
      9980.00  4.33851e-10
      9990.00  4.31014e-10
      10000.0  4.27874e-10
      10010.0  4.24444e-10
      10020.0  4.20741e-10
      10030.0  4.16785e-10
      10040.0  4.12598e-10
      10050.0  4.08206e-10
      10060.0  4.03638e-10
      10070.0  3.98922e-10
      10080.0  3.94090e-10
      10090.0  3.89176e-10
      10100.0  3.84214e-10
      10110.0  3.79239e-10
      10120.0  3.74286e-10
      10130.0  3.69391e-10
      10140.0  3.64591e-10
      10150.0  3.59920e-10
      10160.0  3.55415e-10
      10170.0  3.51109e-10
      10180.0  3.47035e-10
      10190.0  3.43222e-10
      10200.0  3.39698e-10
      10210.0  3.36485e-10
      10220.0  3.33603e-10
      10230.0  3.31064e-10
      10240.0  3.28876e-10
      10250.0  3.27040e-10
      10260.0  3.25552e-10
      10270.0  3.24401e-10
      10280.0  3.23570e-10
      10290.0  3.23038e-10
      10300.0  3.22776e-10
      10310.0  3.22755e-10
      10320.0  3.22941e-10
      10330.0  3.23299e-10
      10340.0  3.23794e-10
      10350.0  3.24387e-10
      10360.0  3.25044e-10
      10370.0  3.25728e-10
      10380.0  3.26407e-10
      10390.0  3.27047e-10
      10400.0  3.27621e-10
      10410.0  3.28099e-10
      10420.0  3.28457e-10
      10430.0  3.28672e-10
      10440.0  3.28723e-10
      10450.0  3.28594e-10
      10460.0  3.28270e-10
      10470.0  3.27739e-10
      10480.0  3.26993e-10
      10490.0  3.26025e-10
      10500.0  3.24835e-10
      10510.0  3.23422e-10
      10520.0  3.21791e-10
      10530.0  3.19947e-10
      10540.0  3.17900e-10
      10550.0  3.15661e-10
      10560.0  3.13246e-10
      10570.0  3.10669e-10
      10580.0  3.07949e-10
      10590.0  3.05104e-10
      10600.0  3.02155e-10
      10610.0  2.99123e-10
      10620.0  2.96029e-10
      10630.0  2.92895e-10
      10640.0  2.89743e-10
      10650.0  2.86593e-10
      10660.0  2.83467e-10
      10670.0  2.80384e-10
      10680.0  2.77361e-10
      10690.0  2.74417e-10
      10700.0  2.71564e-10
      10710.0  2.68817e-10
      10720.0  2.66184e-10
      10730.0  2.63674e-10
      10740.0  2.61292e-10
      10750.0  2.59040e-10
      10760.0  2.56919e-10
      10770.0  2.54925e-10
      10780.0  2.53054e-10
      10790.0  2.51298e-10
      10800.0  2.49648e-10
      10810.0  2.48091e-10
      10820.0  2.46616e-10
      10830.0  2.45208e-10
      10840.0  2.43851e-10
      10850.0  2.42531e-10
      10860.0  2.41230e-10
      10870.0  2.39933e-10
      10880.0  2.38623e-10
      10890.0  2.37286e-10
      10900.0  2.35907e-10
      10910.0  2.34474e-10
      10920.0  2.32974e-10
      10930.0  2.31399e-10
      10940.0  2.29740e-10
      10950.0  2.27993e-10
      10960.0  2.26153e-10
      10970.0  2.24220e-10
      10980.0  2.22196e-10
      10990.0  2.20084e-10
      11000.0  2.17889e-10
      11010.0  2.15619e-10
      11020.0  2.13283e-10
      11030.0  2.10891e-10
      11040.0  2.08453e-10
      11050.0  2.05980e-10
      11060.0  2.03483e-10
      11070.0  2.00972e-10
      11080.0  1.98457e-10
      11090.0  1.95945e-10
      11100.0  1.93445e-10
      11110.0  1.90962e-10
      11120.0  1.88501e-10
      11130.0  1.86066e-10
      11140.0  1.83659e-10
      11150.0  1.81283e-10
      11160.0  1.78939e-10
      11170.0  1.76629e-10
      11180.0  1.74353e-10
      11190.0  1.72114e-10
      11200.0  1.69912e-10
      11210.0  1.67750e-10
      11220.0  1.65629e-10
      11230.0  1.63554e-10
      11240.0  1.61526e-10
      11250.0  1.59550e-10
      11260.0  1.57629e-10
      11270.0  1.55766e-10
      11280.0  1.53966e-10
      11290.0  1.52231e-10
      11300.0  1.50563e-10
      11310.0  1.48966e-10
      11320.0  1.47441e-10
      11330.0  1.45988e-10
      11340.0  1.44607e-10
      11350.0  1.43297e-10
      11360.0  1.42055e-10
      11370.0  1.40879e-10
      11380.0  1.39764e-10
      11390.0  1.38706e-10
      11400.0  1.37700e-10
      11410.0  1.36738e-10
      11420.0  1.35815e-10
      11430.0  1.34923e-10
      11440.0  1.34054e-10
      11450.0  1.33201e-10
      11460.0  1.32357e-10
      11470.0  1.31513e-10
      11480.0  1.30662e-10
      11490.0  1.29797e-10
      11500.0  1.28911e-10
      11510.0  1.27997e-10
      11520.0  1.27050e-10
      11530.0  1.26063e-10
      11540.0  1.25033e-10
      11550.0  1.23954e-10
      11560.0  1.22824e-10
      11570.0  1.21640e-10
      11580.0  1.20401e-10
      11590.0  1.19105e-10
      11600.0  1.17752e-10
      11610.0  1.16344e-10
      11620.0  1.14881e-10
      11630.0  1.13368e-10
      11640.0  1.11807e-10
      11650.0  1.10203e-10
      11660.0  1.08562e-10
      11670.0  1.06888e-10
      11680.0  1.05189e-10
      11690.0  1.03471e-10
      11700.0  1.01741e-10
      11710.0  1.00008e-10
      11720.0  9.82777e-11
      11730.0  9.65586e-11
      11740.0  9.48577e-11
      11750.0  9.31817e-11
      11760.0  9.15372e-11
      11770.0  8.99298e-11
      11780.0  8.83647e-11
      11790.0  8.68462e-11
      11800.0  8.53780e-11
      11810.0  8.39627e-11
      11820.0  8.26024e-11
      11830.0  8.12979e-11
      11840.0  8.00497e-11
      11850.0  7.88573e-11
      11860.0  7.77194e-11
      11870.0  7.66344e-11
      11880.0  7.56000e-11
      11890.0  7.46134e-11
      11900.0  7.36715e-11
      11910.0  7.27711e-11
      11920.0  7.19085e-11
      11930.0  7.10802e-11
      11940.0  7.02825e-11
      11950.0  6.95118e-11
      11960.0  6.87647e-11
      11970.0  6.80378e-11
      11980.0  6.73280e-11
      11990.0  6.66324e-11
      12000.0  6.59485e-11
      12010.0  6.52738e-11
      12020.0  6.46065e-11
      12030.0  6.39447e-11
      12040.0  6.32872e-11
      12050.0  6.26328e-11
      12060.0  6.19808e-11
      12070.0  6.13308e-11
      12080.0  6.06826e-11
      12090.0  6.00364e-11
      12100.0  5.93925e-11
      12110.0  5.87518e-11
      12120.0  5.81151e-11
      12130.0  5.74835e-11
      12140.0  5.68586e-11
      12150.0  5.62419e-11
      12160.0  5.56354e-11
      12170.0  5.50410e-11
      12180.0  5.44610e-11
      12190.0  5.38979e-11
      12200.0  5.33543e-11
      12210.0  5.28329e-11
      12220.0  5.23366e-11
      12230.0  5.18684e-11
      12240.0  5.14313e-11
      12250.0  5.10283e-11
      12260.0  5.06623e-11
      12270.0  5.03363e-11
      12280.0  5.00529e-11
      12290.0  4.98147e-11
      12300.0  4.96237e-11
      12310.0  4.94819e-11
      12320.0  4.93907e-11
      12330.0  4.93510e-11
      12340.0  4.93634e-11
      12350.0  4.94278e-11
      12360.0  4.95436e-11
      12370.0  4.97099e-11
      12380.0  4.99249e-11
      12390.0  5.01867e-11
      12400.0  5.04926e-11
      12410.0  5.08399e-11
      12420.0  5.12253e-11
      12430.0  5.16452e-11
      12440.0  5.20961e-11
      12450.0  5.25740e-11
      12460.0  5.30751e-11
      12470.0  5.35955e-11
      12480.0  5.41313e-11
      12490.0  5.46787e-11
      12500.0  5.52341e-11
      12510.0  5.57938e-11
      12520.0  5.63544e-11
      12530.0  5.69128e-11
      12540.0  5.74659e-11
      12550.0  5.80107e-11
      12560.0  5.85445e-11
      12570.0  5.90649e-11
      12580.0  5.95693e-11
      12590.0  6.00556e-11
      12600.0  6.05217e-11
      12610.0  6.09658e-11
      12620.0  6.13860e-11
      12630.0  6.17809e-11
      12640.0  6.21490e-11
      12650.0  6.24892e-11
      12660.0  6.28005e-11
      12670.0  6.30820e-11
      12680.0  6.33331e-11
      12690.0  6.35534e-11
      12700.0  6.37427e-11
      12710.0  6.39008e-11
      12720.0  6.40280e-11
      12730.0  6.41245e-11
      12740.0  6.41908e-11
      12750.0  6.42276e-11
      12760.0  6.42356e-11
      12770.0  6.42159e-11
      12780.0  6.41694e-11
      12790.0  6.40974e-11
      12800.0  6.40013e-11
      12810.0  6.38823e-11
      12820.0  6.37419e-11
      12830.0  6.35817e-11
      12840.0  6.34032e-11
      12850.0  6.32080e-11
      12860.0  6.29977e-11
      12870.0  6.27738e-11
      12880.0  6.25378e-11
      12890.0  6.22912e-11
      12900.0  6.20353e-11
      12910.0  6.17714e-11
      12920.0  6.15005e-11
      12930.0  6.12238e-11
      12940.0  6.09421e-11
      12950.0  6.06560e-11
      12960.0  6.03660e-11
      12970.0  6.00726e-11
      12980.0  5.97760e-11
      12990.0  5.94761e-11
      13000.0  5.91729e-11
      13010.0  5.88661e-11
      13020.0  5.85555e-11
      13030.0  5.82405e-11
      13040.0  5.79206e-11
      13050.0  5.75954e-11
      13060.0  5.72642e-11
      13070.0  5.69266e-11
      13080.0  5.65820e-11
      13090.0  5.62301e-11
      13100.0  5.58707e-11
      13110.0  5.55035e-11
      13120.0  5.51288e-11
      13130.0  5.47467e-11
      13140.0  5.43576e-11
      13150.0  5.39623e-11
      13160.0  5.35616e-11
      13170.0  5.31567e-11
      13180.0  5.27487e-11
      13190.0  5.23391e-11
      13200.0  5.19296e-11
      13210.0  5.15218e-11
      13220.0  5.11176e-11
      13230.0  5.07187e-11
      13240.0  5.03269e-11
      13250.0  4.99441e-11
      13260.0  4.95720e-11
      13270.0  4.92120e-11
      13280.0  4.88657e-11
      13290.0  4.85341e-11
      13300.0  4.82183e-11
      13310.0  4.79191e-11
      13320.0  4.76368e-11
      13330.0  4.73718e-11
      13340.0  4.71239e-11
      13350.0  4.68929e-11
      13360.0  4.66782e-11
      13370.0  4.64788e-11
      13380.0  4.62938e-11
      13390.0  4.61219e-11
      13400.0  4.59616e-11
      13410.0  4.58114e-11
      13420.0  4.56695e-11
      13430.0  4.55342e-11
      13440.0  4.54035e-11
      13450.0  4.52757e-11
      13460.0  4.51490e-11
      13470.0  4.50215e-11
      13480.0  4.48916e-11
      13490.0  4.47579e-11
      13500.0  4.46188e-11
      13510.0  4.44732e-11
      13520.0  4.43200e-11
      13530.0  4.41585e-11
      13540.0  4.39881e-11
      13550.0  4.38083e-11
      13560.0  4.36189e-11
      13570.0  4.34200e-11
      13580.0  4.32119e-11
      13590.0  4.29948e-11
      13600.0  4.27693e-11
      13610.0  4.25362e-11
      13620.0  4.22963e-11
      13630.0  4.20504e-11
      13640.0  4.17996e-11
      13650.0  4.15450e-11
      13660.0  4.12875e-11
      13670.0  4.10283e-11
      13680.0  4.07684e-11
      13690.0  4.05089e-11
      13700.0  4.02509e-11
      13710.0  3.99952e-11
      13720.0  3.97428e-11
      13730.0  3.94944e-11
      13740.0  3.92507e-11
      13750.0  3.90123e-11
      13760.0  3.87796e-11
      13770.0  3.85529e-11
      13780.0  3.83326e-11
      13790.0  3.81185e-11
      13800.0  3.79108e-11
      13810.0  3.77091e-11
      13820.0  3.75132e-11
      13830.0  3.73226e-11
      13840.0  3.71368e-11
      13850.0  3.69553e-11
      13860.0  3.67773e-11
      13870.0  3.66021e-11
      13880.0  3.64288e-11
      13890.0  3.62569e-11
      13900.0  3.60853e-11
      13910.0  3.59135e-11
      13920.0  3.57406e-11
      13930.0  3.55662e-11
      13940.0  3.53897e-11
      13950.0  3.52106e-11
      13960.0  3.50288e-11
      13970.0  3.48440e-11
      13980.0  3.46563e-11
      13990.0  3.44659e-11
      14000.0  3.42730e-11
      14010.0  3.40782e-11
      14020.0  3.38819e-11
      14030.0  3.36850e-11
      14040.0  3.34883e-11
      14050.0  3.32927e-11
      14060.0  3.30993e-11
      14070.0  3.29091e-11
      14080.0  3.27231e-11
      14090.0  3.25424e-11
      14100.0  3.23682e-11
      14110.0  3.22014e-11
      14120.0  3.20430e-11
      14130.0  3.18939e-11
      14140.0  3.17548e-11
      14150.0  3.16264e-11
      14160.0  3.15094e-11
      14170.0  3.14040e-11
      14180.0  3.13109e-11
      14190.0  3.12300e-11
      14200.0  3.11618e-11
      14210.0  3.11061e-11
      14220.0  3.10630e-11
      14230.0  3.10325e-11
      14240.0  3.10144e-11
      14250.0  3.10086e-11
      14260.0  3.10150e-11
      14270.0  3.10333e-11
      14280.0  3.10634e-11
      14290.0  3.11051e-11
      14300.0  3.11581e-11
      14310.0  3.12223e-11
      14320.0  3.12973e-11
      14330.0  3.13830e-11
      14340.0  3.14791e-11
      14350.0  3.15851e-11
      14360.0  3.17009e-11
      14370.0  3.18259e-11
      14380.0  3.19597e-11
      14390.0  3.21017e-11
      14400.0  3.22513e-11
      14410.0  3.24078e-11
      14420.0  3.25705e-11
      14430.0  3.27385e-11
      14440.0  3.29109e-11
      14450.0  3.30869e-11
      14460.0  3.32654e-11
      14470.0  3.34457e-11
      14480.0  3.36267e-11
      14490.0  3.38075e-11
      14500.0  3.39874e-11
      14510.0  3.41657e-11
      14520.0  3.43417e-11
      14530.0  3.45149e-11
      14540.0  3.46849e-11
      14550.0  3.48517e-11
      14560.0  3.50152e-11
      14570.0  3.51754e-11
      14580.0  3.53328e-11
      14590.0  3.54879e-11
      14600.0  3.56412e-11
      14610.0  3.57935e-11
      14620.0  3.59458e-11
      14630.0  3.60991e-11
      14640.0  3.62544e-11
      14650.0  3.64128e-11
      14660.0  3.65756e-11
      14670.0  3.67438e-11
      14680.0  3.69187e-11
      14690.0  3.71011e-11
      14700.0  3.72922e-11
      14710.0  3.74928e-11
      14720.0  3.77038e-11
      14730.0  3.79257e-11
      14740.0  3.81590e-11
      14750.0  3.84044e-11
      14760.0  3.86618e-11
      14770.0  3.89316e-11
      14780.0  3.92137e-11
      14790.0  3.95080e-11
      14800.0  3.98143e-11
      14810.0  4.01322e-11
      14820.0  4.04615e-11
      14830.0  4.08016e-11
      14840.0  4.11520e-11
      14850.0  4.15121e-11
      14860.0  4.18814e-11
      14870.0  4.22593e-11
      14880.0  4.26451e-11
      14890.0  4.30383e-11
      14900.0  4.34382e-11
      14910.0  4.38443e-11
      14920.0  4.42562e-11
      14930.0  4.46732e-11
      14940.0  4.50950e-11
      14950.0  4.55212e-11
      14960.0  4.59514e-11
      14970.0  4.63854e-11
      14980.0  4.68229e-11
      14990.0  4.72637e-11
      15000.0  4.77078e-11
      15010.0  4.81550e-11
      15020.0  4.86053e-11
      15030.0  4.90586e-11
      15040.0  4.95150e-11
      15050.0  4.99745e-11
      15060.0  5.04371e-11
      15070.0  5.09027e-11
      15080.0  5.13714e-11
      15090.0  5.18432e-11
      15100.0  5.23179e-11
      15110.0  5.27953e-11
      15120.0  5.32754e-11
      15130.0  5.37578e-11
      15140.0  5.42422e-11
      15150.0  5.47283e-11
      15160.0  5.52156e-11
      15170.0  5.57035e-11
      15180.0  5.61916e-11
      15190.0  5.66793e-11
      15200.0  5.71659e-11
      15210.0  5.76507e-11
      15220.0  5.81331e-11
      15230.0  5.86125e-11
      15240.0  5.90881e-11
      15250.0  5.95594e-11
      15260.0  6.00257e-11
      15270.0  6.04865e-11
      15280.0  6.09413e-11
      15290.0  6.13897e-11
      15300.0  6.18311e-11
      15310.0  6.22653e-11
      15320.0  6.26920e-11
      15330.0  6.31110e-11
      15340.0  6.35221e-11
      15350.0  6.39252e-11
      15360.0  6.43202e-11
      15370.0  6.47071e-11
      15380.0  6.50859e-11
      15390.0  6.54566e-11
      15400.0  6.58193e-11
      15410.0  6.61741e-11
      15420.0  6.65212e-11
      15430.0  6.68608e-11
      15440.0  6.71929e-11
      15450.0  6.75179e-11
      15460.0  6.78359e-11
      15470.0  6.81473e-11
      15480.0  6.84522e-11
      15490.0  6.87510e-11
      15500.0  6.90440e-11
      15510.0  6.93316e-11
      15520.0  6.96140e-11
      15530.0  6.98916e-11
      15540.0  7.01648e-11
      15550.0  7.04338e-11
      15560.0  7.06990e-11
      15570.0  7.09606e-11
      15580.0  7.12189e-11
      15590.0  7.14741e-11
      15600.0  7.17264e-11
      15610.0  7.19758e-11
      15620.0  7.22224e-11
      15630.0  7.24662e-11
      15640.0  7.27071e-11
      15650.0  7.29451e-11
      15660.0  7.31799e-11
      15670.0  7.34113e-11
      15680.0  7.36392e-11
      15690.0  7.38632e-11
      15700.0  7.40831e-11
      15710.0  7.42985e-11
      15720.0  7.45093e-11
      15730.0  7.47150e-11
      15740.0  7.49155e-11
      15750.0  7.51105e-11
      15760.0  7.52999e-11
      15770.0  7.54834e-11
      15780.0  7.56611e-11
      15790.0  7.58328e-11
      15800.0  7.59985e-11
      15810.0  7.61583e-11
      15820.0  7.63122e-11
      15830.0  7.64604e-11
      15840.0  7.66029e-11
      15850.0  7.67400e-11
      15860.0  7.68718e-11
      15870.0  7.69986e-11
      15880.0  7.71204e-11
      15890.0  7.72376e-11
      15900.0  7.73502e-11
      15910.0  7.74584e-11
      15920.0  7.75624e-11
      15930.0  7.76622e-11
      15940.0  7.77578e-11
      15950.0  7.78494e-11
      15960.0  7.79367e-11
      15970.0  7.80198e-11
      15980.0  7.80984e-11
      15990.0  7.81724e-11
      16000.0  7.82415e-11
      16010.0  7.83053e-11
      16020.0  7.83635e-11
      16030.0  7.84156e-11
      16040.0  7.84610e-11
      16050.0  7.84993e-11
      16060.0  7.85299e-11
      16070.0  7.85520e-11
      16080.0  7.85650e-11
      16090.0  7.85682e-11
      16100.0  7.85609e-11
      16110.0  7.85422e-11
      16120.0  7.85114e-11
      16130.0  7.84679e-11
      16140.0  7.84108e-11
      16150.0  7.83394e-11
      16160.0  7.82531e-11
      16170.0  7.81513e-11
      16180.0  7.80333e-11
      16190.0  7.78986e-11
      16200.0  7.77469e-11
      16210.0  7.75776e-11
      16220.0  7.73905e-11
      16230.0  7.71854e-11
      16240.0  7.69621e-11
      16250.0  7.67206e-11
      16260.0  7.64607e-11
      16270.0  7.61827e-11
      16280.0  7.58866e-11
      16290.0  7.55727e-11
      16300.0  7.52413e-11
      16310.0  7.48926e-11
      16320.0  7.45271e-11
      16330.0  7.41452e-11
      16340.0  7.37473e-11
      16350.0  7.33340e-11
      16360.0  7.29058e-11
      16370.0  7.24633e-11
      16380.0  7.20070e-11
      16390.0  7.15377e-11
      16400.0  7.10559e-11
      16410.0  7.05624e-11
      16420.0  7.00580e-11
      16430.0  6.95434e-11
      16440.0  6.90195e-11
      16450.0  6.84872e-11
      16460.0  6.79475e-11
      16470.0  6.74015e-11
      16480.0  6.68503e-11
      16490.0  6.62951e-11
      16500.0  6.57372e-11
      16510.0  6.51780e-11
      16520.0  6.46190e-11
      16530.0  6.40617e-11
      16540.0  6.35078e-11
      16550.0  6.29588e-11
      16560.0  6.24166e-11
      16570.0  6.18827e-11
      16580.0  6.13591e-11
      16590.0  6.08474e-11
      16600.0  6.03493e-11
      16610.0  5.98665e-11
      16620.0  5.94007e-11
      16630.0  5.89532e-11
      16640.0  5.85257e-11
      16650.0  5.81193e-11
      16660.0  5.77353e-11
      16670.0  5.73746e-11
      16680.0  5.70382e-11
      16690.0  5.67267e-11
      16700.0  5.64407e-11
      16710.0  5.61805e-11
      16720.0  5.59464e-11
      16730.0  5.57384e-11
      16740.0  5.55563e-11
      16750.0  5.53999e-11
      16760.0  5.52688e-11
      16770.0  5.51625e-11
      16780.0  5.50803e-11
      16790.0  5.50215e-11
      16800.0  5.49852e-11
      16810.0  5.49706e-11
      16820.0  5.49768e-11
      16830.0  5.50029e-11
      16840.0  5.50478e-11
      16850.0  5.51108e-11
      16860.0  5.51908e-11
      16870.0  5.52870e-11
      16880.0  5.53985e-11
      16890.0  5.55246e-11
      16900.0  5.56646e-11
      16910.0  5.58178e-11
      16920.0  5.59837e-11
      16930.0  5.61618e-11
      16940.0  5.63516e-11
      16950.0  5.65529e-11
      16960.0  5.67653e-11
      16970.0  5.69888e-11
      16980.0  5.72231e-11
      16990.0  5.74682e-11
      17000.0  5.77241e-11
      17010.0  5.79909e-11
      17020.0  5.82686e-11
      17030.0  5.85574e-11
      17040.0  5.88575e-11
      17050.0  5.91690e-11
      17060.0  5.94921e-11
      17070.0  5.98272e-11
      17080.0  6.01744e-11
      17090.0  6.05339e-11
      17100.0  6.09061e-11
      17110.0  6.12912e-11
      17120.0  6.16895e-11
      17130.0  6.21013e-11
      17140.0  6.25267e-11
      17150.0  6.29661e-11
      17160.0  6.34196e-11
      17170.0  6.38875e-11
      17180.0  6.43700e-11
      17190.0  6.48672e-11
      17200.0  6.53793e-11
      17210.0  6.59065e-11
      17220.0  6.64486e-11
      17230.0  6.70058e-11
      17240.0  6.75781e-11
      17250.0  6.81653e-11
      17260.0  6.87673e-11
      17270.0  6.93839e-11
      17280.0  7.00147e-11
      17290.0  7.06595e-11
      17300.0  7.13177e-11
      17310.0  7.19889e-11
      17320.0  7.26724e-11
      17330.0  7.33675e-11
      17340.0  7.40735e-11
      17350.0  7.47895e-11
      17360.0  7.55145e-11
      17370.0  7.62476e-11
      17380.0  7.69876e-11
      17390.0  7.77334e-11
      17400.0  7.84838e-11
      17410.0  7.92374e-11
      17420.0  7.99930e-11
      17430.0  8.07492e-11
      17440.0  8.15044e-11
      17450.0  8.22574e-11
      17460.0  8.30064e-11
      17470.0  8.37501e-11
      17480.0  8.44869e-11
      17490.0  8.52151e-11
      17500.0  8.59331e-11
      17510.0  8.66394e-11
      17520.0  8.73322e-11
      17530.0  8.80101e-11
      17540.0  8.86712e-11
      17550.0  8.93140e-11
      17560.0  8.99369e-11
      17570.0  9.05381e-11
      17580.0  9.11162e-11
      17590.0  9.16695e-11
      17600.0  9.21965e-11
      17610.0  9.26956e-11
      17620.0  9.31655e-11
      17630.0  9.36046e-11
      17640.0  9.40118e-11
      17650.0  9.43856e-11
      17660.0  9.47250e-11
      17670.0  9.50288e-11
      17680.0  9.52960e-11
      17690.0  9.55258e-11
      17700.0  9.57173e-11
      17710.0  9.58700e-11
      17720.0  9.59832e-11
      17730.0  9.60565e-11
      17740.0  9.60897e-11
      17750.0  9.60825e-11
      17760.0  9.60350e-11
      17770.0  9.59473e-11
      17780.0  9.58196e-11
      17790.0  9.56521e-11
      17800.0  9.54455e-11
      17810.0  9.52002e-11
      17820.0  9.49171e-11
      17830.0  9.45969e-11
      17840.0  9.42405e-11
      17850.0  9.38489e-11
      17860.0  9.34234e-11
      17870.0  9.29650e-11
      17880.0  9.24751e-11
      17890.0  9.19549e-11
      17900.0  9.14060e-11
      17910.0  9.08297e-11
      17920.0  9.02276e-11
      17930.0  8.96012e-11
      17940.0  8.89521e-11
      17950.0  8.82818e-11
      17960.0  8.75919e-11
      17970.0  8.68840e-11
      17980.0  8.61597e-11
      17990.0  8.54205e-11
      18000.0  8.46679e-11
      18010.0  8.39034e-11
      18020.0  8.31284e-11
      18030.0  8.23443e-11
      18040.0  8.15524e-11
      18050.0  8.07539e-11
      18060.0  7.99501e-11
      18070.0  7.91421e-11
      18080.0  7.83310e-11
      18090.0  7.75177e-11
      18100.0  7.67031e-11
      18110.0  7.58883e-11
      18120.0  7.50739e-11
      18130.0  7.42607e-11
      18140.0  7.34494e-11
      18150.0  7.26407e-11
      18160.0  7.18351e-11
      18170.0  7.10331e-11
      18180.0  7.02354e-11
      18190.0  6.94423e-11
      18200.0  6.86543e-11
      18210.0  6.78718e-11
      18220.0  6.70952e-11
      18230.0  6.63248e-11
      18240.0  6.55610e-11
      18250.0  6.48040e-11
      18260.0  6.40542e-11
      18270.0  6.33118e-11
      18280.0  6.25770e-11
      18290.0  6.18501e-11
      18300.0  6.11313e-11
      18310.0  6.04208e-11
      18320.0  5.97188e-11
      18330.0  5.90254e-11
      18340.0  5.83409e-11
      18350.0  5.76655e-11
      18360.0  5.69992e-11
      18370.0  5.63423e-11
      18380.0  5.56950e-11
      18390.0  5.50575e-11
      18400.0  5.44300e-11
      18410.0  5.38128e-11
      18420.0  5.32061e-11
      18430.0  5.26102e-11
      18440.0  5.20254e-11
      18450.0  5.14519e-11
      18460.0  5.08903e-11
      18470.0  5.03406e-11
      18480.0  4.98034e-11
      18490.0  4.92789e-11
      18500.0  4.87674e-11
      18510.0  4.82693e-11
      18520.0  4.77848e-11
      18530.0  4.73141e-11
      18540.0  4.68575e-11
      18550.0  4.64150e-11
      18560.0  4.59868e-11
      18570.0  4.55729e-11
      18580.0  4.51734e-11
      18590.0  4.47880e-11
      18600.0  4.44168e-11
      18610.0  4.40594e-11
      18620.0  4.37157e-11
      18630.0  4.33853e-11
      18640.0  4.30679e-11
      18650.0  4.27631e-11
      18660.0  4.24704e-11
      18670.0  4.21894e-11
      18680.0  4.19196e-11
      18690.0  4.16603e-11
      18700.0  4.14111e-11
      18710.0  4.11714e-11
      18720.0  4.09405e-11
      18730.0  4.07179e-11
      18740.0  4.05029e-11
      18750.0  4.02948e-11
      18760.0  4.00932e-11
      18770.0  3.98972e-11
      18780.0  3.97063e-11
      18790.0  3.95198e-11
      18800.0  3.93371e-11
      18810.0  3.91577e-11
      18820.0  3.89808e-11
      18830.0  3.88060e-11
      18840.0  3.86326e-11
      18850.0  3.84602e-11
      18860.0  3.82883e-11
      18870.0  3.81165e-11
      18880.0  3.79443e-11
      18890.0  3.77715e-11
      18900.0  3.75977e-11
      18910.0  3.74228e-11
      18920.0  3.72467e-11
      18930.0  3.70693e-11
      18940.0  3.68905e-11
      18950.0  3.67105e-11
      18960.0  3.65295e-11
      18970.0  3.63477e-11
      18980.0  3.61654e-11
      18990.0  3.59831e-11
      19000.0  3.58011e-11
      19010.0  3.56200e-11
      19020.0  3.54404e-11
      19030.0  3.52629e-11
      19040.0  3.50881e-11
      19050.0  3.49167e-11
      19060.0  3.47495e-11
      19070.0  3.45871e-11
      19080.0  3.44302e-11
      19090.0  3.42794e-11
      19100.0  3.41355e-11
      19110.0  3.39990e-11
      19120.0  3.38705e-11
      19130.0  3.37504e-11
      19140.0  3.36392e-11
      19150.0  3.35372e-11
      19160.0  3.34447e-11
      19170.0  3.33617e-11
      19180.0  3.32884e-11
      19190.0  3.32247e-11
      19200.0  3.31704e-11
      19210.0  3.31254e-11
      19220.0  3.30891e-11
      19230.0  3.30613e-11
      19240.0  3.30413e-11
      19250.0  3.30286e-11
      19260.0  3.30224e-11
      19270.0  3.30220e-11
      19280.0  3.30266e-11
      19290.0  3.30353e-11
      19300.0  3.30474e-11
      19310.0  3.30619e-11
      19320.0  3.30781e-11
      19330.0  3.30950e-11
      19340.0  3.31118e-11
      19350.0  3.31280e-11
      19360.0  3.31427e-11
      19370.0  3.31553e-11
      19380.0  3.31655e-11
      19390.0  3.31726e-11
      19400.0  3.31765e-11
      19410.0  3.31770e-11
      19420.0  3.31738e-11
      19430.0  3.31670e-11
      19440.0  3.31567e-11
      19450.0  3.31430e-11
      19460.0  3.31262e-11
      19470.0  3.31066e-11
      19480.0  3.30846e-11
      19490.0  3.30607e-11
      19500.0  3.30353e-11
      19510.0  3.30088e-11
      19520.0  3.29819e-11
      19530.0  3.29549e-11
      19540.0  3.29285e-11
      19550.0  3.29029e-11
      19560.0  3.28787e-11
      19570.0  3.28562e-11
      19580.0  3.28357e-11
      19590.0  3.28175e-11
      19600.0  3.28018e-11
      19610.0  3.27886e-11
      19620.0  3.27781e-11
      19630.0  3.27702e-11
      19640.0  3.27650e-11
      19650.0  3.27622e-11
      19660.0  3.27617e-11
      19670.0  3.27633e-11
      19680.0  3.27666e-11
      19690.0  3.27714e-11
      19700.0  3.27774e-11
      19710.0  3.27841e-11
      19720.0  3.27911e-11
      19730.0  3.27980e-11
      19740.0  3.28043e-11
      19750.0  3.28097e-11
      19760.0  3.28135e-11
      19770.0  3.28154e-11
      19780.0  3.28148e-11
      19790.0  3.28112e-11
      19800.0  3.28041e-11
      19810.0  3.27930e-11
      19820.0  3.27774e-11
      19830.0  3.27568e-11
      19840.0  3.27307e-11
      19850.0  3.26987e-11
      19860.0  3.26601e-11
      19870.0  3.26146e-11
      19880.0  3.25616e-11
      19890.0  3.25009e-11
      19900.0  3.24318e-11
      19910.0  3.23541e-11
      19920.0  3.22674e-11
      19930.0  3.21714e-11
      19940.0  3.20657e-11
      19950.0  3.19502e-11
      19960.0  3.18245e-11
      19970.0  3.16887e-11
      19980.0  3.15425e-11
      19990.0  3.13859e-11
      20000.0  3.12190e-11
      20010.0  3.10418e-11
      20020.0  3.08544e-11
      20030.0  3.06570e-11
      20040.0  3.04500e-11
      20050.0  3.02335e-11
      20060.0  3.00079e-11
      20070.0  2.97738e-11
      20080.0  2.95315e-11
      20090.0  2.92816e-11
      20100.0  2.90247e-11
      20110.0  2.87614e-11
      20120.0  2.84923e-11
      20130.0  2.82182e-11
      20140.0  2.79397e-11
      20150.0  2.76576e-11
      20160.0  2.73726e-11
      20170.0  2.70855e-11
      20180.0  2.67971e-11
      20190.0  2.65082e-11
      20200.0  2.62195e-11
      20210.0  2.59317e-11
      20220.0  2.56457e-11
      20230.0  2.53621e-11
      20240.0  2.50817e-11
      20250.0  2.48052e-11
      20260.0  2.45332e-11
      20270.0  2.42663e-11
      20280.0  2.40053e-11
      20290.0  2.37506e-11
      20300.0  2.35029e-11
      20310.0  2.32626e-11
      20320.0  2.30303e-11
      20330.0  2.28064e-11
      20340.0  2.25915e-11
      20350.0  2.23858e-11
      20360.0  2.21897e-11
      20370.0  2.20037e-11
      20380.0  2.18281e-11
      20390.0  2.16631e-11
      20400.0  2.15090e-11
      20410.0  2.13661e-11
      20420.0  2.12346e-11
      20430.0  2.11146e-11
      20440.0  2.10063e-11
      20450.0  2.09099e-11
      20460.0  2.08253e-11
      20470.0  2.07527e-11
      20480.0  2.06920e-11
      20490.0  2.06434e-11
      20500.0  2.06066e-11
      20510.0  2.05816e-11
      20520.0  2.05683e-11
      20530.0  2.05665e-11
      20540.0  2.05760e-11
      20550.0  2.05966e-11
      20560.0  2.06279e-11
      20570.0  2.06697e-11
      20580.0  2.07216e-11
      20590.0  2.07832e-11
      20600.0  2.08540e-11
      20610.0  2.09337e-11
      20620.0  2.10216e-11
      20630.0  2.11173e-11
      20640.0  2.12202e-11
      20650.0  2.13297e-11
      20660.0  2.14452e-11
      20670.0  2.15660e-11
      20680.0  2.16914e-11
      20690.0  2.18209e-11
      20700.0  2.19536e-11
      20710.0  2.20889e-11
      20720.0  2.22261e-11
      20730.0  2.23644e-11
      20740.0  2.25031e-11
      20750.0  2.26415e-11
      20760.0  2.27789e-11
      20770.0  2.29145e-11
      20780.0  2.30477e-11
      20790.0  2.31778e-11
      20800.0  2.33041e-11
      20810.0  2.34261e-11
      20820.0  2.35431e-11
      20830.0  2.36546e-11
      20840.0  2.37601e-11
      20850.0  2.38590e-11
      20860.0  2.39511e-11
      20870.0  2.40358e-11
      20880.0  2.41129e-11
      20890.0  2.41821e-11
      20900.0  2.42432e-11
      20910.0  2.42960e-11
      20920.0  2.43403e-11
      20930.0  2.43761e-11
      20940.0  2.44035e-11
      20950.0  2.44223e-11
      20960.0  2.44328e-11
      20970.0  2.44350e-11
      20980.0  2.44290e-11
      20990.0  2.44151e-11
      21000.0  2.43936e-11
      21010.0  2.43645e-11
      21020.0  2.43283e-11
      21030.0  2.42852e-11
      21040.0  2.42354e-11
      21050.0  2.41795e-11
      21060.0  2.41175e-11
      21070.0  2.40500e-11
      21080.0  2.39772e-11
      21090.0  2.38994e-11
      21100.0  2.38170e-11
      21110.0  2.37303e-11
      21120.0  2.36396e-11
      21130.0  2.35453e-11
      21140.0  2.34476e-11
      21150.0  2.33468e-11
      21160.0  2.32433e-11
      21170.0  2.31374e-11
      21180.0  2.30294e-11
      21190.0  2.29196e-11
      21200.0  2.28084e-11
      21210.0  2.26960e-11
      21220.0  2.25828e-11
      21230.0  2.24691e-11
      21240.0  2.23553e-11
      21250.0  2.22418e-11
      21260.0  2.21289e-11
      21270.0  2.20171e-11
      21280.0  2.19066e-11
      21290.0  2.17980e-11
      21300.0  2.16916e-11
      21310.0  2.15878e-11
      21320.0  2.14871e-11
      21330.0  2.13898e-11
      21340.0  2.12963e-11
      21350.0  2.12071e-11
      21360.0  2.11225e-11
      21370.0  2.10429e-11
      21380.0  2.09685e-11
      21390.0  2.08998e-11
      21400.0  2.08371e-11
      21410.0  2.07805e-11
      21420.0  2.07304e-11
      21430.0  2.06869e-11
      21440.0  2.06503e-11
      21450.0  2.06206e-11
      21460.0  2.05979e-11
      21470.0  2.05825e-11
      21480.0  2.05742e-11
      21490.0  2.05731e-11
      21500.0  2.05792e-11
      21510.0  2.05924e-11
      21520.0  2.06128e-11
      21530.0  2.06400e-11
      21540.0  2.06741e-11
      21550.0  2.07149e-11
      21560.0  2.07622e-11
      21570.0  2.08158e-11
      21580.0  2.08756e-11
      21590.0  2.09414e-11
      21600.0  2.10128e-11
      21610.0  2.10897e-11
      21620.0  2.11719e-11
      21630.0  2.12592e-11
      21640.0  2.13512e-11
      21650.0  2.14478e-11
      21660.0  2.15488e-11
      21670.0  2.16539e-11
      21680.0  2.17629e-11
      21690.0  2.18755e-11
      21700.0  2.19916e-11
      21710.0  2.21110e-11
      21720.0  2.22334e-11
      21730.0  2.23587e-11
      21740.0  2.24866e-11
      21750.0  2.26171e-11
      21760.0  2.27498e-11
      21770.0  2.28846e-11
      21780.0  2.30213e-11
      21790.0  2.31598e-11
      21800.0  2.32999e-11
      21810.0  2.34414e-11
      21820.0  2.35841e-11
      21830.0  2.37279e-11
      21840.0  2.38726e-11
      21850.0  2.40180e-11
      21860.0  2.41639e-11
      21870.0  2.43102e-11
      21880.0  2.44567e-11
      21890.0  2.46033e-11
      21900.0  2.47496e-11
      21910.0  2.48957e-11
      21920.0  2.50413e-11
      21930.0  2.51862e-11
      21940.0  2.53302e-11
      21950.0  2.54732e-11
      21960.0  2.56150e-11
      21970.0  2.57554e-11
      21980.0  2.58943e-11
      21990.0  2.60314e-11
      22000.0  2.61665e-11
      22010.0  2.62995e-11
      22020.0  2.64301e-11
      22030.0  2.65582e-11
      22040.0  2.66835e-11
      22050.0  2.68058e-11
      22060.0  2.69249e-11
      22070.0  2.70405e-11
      22080.0  2.71524e-11
      22090.0  2.72604e-11
      22100.0  2.73640e-11
      22110.0  2.74632e-11
      22120.0  2.75575e-11
      22130.0  2.76467e-11
      22140.0  2.77304e-11
      22150.0  2.78084e-11
      22160.0  2.78804e-11
      22170.0  2.79461e-11
      22180.0  2.80050e-11
      22190.0  2.80570e-11
      22200.0  2.81017e-11
      22210.0  2.81388e-11
      22220.0  2.81680e-11
      22230.0  2.81891e-11
      22240.0  2.82018e-11
      22250.0  2.82059e-11
      22260.0  2.82011e-11
      22270.0  2.81873e-11
      22280.0  2.81643e-11
      22290.0  2.81320e-11
      22300.0  2.80902e-11
      22310.0  2.80388e-11
      22320.0  2.79778e-11
      22330.0  2.79072e-11
      22340.0  2.78270e-11
      22350.0  2.77373e-11
      22360.0  2.76380e-11
      22370.0  2.75293e-11
      22380.0  2.74114e-11
      22390.0  2.72843e-11
      22400.0  2.71484e-11
      22410.0  2.70039e-11
      22420.0  2.68510e-11
      22430.0  2.66901e-11
      22440.0  2.65214e-11
      22450.0  2.63454e-11
      22460.0  2.61624e-11
      22470.0  2.59729e-11
      22480.0  2.57772e-11
      22490.0  2.55760e-11
      22500.0  2.53697e-11
      22510.0  2.51588e-11
      22520.0  2.49439e-11
      22530.0  2.47255e-11
      22540.0  2.45042e-11
      22550.0  2.42806e-11
      22560.0  2.40554e-11
      22570.0  2.38291e-11
      22580.0  2.36024e-11
      22590.0  2.33759e-11
      22600.0  2.31501e-11
      22610.0  2.29258e-11
      22620.0  2.27034e-11
      22630.0  2.24836e-11
      22640.0  2.22670e-11
      22650.0  2.20540e-11
      22660.0  2.18452e-11
      22670.0  2.16410e-11
      22680.0  2.14419e-11
      22690.0  2.12482e-11
      22700.0  2.10604e-11
      22710.0  2.08787e-11
      22720.0  2.07033e-11
      22730.0  2.05346e-11
      22740.0  2.03727e-11
      22750.0  2.02176e-11
      22760.0  2.00695e-11
      22770.0  1.99285e-11
      22780.0  1.97944e-11
      22790.0  1.96672e-11
      22800.0  1.95468e-11
      22810.0  1.94331e-11
      22820.0  1.93260e-11
      22830.0  1.92251e-11
      22840.0  1.91303e-11
      22850.0  1.90414e-11
      22860.0  1.89581e-11
      22870.0  1.88800e-11
      22880.0  1.88070e-11
      22890.0  1.87387e-11
      22900.0  1.86749e-11
      22910.0  1.86152e-11
      22920.0  1.85594e-11
      22930.0  1.85073e-11
      22940.0  1.84585e-11
      22950.0  1.84127e-11
      22960.0  1.83699e-11
      22970.0  1.83297e-11
      22980.0  1.82920e-11
      22990.0  1.82565e-11
      23000.0  1.82232e-11
      23010.0  1.81918e-11
      23020.0  1.81621e-11
      23030.0  1.81341e-11
      23040.0  1.81076e-11
      23050.0  1.80825e-11
      23060.0  1.80586e-11
      23070.0  1.80359e-11
      23080.0  1.80141e-11
      23090.0  1.79933e-11
      23100.0  1.79732e-11
      23110.0  1.79537e-11
      23120.0  1.79347e-11
      23130.0  1.79161e-11
      23140.0  1.78978e-11
      23150.0  1.78796e-11
      23160.0  1.78614e-11
      23170.0  1.78432e-11
      23180.0  1.78248e-11
      23190.0  1.78063e-11
      23200.0  1.77876e-11
      23210.0  1.77687e-11
      23220.0  1.77497e-11
      23230.0  1.77307e-11
      23240.0  1.77117e-11
      23250.0  1.76929e-11
      23260.0  1.76745e-11
      23270.0  1.76566e-11
      23280.0  1.76395e-11
      23290.0  1.76233e-11
      23300.0  1.76083e-11
      23310.0  1.75947e-11
      23320.0  1.75826e-11
      23330.0  1.75723e-11
      23340.0  1.75637e-11
      23350.0  1.75572e-11
      23360.0  1.75525e-11
      23370.0  1.75499e-11
      23380.0  1.75491e-11
      23390.0  1.75501e-11
      23400.0  1.75527e-11
      23410.0  1.75569e-11
      23420.0  1.75622e-11
      23430.0  1.75685e-11
      23440.0  1.75754e-11
      23450.0  1.75828e-11
      23460.0  1.75902e-11
      23470.0  1.75974e-11
      23480.0  1.76041e-11
      23490.0  1.76100e-11
      23500.0  1.76148e-11
      23510.0  1.76184e-11
      23520.0  1.76205e-11
      23530.0  1.76210e-11
      23540.0  1.76197e-11
      23550.0  1.76165e-11
      23560.0  1.76115e-11
      23570.0  1.76046e-11
      23580.0  1.75958e-11
      23590.0  1.75852e-11
      23600.0  1.75729e-11
      23610.0  1.75591e-11
      23620.0  1.75440e-11
      23630.0  1.75277e-11
      23640.0  1.75107e-11
      23650.0  1.74931e-11
      23660.0  1.74753e-11
      23670.0  1.74578e-11
      23680.0  1.74408e-11
      23690.0  1.74250e-11
      23700.0  1.74107e-11
      23710.0  1.73985e-11
      23720.0  1.73890e-11
      23730.0  1.73827e-11
      23740.0  1.73803e-11
      23750.0  1.73822e-11
      23760.0  1.73893e-11
      23770.0  1.74020e-11
      23780.0  1.74211e-11
      23790.0  1.74471e-11
      23800.0  1.74806e-11
      23810.0  1.75221e-11
      23820.0  1.75723e-11
      23830.0  1.76319e-11
      23840.0  1.77012e-11
      23850.0  1.77802e-11
      23860.0  1.78691e-11
      23870.0  1.79680e-11
      23880.0  1.80769e-11
      23890.0  1.81956e-11
      23900.0  1.83239e-11
      23910.0  1.84614e-11
      23920.0  1.86075e-11
      23930.0  1.87618e-11
      23940.0  1.89233e-11
      23950.0  1.90913e-11
      23960.0  1.92647e-11
      23970.0  1.94427e-11
      23980.0  1.96240e-11
      23990.0  1.98075e-11
      24000.0  1.99922e-11
      24010.0  2.01769e-11
      24020.0  2.03604e-11
      24030.0  2.05417e-11
      24040.0  2.07198e-11
      24050.0  2.08939e-11
      24060.0  2.10629e-11
      24070.0  2.12264e-11
      24080.0  2.13836e-11
      24090.0  2.15342e-11
      24100.0  2.16776e-11
      24110.0  2.18138e-11
      24120.0  2.19425e-11
      24130.0  2.20638e-11
      24140.0  2.21776e-11
      24150.0  2.22841e-11
      24160.0  2.23836e-11
      24170.0  2.24762e-11
      24180.0  2.25622e-11
      24190.0  2.26420e-11
      24200.0  2.27159e-11
      24210.0  2.27841e-11
      24220.0  2.28471e-11
      24230.0  2.29052e-11
      24240.0  2.29586e-11
      24250.0  2.30077e-11
      24260.0  2.30528e-11
      24270.0  2.30941e-11
      24280.0  2.31318e-11
      24290.0  2.31663e-11
      24300.0  2.31977e-11
      24310.0  2.32262e-11
      24320.0  2.32519e-11
      24330.0  2.32752e-11
      24340.0  2.32960e-11
      24350.0  2.33147e-11
      24360.0  2.33313e-11
      24370.0  2.33460e-11
      24380.0  2.33590e-11
      24390.0  2.33704e-11
      24400.0  2.33804e-11
      24410.0  2.33890e-11
      24420.0  2.33966e-11
      24430.0  2.34032e-11
      24440.0  2.34091e-11
      24450.0  2.34143e-11
      24460.0  2.34190e-11
      24470.0  2.34234e-11
      24480.0  2.34276e-11
      24490.0  2.34318e-11
      24500.0  2.34362e-11
      24510.0  2.34407e-11
      24520.0  2.34455e-11
      24530.0  2.34508e-11
      24540.0  2.34565e-11
      24550.0  2.34627e-11
      24560.0  2.34693e-11
      24570.0  2.34765e-11
      24580.0  2.34840e-11
      24590.0  2.34920e-11
      24600.0  2.35002e-11
      24610.0  2.35086e-11
      24620.0  2.35170e-11
      24630.0  2.35254e-11
      24640.0  2.35337e-11
      24650.0  2.35416e-11
      24660.0  2.35491e-11
      24670.0  2.35562e-11
      24680.0  2.35626e-11
      24690.0  2.35684e-11
      24700.0  2.35735e-11
      24710.0  2.35779e-11
      24720.0  2.35815e-11
      24730.0  2.35844e-11
      24740.0  2.35865e-11
      24750.0  2.35881e-11
      24760.0  2.35890e-11
      24770.0  2.35894e-11
      24780.0  2.35893e-11
      24790.0  2.35889e-11
      24800.0  2.35882e-11
      24810.0  2.35873e-11
      24820.0  2.35862e-11
      24830.0  2.35850e-11
      24840.0  2.35837e-11
      24850.0  2.35825e-11
      24860.0  2.35814e-11
      24870.0  2.35803e-11
      24880.0  2.35793e-11
      24890.0  2.35784e-11
      24900.0  2.35776e-11
      24910.0  2.35769e-11
      24920.0  2.35763e-11
      24930.0  2.35758e-11
      24940.0  2.35754e-11
      24950.0  2.35751e-11
      24960.0  2.35748e-11
      24970.0  2.35746e-11
      24980.0  2.35744e-11
      24990.0  2.35743e-11
      25000.0  2.35742e-11
