      1000.00  2.26683e-12
      1010.00  2.77759e-12
      1020.00  3.41486e-12
      1030.00  4.20628e-12
      1040.00  5.18655e-12
      1050.00  6.39609e-12
      1060.00  7.88108e-12
      1070.00  9.69304e-12
      1080.00  1.18879e-11
      1090.00  1.45245e-11
      1100.00  1.76628e-11
      1110.00  2.13612e-11
      1120.00  2.56744e-11
      1130.00  3.06505e-11
      1140.00  3.63283e-11
      1150.00  4.27357e-11
      1160.00  4.98875e-11
      1170.00  5.77845e-11
      1180.00  6.64122e-11
      1190.00  7.57406e-11
      1200.00  8.57246e-11
      1210.00  9.63040e-11
      1220.00  1.07405e-10
      1230.00  1.18940e-10
      1240.00  1.30814e-10
      1250.00  1.42920e-10
      1260.00  1.55149e-10
      1270.00  1.67388e-10
      1280.00  1.79524e-10
      1290.00  1.91447e-10
      1300.00  2.03053e-10
      1310.00  2.14248e-10
      1320.00  2.24945e-10
      1330.00  2.35073e-10
      1340.00  2.44570e-10
      1350.00  2.53391e-10
      1360.00  2.61505e-10
      1370.00  2.68894e-10
      1380.00  2.75556e-10
      1390.00  2.81501e-10
      1400.00  2.86753e-10
      1410.00  2.91346e-10
      1420.00  2.95325e-10
      1430.00  2.98742e-10
      1440.00  3.01657e-10
      1450.00  3.04131e-10
      1460.00  3.06233e-10
      1470.00  3.08030e-10
      1480.00  3.09586e-10
      1490.00  3.10968e-10
      1500.00  3.12234e-10
      1510.00  3.13441e-10
      1520.00  3.14638e-10
      1530.00  3.15870e-10
      1540.00  3.17176e-10
      1550.00  3.18586e-10
      1560.00  3.20128e-10
      1570.00  3.21824e-10
      1580.00  3.23690e-10
      1590.00  3.25740e-10
      1600.00  3.27983e-10
      1610.00  3.30426e-10
      1620.00  3.33076e-10
      1630.00  3.35935e-10
      1640.00  3.39005e-10
      1650.00  3.42289e-10
      1660.00  3.45787e-10
      1670.00  3.49499e-10
      1680.00  3.53424e-10
      1690.00  3.57563e-10
      1700.00  3.61913e-10
      1710.00  3.66474e-10
      1720.00  3.71245e-10
      1730.00  3.76222e-10
      1740.00  3.81405e-10
      1750.00  3.86790e-10
      1760.00  3.92375e-10
      1770.00  3.98157e-10
      1780.00  4.04132e-10
      1790.00  4.10296e-10
      1800.00  4.16646e-10
      1810.00  4.23175e-10
      1820.00  4.29881e-10
      1830.00  4.36756e-10
      1840.00  4.43794e-10
      1850.00  4.50990e-10
      1860.00  4.58336e-10
      1870.00  4.65824e-10
      1880.00  4.73447e-10
      1890.00  4.81196e-10
      1900.00  4.89061e-10
      1910.00  4.97034e-10
      1920.00  5.05104e-10
      1930.00  5.13260e-10
      1940.00  5.21492e-10
      1950.00  5.29789e-10
      1960.00  5.38138e-10
      1970.00  5.46526e-10
      1980.00  5.54939e-10
      1990.00  5.63358e-10
      2000.00  5.71763e-10
      2010.00  5.80126e-10
      2020.00  5.88410e-10
      2030.00  5.96564e-10
      2040.00  6.04522e-10
      2050.00  6.12195e-10
      2060.00  6.19465e-10
      2070.00  6.26187e-10
      2080.00  6.32182e-10
      2090.00  6.37245e-10
      2100.00  6.41146e-10
      2110.00  6.43648e-10
      2120.00  6.44522e-10
      2130.00  6.43568e-10
      2140.00  6.40645e-10
      2150.00  6.35687e-10
      2160.00  6.28731e-10
      2170.00  6.19925e-10
      2180.00  6.09527e-10
      2190.00  5.97897e-10
      2200.00  5.85474e-10
      2210.00  5.72736e-10
      2220.00  5.60166e-10
      2230.00  5.48210e-10
      2240.00  5.37236e-10
      2250.00  5.27516e-10
      2260.00  5.19201e-10
      2270.00  5.12328e-10
      2280.00  5.06829e-10
      2290.00  5.02553e-10
      2300.00  4.99294e-10
      2310.00  4.96825e-10
      2320.00  4.94928e-10
      2330.00  4.93413e-10
      2340.00  4.92139e-10
      2350.00  4.91020e-10
      2360.00  4.90027e-10
      2370.00  4.89175e-10
      2380.00  4.88517e-10
      2390.00  4.88119e-10
      2400.00  4.88051e-10
      2410.00  4.88367e-10
      2420.00  4.89092e-10
      2430.00  4.90220e-10
      2440.00  4.91711e-10
      2450.00  4.93495e-10
      2460.00  4.95488e-10
      2470.00  4.97607e-10
      2480.00  4.99786e-10
      2490.00  5.01993e-10
      2500.00  5.04241e-10
      2510.00  5.06592e-10
      2520.00  5.09152e-10
      2530.00  5.12061e-10
      2540.00  5.15471e-10
      2550.00  5.19524e-10
      2560.00  5.24336e-10
      2570.00  5.29975e-10
      2580.00  5.36456e-10
      2590.00  5.43738e-10
      2600.00  5.51735e-10
      2610.00  5.60320e-10
      2620.00  5.69349e-10
      2630.00  5.78668e-10
      2640.00  5.88127e-10
      2650.00  5.97665e-10
      2660.00  6.10964e-10
      2670.00  6.62439e-10
      2680.00  7.71000e-10
      2690.00  8.58989e-10
      2700.00  9.36223e-10
      2710.00  1.00242e-09
      2720.00  1.05241e-09
      2730.00  1.09216e-09
      2740.00  1.15776e-09
      2750.00  1.25046e-09
      2760.00  1.34813e-09
      2770.00  1.48113e-09
      2780.00  1.67435e-09
      2790.00  1.86876e-09
      2800.00  2.06346e-09
      2810.00  2.34846e-09
      2820.00  2.65332e-09
      2830.00  2.90127e-09
      2840.00  3.07573e-09
      2850.00  3.17675e-09
      2860.00  3.21811e-09
      2870.00  3.21793e-09
      2880.00  3.21436e-09
      2890.00  3.22665e-09
      2900.00  3.27356e-09
      2910.00  3.32667e-09
      2920.00  3.36078e-09
      2930.00  3.40837e-09
      2940.00  3.50373e-09
      2950.00  3.63239e-09
      2960.00  3.76860e-09
      2970.00  3.90621e-09
      2980.00  4.03586e-09
      2990.00  4.16994e-09
      3000.00  4.37003e-09
      3010.00  4.67829e-09
      3020.00  5.05032e-09
      3030.00  5.38405e-09
      3040.00  5.61610e-09
      3050.00  5.73985e-09
      3060.00  5.76870e-09
      3070.00  5.70728e-09
      3080.00  5.54171e-09
      3090.00  5.28883e-09
      3100.00  5.01948e-09
      3110.00  4.76586e-09
      3120.00  4.49659e-09
      3130.00  4.19558e-09
      3140.00  3.87734e-09
      3150.00  3.57519e-09
      3160.00  3.31186e-09
      3170.00  3.08614e-09
      3180.00  2.92196e-09
      3190.00  2.84560e-09
      3200.00  2.80848e-09
      3210.00  2.72837e-09
      3220.00  2.64751e-09
      3230.00  2.61464e-09
      3240.00  2.62874e-09
      3250.00  2.66216e-09
      3260.00  2.71099e-09
      3270.00  2.79683e-09
      3280.00  2.92972e-09
      3290.00  3.10828e-09
      3300.00  3.32442e-09
      3310.00  3.56013e-09
      3320.00  3.79076e-09
      3330.00  3.98815e-09
      3340.00  4.13914e-09
      3350.00  4.25118e-09
      3360.00  4.36178e-09
      3370.00  4.49990e-09
      3380.00  4.68338e-09
      3390.00  4.91421e-09
      3400.00  5.19031e-09
      3410.00  5.51010e-09
      3420.00  5.84365e-09
      3430.00  6.15437e-09
      3440.00  6.43120e-09
      3450.00  6.63696e-09
      3460.00  6.75969e-09
      3470.00  6.83164e-09
      3480.00  6.86430e-09
      3490.00  6.85539e-09
      3500.00  6.81321e-09
      3510.00  6.73920e-09
      3520.00  6.63550e-09
      3530.00  6.51301e-09
      3540.00  6.37951e-09
      3550.00  6.22784e-09
      3560.00  6.04752e-09
      3570.00  5.83620e-09
      3580.00  5.59113e-09
      3590.00  5.28707e-09
      3600.00  4.87850e-09
      3610.00  4.39177e-09
      3620.00  3.93764e-09
      3630.00  3.55047e-09
      3640.00  3.20843e-09
      3650.00  2.91294e-09
      3660.00  2.68117e-09
      3670.00  2.53050e-09
      3680.00  2.46914e-09
      3690.00  2.49857e-09
      3700.00  2.62202e-09
      3710.00  2.83884e-09
      3720.00  3.12820e-09
      3730.00  3.44669e-09
      3740.00  3.74509e-09
      3750.00  3.98815e-09
      3760.00  4.16754e-09
      3770.00  4.30318e-09
      3780.00  4.43110e-09
      3790.00  4.58347e-09
      3800.00  4.77914e-09
      3810.00  5.02594e-09
      3820.00  5.31696e-09
      3830.00  5.62644e-09
      3840.00  5.91799e-09
      3850.00  6.16077e-09
      3860.00  6.35107e-09
      3870.00  6.51146e-09
      3880.00  6.65982e-09
      3890.00  6.79780e-09
      3900.00  6.91430e-09
      3910.00  6.98766e-09
      3920.00  6.99249e-09
      3930.00  6.91217e-09
      3940.00  6.75163e-09
      3950.00  6.53789e-09
      3960.00  6.31134e-09
      3970.00  6.11438e-09
      3980.00  5.98016e-09
      3990.00  5.92319e-09
      4000.00  5.93767e-09
      4010.00  6.00756e-09
      4020.00  6.11485e-09
      4030.00  6.23739e-09
      4040.00  6.35016e-09
      4050.00  6.43168e-09
      4060.00  6.46598e-09
      4070.00  6.44143e-09
      4080.00  6.35430e-09
      4090.00  6.21265e-09
      4100.00  6.03458e-09
      4110.00  5.84120e-09
      4120.00  5.64973e-09
      4130.00  5.46924e-09
      4140.00  5.29838e-09
      4150.00  5.12702e-09
      4160.00  4.94425e-09
      4170.00  4.74739e-09
      4180.00  4.54319e-09
      4190.00  4.34222e-09
      4200.00  4.15343e-09
      4210.00  3.98197e-09
      4220.00  3.82941e-09
      4230.00  3.69515e-09
      4240.00  3.57830e-09
      4250.00  3.48026e-09
      4260.00  3.40355e-09
      4270.00  3.34981e-09
      4280.00  3.32119e-09
      4290.00  3.32273e-09
      4300.00  3.36016e-09
      4310.00  3.43344e-09
      4320.00  3.53242e-09
      4330.00  3.63870e-09
      4340.00  3.73139e-09
      4350.00  3.79269e-09
      4360.00  3.81285e-09
      4370.00  3.79454e-09
      4380.00  3.75391e-09
      4390.00  3.71519e-09
      4400.00  3.70067e-09
      4410.00  3.72221e-09
      4420.00  3.77927e-09
      4430.00  3.86180e-09
      4440.00  3.95471e-09
      4450.00  4.04266e-09
      4460.00  4.11424e-09
      4470.00  4.16393e-09
      4480.00  4.19060e-09
      4490.00  4.19494e-09
      4500.00  4.17857e-09
      4510.00  4.14491e-09
      4520.00  4.09981e-09
      4530.00  4.05012e-09
      4540.00  4.00127e-09
      4550.00  3.95586e-09
      4560.00  3.91311e-09
      4570.00  3.86883e-09
      4580.00  3.81654e-09
      4590.00  3.74938e-09
      4600.00  3.66331e-09
      4610.00  3.56058e-09
      4620.00  3.45047e-09
      4630.00  3.34589e-09
      4640.00  3.25752e-09
      4650.00  3.18979e-09
      4660.00  3.14036e-09
      4670.00  3.10247e-09
      4680.00  3.06825e-09
      4690.00  3.03218e-09
      4700.00  2.99347e-09
      4710.00  2.95593e-09
      4720.00  2.92550e-09
      4730.00  2.90684e-09
      4740.00  2.90046e-09
      4750.00  2.90097e-09
      4760.00  2.89772e-09
      4770.00  2.87815e-09
      4780.00  2.83281e-09
      4790.00  2.75901e-09
      4800.00  2.66160e-09
      4810.00  2.55133e-09
      4820.00  2.44164e-09
      4830.00  2.34496e-09
      4840.00  2.26970e-09
      4850.00  2.21889e-09
      4860.00  2.19076e-09
      4870.00  2.18060e-09
      4880.00  2.18269e-09
      4890.00  2.19160e-09
      4900.00  2.20272e-09
      4910.00  2.21295e-09
      4920.00  2.22186e-09
      4930.00  2.23144e-09
      4940.00  2.24419e-09
      4950.00  2.26162e-09
      4960.00  2.28412e-09
      4970.00  2.31145e-09
      4980.00  2.34315e-09
      4990.00  2.37871e-09
      5000.00  2.41739e-09
      5010.00  2.45852e-09
      5020.00  2.50217e-09
      5030.00  2.54940e-09
      5040.00  2.60098e-09
      5050.00  2.65541e-09
      5060.00  2.70820e-09
      5070.00  2.75336e-09
      5080.00  2.78620e-09
      5090.00  2.80536e-09
      5100.00  2.81305e-09
      5110.00  2.81391e-09
      5120.00  2.81302e-09
      5130.00  2.81401e-09
      5140.00  2.81761e-09
      5150.00  2.82099e-09
      5160.00  2.81818e-09
      5170.00  2.80169e-09
      5180.00  2.76523e-09
      5190.00  2.70611e-09
      5200.00  2.62665e-09
      5210.00  2.53396e-09
      5220.00  2.43796e-09
      5230.00  2.34862e-09
      5240.00  2.27347e-09
      5250.00  2.21637e-09
      5260.00  2.17781e-09
      5270.00  2.15606e-09
      5280.00  2.14835e-09
      5290.00  2.15142e-09
      5300.00  2.16146e-09
      5310.00  2.17411e-09
      5320.00  2.18487e-09
      5330.00  2.18997e-09
      5340.00  2.18696e-09
      5350.00  2.17461e-09
      5360.00  2.15257e-09
      5370.00  2.12116e-09
      5380.00  2.08187e-09
      5390.00  2.03775e-09
      5400.00  1.99340e-09
      5410.00  1.95428e-09
      5420.00  1.92583e-09
      5430.00  1.91251e-09
      5440.00  1.91666e-09
      5450.00  1.93748e-09
      5460.00  1.97100e-09
      5470.00  2.01101e-09
      5480.00  2.05062e-09
      5490.00  2.08396e-09
      5500.00  2.10770e-09
      5510.00  2.12183e-09
      5520.00  2.12921e-09
      5530.00  2.13400e-09
      5540.00  2.13965e-09
      5550.00  2.14768e-09
      5560.00  2.15756e-09
      5570.00  2.16769e-09
      5580.00  2.17655e-09
      5590.00  2.18338e-09
      5600.00  2.18809e-09
      5610.00  2.19080e-09
      5620.00  2.19123e-09
      5630.00  2.18846e-09
      5640.00  2.18106e-09
      5650.00  2.16759e-09
      5660.00  2.14706e-09
      5670.00  2.11935e-09
      5680.00  2.08539e-09
      5690.00  2.04707e-09
      5700.00  2.00716e-09
      5710.00  1.96890e-09
      5720.00  1.93536e-09
      5730.00  1.90877e-09
      5740.00  1.89005e-09
      5750.00  1.87892e-09
      5760.00  1.87431e-09
      5770.00  1.87488e-09
      5780.00  1.87941e-09
      5790.00  1.88701e-09
      5800.00  1.89711e-09
      5810.00  1.90922e-09
      5820.00  1.92264e-09
      5830.00  1.93632e-09
      5840.00  1.94881e-09
      5850.00  1.95851e-09
      5860.00  1.96406e-09
      5870.00  1.96473e-09
      5880.00  1.96078e-09
      5890.00  1.95324e-09
      5900.00  1.94322e-09
      5910.00  1.93116e-09
      5920.00  1.91648e-09
      5930.00  1.89804e-09
      5940.00  1.87489e-09
      5950.00  1.84669e-09
      5960.00  1.81359e-09
      5970.00  1.77574e-09
      5980.00  1.73306e-09
      5990.00  1.68520e-09
      6000.00  1.63188e-09
      6010.00  1.57308e-09
      6020.00  1.50930e-09
      6030.00  1.44169e-09
      6040.00  1.37198e-09
      6050.00  1.30244e-09
      6060.00  1.23573e-09
      6070.00  1.17483e-09
      6080.00  1.12284e-09
      6090.00  1.08262e-09
      6100.00  1.05643e-09
      6110.00  1.04560e-09
      6120.00  1.05035e-09
      6130.00  1.06975e-09
      6140.00  1.10185e-09
      6150.00  1.14391e-09
      6160.00  1.19283e-09
      6170.00  1.24565e-09
      6180.00  1.29996e-09
      6190.00  1.35400e-09
      6200.00  1.40657e-09
      6210.00  1.45665e-09
      6220.00  1.50321e-09
      6230.00  1.54516e-09
      6240.00  1.58149e-09
      6250.00  1.61154e-09
      6260.00  1.63529e-09
      6270.00  1.65334e-09
      6280.00  1.66659e-09
      6290.00  1.67574e-09
      6300.00  1.68131e-09
      6310.00  1.68414e-09
      6320.00  1.68541e-09
      6330.00  1.68616e-09
      6340.00  1.68654e-09
      6350.00  1.68558e-09
      6360.00  1.68178e-09
      6370.00  1.67396e-09
      6380.00  1.66191e-09
      6390.00  1.64632e-09
      6400.00  1.62833e-09
      6410.00  1.60914e-09
      6420.00  1.58967e-09
      6430.00  1.57061e-09
      6440.00  1.55238e-09
      6450.00  1.53522e-09
      6460.00  1.51925e-09
      6470.00  1.50450e-09
      6480.00  1.49097e-09
      6490.00  1.47862e-09
      6500.00  1.46742e-09
      6510.00  1.45733e-09
      6520.00  1.44821e-09
      6530.00  1.43980e-09
      6540.00  1.43162e-09
      6550.00  1.42308e-09
      6560.00  1.41358e-09
      6570.00  1.40278e-09
      6580.00  1.39062e-09
      6590.00  1.37741e-09
      6600.00  1.36364e-09
      6610.00  1.34983e-09
      6620.00  1.33635e-09
      6630.00  1.32339e-09
      6640.00  1.31097e-09
      6650.00  1.29902e-09
      6660.00  1.28745e-09
      6670.00  1.27626e-09
      6680.00  1.26547e-09
      6690.00  1.25508e-09
      6700.00  1.24508e-09
      6710.00  1.23544e-09
      6720.00  1.22615e-09
      6730.00  1.21724e-09
      6740.00  1.20876e-09
      6750.00  1.20074e-09
      6760.00  1.19316e-09
      6770.00  1.18595e-09
      6780.00  1.17898e-09
      6790.00  1.17210e-09
      6800.00  1.16516e-09
      6810.00  1.15807e-09
      6820.00  1.15080e-09
      6830.00  1.14340e-09
      6840.00  1.13606e-09
      6850.00  1.12903e-09
      6860.00  1.12263e-09
      6870.00  1.11706e-09
      6880.00  1.11233e-09
      6890.00  1.10818e-09
      6900.00  1.10414e-09
      6910.00  1.09966e-09
      6920.00  1.09433e-09
      6930.00  1.08804e-09
      6940.00  1.08100e-09
      6950.00  1.07367e-09
      6960.00  1.06658e-09
      6970.00  1.06018e-09
      6980.00  1.05468e-09
      6990.00  1.05006e-09
      7000.00  1.04606e-09
      7010.00  1.04236e-09
      7020.00  1.03874e-09
      7030.00  1.03507e-09
      7040.00  1.03142e-09
      7050.00  1.02791e-09
      7060.00  1.02466e-09
      7070.00  1.02174e-09
      7080.00  1.01907e-09
      7090.00  1.01645e-09
      7100.00  1.01361e-09
      7110.00  1.01024e-09
      7120.00  1.00610e-09
      7130.00  1.00106e-09
      7140.00  9.95095e-10
      7150.00  9.88381e-10
      7160.00  9.81325e-10
      7170.00  9.74556e-10
      7180.00  9.68683e-10
      7190.00  9.63934e-10
      7200.00  9.59951e-10
      7210.00  9.56022e-10
      7220.00  9.51557e-10
      7230.00  9.46385e-10
      7240.00  9.40683e-10
      7250.00  9.34743e-10
      7260.00  9.28801e-10
      7270.00  9.22984e-10
      7280.00  9.17308e-10
      7290.00  9.11687e-10
      7300.00  9.05964e-10
      7310.00  8.99968e-10
      7320.00  8.93586e-10
      7330.00  8.86808e-10
      7340.00  8.79702e-10
      7350.00  8.72361e-10
      7360.00  8.64827e-10
      7370.00  8.57062e-10
      7380.00  8.48984e-10
      7390.00  8.40528e-10
      7400.00  8.31720e-10
      7410.00  8.22707e-10
      7420.00  8.13757e-10
      7430.00  8.05230e-10
      7440.00  7.97531e-10
      7450.00  7.91054e-10
      7460.00  7.86112e-10
      7470.00  7.82871e-10
      7480.00  7.81308e-10
      7490.00  7.81227e-10
      7500.00  7.82315e-10
      7510.00  7.84233e-10
      7520.00  7.86688e-10
      7530.00  7.89472e-10
      7540.00  7.92472e-10
      7550.00  7.95647e-10
      7560.00  7.99005e-10
      7570.00  8.02575e-10
      7580.00  8.06387e-10
      7590.00  8.10438e-10
      7600.00  8.14658e-10
      7610.00  8.18905e-10
      7620.00  8.22979e-10
      7630.00  8.26672e-10
      7640.00  8.29814e-10
      7650.00  8.32291e-10
      7660.00  8.34005e-10
      7670.00  8.34832e-10
      7680.00  8.34618e-10
      7690.00  8.33250e-10
      7700.00  8.30782e-10
      7710.00  8.27458e-10
      7720.00  8.23588e-10
      7730.00  8.19349e-10
      7740.00  8.14665e-10
      7750.00  8.09245e-10
      7760.00  8.02714e-10
      7770.00  7.94744e-10
      7780.00  7.85136e-10
      7790.00  7.73865e-10
      7800.00  7.61075e-10
      7810.00  7.47046e-10
      7820.00  7.32128e-10
      7830.00  7.16665e-10
      7840.00  7.00935e-10
      7850.00  6.85114e-10
      7860.00  6.69263e-10
      7870.00  6.53365e-10
      7880.00  6.37403e-10
      7890.00  6.21501e-10
      7900.00  6.06052e-10
      7910.00  5.91706e-10
      7920.00  5.79168e-10
      7930.00  5.68923e-10
      7940.00  5.61086e-10
      7950.00  5.55456e-10
      7960.00  5.51688e-10
      7970.00  5.49459e-10
      7980.00  5.48548e-10
      7990.00  5.48832e-10
      8000.00  5.50238e-10
      8010.00  5.52673e-10
      8020.00  5.55980e-10
      8030.00  5.59933e-10
      8040.00  5.64276e-10
      8050.00  5.68734e-10
      8060.00  5.73025e-10
      8070.00  5.76876e-10
      8080.00  5.80044e-10
      8090.00  5.82341e-10
      8100.00  5.83659e-10
      8110.00  5.83970e-10
      8120.00  5.83321e-10
      8130.00  5.81819e-10
      8140.00  5.79619e-10
      8150.00  5.76921e-10
      8160.00  5.73966e-10
      8170.00  5.71024e-10
      8180.00  5.68377e-10
      8190.00  5.66278e-10
      8200.00  5.64915e-10
      8210.00  5.64366e-10
      8220.00  5.64580e-10
      8230.00  5.65390e-10
      8240.00  5.66559e-10
      8250.00  5.67842e-10
      8260.00  5.69065e-10
      8270.00  5.70169e-10
      8280.00  5.71233e-10
      8290.00  5.72442e-10
      8300.00  5.74031e-10
      8310.00  5.76206e-10
      8320.00  5.79090e-10
      8330.00  5.82693e-10
      8340.00  5.86927e-10
      8350.00  5.91653e-10
      8360.00  5.96725e-10
      8370.00  6.02016e-10
      8380.00  6.07425e-10
      8390.00  6.12870e-10
      8400.00  6.18268e-10
      8410.00  6.23516e-10
      8420.00  6.28495e-10
      8430.00  6.33077e-10
      8440.00  6.37145e-10
      8450.00  6.40605e-10
      8460.00  6.43399e-10
      8470.00  6.45506e-10
      8480.00  6.46934e-10
      8490.00  6.47713e-10
      8500.00  6.47882e-10
      8510.00  6.47491e-10
      8520.00  6.46600e-10
      8530.00  6.45296e-10
      8540.00  6.43692e-10
      8550.00  6.41919e-10
      8560.00  6.40096e-10
      8570.00  6.38070e-10
      8580.00  6.35909e-10
      8590.00  6.33758e-10
      8600.00  6.31579e-10
      8610.00  6.29341e-10
      8620.00  6.27025e-10
      8630.00  6.24614e-10
      8640.00  6.22075e-10
      8650.00  6.19356e-10
      8660.00  6.16395e-10
      8670.00  6.13138e-10
      8680.00  6.09555e-10
      8690.00  6.05646e-10
      8700.00  6.01428e-10
      8710.00  5.96917e-10
      8720.00  5.92109e-10
      8730.00  5.86974e-10
      8740.00  5.81471e-10
      8750.00  5.75561e-10
      8760.00  5.69229e-10
      8770.00  5.62500e-10
      8780.00  5.55439e-10
      8790.00  5.48151e-10
      8800.00  5.40761e-10
      8810.00  5.33399e-10
      8820.00  5.26194e-10
      8830.00  5.19270e-10
      8840.00  5.12753e-10
      8850.00  5.06768e-10
      8860.00  5.01435e-10
      8870.00  4.96838e-10
      8880.00  4.93006e-10
      8890.00  4.89896e-10
      8900.00  4.87413e-10
      8910.00  4.85436e-10
      8920.00  4.83722e-10
      8930.00  4.82196e-10
      8940.00  4.80831e-10
      8950.00  4.79549e-10
      8960.00  4.78305e-10
      8970.00  4.77104e-10
      8980.00  4.76014e-10
      8990.00  4.75151e-10
      9000.00  4.74647e-10
      9010.00  4.74609e-10
      9020.00  4.75089e-10
      9030.00  4.76085e-10
      9040.00  4.77566e-10
      9050.00  4.79513e-10
      9060.00  4.81955e-10
      9070.00  4.84958e-10
      9080.00  4.88564e-10
      9090.00  4.92719e-10
      9100.00  4.97234e-10
      9110.00  5.01812e-10
      9120.00  5.06136e-10
      9130.00  5.09949e-10
      9140.00  5.13095e-10
      9150.00  5.15504e-10
      9160.00  5.17156e-10
      9170.00  5.18048e-10
      9180.00  5.18188e-10
      9190.00  5.17604e-10
      9200.00  5.16348e-10
      9210.00  5.14498e-10
      9220.00  5.12155e-10
      9230.00  5.09433e-10
      9240.00  5.06448e-10
      9250.00  5.03317e-10
      9260.00  5.00152e-10
      9270.00  4.97058e-10
      9280.00  4.94137e-10
      9290.00  4.91482e-10
      9300.00  4.89166e-10
      9310.00  4.87222e-10
      9320.00  4.85633e-10
      9330.00  4.84331e-10
      9340.00  4.83218e-10
      9350.00  4.82187e-10
      9360.00  4.81152e-10
      9370.00  4.80048e-10
      9380.00  4.78838e-10
      9390.00  4.77501e-10
      9400.00  4.76026e-10
      9410.00  4.74411e-10
      9420.00  4.72657e-10
      9430.00  4.70768e-10
      9440.00  4.68751e-10
      9450.00  4.66615e-10
      9460.00  4.64370e-10
      9470.00  4.62030e-10
      9480.00  4.59609e-10
      9490.00  4.57122e-10
      9500.00  4.54583e-10
      9510.00  4.52007e-10
      9520.00  4.49410e-10
      9530.00  4.46805e-10
      9540.00  4.44203e-10
      9550.00  4.41615e-10
      9560.00  4.39050e-10
      9570.00  4.36515e-10
      9580.00  4.34016e-10
      9590.00  4.31556e-10
      9600.00  4.29137e-10
      9610.00  4.26761e-10
      9620.00  4.24427e-10
      9630.00  4.22134e-10
      9640.00  4.19880e-10
      9650.00  4.17663e-10
      9660.00  4.15480e-10
      9670.00  4.13329e-10
      9680.00  4.11205e-10
      9690.00  4.09108e-10
      9700.00  4.07034e-10
      9710.00  4.04983e-10
      9720.00  4.02951e-10
      9730.00  4.00938e-10
      9740.00  3.98942e-10
      9750.00  3.96964e-10
      9760.00  3.95003e-10
      9770.00  3.93058e-10
      9780.00  3.91130e-10
      9790.00  3.89219e-10
      9800.00  3.87325e-10
      9810.00  3.85449e-10
      9820.00  3.83590e-10
      9830.00  3.81750e-10
      9840.00  3.79928e-10
      9850.00  3.78124e-10
      9860.00  3.76340e-10
      9870.00  3.74574e-10
      9880.00  3.72828e-10
      9890.00  3.71100e-10
      9900.00  3.69392e-10
      9910.00  3.67702e-10
      9920.00  3.66032e-10
      9930.00  3.64380e-10
      9940.00  3.62748e-10
      9950.00  3.61134e-10
      9960.00  3.59540e-10
      9970.00  3.57964e-10
      9980.00  3.56407e-10
      9990.00  3.54868e-10
      10000.0  3.53347e-10
      10010.0  3.51842e-10
      10020.0  3.50352e-10
      10030.0  3.48876e-10
      10040.0  3.47411e-10
      10050.0  3.45956e-10
      10060.0  3.44509e-10
      10070.0  3.43066e-10
      10080.0  3.41627e-10
      10090.0  3.40187e-10
      10100.0  3.38746e-10
      10110.0  3.37303e-10
      10120.0  3.35855e-10
      10130.0  3.34404e-10
      10140.0  3.32949e-10
      10150.0  3.31492e-10
      10160.0  3.30034e-10
      10170.0  3.28577e-10
      10180.0  3.27123e-10
      10190.0  3.25676e-10
      10200.0  3.24237e-10
      10210.0  3.22809e-10
      10220.0  3.21393e-10
      10230.0  3.19992e-10
      10240.0  3.18604e-10
      10250.0  3.17231e-10
      10260.0  3.15871e-10
      10270.0  3.14523e-10
      10280.0  3.13184e-10
      10290.0  3.11854e-10
      10300.0  3.10529e-10
      10310.0  3.09207e-10
      10320.0  3.07888e-10
      10330.0  3.06570e-10
      10340.0  3.05254e-10
      10350.0  3.03940e-10
      10360.0  3.02631e-10
      10370.0  3.01332e-10
      10380.0  3.00046e-10
      10390.0  2.98780e-10
      10400.0  2.97540e-10
      10410.0  2.96333e-10
      10420.0  2.95168e-10
      10430.0  2.94052e-10
      10440.0  2.92992e-10
      10450.0  2.91996e-10
      10460.0  2.91070e-10
      10470.0  2.90218e-10
      10480.0  2.89446e-10
      10490.0  2.88755e-10
      10500.0  2.88148e-10
      10510.0  2.87624e-10
      10520.0  2.87182e-10
      10530.0  2.86819e-10
      10540.0  2.86533e-10
      10550.0  2.86317e-10
      10560.0  2.86165e-10
      10570.0  2.86072e-10
      10580.0  2.86030e-10
      10590.0  2.86030e-10
      10600.0  2.86064e-10
      10610.0  2.86126e-10
      10620.0  2.86205e-10
      10630.0  2.86294e-10
      10640.0  2.86386e-10
      10650.0  2.86473e-10
      10660.0  2.86548e-10
      10670.0  2.86605e-10
      10680.0  2.86640e-10
      10690.0  2.86646e-10
      10700.0  2.86621e-10
      10710.0  2.86560e-10
      10720.0  2.86462e-10
      10730.0  2.86325e-10
      10740.0  2.86148e-10
      10750.0  2.85930e-10
      10760.0  2.85672e-10
      10770.0  2.85375e-10
      10780.0  2.85038e-10
      10790.0  2.84665e-10
      10800.0  2.84257e-10
      10810.0  2.83815e-10
      10820.0  2.83342e-10
      10830.0  2.82840e-10
      10840.0  2.82312e-10
      10850.0  2.81759e-10
      10860.0  2.81183e-10
      10870.0  2.80588e-10
      10880.0  2.79974e-10
      10890.0  2.79344e-10
      10900.0  2.78699e-10
      10910.0  2.78041e-10
      10920.0  2.77372e-10
      10930.0  2.76692e-10
      10940.0  2.76005e-10
      10950.0  2.75309e-10
      10960.0  2.74608e-10
      10970.0  2.73901e-10
      10980.0  2.73190e-10
      10990.0  2.72475e-10
      11000.0  2.71757e-10
      11010.0  2.71037e-10
      11020.0  2.70314e-10
      11030.0  2.69589e-10
      11040.0  2.68861e-10
      11050.0  2.68130e-10
      11060.0  2.67395e-10
      11070.0  2.66657e-10
      11080.0  2.65912e-10
      11090.0  2.65161e-10
      11100.0  2.64402e-10
      11110.0  2.63635e-10
      11120.0  2.62857e-10
      11130.0  2.62067e-10
      11140.0  2.61265e-10
      11150.0  2.60450e-10
      11160.0  2.59621e-10
      11170.0  2.58778e-10
      11180.0  2.57921e-10
      11190.0  2.57051e-10
      11200.0  2.56168e-10
      11210.0  2.55274e-10
      11220.0  2.54370e-10
      11230.0  2.53459e-10
      11240.0  2.52543e-10
      11250.0  2.51625e-10
      11260.0  2.50707e-10
      11270.0  2.49793e-10
      11280.0  2.48885e-10
      11290.0  2.47987e-10
      11300.0  2.47102e-10
      11310.0  2.46233e-10
      11320.0  2.45382e-10
      11330.0  2.44552e-10
      11340.0  2.43744e-10
      11350.0  2.42960e-10
      11360.0  2.42202e-10
      11370.0  2.41469e-10
      11380.0  2.40763e-10
      11390.0  2.40082e-10
      11400.0  2.39427e-10
      11410.0  2.38796e-10
      11420.0  2.38189e-10
      11430.0  2.37602e-10
      11440.0  2.37034e-10
      11450.0  2.36484e-10
      11460.0  2.35948e-10
      11470.0  2.35425e-10
      11480.0  2.34911e-10
      11490.0  2.34405e-10
      11500.0  2.33905e-10
      11510.0  2.33407e-10
      11520.0  2.32910e-10
      11530.0  2.32413e-10
      11540.0  2.31912e-10
      11550.0  2.31408e-10
      11560.0  2.30898e-10
      11570.0  2.30381e-10
      11580.0  2.29857e-10
      11590.0  2.29324e-10
      11600.0  2.28781e-10
      11610.0  2.28230e-10
      11620.0  2.27668e-10
      11630.0  2.27095e-10
      11640.0  2.26512e-10
      11650.0  2.25918e-10
      11660.0  2.25313e-10
      11670.0  2.24696e-10
      11680.0  2.24069e-10
      11690.0  2.23430e-10
      11700.0  2.22780e-10
      11710.0  2.22119e-10
      11720.0  2.21447e-10
      11730.0  2.20765e-10
      11740.0  2.20072e-10
      11750.0  2.19370e-10
      11760.0  2.18658e-10
      11770.0  2.17938e-10
      11780.0  2.17210e-10
      11790.0  2.16475e-10
      11800.0  2.15735e-10
      11810.0  2.14990e-10
      11820.0  2.14241e-10
      11830.0  2.13492e-10
      11840.0  2.12741e-10
      11850.0  2.11993e-10
      11860.0  2.11247e-10
      11870.0  2.10505e-10
      11880.0  2.09771e-10
      11890.0  2.09044e-10
      11900.0  2.08327e-10
      11910.0  2.07622e-10
      11920.0  2.06929e-10
      11930.0  2.06251e-10
      11940.0  2.05590e-10
      11950.0  2.04945e-10
      11960.0  2.04320e-10
      11970.0  2.03714e-10
      11980.0  2.03129e-10
      11990.0  2.02566e-10
      12000.0  2.02026e-10
      12010.0  2.01510e-10
      12020.0  2.01019e-10
      12030.0  2.00552e-10
      12040.0  2.00111e-10
      12050.0  1.99696e-10
      12060.0  1.99307e-10
      12070.0  1.98945e-10
      12080.0  1.98610e-10
      12090.0  1.98301e-10
      12100.0  1.98019e-10
      12110.0  1.97762e-10
      12120.0  1.97531e-10
      12130.0  1.97325e-10
      12140.0  1.97143e-10
      12150.0  1.96983e-10
      12160.0  1.96844e-10
      12170.0  1.96725e-10
      12180.0  1.96623e-10
      12190.0  1.96538e-10
      12200.0  1.96466e-10
      12210.0  1.96406e-10
      12220.0  1.96354e-10
      12230.0  1.96309e-10
      12240.0  1.96267e-10
      12250.0  1.96226e-10
      12260.0  1.96184e-10
      12270.0  1.96137e-10
      12280.0  1.96082e-10
      12290.0  1.96018e-10
      12300.0  1.95941e-10
      12310.0  1.95850e-10
      12320.0  1.95741e-10
      12330.0  1.95613e-10
      12340.0  1.95465e-10
      12350.0  1.95294e-10
      12360.0  1.95098e-10
      12370.0  1.94878e-10
      12380.0  1.94631e-10
      12390.0  1.94357e-10
      12400.0  1.94055e-10
      12410.0  1.93725e-10
      12420.0  1.93367e-10
      12430.0  1.92980e-10
      12440.0  1.92565e-10
      12450.0  1.92121e-10
      12460.0  1.91650e-10
      12470.0  1.91152e-10
      12480.0  1.90627e-10
      12490.0  1.90076e-10
      12500.0  1.89500e-10
      12510.0  1.88899e-10
      12520.0  1.88274e-10
      12530.0  1.87627e-10
      12540.0  1.86957e-10
      12550.0  1.86266e-10
      12560.0  1.85555e-10
      12570.0  1.84825e-10
      12580.0  1.84076e-10
      12590.0  1.83310e-10
      12600.0  1.82528e-10
      12610.0  1.81731e-10
      12620.0  1.80921e-10
      12630.0  1.80097e-10
      12640.0  1.79263e-10
      12650.0  1.78419e-10
      12660.0  1.77567e-10
      12670.0  1.76708e-10
      12680.0  1.75844e-10
      12690.0  1.74977e-10
      12700.0  1.74107e-10
      12710.0  1.73237e-10
      12720.0  1.72369e-10
      12730.0  1.71503e-10
      12740.0  1.70641e-10
      12750.0  1.69784e-10
      12760.0  1.68935e-10
      12770.0  1.68094e-10
      12780.0  1.67261e-10
      12790.0  1.66440e-10
      12800.0  1.65629e-10
      12810.0  1.64830e-10
      12820.0  1.64045e-10
      12830.0  1.63273e-10
      12840.0  1.62516e-10
      12850.0  1.61773e-10
      12860.0  1.61047e-10
      12870.0  1.60337e-10
      12880.0  1.59645e-10
      12890.0  1.58971e-10
      12900.0  1.58316e-10
      12910.0  1.57681e-10
      12920.0  1.57067e-10
      12930.0  1.56476e-10
      12940.0  1.55908e-10
      12950.0  1.55364e-10
      12960.0  1.54847e-10
      12970.0  1.54356e-10
      12980.0  1.53894e-10
      12990.0  1.53460e-10
      13000.0  1.53057e-10
      13010.0  1.52684e-10
      13020.0  1.52343e-10
      13030.0  1.52034e-10
      13040.0  1.51756e-10
      13050.0  1.51511e-10
      13060.0  1.51296e-10
      13070.0  1.51112e-10
      13080.0  1.50957e-10
      13090.0  1.50830e-10
      13100.0  1.50729e-10
      13110.0  1.50652e-10
      13120.0  1.50597e-10
      13130.0  1.50561e-10
      13140.0  1.50541e-10
      13150.0  1.50534e-10
      13160.0  1.50538e-10
      13170.0  1.50550e-10
      13180.0  1.50566e-10
      13190.0  1.50583e-10
      13200.0  1.50600e-10
      13210.0  1.50612e-10
      13220.0  1.50619e-10
      13230.0  1.50617e-10
      13240.0  1.50606e-10
      13250.0  1.50582e-10
      13260.0  1.50546e-10
      13270.0  1.50496e-10
      13280.0  1.50430e-10
      13290.0  1.50350e-10
      13300.0  1.50253e-10
      13310.0  1.50140e-10
      13320.0  1.50010e-10
      13330.0  1.49863e-10
      13340.0  1.49699e-10
      13350.0  1.49517e-10
      13360.0  1.49318e-10
      13370.0  1.49101e-10
      13380.0  1.48865e-10
      13390.0  1.48609e-10
      13400.0  1.48335e-10
      13410.0  1.48040e-10
      13420.0  1.47724e-10
      13430.0  1.47388e-10
      13440.0  1.47030e-10
      13450.0  1.46651e-10
      13460.0  1.46251e-10
      13470.0  1.45829e-10
      13480.0  1.45387e-10
      13490.0  1.44924e-10
      13500.0  1.44442e-10
      13510.0  1.43941e-10
      13520.0  1.43423e-10
      13530.0  1.42889e-10
      13540.0  1.42341e-10
      13550.0  1.41778e-10
      13560.0  1.41204e-10
      13570.0  1.40620e-10
      13580.0  1.40026e-10
      13590.0  1.39424e-10
      13600.0  1.38815e-10
      13610.0  1.38200e-10
      13620.0  1.37579e-10
      13630.0  1.36954e-10
      13640.0  1.36324e-10
      13650.0  1.35690e-10
      13660.0  1.35052e-10
      13670.0  1.34410e-10
      13680.0  1.33765e-10
      13690.0  1.33116e-10
      13700.0  1.32463e-10
      13710.0  1.31807e-10
      13720.0  1.31147e-10
      13730.0  1.30483e-10
      13740.0  1.29816e-10
      13750.0  1.29146e-10
      13760.0  1.28474e-10
      13770.0  1.27800e-10
      13780.0  1.27124e-10
      13790.0  1.26447e-10
      13800.0  1.25769e-10
      13810.0  1.25092e-10
      13820.0  1.24416e-10
      13830.0  1.23742e-10
      13840.0  1.23071e-10
      13850.0  1.22403e-10
      13860.0  1.21738e-10
      13870.0  1.21079e-10
      13880.0  1.20424e-10
      13890.0  1.19775e-10
      13900.0  1.19132e-10
      13910.0  1.18496e-10
      13920.0  1.17867e-10
      13930.0  1.17246e-10
      13940.0  1.16633e-10
      13950.0  1.16029e-10
      13960.0  1.15433e-10
      13970.0  1.14847e-10
      13980.0  1.14270e-10
      13990.0  1.13704e-10
      14000.0  1.13148e-10
      14010.0  1.12603e-10
      14020.0  1.12070e-10
      14030.0  1.11548e-10
      14040.0  1.11038e-10
      14050.0  1.10539e-10
      14060.0  1.10053e-10
      14070.0  1.09580e-10
      14080.0  1.09118e-10
      14090.0  1.08669e-10
      14100.0  1.08232e-10
      14110.0  1.07807e-10
      14120.0  1.07393e-10
      14130.0  1.06990e-10
      14140.0  1.06598e-10
      14150.0  1.06216e-10
      14160.0  1.05844e-10
      14170.0  1.05480e-10
      14180.0  1.05125e-10
      14190.0  1.04777e-10
      14200.0  1.04436e-10
      14210.0  1.04102e-10
      14220.0  1.03773e-10
      14230.0  1.03449e-10
      14240.0  1.03129e-10
      14250.0  1.02814e-10
      14260.0  1.02502e-10
      14270.0  1.02194e-10
      14280.0  1.01889e-10
      14290.0  1.01587e-10
      14300.0  1.01289e-10
      14310.0  1.00993e-10
      14320.0  1.00700e-10
      14330.0  1.00411e-10
      14340.0  1.00126e-10
      14350.0  9.98442e-11
      14360.0  9.95667e-11
      14370.0  9.92936e-11
      14380.0  9.90251e-11
      14390.0  9.87616e-11
      14400.0  9.85032e-11
      14410.0  9.82501e-11
      14420.0  9.80024e-11
      14430.0  9.77601e-11
      14440.0  9.75232e-11
      14450.0  9.72915e-11
      14460.0  9.70648e-11
      14470.0  9.68429e-11
      14480.0  9.66253e-11
      14490.0  9.64118e-11
      14500.0  9.62017e-11
      14510.0  9.59947e-11
      14520.0  9.57902e-11
      14530.0  9.55875e-11
      14540.0  9.53863e-11
      14550.0  9.51859e-11
      14560.0  9.49859e-11
      14570.0  9.47858e-11
      14580.0  9.45852e-11
      14590.0  9.43837e-11
      14600.0  9.41811e-11
      14610.0  9.39772e-11
      14620.0  9.37717e-11
      14630.0  9.35647e-11
      14640.0  9.33560e-11
      14650.0  9.31456e-11
      14660.0  9.29337e-11
      14670.0  9.27202e-11
      14680.0  9.25053e-11
      14690.0  9.22891e-11
      14700.0  9.20715e-11
      14710.0  9.18527e-11
      14720.0  9.16327e-11
      14730.0  9.14115e-11
      14740.0  9.11890e-11
      14750.0  9.09651e-11
      14760.0  9.07396e-11
      14770.0  9.05124e-11
      14780.0  9.02833e-11
      14790.0  9.00519e-11
      14800.0  8.98180e-11
      14810.0  8.95813e-11
      14820.0  8.93415e-11
      14830.0  8.90983e-11
      14840.0  8.88515e-11
      14850.0  8.86009e-11
      14860.0  8.83463e-11
      14870.0  8.80876e-11
      14880.0  8.78247e-11
      14890.0  8.75576e-11
      14900.0  8.72864e-11
      14910.0  8.70113e-11
      14920.0  8.67324e-11
      14930.0  8.64499e-11
      14940.0  8.61642e-11
      14950.0  8.58755e-11
      14960.0  8.55843e-11
      14970.0  8.52908e-11
      14980.0  8.49954e-11
      14990.0  8.46985e-11
      15000.0  8.44005e-11
      15010.0  8.41016e-11
      15020.0  8.38023e-11
      15030.0  8.35027e-11
      15040.0  8.32031e-11
      15050.0  8.29037e-11
      15060.0  8.26047e-11
      15070.0  8.23062e-11
      15080.0  8.20083e-11
      15090.0  8.17111e-11
      15100.0  8.14145e-11
      15110.0  8.11187e-11
      15120.0  8.08236e-11
      15130.0  8.05291e-11
      15140.0  8.02353e-11
      15150.0  7.99420e-11
      15160.0  7.96492e-11
      15170.0  7.93568e-11
      15180.0  7.90648e-11
      15190.0  7.87731e-11
      15200.0  7.84817e-11
      15210.0  7.81905e-11
      15220.0  7.78994e-11
      15230.0  7.76086e-11
      15240.0  7.73180e-11
      15250.0  7.70275e-11
      15260.0  7.67373e-11
      15270.0  7.64473e-11
      15280.0  7.61577e-11
      15290.0  7.58685e-11
      15300.0  7.55797e-11
      15310.0  7.52916e-11
      15320.0  7.50040e-11
      15330.0  7.47172e-11
      15340.0  7.44312e-11
      15350.0  7.41461e-11
      15360.0  7.38619e-11
      15370.0  7.35787e-11
      15380.0  7.32964e-11
      15390.0  7.30152e-11
      15400.0  7.27350e-11
      15410.0  7.24558e-11
      15420.0  7.21774e-11
      15430.0  7.18999e-11
      15440.0  7.16232e-11
      15450.0  7.13472e-11
      15460.0  7.10718e-11
      15470.0  7.07970e-11
      15480.0  7.05226e-11
      15490.0  7.02485e-11
      15500.0  6.99749e-11
      15510.0  6.97016e-11
      15520.0  6.94287e-11
      15530.0  6.91563e-11
      15540.0  6.88844e-11
      15550.0  6.86132e-11
      15560.0  6.83430e-11
      15570.0  6.80739e-11
      15580.0  6.78062e-11
      15590.0  6.75402e-11
      15600.0  6.72763e-11
      15610.0  6.70148e-11
      15620.0  6.67559e-11
      15630.0  6.65002e-11
      15640.0  6.62478e-11
      15650.0  6.59992e-11
      15660.0  6.57545e-11
      15670.0  6.55140e-11
      15680.0  6.52778e-11
      15690.0  6.50461e-11
      15700.0  6.48188e-11
      15710.0  6.45961e-11
      15720.0  6.43777e-11
      15730.0  6.41636e-11
      15740.0  6.39535e-11
      15750.0  6.37473e-11
      15760.0  6.35447e-11
      15770.0  6.33453e-11
      15780.0  6.31490e-11
      15790.0  6.29554e-11
      15800.0  6.27643e-11
      15810.0  6.25756e-11
      15820.0  6.23891e-11
      15830.0  6.22048e-11
      15840.0  6.20228e-11
      15850.0  6.18430e-11
      15860.0  6.16658e-11
      15870.0  6.14915e-11
      15880.0  6.13205e-11
      15890.0  6.11534e-11
      15900.0  6.09906e-11
      15910.0  6.08330e-11
      15920.0  6.06811e-11
      15930.0  6.05359e-11
      15940.0  6.03980e-11
      15950.0  6.02683e-11
      15960.0  6.01477e-11
      15970.0  6.00367e-11
      15980.0  5.99362e-11
      15990.0  5.98468e-11
      16000.0  5.97690e-11
      16010.0  5.97034e-11
      16020.0  5.96502e-11
      16030.0  5.96098e-11
      16040.0  5.95822e-11
      16050.0  5.95674e-11
      16060.0  5.95654e-11
      16070.0  5.95758e-11
      16080.0  5.95984e-11
      16090.0  5.96328e-11
      16100.0  5.96782e-11
      16110.0  5.97342e-11
      16120.0  5.98000e-11
      16130.0  5.98749e-11
      16140.0  5.99581e-11
      16150.0  6.00487e-11
      16160.0  6.01460e-11
      16170.0  6.02490e-11
      16180.0  6.03570e-11
      16190.0  6.04691e-11
      16200.0  6.05846e-11
      16210.0  6.07027e-11
      16220.0  6.08227e-11
      16230.0  6.09441e-11
      16240.0  6.10662e-11
      16250.0  6.11885e-11
      16260.0  6.13106e-11
      16270.0  6.14320e-11
      16280.0  6.15525e-11
      16290.0  6.16718e-11
      16300.0  6.17897e-11
      16310.0  6.19060e-11
      16320.0  6.20206e-11
      16330.0  6.21336e-11
      16340.0  6.22448e-11
      16350.0  6.23543e-11
      16360.0  6.24623e-11
      16370.0  6.25687e-11
      16380.0  6.26736e-11
      16390.0  6.27773e-11
      16400.0  6.28798e-11
      16410.0  6.29812e-11
      16420.0  6.30818e-11
      16430.0  6.31815e-11
      16440.0  6.32805e-11
      16450.0  6.33789e-11
      16460.0  6.34766e-11
      16470.0  6.35738e-11
      16480.0  6.36703e-11
      16490.0  6.37661e-11
      16500.0  6.38610e-11
      16510.0  6.39548e-11
      16520.0  6.40474e-11
      16530.0  6.41384e-11
      16540.0  6.42275e-11
      16550.0  6.43143e-11
      16560.0  6.43983e-11
      16570.0  6.44790e-11
      16580.0  6.45560e-11
      16590.0  6.46285e-11
      16600.0  6.46962e-11
      16610.0  6.47582e-11
      16620.0  6.48141e-11
      16630.0  6.48633e-11
      16640.0  6.49051e-11
      16650.0  6.49391e-11
      16660.0  6.49646e-11
      16670.0  6.49814e-11
      16680.0  6.49890e-11
      16690.0  6.49871e-11
      16700.0  6.49756e-11
      16710.0  6.49543e-11
      16720.0  6.49233e-11
      16730.0  6.48826e-11
      16740.0  6.48325e-11
      16750.0  6.47734e-11
      16760.0  6.47056e-11
      16770.0  6.46297e-11
      16780.0  6.45464e-11
      16790.0  6.44563e-11
      16800.0  6.43603e-11
      16810.0  6.42592e-11
      16820.0  6.41537e-11
      16830.0  6.40449e-11
      16840.0  6.39336e-11
      16850.0  6.38207e-11
      16860.0  6.37070e-11
      16870.0  6.35934e-11
      16880.0  6.34804e-11
      16890.0  6.33689e-11
      16900.0  6.32592e-11
      16910.0  6.31519e-11
      16920.0  6.30473e-11
      16930.0  6.29455e-11
      16940.0  6.28468e-11
      16950.0  6.27509e-11
      16960.0  6.26579e-11
      16970.0  6.25675e-11
      16980.0  6.24792e-11
      16990.0  6.23927e-11
      17000.0  6.23075e-11
      17010.0  6.22229e-11
      17020.0  6.21386e-11
      17030.0  6.20537e-11
      17040.0  6.19677e-11
      17050.0  6.18801e-11
      17060.0  6.17902e-11
      17070.0  6.16977e-11
      17080.0  6.16020e-11
      17090.0  6.15028e-11
      17100.0  6.13999e-11
      17110.0  6.12932e-11
      17120.0  6.11825e-11
      17130.0  6.10681e-11
      17140.0  6.09501e-11
      17150.0  6.08287e-11
      17160.0  6.07044e-11
      17170.0  6.05776e-11
      17180.0  6.04489e-11
      17190.0  6.03190e-11
      17200.0  6.01884e-11
      17210.0  6.00580e-11
      17220.0  5.99283e-11
      17230.0  5.98002e-11
      17240.0  5.96743e-11
      17250.0  5.95514e-11
      17260.0  5.94320e-11
      17270.0  5.93167e-11
      17280.0  5.92060e-11
      17290.0  5.91005e-11
      17300.0  5.90004e-11
      17310.0  5.89060e-11
      17320.0  5.88176e-11
      17330.0  5.87352e-11
      17340.0  5.86588e-11
      17350.0  5.85886e-11
      17360.0  5.85243e-11
      17370.0  5.84658e-11
      17380.0  5.84129e-11
      17390.0  5.83654e-11
      17400.0  5.83229e-11
      17410.0  5.82853e-11
      17420.0  5.82521e-11
      17430.0  5.82232e-11
      17440.0  5.81981e-11
      17450.0  5.81766e-11
      17460.0  5.81585e-11
      17470.0  5.81434e-11
      17480.0  5.81311e-11
      17490.0  5.81213e-11
      17500.0  5.81139e-11
      17510.0  5.81085e-11
      17520.0  5.81051e-11
      17530.0  5.81033e-11
      17540.0  5.81030e-11
      17550.0  5.81038e-11
      17560.0  5.81056e-11
      17570.0  5.81081e-11
      17580.0  5.81108e-11
      17590.0  5.81134e-11
      17600.0  5.81156e-11
      17610.0  5.81168e-11
      17620.0  5.81166e-11
      17630.0  5.81144e-11
      17640.0  5.81096e-11
      17650.0  5.81017e-11
      17660.0  5.80900e-11
      17670.0  5.80740e-11
      17680.0  5.80529e-11
      17690.0  5.80261e-11
      17700.0  5.79932e-11
      17710.0  5.79536e-11
      17720.0  5.79068e-11
      17730.0  5.78525e-11
      17740.0  5.77903e-11
      17750.0  5.77201e-11
      17760.0  5.76418e-11
      17770.0  5.75555e-11
      17780.0  5.74613e-11
      17790.0  5.73597e-11
      17800.0  5.72511e-11
      17810.0  5.71362e-11
      17820.0  5.70156e-11
      17830.0  5.68903e-11
      17840.0  5.67612e-11
      17850.0  5.66296e-11
      17860.0  5.64965e-11
      17870.0  5.63632e-11
      17880.0  5.62311e-11
      17890.0  5.61015e-11
      17900.0  5.59756e-11
      17910.0  5.58548e-11
      17920.0  5.57404e-11
      17930.0  5.56336e-11
      17940.0  5.55353e-11
      17950.0  5.54467e-11
      17960.0  5.53685e-11
      17970.0  5.53014e-11
      17980.0  5.52459e-11
      17990.0  5.52024e-11
      18000.0  5.51709e-11
      18010.0  5.51515e-11
      18020.0  5.51439e-11
      18030.0  5.51476e-11
      18040.0  5.51620e-11
      18050.0  5.51863e-11
      18060.0  5.52196e-11
      18070.0  5.52607e-11
      18080.0  5.53084e-11
      18090.0  5.53613e-11
      18100.0  5.54180e-11
      18110.0  5.54771e-11
      18120.0  5.55369e-11
      18130.0  5.55959e-11
      18140.0  5.56527e-11
      18150.0  5.57057e-11
      18160.0  5.57536e-11
      18170.0  5.57950e-11
      18180.0  5.58287e-11
      18190.0  5.58538e-11
      18200.0  5.58692e-11
      18210.0  5.58744e-11
      18220.0  5.58686e-11
      18230.0  5.58516e-11
      18240.0  5.58233e-11
      18250.0  5.57835e-11
      18260.0  5.57327e-11
      18270.0  5.56711e-11
      18280.0  5.55993e-11
      18290.0  5.55182e-11
      18300.0  5.54285e-11
      18310.0  5.53312e-11
      18320.0  5.52275e-11
      18330.0  5.51184e-11
      18340.0  5.50051e-11
      18350.0  5.48889e-11
      18360.0  5.47710e-11
      18370.0  5.46523e-11
      18380.0  5.45341e-11
      18390.0  5.44172e-11
      18400.0  5.43025e-11
      18410.0  5.41907e-11
      18420.0  5.40824e-11
      18430.0  5.39779e-11
      18440.0  5.38774e-11
      18450.0  5.37811e-11
      18460.0  5.36886e-11
      18470.0  5.35998e-11
      18480.0  5.35142e-11
      18490.0  5.34310e-11
      18500.0  5.33496e-11
      18510.0  5.32691e-11
      18520.0  5.31885e-11
      18530.0  5.31068e-11
      18540.0  5.30228e-11
      18550.0  5.29356e-11
      18560.0  5.28440e-11
      18570.0  5.27469e-11
      18580.0  5.26433e-11
      18590.0  5.25323e-11
      18600.0  5.24131e-11
      18610.0  5.22849e-11
      18620.0  5.21472e-11
      18630.0  5.19996e-11
      18640.0  5.18416e-11
      18650.0  5.16732e-11
      18660.0  5.14943e-11
      18670.0  5.13052e-11
      18680.0  5.11060e-11
      18690.0  5.08973e-11
      18700.0  5.06796e-11
      18710.0  5.04536e-11
      18720.0  5.02201e-11
      18730.0  4.99798e-11
      18740.0  4.97338e-11
      18750.0  4.94829e-11
      18760.0  4.92283e-11
      18770.0  4.89708e-11
      18780.0  4.87116e-11
      18790.0  4.84516e-11
      18800.0  4.81918e-11
      18810.0  4.79330e-11
      18820.0  4.76762e-11
      18830.0  4.74221e-11
      18840.0  4.71714e-11
      18850.0  4.69248e-11
      18860.0  4.66828e-11
      18870.0  4.64459e-11
      18880.0  4.62144e-11
      18890.0  4.59887e-11
      18900.0  4.57688e-11
      18910.0  4.55550e-11
      18920.0  4.53473e-11
      18930.0  4.51456e-11
      18940.0  4.49499e-11
      18950.0  4.47599e-11
      18960.0  4.45756e-11
      18970.0  4.43967e-11
      18980.0  4.42228e-11
      18990.0  4.40537e-11
      19000.0  4.38891e-11
      19010.0  4.37287e-11
      19020.0  4.35720e-11
      19030.0  4.34189e-11
      19040.0  4.32688e-11
      19050.0  4.31216e-11
      19060.0  4.29769e-11
      19070.0  4.28345e-11
      19080.0  4.26941e-11
      19090.0  4.25554e-11
      19100.0  4.24182e-11
      19110.0  4.22824e-11
      19120.0  4.21479e-11
      19130.0  4.20143e-11
      19140.0  4.18818e-11
      19150.0  4.17502e-11
      19160.0  4.16194e-11
      19170.0  4.14894e-11
      19180.0  4.13603e-11
      19190.0  4.12320e-11
      19200.0  4.11045e-11
      19210.0  4.09779e-11
      19220.0  4.08523e-11
      19230.0  4.07277e-11
      19240.0  4.06042e-11
      19250.0  4.04819e-11
      19260.0  4.03609e-11
      19270.0  4.02412e-11
      19280.0  4.01230e-11
      19290.0  4.00063e-11
      19300.0  3.98912e-11
      19310.0  3.97779e-11
      19320.0  3.96663e-11
      19330.0  3.95566e-11
      19340.0  3.94487e-11
      19350.0  3.93429e-11
      19360.0  3.92389e-11
      19370.0  3.91369e-11
      19380.0  3.90369e-11
      19390.0  3.89388e-11
      19400.0  3.88426e-11
      19410.0  3.87482e-11
      19420.0  3.86554e-11
      19430.0  3.85643e-11
      19440.0  3.84746e-11
      19450.0  3.83861e-11
      19460.0  3.82987e-11
      19470.0  3.82123e-11
      19480.0  3.81265e-11
      19490.0  3.80411e-11
      19500.0  3.79559e-11
      19510.0  3.78707e-11
      19520.0  3.77852e-11
      19530.0  3.76991e-11
      19540.0  3.76122e-11
      19550.0  3.75243e-11
      19560.0  3.74352e-11
      19570.0  3.73446e-11
      19580.0  3.72523e-11
      19590.0  3.71583e-11
      19600.0  3.70624e-11
      19610.0  3.69645e-11
      19620.0  3.68646e-11
      19630.0  3.67626e-11
      19640.0  3.66585e-11
      19650.0  3.65525e-11
      19660.0  3.64446e-11
      19670.0  3.63350e-11
      19680.0  3.62237e-11
      19690.0  3.61111e-11
      19700.0  3.59973e-11
      19710.0  3.58827e-11
      19720.0  3.57674e-11
      19730.0  3.56518e-11
      19740.0  3.55362e-11
      19750.0  3.54210e-11
      19760.0  3.53064e-11
      19770.0  3.51928e-11
      19780.0  3.50805e-11
      19790.0  3.49699e-11
      19800.0  3.48612e-11
      19810.0  3.47547e-11
      19820.0  3.46509e-11
      19830.0  3.45498e-11
      19840.0  3.44517e-11
      19850.0  3.43568e-11
      19860.0  3.42654e-11
      19870.0  3.41776e-11
      19880.0  3.40934e-11
      19890.0  3.40131e-11
      19900.0  3.39366e-11
      19910.0  3.38639e-11
      19920.0  3.37952e-11
      19930.0  3.37304e-11
      19940.0  3.36694e-11
      19950.0  3.36121e-11
      19960.0  3.35585e-11
      19970.0  3.35085e-11
      19980.0  3.34619e-11
      19990.0  3.34187e-11
      20000.0  3.33785e-11
      20010.0  3.33414e-11
      20020.0  3.33070e-11
      20030.0  3.32754e-11
      20040.0  3.32462e-11
      20050.0  3.32193e-11
      20060.0  3.31945e-11
      20070.0  3.31718e-11
      20080.0  3.31509e-11
      20090.0  3.31316e-11
      20100.0  3.31140e-11
      20110.0  3.30977e-11
      20120.0  3.30827e-11
      20130.0  3.30688e-11
      20140.0  3.30560e-11
      20150.0  3.30441e-11
      20160.0  3.30331e-11
      20170.0  3.30228e-11
      20180.0  3.30132e-11
      20190.0  3.30041e-11
      20200.0  3.29955e-11
      20210.0  3.29873e-11
      20220.0  3.29793e-11
      20230.0  3.29715e-11
      20240.0  3.29638e-11
      20250.0  3.29561e-11
      20260.0  3.29483e-11
      20270.0  3.29403e-11
      20280.0  3.29320e-11
      20290.0  3.29232e-11
      20300.0  3.29140e-11
      20310.0  3.29041e-11
      20320.0  3.28936e-11
      20330.0  3.28823e-11
      20340.0  3.28701e-11
      20350.0  3.28570e-11
      20360.0  3.28430e-11
      20370.0  3.28279e-11
      20380.0  3.28118e-11
      20390.0  3.27947e-11
      20400.0  3.27765e-11
      20410.0  3.27573e-11
      20420.0  3.27371e-11
      20430.0  3.27159e-11
      20440.0  3.26938e-11
      20450.0  3.26708e-11
      20460.0  3.26472e-11
      20470.0  3.26228e-11
      20480.0  3.25980e-11
      20490.0  3.25726e-11
      20500.0  3.25470e-11
      20510.0  3.25211e-11
      20520.0  3.24952e-11
      20530.0  3.24692e-11
      20540.0  3.24434e-11
      20550.0  3.24178e-11
      20560.0  3.23925e-11
      20570.0  3.23677e-11
      20580.0  3.23433e-11
      20590.0  3.23194e-11
      20600.0  3.22961e-11
      20610.0  3.22735e-11
      20620.0  3.22515e-11
      20630.0  3.22300e-11
      20640.0  3.22092e-11
      20650.0  3.21890e-11
      20660.0  3.21692e-11
      20670.0  3.21499e-11
      20680.0  3.21309e-11
      20690.0  3.21122e-11
      20700.0  3.20937e-11
      20710.0  3.20751e-11
      20720.0  3.20565e-11
      20730.0  3.20376e-11
      20740.0  3.20183e-11
      20750.0  3.19985e-11
      20760.0  3.19779e-11
      20770.0  3.19566e-11
      20780.0  3.19342e-11
      20790.0  3.19108e-11
      20800.0  3.18860e-11
      20810.0  3.18599e-11
      20820.0  3.18323e-11
      20830.0  3.18030e-11
      20840.0  3.17721e-11
      20850.0  3.17393e-11
      20860.0  3.17047e-11
      20870.0  3.16683e-11
      20880.0  3.16299e-11
      20890.0  3.15896e-11
      20900.0  3.15474e-11
      20910.0  3.15033e-11
      20920.0  3.14574e-11
      20930.0  3.14098e-11
      20940.0  3.13605e-11
      20950.0  3.13096e-11
      20960.0  3.12572e-11
      20970.0  3.12035e-11
      20980.0  3.11487e-11
      20990.0  3.10927e-11
      21000.0  3.10359e-11
      21010.0  3.09783e-11
      21020.0  3.09201e-11
      21030.0  3.08614e-11
      21040.0  3.08024e-11
      21050.0  3.07433e-11
      21060.0  3.06841e-11
      21070.0  3.06249e-11
      21080.0  3.05660e-11
      21090.0  3.05073e-11
      21100.0  3.04489e-11
      21110.0  3.03910e-11
      21120.0  3.03335e-11
      21130.0  3.02765e-11
      21140.0  3.02199e-11
      21150.0  3.01638e-11
      21160.0  3.01082e-11
      21170.0  3.00529e-11
      21180.0  2.99980e-11
      21190.0  2.99434e-11
      21200.0  2.98890e-11
      21210.0  2.98347e-11
      21220.0  2.97804e-11
      21230.0  2.97261e-11
      21240.0  2.96716e-11
      21250.0  2.96168e-11
      21260.0  2.95617e-11
      21270.0  2.95060e-11
      21280.0  2.94498e-11
      21290.0  2.93930e-11
      21300.0  2.93354e-11
      21310.0  2.92769e-11
      21320.0  2.92175e-11
      21330.0  2.91572e-11
      21340.0  2.90958e-11
      21350.0  2.90334e-11
      21360.0  2.89698e-11
      21370.0  2.89051e-11
      21380.0  2.88391e-11
      21390.0  2.87720e-11
      21400.0  2.87037e-11
      21410.0  2.86341e-11
      21420.0  2.85633e-11
      21430.0  2.84913e-11
      21440.0  2.84182e-11
      21450.0  2.83439e-11
      21460.0  2.82684e-11
      21470.0  2.81918e-11
      21480.0  2.81142e-11
      21490.0  2.80356e-11
      21500.0  2.79560e-11
      21510.0  2.78754e-11
      21520.0  2.77940e-11
      21530.0  2.77118e-11
      21540.0  2.76288e-11
      21550.0  2.75451e-11
      21560.0  2.74608e-11
      21570.0  2.73758e-11
      21580.0  2.72904e-11
      21590.0  2.72045e-11
      21600.0  2.71181e-11
      21610.0  2.70314e-11
      21620.0  2.69443e-11
      21630.0  2.68570e-11
      21640.0  2.67694e-11
      21650.0  2.66817e-11
      21660.0  2.65937e-11
      21670.0  2.65057e-11
      21680.0  2.64174e-11
      21690.0  2.63291e-11
      21700.0  2.62407e-11
      21710.0  2.61522e-11
      21720.0  2.60636e-11
      21730.0  2.59749e-11
      21740.0  2.58860e-11
      21750.0  2.57970e-11
      21760.0  2.57079e-11
      21770.0  2.56186e-11
      21780.0  2.55292e-11
      21790.0  2.54395e-11
      21800.0  2.53496e-11
      21810.0  2.52594e-11
      21820.0  2.51690e-11
      21830.0  2.50783e-11
      21840.0  2.49874e-11
      21850.0  2.48961e-11
      21860.0  2.48046e-11
      21870.0  2.47129e-11
      21880.0  2.46208e-11
      21890.0  2.45286e-11
      21900.0  2.44362e-11
      21910.0  2.43436e-11
      21920.0  2.42510e-11
      21930.0  2.41583e-11
      21940.0  2.40656e-11
      21950.0  2.39730e-11
      21960.0  2.38807e-11
      21970.0  2.37885e-11
      21980.0  2.36968e-11
      21990.0  2.36055e-11
      22000.0  2.35148e-11
      22010.0  2.34247e-11
      22020.0  2.33354e-11
      22030.0  2.32470e-11
      22040.0  2.31596e-11
      22050.0  2.30733e-11
      22060.0  2.29881e-11
      22070.0  2.29042e-11
      22080.0  2.28217e-11
      22090.0  2.27407e-11
      22100.0  2.26612e-11
      22110.0  2.25833e-11
      22120.0  2.25071e-11
      22130.0  2.24326e-11
      22140.0  2.23599e-11
      22150.0  2.22890e-11
      22160.0  2.22199e-11
      22170.0  2.21527e-11
      22180.0  2.20873e-11
      22190.0  2.20237e-11
      22200.0  2.19619e-11
      22210.0  2.19019e-11
      22220.0  2.18437e-11
      22230.0  2.17871e-11
      22240.0  2.17321e-11
      22250.0  2.16787e-11
      22260.0  2.16267e-11
      22270.0  2.15762e-11
      22280.0  2.15269e-11
      22290.0  2.14789e-11
      22300.0  2.14320e-11
      22310.0  2.13862e-11
      22320.0  2.13413e-11
      22330.0  2.12972e-11
      22340.0  2.12539e-11
      22350.0  2.12112e-11
      22360.0  2.11692e-11
      22370.0  2.11276e-11
      22380.0  2.10865e-11
      22390.0  2.10457e-11
      22400.0  2.10051e-11
      22410.0  2.09648e-11
      22420.0  2.09247e-11
      22430.0  2.08846e-11
      22440.0  2.08446e-11
      22450.0  2.08047e-11
      22460.0  2.07648e-11
      22470.0  2.07248e-11
      22480.0  2.06849e-11
      22490.0  2.06449e-11
      22500.0  2.06048e-11
      22510.0  2.05648e-11
      22520.0  2.05247e-11
      22530.0  2.04846e-11
      22540.0  2.04445e-11
      22550.0  2.04044e-11
      22560.0  2.03644e-11
      22570.0  2.03245e-11
      22580.0  2.02847e-11
      22590.0  2.02451e-11
      22600.0  2.02056e-11
      22610.0  2.01663e-11
      22620.0  2.01273e-11
      22630.0  2.00885e-11
      22640.0  2.00501e-11
      22650.0  2.00120e-11
      22660.0  1.99742e-11
      22670.0  1.99369e-11
      22680.0  1.99000e-11
      22690.0  1.98636e-11
      22700.0  1.98277e-11
      22710.0  1.97923e-11
      22720.0  1.97574e-11
      22730.0  1.97231e-11
      22740.0  1.96895e-11
      22750.0  1.96564e-11
      22760.0  1.96240e-11
      22770.0  1.95923e-11
      22780.0  1.95613e-11
      22790.0  1.95310e-11
      22800.0  1.95015e-11
      22810.0  1.94728e-11
      22820.0  1.94448e-11
      22830.0  1.94177e-11
      22840.0  1.93913e-11
      22850.0  1.93659e-11
      22860.0  1.93413e-11
      22870.0  1.93176e-11
      22880.0  1.92948e-11
      22890.0  1.92728e-11
      22900.0  1.92518e-11
      22910.0  1.92317e-11
      22920.0  1.92126e-11
      22930.0  1.91943e-11
      22940.0  1.91770e-11
      22950.0  1.91605e-11
      22960.0  1.91450e-11
      22970.0  1.91304e-11
      22980.0  1.91167e-11
      22990.0  1.91038e-11
      23000.0  1.90919e-11
      23010.0  1.90808e-11
      23020.0  1.90706e-11
      23030.0  1.90613e-11
      23040.0  1.90529e-11
      23050.0  1.90453e-11
      23060.0  1.90387e-11
      23070.0  1.90330e-11
      23080.0  1.90283e-11
      23090.0  1.90245e-11
      23100.0  1.90218e-11
      23110.0  1.90201e-11
      23120.0  1.90194e-11
      23130.0  1.90199e-11
      23140.0  1.90216e-11
      23150.0  1.90244e-11
      23160.0  1.90285e-11
      23170.0  1.90340e-11
      23180.0  1.90407e-11
      23190.0  1.90488e-11
      23200.0  1.90584e-11
      23210.0  1.90693e-11
      23220.0  1.90817e-11
      23230.0  1.90956e-11
      23240.0  1.91109e-11
      23250.0  1.91277e-11
      23260.0  1.91459e-11
      23270.0  1.91655e-11
      23280.0  1.91864e-11
      23290.0  1.92086e-11
      23300.0  1.92320e-11
      23310.0  1.92566e-11
      23320.0  1.92821e-11
      23330.0  1.93086e-11
      23340.0  1.93358e-11
      23350.0  1.93637e-11
      23360.0  1.93922e-11
      23370.0  1.94210e-11
      23380.0  1.94501e-11
      23390.0  1.94794e-11
      23400.0  1.95085e-11
      23410.0  1.95376e-11
      23420.0  1.95663e-11
      23430.0  1.95945e-11
      23440.0  1.96222e-11
      23450.0  1.96492e-11
      23460.0  1.96755e-11
      23470.0  1.97008e-11
      23480.0  1.97253e-11
      23490.0  1.97487e-11
      23500.0  1.97710e-11
      23510.0  1.97923e-11
      23520.0  1.98124e-11
      23530.0  1.98315e-11
      23540.0  1.98495e-11
      23550.0  1.98664e-11
      23560.0  1.98824e-11
      23570.0  1.98974e-11
      23580.0  1.99115e-11
      23590.0  1.99248e-11
      23600.0  1.99374e-11
      23610.0  1.99494e-11
      23620.0  1.99609e-11
      23630.0  1.99719e-11
      23640.0  1.99826e-11
      23650.0  1.99931e-11
      23660.0  2.00034e-11
      23670.0  2.00136e-11
      23680.0  2.00239e-11
      23690.0  2.00342e-11
      23700.0  2.00445e-11
      23710.0  2.00551e-11
      23720.0  2.00658e-11
      23730.0  2.00767e-11
      23740.0  2.00878e-11
      23750.0  2.00991e-11
      23760.0  2.01106e-11
      23770.0  2.01224e-11
      23780.0  2.01343e-11
      23790.0  2.01463e-11
      23800.0  2.01586e-11
      23810.0  2.01710e-11
      23820.0  2.01835e-11
      23830.0  2.01963e-11
      23840.0  2.02092e-11
      23850.0  2.02223e-11
      23860.0  2.02356e-11
      23870.0  2.02490e-11
      23880.0  2.02627e-11
      23890.0  2.02765e-11
      23900.0  2.02906e-11
      23910.0  2.03048e-11
      23920.0  2.03193e-11
      23930.0  2.03339e-11
      23940.0  2.03486e-11
      23950.0  2.03634e-11
      23960.0  2.03782e-11
      23970.0  2.03928e-11
      23980.0  2.04073e-11
      23990.0  2.04214e-11
      24000.0  2.04350e-11
      24010.0  2.04481e-11
      24020.0  2.04605e-11
      24030.0  2.04720e-11
      24040.0  2.04826e-11
      24050.0  2.04922e-11
      24060.0  2.05006e-11
      24070.0  2.05078e-11
      24080.0  2.05138e-11
      24090.0  2.05186e-11
      24100.0  2.05221e-11
      24110.0  2.05245e-11
      24120.0  2.05259e-11
      24130.0  2.05263e-11
      24140.0  2.05258e-11
      24150.0  2.05248e-11
      24160.0  2.05232e-11
      24170.0  2.05214e-11
      24180.0  2.05195e-11
      24190.0  2.05178e-11
      24200.0  2.05164e-11
      24210.0  2.05158e-11
      24220.0  2.05160e-11
      24230.0  2.05173e-11
      24240.0  2.05200e-11
      24250.0  2.05243e-11
      24260.0  2.05304e-11
      24270.0  2.05385e-11
      24280.0  2.05489e-11
      24290.0  2.05618e-11
      24300.0  2.05772e-11
      24310.0  2.05955e-11
      24320.0  2.06168e-11
      24330.0  2.06412e-11
      24340.0  2.06689e-11
      24350.0  2.07000e-11
      24360.0  2.07345e-11
      24370.0  2.07726e-11
      24380.0  2.08144e-11
      24390.0  2.08599e-11
      24400.0  2.09092e-11
      24410.0  2.09622e-11
      24420.0  2.10191e-11
      24430.0  2.10798e-11
      24440.0  2.11443e-11
      24450.0  2.12126e-11
      24460.0  2.12846e-11
      24470.0  2.13602e-11
      24480.0  2.14394e-11
      24490.0  2.15220e-11
      24500.0  2.16079e-11
      24510.0  2.16969e-11
      24520.0  2.17888e-11
      24530.0  2.18834e-11
      24540.0  2.19804e-11
      24550.0  2.20794e-11
      24560.0  2.21802e-11
      24570.0  2.22825e-11
      24580.0  2.23858e-11
      24590.0  2.24897e-11
      24600.0  2.25939e-11
      24610.0  2.26980e-11
      24620.0  2.28015e-11
      24630.0  2.29041e-11
      24640.0  2.30054e-11
      24650.0  2.31051e-11
      24660.0  2.32029e-11
      24670.0  2.32984e-11
      24680.0  2.33915e-11
      24690.0  2.34819e-11
      24700.0  2.35696e-11
      24710.0  2.36543e-11
      24720.0  2.37360e-11
      24730.0  2.38146e-11
      24740.0  2.38901e-11
      24750.0  2.39625e-11
      24760.0  2.40319e-11
      24770.0  2.40982e-11
      24780.0  2.41615e-11
      24790.0  2.42218e-11
      24800.0  2.42791e-11
      24810.0  2.43335e-11
      24820.0  2.43849e-11
      24830.0  2.44335e-11
      24840.0  2.44792e-11
      24850.0  2.45220e-11
      24860.0  2.45621e-11
      24870.0  2.45993e-11
      24880.0  2.46338e-11
      24890.0  2.46656e-11
      24900.0  2.46948e-11
      24910.0  2.47215e-11
      24920.0  2.47459e-11
      24930.0  2.47680e-11
      24940.0  2.47880e-11
      24950.0  2.48061e-11
      24960.0  2.48223e-11
      24970.0  2.48370e-11
      24980.0  2.48501e-11
      24990.0  2.48619e-11
      25000.0  2.48724e-11
