      1000.00  2.40124e-12
      1010.00  2.95527e-12
      1020.00  3.64922e-12
      1030.00  4.51437e-12
      1040.00  5.59007e-12
      1050.00  6.92242e-12
      1060.00  8.56436e-12
      1070.00  1.05752e-11
      1080.00  1.30199e-11
      1090.00  1.59671e-11
      1100.00  1.94873e-11
      1110.00  2.36499e-11
      1120.00  2.85202e-11
      1130.00  3.41567e-11
      1140.00  4.06073e-11
      1150.00  4.79075e-11
      1160.00  5.60777e-11
      1170.00  6.51216e-11
      1180.00  7.50250e-11
      1190.00  8.57554e-11
      1200.00  9.72614e-11
      1210.00  1.09474e-10
      1220.00  1.22306e-10
      1230.00  1.35658e-10
      1240.00  1.49413e-10
      1250.00  1.63448e-10
      1260.00  1.77631e-10
      1270.00  1.91828e-10
      1280.00  2.05902e-10
      1290.00  2.19722e-10
      1300.00  2.33164e-10
      1310.00  2.46113e-10
      1320.00  2.58466e-10
      1330.00  2.70136e-10
      1340.00  2.81049e-10
      1350.00  2.91152e-10
      1360.00  3.00406e-10
      1370.00  3.08791e-10
      1380.00  3.16306e-10
      1390.00  3.22963e-10
      1400.00  3.28790e-10
      1410.00  3.33832e-10
      1420.00  3.38141e-10
      1430.00  3.41782e-10
      1440.00  3.44825e-10
      1450.00  3.47350e-10
      1460.00  3.49434e-10
      1470.00  3.51160e-10
      1480.00  3.52607e-10
      1490.00  3.53853e-10
      1500.00  3.54969e-10
      1510.00  3.56022e-10
      1520.00  3.57071e-10
      1530.00  3.58169e-10
      1540.00  3.59362e-10
      1550.00  3.60687e-10
      1560.00  3.62176e-10
      1570.00  3.63853e-10
      1580.00  3.65739e-10
      1590.00  3.67848e-10
      1600.00  3.70193e-10
      1610.00  3.72780e-10
      1620.00  3.75616e-10
      1630.00  3.78704e-10
      1640.00  3.82047e-10
      1650.00  3.85646e-10
      1660.00  3.89502e-10
      1670.00  3.93614e-10
      1680.00  3.97982e-10
      1690.00  4.02605e-10
      1700.00  4.07482e-10
      1710.00  4.12610e-10
      1720.00  4.17988e-10
      1730.00  4.23614e-10
      1740.00  4.29484e-10
      1750.00  4.35596e-10
      1760.00  4.41947e-10
      1770.00  4.48533e-10
      1780.00  4.55349e-10
      1790.00  4.62391e-10
      1800.00  4.69654e-10
      1810.00  4.77133e-10
      1820.00  4.84820e-10
      1830.00  4.92711e-10
      1840.00  5.00797e-10
      1850.00  5.09070e-10
      1860.00  5.17522e-10
      1870.00  5.26145e-10
      1880.00  5.34928e-10
      1890.00  5.43860e-10
      1900.00  5.52932e-10
      1910.00  5.62131e-10
      1920.00  5.71445e-10
      1930.00  5.80862e-10
      1940.00  5.90368e-10
      1950.00  5.99949e-10
      1960.00  6.09590e-10
      1970.00  6.19277e-10
      1980.00  6.28990e-10
      1990.00  6.38711e-10
      2000.00  6.48415e-10
      2010.00  6.58073e-10
      2020.00  6.67644e-10
      2030.00  6.77078e-10
      2040.00  6.86306e-10
      2050.00  6.95237e-10
      2060.00  7.03754e-10
      2070.00  7.11711e-10
      2080.00  7.18929e-10
      2090.00  7.25197e-10
      2100.00  7.30285e-10
      2110.00  7.33948e-10
      2120.00  7.35947e-10
      2130.00  7.36075e-10
      2140.00  7.34174e-10
      2150.00  7.30168e-10
      2160.00  7.24082e-10
      2170.00  7.16053e-10
      2180.00  7.06336e-10
      2190.00  6.95292e-10
      2200.00  6.83366e-10
      2210.00  6.71050e-10
      2220.00  6.58843e-10
      2230.00  6.47211e-10
      2240.00  6.36541e-10
      2250.00  6.27119e-10
      2260.00  6.19106e-10
      2270.00  6.12543e-10
      2280.00  6.07356e-10
      2290.00  6.03382e-10
      2300.00  6.00402e-10
      2310.00  5.98172e-10
      2320.00  5.96457e-10
      2330.00  5.95063e-10
      2340.00  5.93853e-10
      2350.00  5.92762e-10
      2360.00  5.91796e-10
      2370.00  5.91025e-10
      2380.00  5.90566e-10
      2390.00  5.90562e-10
      2400.00  5.91154e-10
      2410.00  5.92458e-10
      2420.00  5.94539e-10
      2430.00  5.97397e-10
      2440.00  6.00955e-10
      2450.00  6.05066e-10
      2460.00  6.09522e-10
      2470.00  6.14076e-10
      2480.00  6.18475e-10
      2490.00  6.22487e-10
      2500.00  6.25935e-10
      2510.00  6.28717e-10
      2520.00  6.30822e-10
      2530.00  6.32325e-10
      2540.00  6.33381e-10
      2550.00  6.34199e-10
      2560.00  6.35013e-10
      2570.00  6.36054e-10
      2580.00  6.37525e-10
      2590.00  6.39581e-10
      2600.00  6.42318e-10
      2610.00  6.45776e-10
      2620.00  6.49939e-10
      2630.00  6.54752e-10
      2640.00  6.60127e-10
      2650.00  6.66024e-10
      2660.00  6.75554e-10
      2670.00  7.18805e-10
      2680.00  8.22149e-10
      2690.00  9.30560e-10
      2700.00  1.03128e-09
      2710.00  1.10943e-09
      2720.00  1.15552e-09
      2730.00  1.18399e-09
      2740.00  1.25703e-09
      2750.00  1.37618e-09
      2760.00  1.49482e-09
      2770.00  1.65237e-09
      2780.00  1.88823e-09
      2790.00  2.12369e-09
      2800.00  2.34407e-09
      2810.00  2.65251e-09
      2820.00  2.97619e-09
      2830.00  3.23898e-09
      2840.00  3.42840e-09
      2850.00  3.54025e-09
      2860.00  3.59487e-09
      2870.00  3.61469e-09
      2880.00  3.61701e-09
      2890.00  3.61660e-09
      2900.00  3.65362e-09
      2910.00  3.72177e-09
      2920.00  3.77996e-09
      2930.00  3.85016e-09
      2940.00  3.98281e-09
      2950.00  4.16034e-09
      2960.00  4.31613e-09
      2970.00  4.41187e-09
      2980.00  4.47828e-09
      2990.00  4.58992e-09
      3000.00  4.81775e-09
      3010.00  5.18879e-09
      3020.00  5.63478e-09
      3030.00  6.02795e-09
      3040.00  6.29235e-09
      3050.00  6.43435e-09
      3060.00  6.48071e-09
      3070.00  6.43811e-09
      3080.00  6.29836e-09
      3090.00  6.06635e-09
      3100.00  5.78143e-09
      3110.00  5.47930e-09
      3120.00  5.15089e-09
      3130.00  4.78602e-09
      3140.00  4.42072e-09
      3150.00  4.08985e-09
      3160.00  3.79447e-09
      3170.00  3.54685e-09
      3180.00  3.38334e-09
      3190.00  3.31993e-09
      3200.00  3.29902e-09
      3210.00  3.23489e-09
      3220.00  3.18012e-09
      3230.00  3.18027e-09
      3240.00  3.21059e-09
      3250.00  3.24560e-09
      3260.00  3.29959e-09
      3270.00  3.39901e-09
      3280.00  3.54652e-09
      3290.00  3.73608e-09
      3300.00  3.96402e-09
      3310.00  4.21804e-09
      3320.00  4.47216e-09
      3330.00  4.69071e-09
      3340.00  4.85478e-09
      3350.00  4.98126e-09
      3360.00  5.10209e-09
      3370.00  5.24239e-09
      3380.00  5.42129e-09
      3390.00  5.65062e-09
      3400.00  5.93451e-09
      3410.00  6.27000e-09
      3420.00  6.62471e-09
      3430.00  6.95406e-09
      3440.00  7.23095e-09
      3450.00  7.41065e-09
      3460.00  7.49050e-09
      3470.00  7.52260e-09
      3480.00  7.53088e-09
      3490.00  7.51150e-09
      3500.00  7.46483e-09
      3510.00  7.39200e-09
      3520.00  7.29855e-09
      3530.00  7.19418e-09
      3540.00  7.07972e-09
      3550.00  6.94624e-09
      3560.00  6.78528e-09
      3570.00  6.59010e-09
      3580.00  6.35088e-09
      3590.00  6.03870e-09
      3600.00  5.60315e-09
      3610.00  5.07457e-09
      3620.00  4.58065e-09
      3630.00  4.15905e-09
      3640.00  3.77970e-09
      3650.00  3.43930e-09
      3660.00  3.15325e-09
      3670.00  2.94143e-09
      3680.00  2.82142e-09
      3690.00  2.80269e-09
      3700.00  2.88840e-09
      3710.00  3.07702e-09
      3720.00  3.35385e-09
      3730.00  3.68141e-09
      3740.00  4.00531e-09
      3750.00  4.27583e-09
      3760.00  4.47352e-09
      3770.00  4.62096e-09
      3780.00  4.76175e-09
      3790.00  4.93164e-09
      3800.00  5.15193e-09
      3810.00  5.43258e-09
      3820.00  5.76738e-09
      3830.00  6.12863e-09
      3840.00  6.47290e-09
      3850.00  6.75849e-09
      3860.00  6.97964e-09
      3870.00  7.16940e-09
      3880.00  7.35158e-09
      3890.00  7.52563e-09
      3900.00  7.67622e-09
      3910.00  7.77713e-09
      3920.00  7.79951e-09
      3930.00  7.72629e-09
      3940.00  7.56428e-09
      3950.00  7.34189e-09
      3960.00  7.09980e-09
      3970.00  6.88317e-09
      3980.00  6.73212e-09
      3990.00  6.66821e-09
      4000.00  6.68834e-09
      4010.00  6.77430e-09
      4020.00  6.90464e-09
      4030.00  7.05556e-09
      4040.00  7.20064e-09
      4050.00  7.31493e-09
      4060.00  7.37725e-09
      4070.00  7.37123e-09
      4080.00  7.29124e-09
      4090.00  7.14620e-09
      4100.00  6.95588e-09
      4110.00  6.74245e-09
      4120.00  6.52393e-09
      4130.00  6.31175e-09
      4140.00  6.10870e-09
      4150.00  5.90806e-09
      4160.00  5.69987e-09
      4170.00  5.48061e-09
      4180.00  5.25536e-09
      4190.00  5.03270e-09
      4200.00  4.82039e-09
      4210.00  4.62390e-09
      4220.00  4.44609e-09
      4230.00  4.28729e-09
      4240.00  4.14674e-09
      4250.00  4.02585e-09
      4260.00  3.92836e-09
      4270.00  3.85803e-09
      4280.00  3.81866e-09
      4290.00  3.81597e-09
      4300.00  3.85626e-09
      4310.00  3.94051e-09
      4320.00  4.05902e-09
      4330.00  4.19182e-09
      4340.00  4.31408e-09
      4350.00  4.40255e-09
      4360.00  4.44244e-09
      4370.00  4.43392e-09
      4380.00  4.39403e-09
      4390.00  4.35026e-09
      4400.00  4.32892e-09
      4410.00  4.34564e-09
      4420.00  4.40300e-09
      4430.00  4.49288e-09
      4440.00  4.60041e-09
      4450.00  4.70837e-09
      4460.00  4.80186e-09
      4470.00  4.87139e-09
      4480.00  4.91303e-09
      4490.00  4.92673e-09
      4500.00  4.91512e-09
      4510.00  4.88321e-09
      4520.00  4.83779e-09
      4530.00  4.78570e-09
      4540.00  4.73221e-09
      4550.00  4.68023e-09
      4560.00  4.62966e-09
      4570.00  4.57683e-09
      4580.00  4.51501e-09
      4590.00  4.43639e-09
      4600.00  4.33585e-09
      4610.00  4.21503e-09
      4620.00  4.08354e-09
      4630.00  3.95541e-09
      4640.00  3.84297e-09
      4650.00  3.75234e-09
      4660.00  3.68255e-09
      4670.00  3.62742e-09
      4680.00  3.57879e-09
      4690.00  3.53017e-09
      4700.00  3.47958e-09
      4710.00  3.43010e-09
      4720.00  3.38752e-09
      4730.00  3.35683e-09
      4740.00  3.33932e-09
      4750.00  3.33071e-09
      4760.00  3.32100e-09
      4770.00  3.29712e-09
      4780.00  3.24789e-09
      4790.00  3.16830e-09
      4800.00  3.06136e-09
      4810.00  2.93737e-09
      4820.00  2.81090e-09
      4830.00  2.69657e-09
      4840.00  2.60515e-09
      4850.00  2.54147e-09
      4860.00  2.50465e-09
      4870.00  2.48981e-09
      4880.00  2.49024e-09
      4890.00  2.49888e-09
      4900.00  2.50916e-09
      4910.00  2.51681e-09
      4920.00  2.52247e-09
      4930.00  2.53061e-09
      4940.00  2.54484e-09
      4950.00  2.56581e-09
      4960.00  2.59267e-09
      4970.00  2.62471e-09
      4980.00  2.66165e-09
      4990.00  2.70329e-09
      5000.00  2.74898e-09
      5010.00  2.79771e-09
      5020.00  2.84924e-09
      5030.00  2.90466e-09
      5040.00  2.96500e-09
      5050.00  3.02868e-09
      5060.00  3.09063e-09
      5070.00  3.14405e-09
      5080.00  3.18366e-09
      5090.00  3.20785e-09
      5100.00  3.21883e-09
      5110.00  3.22136e-09
      5120.00  3.22077e-09
      5130.00  3.22105e-09
      5140.00  3.22327e-09
      5150.00  3.22469e-09
      5160.00  3.21914e-09
      5170.00  3.19867e-09
      5180.00  3.15638e-09
      5190.00  3.08899e-09
      5200.00  2.99848e-09
      5210.00  2.89203e-09
      5220.00  2.78024e-09
      5230.00  2.67416e-09
      5240.00  2.58257e-09
      5250.00  2.51051e-09
      5260.00  2.45940e-09
      5270.00  2.42812e-09
      5280.00  2.41415e-09
      5290.00  2.41403e-09
      5300.00  2.42345e-09
      5310.00  2.43737e-09
      5320.00  2.45066e-09
      5330.00  2.45896e-09
      5340.00  2.45919e-09
      5350.00  2.44941e-09
      5360.00  2.42851e-09
      5370.00  2.39627e-09
      5380.00  2.35403e-09
      5390.00  2.30517e-09
      5400.00  2.25482e-09
      5410.00  2.20883e-09
      5420.00  2.17310e-09
      5430.00  2.15289e-09
      5440.00  2.15173e-09
      5450.00  2.16998e-09
      5460.00  2.20441e-09
      5470.00  2.24892e-09
      5480.00  2.29612e-09
      5490.00  2.33906e-09
      5500.00  2.37304e-09
      5510.00  2.39667e-09
      5520.00  2.41177e-09
      5530.00  2.42208e-09
      5540.00  2.43125e-09
      5550.00  2.44141e-09
      5560.00  2.45282e-09
      5570.00  2.46454e-09
      5580.00  2.47537e-09
      5590.00  2.48456e-09
      5600.00  2.49179e-09
      5610.00  2.49683e-09
      5620.00  2.49914e-09
      5630.00  2.49759e-09
      5640.00  2.49067e-09
      5650.00  2.47685e-09
      5660.00  2.45509e-09
      5670.00  2.42512e-09
      5680.00  2.38775e-09
      5690.00  2.34486e-09
      5700.00  2.29943e-09
      5710.00  2.25507e-09
      5720.00  2.21526e-09
      5730.00  2.18255e-09
      5740.00  2.15811e-09
      5750.00  2.14188e-09
      5760.00  2.13299e-09
      5770.00  2.13026e-09
      5780.00  2.13250e-09
      5790.00  2.13876e-09
      5800.00  2.14831e-09
      5810.00  2.16049e-09
      5820.00  2.17447e-09
      5830.00  2.18903e-09
      5840.00  2.20260e-09
      5850.00  2.21339e-09
      5860.00  2.21989e-09
      5870.00  2.22133e-09
      5880.00  2.21806e-09
      5890.00  2.21132e-09
      5900.00  2.20249e-09
      5910.00  2.19201e-09
      5920.00  2.17905e-09
      5930.00  2.16197e-09
      5940.00  2.13931e-09
      5950.00  2.11037e-09
      5960.00  2.07509e-09
      5970.00  2.03350e-09
      5980.00  1.98532e-09
      5990.00  1.93006e-09
      6000.00  1.86736e-09
      6010.00  1.79737e-09
      6020.00  1.72092e-09
      6030.00  1.63954e-09
      6040.00  1.55540e-09
      6050.00  1.47119e-09
      6060.00  1.39009e-09
      6070.00  1.31558e-09
      6080.00  1.25122e-09
      6090.00  1.20029e-09
      6100.00  1.16540e-09
      6110.00  1.14820e-09
      6120.00  1.14918e-09
      6130.00  1.16757e-09
      6140.00  1.20147e-09
      6150.00  1.24800e-09
      6160.00  1.30380e-09
      6170.00  1.36546e-09
      6180.00  1.43003e-09
      6190.00  1.49521e-09
      6200.00  1.55926e-09
      6210.00  1.62080e-09
      6220.00  1.67853e-09
      6230.00  1.73118e-09
      6240.00  1.77761e-09
      6250.00  1.81705e-09
      6260.00  1.84932e-09
      6270.00  1.87491e-09
      6280.00  1.89462e-09
      6290.00  1.90906e-09
      6300.00  1.91876e-09
      6310.00  1.92449e-09
      6320.00  1.92741e-09
      6330.00  1.92859e-09
      6340.00  1.92832e-09
      6350.00  1.92589e-09
      6360.00  1.92006e-09
      6370.00  1.90983e-09
      6380.00  1.89505e-09
      6390.00  1.87639e-09
      6400.00  1.85499e-09
      6410.00  1.83204e-09
      6420.00  1.80859e-09
      6430.00  1.78542e-09
      6440.00  1.76307e-09
      6450.00  1.74189e-09
      6460.00  1.72207e-09
      6470.00  1.70367e-09
      6480.00  1.68667e-09
      6490.00  1.67105e-09
      6500.00  1.65679e-09
      6510.00  1.64386e-09
      6520.00  1.63214e-09
      6530.00  1.62134e-09
      6540.00  1.61090e-09
      6550.00  1.60013e-09
      6560.00  1.58838e-09
      6570.00  1.57529e-09
      6580.00  1.56087e-09
      6590.00  1.54545e-09
      6600.00  1.52958e-09
      6610.00  1.51372e-09
      6620.00  1.49819e-09
      6630.00  1.48310e-09
      6640.00  1.46843e-09
      6650.00  1.45413e-09
      6660.00  1.44021e-09
      6670.00  1.42675e-09
      6680.00  1.41386e-09
      6690.00  1.40160e-09
      6700.00  1.38995e-09
      6710.00  1.37887e-09
      6720.00  1.36829e-09
      6730.00  1.35822e-09
      6740.00  1.34868e-09
      6750.00  1.33967e-09
      6760.00  1.33112e-09
      6770.00  1.32295e-09
      6780.00  1.31503e-09
      6790.00  1.30722e-09
      6800.00  1.29940e-09
      6810.00  1.29148e-09
      6820.00  1.28340e-09
      6830.00  1.27519e-09
      6840.00  1.26696e-09
      6850.00  1.25896e-09
      6860.00  1.25148e-09
      6870.00  1.24482e-09
      6880.00  1.23908e-09
      6890.00  1.23410e-09
      6900.00  1.22949e-09
      6910.00  1.22470e-09
      6920.00  1.21931e-09
      6930.00  1.21311e-09
      6940.00  1.20621e-09
      6950.00  1.19897e-09
      6960.00  1.19185e-09
      6970.00  1.18526e-09
      6980.00  1.17942e-09
      6990.00  1.17432e-09
      7000.00  1.16974e-09
      7010.00  1.16543e-09
      7020.00  1.16117e-09
      7030.00  1.15689e-09
      7040.00  1.15266e-09
      7050.00  1.14860e-09
      7060.00  1.14486e-09
      7070.00  1.14151e-09
      7080.00  1.13847e-09
      7090.00  1.13552e-09
      7100.00  1.13236e-09
      7110.00  1.12860e-09
      7120.00  1.12396e-09
      7130.00  1.11826e-09
      7140.00  1.11150e-09
      7150.00  1.10384e-09
      7160.00  1.09564e-09
      7170.00  1.08740e-09
      7180.00  1.07958e-09
      7190.00  1.07245e-09
      7200.00  1.06585e-09
      7210.00  1.05936e-09
      7220.00  1.05263e-09
      7230.00  1.04552e-09
      7240.00  1.03815e-09
      7250.00  1.03070e-09
      7260.00  1.02338e-09
      7270.00  1.01628e-09
      7280.00  1.00941e-09
      7290.00  1.00270e-09
      7300.00  9.95979e-10
      7310.00  9.89065e-10
      7320.00  9.81828e-10
      7330.00  9.74215e-10
      7340.00  9.66244e-10
      7350.00  9.57952e-10
      7360.00  9.49347e-10
      7370.00  9.40395e-10
      7380.00  9.31042e-10
      7390.00  9.21276e-10
      7400.00  9.11169e-10
      7410.00  9.00896e-10
      7420.00  8.90735e-10
      7430.00  8.81045e-10
      7440.00  8.72238e-10
      7450.00  8.64729e-10
      7460.00  8.58873e-10
      7470.00  8.54891e-10
      7480.00  8.52820e-10
      7490.00  8.52514e-10
      7500.00  8.53687e-10
      7510.00  8.55994e-10
      7520.00  8.59103e-10
      7530.00  8.62741e-10
      7540.00  8.66707e-10
      7550.00  8.70867e-10
      7560.00  8.75136e-10
      7570.00  8.79476e-10
      7580.00  8.83875e-10
      7590.00  8.88319e-10
      7600.00  8.92763e-10
      7610.00  8.97104e-10
      7620.00  9.01197e-10
      7630.00  9.04897e-10
      7640.00  9.08093e-10
      7650.00  9.10714e-10
      7660.00  9.12688e-10
      7670.00  9.13884e-10
      7680.00  9.14116e-10
      7690.00  9.13231e-10
      7700.00  9.11255e-10
      7710.00  9.08423e-10
      7720.00  9.05055e-10
      7730.00  9.01326e-10
      7740.00  8.97143e-10
      7750.00  8.92184e-10
      7760.00  8.86041e-10
      7770.00  8.78360e-10
      7780.00  8.68921e-10
      7790.00  8.57669e-10
      7800.00  8.44720e-10
      7810.00  8.30329e-10
      7820.00  8.14838e-10
      7830.00  7.98599e-10
      7840.00  7.81911e-10
      7850.00  7.64963e-10
      7860.00  7.47794e-10
      7870.00  7.30308e-10
      7880.00  7.12378e-10
      7890.00  6.94067e-10
      7900.00  6.75845e-10
      7910.00  6.58592e-10
      7920.00  6.43300e-10
      7930.00  6.30658e-10
      7940.00  6.20839e-10
      7950.00  6.13590e-10
      7960.00  6.08495e-10
      7970.00  6.05195e-10
      7980.00  6.03477e-10
      7990.00  6.03245e-10
      8000.00  6.04427e-10
      8010.00  6.06859e-10
      8020.00  6.10243e-10
      8030.00  6.14191e-10
      8040.00  6.18332e-10
      8050.00  6.22381e-10
      8060.00  6.26131e-10
      8070.00  6.29415e-10
      8080.00  6.32070e-10
      8090.00  6.33944e-10
      8100.00  6.34924e-10
      8110.00  6.34953e-10
      8120.00  6.34043e-10
      8130.00  6.32264e-10
      8140.00  6.29747e-10
      8150.00  6.26679e-10
      8160.00  6.23301e-10
      8170.00  6.19904e-10
      8180.00  6.16802e-10
      8190.00  6.14300e-10
      8200.00  6.12642e-10
      8210.00  6.11962e-10
      8220.00  6.12254e-10
      8230.00  6.13373e-10
      8240.00  6.15085e-10
      8250.00  6.17125e-10
      8260.00  6.19276e-10
      8270.00  6.21437e-10
      8280.00  6.23641e-10
      8290.00  6.26038e-10
      8300.00  6.28846e-10
      8310.00  6.32274e-10
      8320.00  6.36464e-10
      8330.00  6.41448e-10
      8340.00  6.47162e-10
      8350.00  6.53468e-10
      8360.00  6.60207e-10
      8370.00  6.67217e-10
      8380.00  6.74348e-10
      8390.00  6.81468e-10
      8400.00  6.88447e-10
      8410.00  6.95159e-10
      8420.00  7.01480e-10
      8430.00  7.07289e-10
      8440.00  7.12480e-10
      8450.00  7.16961e-10
      8460.00  7.20664e-10
      8470.00  7.23545e-10
      8480.00  7.25593e-10
      8490.00  7.26824e-10
      8500.00  7.27278e-10
      8510.00  7.27016e-10
      8520.00  7.26117e-10
      8530.00  7.24686e-10
      8540.00  7.22847e-10
      8550.00  7.20737e-10
      8560.00  7.18479e-10
      8570.00  7.16156e-10
      8580.00  7.13801e-10
      8590.00  7.11402e-10
      8600.00  7.08930e-10
      8610.00  7.06358e-10
      8620.00  7.03666e-10
      8630.00  7.00832e-10
      8640.00  6.97823e-10
      8650.00  6.94585e-10
      8660.00  6.91060e-10
      8670.00  6.87197e-10
      8680.00  6.82967e-10
      8690.00  6.78363e-10
      8700.00  6.73394e-10
      8710.00  6.68067e-10
      8720.00  6.62378e-10
      8730.00  6.56305e-10
      8740.00  6.49820e-10
      8750.00  6.42899e-10
      8760.00  6.35529e-10
      8770.00  6.27727e-10
      8780.00  6.19544e-10
      8790.00  6.11066e-10
      8800.00  6.02420e-10
      8810.00  5.93760e-10
      8820.00  5.85259e-10
      8830.00  5.77101e-10
      8840.00  5.69476e-10
      8850.00  5.62565e-10
      8860.00  5.56531e-10
      8870.00  5.51491e-10
      8880.00  5.47501e-10
      8890.00  5.44530e-10
      8900.00  5.42465e-10
      8910.00  5.41128e-10
      8920.00  5.40172e-10
      8930.00  5.39402e-10
      8940.00  5.38689e-10
      8950.00  5.37901e-10
      8960.00  5.36991e-10
      8970.00  5.36002e-10
      8980.00  5.35044e-10
      8990.00  5.34265e-10
      9000.00  5.33801e-10
      9010.00  5.33746e-10
      9020.00  5.34131e-10
      9030.00  5.34935e-10
      9040.00  5.36132e-10
      9050.00  5.37740e-10
      9060.00  5.39856e-10
      9070.00  5.42631e-10
      9080.00  5.46192e-10
      9090.00  5.50540e-10
      9100.00  5.55495e-10
      9110.00  5.60735e-10
      9120.00  5.65891e-10
      9130.00  5.70654e-10
      9140.00  5.74828e-10
      9150.00  5.78318e-10
      9160.00  5.81091e-10
      9170.00  5.83141e-10
      9180.00  5.84482e-10
      9190.00  5.85146e-10
      9200.00  5.85189e-10
      9210.00  5.84677e-10
      9220.00  5.83673e-10
      9230.00  5.82215e-10
      9240.00  5.80308e-10
      9250.00  5.77933e-10
      9260.00  5.75070e-10
      9270.00  5.71743e-10
      9280.00  5.68062e-10
      9290.00  5.64234e-10
      9300.00  5.60528e-10
      9310.00  5.57193e-10
      9320.00  5.54379e-10
      9330.00  5.52100e-10
      9340.00  5.50249e-10
      9350.00  5.48666e-10
      9360.00  5.47192e-10
      9370.00  5.45704e-10
      9380.00  5.44126e-10
      9390.00  5.42416e-10
      9400.00  5.40553e-10
      9410.00  5.38530e-10
      9420.00  5.36346e-10
      9430.00  5.34002e-10
      9440.00  5.31506e-10
      9450.00  5.28865e-10
      9460.00  5.26090e-10
      9470.00  5.23196e-10
      9480.00  5.20196e-10
      9490.00  5.17109e-10
      9500.00  5.13950e-10
      9510.00  5.10739e-10
      9520.00  5.07493e-10
      9530.00  5.04229e-10
      9540.00  5.00963e-10
      9550.00  4.97710e-10
      9560.00  4.94483e-10
      9570.00  4.91294e-10
      9580.00  4.88151e-10
      9590.00  4.85061e-10
      9600.00  4.82030e-10
      9610.00  4.79062e-10
      9620.00  4.76157e-10
      9630.00  4.73317e-10
      9640.00  4.70540e-10
      9650.00  4.67824e-10
      9660.00  4.65167e-10
      9670.00  4.62566e-10
      9680.00  4.60017e-10
      9690.00  4.57517e-10
      9700.00  4.55061e-10
      9710.00  4.52646e-10
      9720.00  4.50269e-10
      9730.00  4.47927e-10
      9740.00  4.45617e-10
      9750.00  4.43336e-10
      9760.00  4.41082e-10
      9770.00  4.38854e-10
      9780.00  4.36649e-10
      9790.00  4.34469e-10
      9800.00  4.32311e-10
      9810.00  4.30175e-10
      9820.00  4.28063e-10
      9830.00  4.25974e-10
      9840.00  4.23908e-10
      9850.00  4.21868e-10
      9860.00  4.19855e-10
      9870.00  4.17868e-10
      9880.00  4.15910e-10
      9890.00  4.13981e-10
      9900.00  4.12083e-10
      9910.00  4.10216e-10
      9920.00  4.08380e-10
      9930.00  4.06576e-10
      9940.00  4.04803e-10
      9950.00  4.03062e-10
      9960.00  4.01350e-10
      9970.00  3.99666e-10
      9980.00  3.98009e-10
      9990.00  3.96377e-10
      10000.0  3.94766e-10
      10010.0  3.93173e-10
      10020.0  3.91596e-10
      10030.0  3.90028e-10
      10040.0  3.88468e-10
      10050.0  3.86909e-10
      10060.0  3.85346e-10
      10070.0  3.83776e-10
      10080.0  3.82193e-10
      10090.0  3.80593e-10
      10100.0  3.78971e-10
      10110.0  3.77325e-10
      10120.0  3.75650e-10
      10130.0  3.73946e-10
      10140.0  3.72211e-10
      10150.0  3.70444e-10
      10160.0  3.68645e-10
      10170.0  3.66817e-10
      10180.0  3.64960e-10
      10190.0  3.63076e-10
      10200.0  3.61169e-10
      10210.0  3.59241e-10
      10220.0  3.57294e-10
      10230.0  3.55333e-10
      10240.0  3.53358e-10
      10250.0  3.51374e-10
      10260.0  3.49382e-10
      10270.0  3.47384e-10
      10280.0  3.45383e-10
      10290.0  3.43381e-10
      10300.0  3.41380e-10
      10310.0  3.39383e-10
      10320.0  3.37394e-10
      10330.0  3.35416e-10
      10340.0  3.33453e-10
      10350.0  3.31513e-10
      10360.0  3.29599e-10
      10370.0  3.27721e-10
      10380.0  3.25884e-10
      10390.0  3.24098e-10
      10400.0  3.22371e-10
      10410.0  3.20712e-10
      10420.0  3.19129e-10
      10430.0  3.17632e-10
      10440.0  3.16228e-10
      10450.0  3.14924e-10
      10460.0  3.13727e-10
      10470.0  3.12641e-10
      10480.0  3.11670e-10
      10490.0  3.10817e-10
      10500.0  3.10082e-10
      10510.0  3.09463e-10
      10520.0  3.08959e-10
      10530.0  3.08566e-10
      10540.0  3.08277e-10
      10550.0  3.08087e-10
      10560.0  3.07988e-10
      10570.0  3.07970e-10
      10580.0  3.08025e-10
      10590.0  3.08142e-10
      10600.0  3.08311e-10
      10610.0  3.08521e-10
      10620.0  3.08762e-10
      10630.0  3.09024e-10
      10640.0  3.09296e-10
      10650.0  3.09570e-10
      10660.0  3.09836e-10
      10670.0  3.10086e-10
      10680.0  3.10313e-10
      10690.0  3.10512e-10
      10700.0  3.10676e-10
      10710.0  3.10800e-10
      10720.0  3.10882e-10
      10730.0  3.10919e-10
      10740.0  3.10908e-10
      10750.0  3.10849e-10
      10760.0  3.10742e-10
      10770.0  3.10587e-10
      10780.0  3.10385e-10
      10790.0  3.10137e-10
      10800.0  3.09847e-10
      10810.0  3.09515e-10
      10820.0  3.09145e-10
      10830.0  3.08740e-10
      10840.0  3.08301e-10
      10850.0  3.07833e-10
      10860.0  3.07337e-10
      10870.0  3.06816e-10
      10880.0  3.06273e-10
      10890.0  3.05709e-10
      10900.0  3.05127e-10
      10910.0  3.04529e-10
      10920.0  3.03916e-10
      10930.0  3.03290e-10
      10940.0  3.02652e-10
      10950.0  3.02003e-10
      10960.0  3.01345e-10
      10970.0  3.00677e-10
      10980.0  3.00001e-10
      10990.0  2.99317e-10
      11000.0  2.98626e-10
      11010.0  2.97929e-10
      11020.0  2.97224e-10
      11030.0  2.96513e-10
      11040.0  2.95794e-10
      11050.0  2.95068e-10
      11060.0  2.94334e-10
      11070.0  2.93590e-10
      11080.0  2.92837e-10
      11090.0  2.92073e-10
      11100.0  2.91297e-10
      11110.0  2.90508e-10
      11120.0  2.89704e-10
      11130.0  2.88885e-10
      11140.0  2.88049e-10
      11150.0  2.87197e-10
      11160.0  2.86328e-10
      11170.0  2.85442e-10
      11180.0  2.84538e-10
      11190.0  2.83619e-10
      11200.0  2.82685e-10
      11210.0  2.81737e-10
      11220.0  2.80778e-10
      11230.0  2.79810e-10
      11240.0  2.78836e-10
      11250.0  2.77858e-10
      11260.0  2.76881e-10
      11270.0  2.75906e-10
      11280.0  2.74938e-10
      11290.0  2.73981e-10
      11300.0  2.73036e-10
      11310.0  2.72107e-10
      11320.0  2.71197e-10
      11330.0  2.70309e-10
      11340.0  2.69444e-10
      11350.0  2.68604e-10
      11360.0  2.67790e-10
      11370.0  2.67003e-10
      11380.0  2.66243e-10
      11390.0  2.65508e-10
      11400.0  2.64799e-10
      11410.0  2.64114e-10
      11420.0  2.63452e-10
      11430.0  2.62809e-10
      11440.0  2.62184e-10
      11450.0  2.61575e-10
      11460.0  2.60978e-10
      11470.0  2.60391e-10
      11480.0  2.59811e-10
      11490.0  2.59236e-10
      11500.0  2.58662e-10
      11510.0  2.58088e-10
      11520.0  2.57512e-10
      11530.0  2.56931e-10
      11540.0  2.56344e-10
      11550.0  2.55749e-10
      11560.0  2.55145e-10
      11570.0  2.54532e-10
      11580.0  2.53909e-10
      11590.0  2.53275e-10
      11600.0  2.52630e-10
      11610.0  2.51973e-10
      11620.0  2.51306e-10
      11630.0  2.50628e-10
      11640.0  2.49938e-10
      11650.0  2.49238e-10
      11660.0  2.48528e-10
      11670.0  2.47807e-10
      11680.0  2.47076e-10
      11690.0  2.46335e-10
      11700.0  2.45585e-10
      11710.0  2.44825e-10
      11720.0  2.44057e-10
      11730.0  2.43279e-10
      11740.0  2.42493e-10
      11750.0  2.41698e-10
      11760.0  2.40896e-10
      11770.0  2.40087e-10
      11780.0  2.39271e-10
      11790.0  2.38450e-10
      11800.0  2.37623e-10
      11810.0  2.36793e-10
      11820.0  2.35961e-10
      11830.0  2.35127e-10
      11840.0  2.34293e-10
      11850.0  2.33461e-10
      11860.0  2.32633e-10
      11870.0  2.31809e-10
      11880.0  2.30992e-10
      11890.0  2.30184e-10
      11900.0  2.29387e-10
      11910.0  2.28601e-10
      11920.0  2.27831e-10
      11930.0  2.27076e-10
      11940.0  2.26340e-10
      11950.0  2.25623e-10
      11960.0  2.24928e-10
      11970.0  2.24256e-10
      11980.0  2.23609e-10
      11990.0  2.22988e-10
      12000.0  2.22395e-10
      12010.0  2.21831e-10
      12020.0  2.21296e-10
      12030.0  2.20793e-10
      12040.0  2.20322e-10
      12050.0  2.19883e-10
      12060.0  2.19477e-10
      12070.0  2.19106e-10
      12080.0  2.18767e-10
      12090.0  2.18463e-10
      12100.0  2.18192e-10
      12110.0  2.17954e-10
      12120.0  2.17747e-10
      12130.0  2.17572e-10
      12140.0  2.17427e-10
      12150.0  2.17310e-10
      12160.0  2.17219e-10
      12170.0  2.17153e-10
      12180.0  2.17108e-10
      12190.0  2.17084e-10
      12200.0  2.17076e-10
      12210.0  2.17082e-10
      12220.0  2.17099e-10
      12230.0  2.17124e-10
      12240.0  2.17154e-10
      12250.0  2.17185e-10
      12260.0  2.17216e-10
      12270.0  2.17241e-10
      12280.0  2.17260e-10
      12290.0  2.17268e-10
      12300.0  2.17263e-10
      12310.0  2.17243e-10
      12320.0  2.17204e-10
      12330.0  2.17146e-10
      12340.0  2.17066e-10
      12350.0  2.16962e-10
      12360.0  2.16833e-10
      12370.0  2.16677e-10
      12380.0  2.16494e-10
      12390.0  2.16282e-10
      12400.0  2.16041e-10
      12410.0  2.15770e-10
      12420.0  2.15469e-10
      12430.0  2.15137e-10
      12440.0  2.14775e-10
      12450.0  2.14382e-10
      12460.0  2.13958e-10
      12470.0  2.13503e-10
      12480.0  2.13018e-10
      12490.0  2.12503e-10
      12500.0  2.11959e-10
      12510.0  2.11385e-10
      12520.0  2.10782e-10
      12530.0  2.10151e-10
      12540.0  2.09492e-10
      12550.0  2.08807e-10
      12560.0  2.08095e-10
      12570.0  2.07357e-10
      12580.0  2.06594e-10
      12590.0  2.05808e-10
      12600.0  2.04999e-10
      12610.0  2.04169e-10
      12620.0  2.03317e-10
      12630.0  2.02447e-10
      12640.0  2.01559e-10
      12650.0  2.00654e-10
      12660.0  1.99735e-10
      12670.0  1.98802e-10
      12680.0  1.97858e-10
      12690.0  1.96904e-10
      12700.0  1.95941e-10
      12710.0  1.94973e-10
      12720.0  1.93999e-10
      12730.0  1.93023e-10
      12740.0  1.92046e-10
      12750.0  1.91069e-10
      12760.0  1.90094e-10
      12770.0  1.89123e-10
      12780.0  1.88157e-10
      12790.0  1.87197e-10
      12800.0  1.86245e-10
      12810.0  1.85302e-10
      12820.0  1.84369e-10
      12830.0  1.83447e-10
      12840.0  1.82539e-10
      12850.0  1.81643e-10
      12860.0  1.80763e-10
      12870.0  1.79899e-10
      12880.0  1.79052e-10
      12890.0  1.78224e-10
      12900.0  1.77416e-10
      12910.0  1.76629e-10
      12920.0  1.75864e-10
      12930.0  1.75124e-10
      12940.0  1.74409e-10
      12950.0  1.73720e-10
      12960.0  1.73060e-10
      12970.0  1.72430e-10
      12980.0  1.71830e-10
      12990.0  1.71263e-10
      13000.0  1.70728e-10
      13010.0  1.70227e-10
      13020.0  1.69760e-10
      13030.0  1.69328e-10
      13040.0  1.68930e-10
      13050.0  1.68567e-10
      13060.0  1.68237e-10
      13070.0  1.67941e-10
      13080.0  1.67676e-10
      13090.0  1.67441e-10
      13100.0  1.67236e-10
      13110.0  1.67056e-10
      13120.0  1.66902e-10
      13130.0  1.66769e-10
      13140.0  1.66655e-10
      13150.0  1.66559e-10
      13160.0  1.66476e-10
      13170.0  1.66405e-10
      13180.0  1.66343e-10
      13190.0  1.66287e-10
      13200.0  1.66234e-10
      13210.0  1.66184e-10
      13220.0  1.66133e-10
      13230.0  1.66079e-10
      13240.0  1.66022e-10
      13250.0  1.65960e-10
      13260.0  1.65891e-10
      13270.0  1.65815e-10
      13280.0  1.65730e-10
      13290.0  1.65636e-10
      13300.0  1.65532e-10
      13310.0  1.65418e-10
      13320.0  1.65292e-10
      13330.0  1.65155e-10
      13340.0  1.65004e-10
      13350.0  1.64840e-10
      13360.0  1.64662e-10
      13370.0  1.64467e-10
      13380.0  1.64256e-10
      13390.0  1.64027e-10
      13400.0  1.63779e-10
      13410.0  1.63511e-10
      13420.0  1.63222e-10
      13430.0  1.62911e-10
      13440.0  1.62577e-10
      13450.0  1.62219e-10
      13460.0  1.61838e-10
      13470.0  1.61434e-10
      13480.0  1.61006e-10
      13490.0  1.60555e-10
      13500.0  1.60082e-10
      13510.0  1.59587e-10
      13520.0  1.59073e-10
      13530.0  1.58541e-10
      13540.0  1.57991e-10
      13550.0  1.57427e-10
      13560.0  1.56848e-10
      13570.0  1.56257e-10
      13580.0  1.55655e-10
      13590.0  1.55043e-10
      13600.0  1.54423e-10
      13610.0  1.53796e-10
      13620.0  1.53162e-10
      13630.0  1.52522e-10
      13640.0  1.51876e-10
      13650.0  1.51225e-10
      13660.0  1.50569e-10
      13670.0  1.49907e-10
      13680.0  1.49241e-10
      13690.0  1.48568e-10
      13700.0  1.47890e-10
      13710.0  1.47206e-10
      13720.0  1.46516e-10
      13730.0  1.45820e-10
      13740.0  1.45118e-10
      13750.0  1.44411e-10
      13760.0  1.43698e-10
      13770.0  1.42979e-10
      13780.0  1.42257e-10
      13790.0  1.41530e-10
      13800.0  1.40800e-10
      13810.0  1.40068e-10
      13820.0  1.39333e-10
      13830.0  1.38598e-10
      13840.0  1.37864e-10
      13850.0  1.37130e-10
      13860.0  1.36398e-10
      13870.0  1.35669e-10
      13880.0  1.34944e-10
      13890.0  1.34224e-10
      13900.0  1.33509e-10
      13910.0  1.32801e-10
      13920.0  1.32100e-10
      13930.0  1.31408e-10
      13940.0  1.30724e-10
      13950.0  1.30049e-10
      13960.0  1.29385e-10
      13970.0  1.28731e-10
      13980.0  1.28088e-10
      13990.0  1.27458e-10
      14000.0  1.26839e-10
      14010.0  1.26233e-10
      14020.0  1.25640e-10
      14030.0  1.25060e-10
      14040.0  1.24493e-10
      14050.0  1.23940e-10
      14060.0  1.23400e-10
      14070.0  1.22872e-10
      14080.0  1.22358e-10
      14090.0  1.21857e-10
      14100.0  1.21367e-10
      14110.0  1.20890e-10
      14120.0  1.20423e-10
      14130.0  1.19967e-10
      14140.0  1.19521e-10
      14150.0  1.19084e-10
      14160.0  1.18655e-10
      14170.0  1.18234e-10
      14180.0  1.17820e-10
      14190.0  1.17412e-10
      14200.0  1.17009e-10
      14210.0  1.16612e-10
      14220.0  1.16219e-10
      14230.0  1.15829e-10
      14240.0  1.15444e-10
      14250.0  1.15062e-10
      14260.0  1.14683e-10
      14270.0  1.14307e-10
      14280.0  1.13934e-10
      14290.0  1.13565e-10
      14300.0  1.13199e-10
      14310.0  1.12838e-10
      14320.0  1.12481e-10
      14330.0  1.12128e-10
      14340.0  1.11781e-10
      14350.0  1.11440e-10
      14360.0  1.11105e-10
      14370.0  1.10777e-10
      14380.0  1.10457e-10
      14390.0  1.10143e-10
      14400.0  1.09838e-10
      14410.0  1.09541e-10
      14420.0  1.09252e-10
      14430.0  1.08971e-10
      14440.0  1.08698e-10
      14450.0  1.08433e-10
      14460.0  1.08176e-10
      14470.0  1.07925e-10
      14480.0  1.07681e-10
      14490.0  1.07443e-10
      14500.0  1.07210e-10
      14510.0  1.06982e-10
      14520.0  1.06757e-10
      14530.0  1.06535e-10
      14540.0  1.06315e-10
      14550.0  1.06097e-10
      14560.0  1.05879e-10
      14570.0  1.05661e-10
      14580.0  1.05443e-10
      14590.0  1.05224e-10
      14600.0  1.05003e-10
      14610.0  1.04780e-10
      14620.0  1.04556e-10
      14630.0  1.04329e-10
      14640.0  1.04101e-10
      14650.0  1.03870e-10
      14660.0  1.03636e-10
      14670.0  1.03401e-10
      14680.0  1.03164e-10
      14690.0  1.02925e-10
      14700.0  1.02684e-10
      14710.0  1.02442e-10
      14720.0  1.02198e-10
      14730.0  1.01952e-10
      14740.0  1.01706e-10
      14750.0  1.01457e-10
      14760.0  1.01207e-10
      14770.0  1.00955e-10
      14780.0  1.00702e-10
      14790.0  1.00446e-10
      14800.0  1.00187e-10
      14810.0  9.99263e-11
      14820.0  9.96621e-11
      14830.0  9.93946e-11
      14840.0  9.91234e-11
      14850.0  9.88484e-11
      14860.0  9.85692e-11
      14870.0  9.82858e-11
      14880.0  9.79980e-11
      14890.0  9.77057e-11
      14900.0  9.74089e-11
      14910.0  9.71077e-11
      14920.0  9.68022e-11
      14930.0  9.64925e-11
      14940.0  9.61788e-11
      14950.0  9.58615e-11
      14960.0  9.55407e-11
      14970.0  9.52168e-11
      14980.0  9.48900e-11
      14990.0  9.45607e-11
      15000.0  9.42292e-11
      15010.0  9.38959e-11
      15020.0  9.35610e-11
      15030.0  9.32247e-11
      15040.0  9.28875e-11
      15050.0  9.25494e-11
      15060.0  9.22107e-11
      15070.0  9.18715e-11
      15080.0  9.15321e-11
      15090.0  9.11926e-11
      15100.0  9.08531e-11
      15110.0  9.05136e-11
      15120.0  9.01742e-11
      15130.0  8.98350e-11
      15140.0  8.94961e-11
      15150.0  8.91573e-11
      15160.0  8.88189e-11
      15170.0  8.84806e-11
      15180.0  8.81427e-11
      15190.0  8.78049e-11
      15200.0  8.74674e-11
      15210.0  8.71300e-11
      15220.0  8.67928e-11
      15230.0  8.64558e-11
      15240.0  8.61190e-11
      15250.0  8.57822e-11
      15260.0  8.54457e-11
      15270.0  8.51093e-11
      15280.0  8.47731e-11
      15290.0  8.44370e-11
      15300.0  8.41013e-11
      15310.0  8.37658e-11
      15320.0  8.34307e-11
      15330.0  8.30959e-11
      15340.0  8.27617e-11
      15350.0  8.24279e-11
      15360.0  8.20946e-11
      15370.0  8.17620e-11
      15380.0  8.14300e-11
      15390.0  8.10986e-11
      15400.0  8.07678e-11
      15410.0  8.04377e-11
      15420.0  8.01082e-11
      15430.0  7.97794e-11
      15440.0  7.94510e-11
      15450.0  7.91232e-11
      15460.0  7.87959e-11
      15470.0  7.84690e-11
      15480.0  7.81425e-11
      15490.0  7.78164e-11
      15500.0  7.74907e-11
      15510.0  7.71655e-11
      15520.0  7.68407e-11
      15530.0  7.65166e-11
      15540.0  7.61933e-11
      15550.0  7.58710e-11
      15560.0  7.55498e-11
      15570.0  7.52301e-11
      15580.0  7.49123e-11
      15590.0  7.45965e-11
      15600.0  7.42832e-11
      15610.0  7.39728e-11
      15620.0  7.36656e-11
      15630.0  7.33620e-11
      15640.0  7.30623e-11
      15650.0  7.27670e-11
      15660.0  7.24762e-11
      15670.0  7.21902e-11
      15680.0  7.19093e-11
      15690.0  7.16334e-11
      15700.0  7.13627e-11
      15710.0  7.10971e-11
      15720.0  7.08366e-11
      15730.0  7.05810e-11
      15740.0  7.03302e-11
      15750.0  7.00839e-11
      15760.0  6.98419e-11
      15770.0  6.96038e-11
      15780.0  6.93695e-11
      15790.0  6.91386e-11
      15800.0  6.89110e-11
      15810.0  6.86864e-11
      15820.0  6.84649e-11
      15830.0  6.82463e-11
      15840.0  6.80308e-11
      15850.0  6.78185e-11
      15860.0  6.76097e-11
      15870.0  6.74048e-11
      15880.0  6.72042e-11
      15890.0  6.70086e-11
      15900.0  6.68186e-11
      15910.0  6.66349e-11
      15920.0  6.64584e-11
      15930.0  6.62899e-11
      15940.0  6.61303e-11
      15950.0  6.59805e-11
      15960.0  6.58413e-11
      15970.0  6.57136e-11
      15980.0  6.55981e-11
      15990.0  6.54955e-11
      16000.0  6.54064e-11
      16010.0  6.53314e-11
      16020.0  6.52707e-11
      16030.0  6.52248e-11
      16040.0  6.51936e-11
      16050.0  6.51773e-11
      16060.0  6.51756e-11
      16070.0  6.51884e-11
      16080.0  6.52151e-11
      16090.0  6.52555e-11
      16100.0  6.53088e-11
      16110.0  6.53744e-11
      16120.0  6.54516e-11
      16130.0  6.55395e-11
      16140.0  6.56373e-11
      16150.0  6.57441e-11
      16160.0  6.58590e-11
      16170.0  6.59811e-11
      16180.0  6.61096e-11
      16190.0  6.62435e-11
      16200.0  6.63821e-11
      16210.0  6.65245e-11
      16220.0  6.66701e-11
      16230.0  6.68180e-11
      16240.0  6.69677e-11
      16250.0  6.71187e-11
      16260.0  6.72703e-11
      16270.0  6.74222e-11
      16280.0  6.75740e-11
      16290.0  6.77253e-11
      16300.0  6.78758e-11
      16310.0  6.80254e-11
      16320.0  6.81738e-11
      16330.0  6.83209e-11
      16340.0  6.84666e-11
      16350.0  6.86109e-11
      16360.0  6.87537e-11
      16370.0  6.88951e-11
      16380.0  6.90349e-11
      16390.0  6.91733e-11
      16400.0  6.93103e-11
      16410.0  6.94459e-11
      16420.0  6.95802e-11
      16430.0  6.97131e-11
      16440.0  6.98447e-11
      16450.0  6.99749e-11
      16460.0  7.01038e-11
      16470.0  7.02313e-11
      16480.0  7.03572e-11
      16490.0  7.04815e-11
      16500.0  7.06040e-11
      16510.0  7.07244e-11
      16520.0  7.08426e-11
      16530.0  7.09582e-11
      16540.0  7.10709e-11
      16550.0  7.11802e-11
      16560.0  7.12858e-11
      16570.0  7.13873e-11
      16580.0  7.14840e-11
      16590.0  7.15755e-11
      16600.0  7.16612e-11
      16610.0  7.17405e-11
      16620.0  7.18130e-11
      16630.0  7.18780e-11
      16640.0  7.19351e-11
      16650.0  7.19836e-11
      16660.0  7.20233e-11
      16670.0  7.20535e-11
      16680.0  7.20742e-11
      16690.0  7.20848e-11
      16700.0  7.20854e-11
      16710.0  7.20758e-11
      16720.0  7.20560e-11
      16730.0  7.20261e-11
      16740.0  7.19864e-11
      16750.0  7.19372e-11
      16760.0  7.18789e-11
      16770.0  7.18121e-11
      16780.0  7.17374e-11
      16790.0  7.16554e-11
      16800.0  7.15668e-11
      16810.0  7.14726e-11
      16820.0  7.13735e-11
      16830.0  7.12704e-11
      16840.0  7.11641e-11
      16850.0  7.10554e-11
      16860.0  7.09452e-11
      16870.0  7.08342e-11
      16880.0  7.07231e-11
      16890.0  7.06124e-11
      16900.0  7.05027e-11
      16910.0  7.03944e-11
      16920.0  7.02877e-11
      16930.0  7.01828e-11
      16940.0  7.00799e-11
      16950.0  6.99787e-11
      16960.0  6.98792e-11
      16970.0  6.97812e-11
      16980.0  6.96842e-11
      16990.0  6.95879e-11
      17000.0  6.94917e-11
      17010.0  6.93953e-11
      17020.0  6.92979e-11
      17030.0  6.91991e-11
      17040.0  6.90983e-11
      17050.0  6.89949e-11
      17060.0  6.88887e-11
      17070.0  6.87790e-11
      17080.0  6.86657e-11
      17090.0  6.85485e-11
      17100.0  6.84272e-11
      17110.0  6.83018e-11
      17120.0  6.81724e-11
      17130.0  6.80392e-11
      17140.0  6.79024e-11
      17150.0  6.77626e-11
      17160.0  6.76200e-11
      17170.0  6.74754e-11
      17180.0  6.73294e-11
      17190.0  6.71825e-11
      17200.0  6.70357e-11
      17210.0  6.68896e-11
      17220.0  6.67449e-11
      17230.0  6.66025e-11
      17240.0  6.64630e-11
      17250.0  6.63271e-11
      17260.0  6.61954e-11
      17270.0  6.60684e-11
      17280.0  6.59466e-11
      17290.0  6.58304e-11
      17300.0  6.57201e-11
      17310.0  6.56159e-11
      17320.0  6.55179e-11
      17330.0  6.54262e-11
      17340.0  6.53406e-11
      17350.0  6.52611e-11
      17360.0  6.51874e-11
      17370.0  6.51194e-11
      17380.0  6.50568e-11
      17390.0  6.49992e-11
      17400.0  6.49463e-11
      17410.0  6.48978e-11
      17420.0  6.48533e-11
      17430.0  6.48126e-11
      17440.0  6.47752e-11
      17450.0  6.47410e-11
      17460.0  6.47096e-11
      17470.0  6.46808e-11
      17480.0  6.46545e-11
      17490.0  6.46303e-11
      17500.0  6.46083e-11
      17510.0  6.45882e-11
      17520.0  6.45699e-11
      17530.0  6.45533e-11
      17540.0  6.45383e-11
      17550.0  6.45246e-11
      17560.0  6.45122e-11
      17570.0  6.45008e-11
      17580.0  6.44901e-11
      17590.0  6.44799e-11
      17600.0  6.44699e-11
      17610.0  6.44595e-11
      17620.0  6.44483e-11
      17630.0  6.44358e-11
      17640.0  6.44215e-11
      17650.0  6.44047e-11
      17660.0  6.43849e-11
      17670.0  6.43613e-11
      17680.0  6.43333e-11
      17690.0  6.43002e-11
      17700.0  6.42614e-11
      17710.0  6.42164e-11
      17720.0  6.41645e-11
      17730.0  6.41054e-11
      17740.0  6.40387e-11
      17750.0  6.39642e-11
      17760.0  6.38816e-11
      17770.0  6.37911e-11
      17780.0  6.36927e-11
      17790.0  6.35868e-11
      17800.0  6.34738e-11
      17810.0  6.33543e-11
      17820.0  6.32289e-11
      17830.0  6.30987e-11
      17840.0  6.29645e-11
      17850.0  6.28274e-11
      17860.0  6.26887e-11
      17870.0  6.25495e-11
      17880.0  6.24113e-11
      17890.0  6.22753e-11
      17900.0  6.21428e-11
      17910.0  6.20153e-11
      17920.0  6.18939e-11
      17930.0  6.17799e-11
      17940.0  6.16743e-11
      17950.0  6.15782e-11
      17960.0  6.14924e-11
      17970.0  6.14176e-11
      17980.0  6.13543e-11
      17990.0  6.13028e-11
      18000.0  6.12634e-11
      18010.0  6.12359e-11
      18020.0  6.12201e-11
      18030.0  6.12157e-11
      18040.0  6.12220e-11
      18050.0  6.12382e-11
      18060.0  6.12633e-11
      18070.0  6.12964e-11
      18080.0  6.13361e-11
      18090.0  6.13812e-11
      18100.0  6.14303e-11
      18110.0  6.14818e-11
      18120.0  6.15344e-11
      18130.0  6.15864e-11
      18140.0  6.16366e-11
      18150.0  6.16833e-11
      18160.0  6.17252e-11
      18170.0  6.17612e-11
      18180.0  6.17900e-11
      18190.0  6.18106e-11
      18200.0  6.18222e-11
      18210.0  6.18241e-11
      18220.0  6.18157e-11
      18230.0  6.17967e-11
      18240.0  6.17670e-11
      18250.0  6.17266e-11
      18260.0  6.16757e-11
      18270.0  6.16147e-11
      18280.0  6.15442e-11
      18290.0  6.14649e-11
      18300.0  6.13775e-11
      18310.0  6.12831e-11
      18320.0  6.11827e-11
      18330.0  6.10773e-11
      18340.0  6.09681e-11
      18350.0  6.08562e-11
      18360.0  6.07427e-11
      18370.0  6.06286e-11
      18380.0  6.05149e-11
      18390.0  6.04026e-11
      18400.0  6.02924e-11
      18410.0  6.01849e-11
      18420.0  6.00807e-11
      18430.0  5.99800e-11
      18440.0  5.98830e-11
      18450.0  5.97897e-11
      18460.0  5.97000e-11
      18470.0  5.96135e-11
      18480.0  5.95297e-11
      18490.0  5.94480e-11
      18500.0  5.93677e-11
      18510.0  5.92879e-11
      18520.0  5.92076e-11
      18530.0  5.91259e-11
      18540.0  5.90417e-11
      18550.0  5.89539e-11
      18560.0  5.88616e-11
      18570.0  5.87637e-11
      18580.0  5.86592e-11
      18590.0  5.85473e-11
      18600.0  5.84272e-11
      18610.0  5.82982e-11
      18620.0  5.81599e-11
      18630.0  5.80117e-11
      18640.0  5.78534e-11
      18650.0  5.76849e-11
      18660.0  5.75062e-11
      18670.0  5.73175e-11
      18680.0  5.71190e-11
      18690.0  5.69112e-11
      18700.0  5.66946e-11
      18710.0  5.64698e-11
      18720.0  5.62376e-11
      18730.0  5.59987e-11
      18740.0  5.57540e-11
      18750.0  5.55044e-11
      18760.0  5.52508e-11
      18770.0  5.49941e-11
      18780.0  5.47352e-11
      18790.0  5.44751e-11
      18800.0  5.42145e-11
      18810.0  5.39543e-11
      18820.0  5.36952e-11
      18830.0  5.34380e-11
      18840.0  5.31832e-11
      18850.0  5.29315e-11
      18860.0  5.26832e-11
      18870.0  5.24389e-11
      18880.0  5.21988e-11
      18890.0  5.19632e-11
      18900.0  5.17322e-11
      18910.0  5.15060e-11
      18920.0  5.12847e-11
      18930.0  5.10682e-11
      18940.0  5.08565e-11
      18950.0  5.06496e-11
      18960.0  5.04471e-11
      18970.0  5.02491e-11
      18980.0  5.00553e-11
      18990.0  4.98655e-11
      19000.0  4.96794e-11
      19010.0  4.94970e-11
      19020.0  4.93178e-11
      19030.0  4.91417e-11
      19040.0  4.89685e-11
      19050.0  4.87979e-11
      19060.0  4.86297e-11
      19070.0  4.84638e-11
      19080.0  4.83000e-11
      19090.0  4.81380e-11
      19100.0  4.79778e-11
      19110.0  4.78192e-11
      19120.0  4.76621e-11
      19130.0  4.75064e-11
      19140.0  4.73520e-11
      19150.0  4.71989e-11
      19160.0  4.70470e-11
      19170.0  4.68963e-11
      19180.0  4.67468e-11
      19190.0  4.65984e-11
      19200.0  4.64512e-11
      19210.0  4.63051e-11
      19220.0  4.61602e-11
      19230.0  4.60165e-11
      19240.0  4.58741e-11
      19250.0  4.57329e-11
      19260.0  4.55930e-11
      19270.0  4.54545e-11
      19280.0  4.53174e-11
      19290.0  4.51818e-11
      19300.0  4.50477e-11
      19310.0  4.49151e-11
      19320.0  4.47842e-11
      19330.0  4.46549e-11
      19340.0  4.45272e-11
      19350.0  4.44013e-11
      19360.0  4.42772e-11
      19370.0  4.41547e-11
      19380.0  4.40341e-11
      19390.0  4.39151e-11
      19400.0  4.37978e-11
      19410.0  4.36822e-11
      19420.0  4.35681e-11
      19430.0  4.34556e-11
      19440.0  4.33444e-11
      19450.0  4.32344e-11
      19460.0  4.31255e-11
      19470.0  4.30176e-11
      19480.0  4.29105e-11
      19490.0  4.28039e-11
      19500.0  4.26977e-11
      19510.0  4.25916e-11
      19520.0  4.24855e-11
      19530.0  4.23791e-11
      19540.0  4.22722e-11
      19550.0  4.21646e-11
      19560.0  4.20561e-11
      19570.0  4.19465e-11
      19580.0  4.18356e-11
      19590.0  4.17233e-11
      19600.0  4.16095e-11
      19610.0  4.14941e-11
      19620.0  4.13769e-11
      19630.0  4.12581e-11
      19640.0  4.11376e-11
      19650.0  4.10154e-11
      19660.0  4.08915e-11
      19670.0  4.07662e-11
      19680.0  4.06396e-11
      19690.0  4.05117e-11
      19700.0  4.03829e-11
      19710.0  4.02533e-11
      19720.0  4.01233e-11
      19730.0  3.99929e-11
      19740.0  3.98627e-11
      19750.0  3.97328e-11
      19760.0  3.96035e-11
      19770.0  3.94752e-11
      19780.0  3.93482e-11
      19790.0  3.92228e-11
      19800.0  3.90993e-11
      19810.0  3.89780e-11
      19820.0  3.88591e-11
      19830.0  3.87429e-11
      19840.0  3.86296e-11
      19850.0  3.85195e-11
      19860.0  3.84128e-11
      19870.0  3.83096e-11
      19880.0  3.82101e-11
      19890.0  3.81144e-11
      19900.0  3.80225e-11
      19910.0  3.79345e-11
      19920.0  3.78506e-11
      19930.0  3.77706e-11
      19940.0  3.76946e-11
      19950.0  3.76225e-11
      19960.0  3.75543e-11
      19970.0  3.74898e-11
      19980.0  3.74291e-11
      19990.0  3.73720e-11
      20000.0  3.73184e-11
      20010.0  3.72681e-11
      20020.0  3.72211e-11
      20030.0  3.71771e-11
      20040.0  3.71361e-11
      20050.0  3.70978e-11
      20060.0  3.70622e-11
      20070.0  3.70291e-11
      20080.0  3.69983e-11
      20090.0  3.69697e-11
      20100.0  3.69432e-11
      20110.0  3.69187e-11
      20120.0  3.68960e-11
      20130.0  3.68750e-11
      20140.0  3.68555e-11
      20150.0  3.68375e-11
      20160.0  3.68209e-11
      20170.0  3.68055e-11
      20180.0  3.67912e-11
      20190.0  3.67779e-11
      20200.0  3.67656e-11
      20210.0  3.67540e-11
      20220.0  3.67430e-11
      20230.0  3.67327e-11
      20240.0  3.67227e-11
      20250.0  3.67130e-11
      20260.0  3.67036e-11
      20270.0  3.66941e-11
      20280.0  3.66846e-11
      20290.0  3.66749e-11
      20300.0  3.66649e-11
      20310.0  3.66544e-11
      20320.0  3.66434e-11
      20330.0  3.66317e-11
      20340.0  3.66192e-11
      20350.0  3.66059e-11
      20360.0  3.65917e-11
      20370.0  3.65765e-11
      20380.0  3.65604e-11
      20390.0  3.65432e-11
      20400.0  3.65249e-11
      20410.0  3.65056e-11
      20420.0  3.64853e-11
      20430.0  3.64640e-11
      20440.0  3.64418e-11
      20450.0  3.64188e-11
      20460.0  3.63950e-11
      20470.0  3.63706e-11
      20480.0  3.63456e-11
      20490.0  3.63202e-11
      20500.0  3.62946e-11
      20510.0  3.62688e-11
      20520.0  3.62430e-11
      20530.0  3.62173e-11
      20540.0  3.61918e-11
      20550.0  3.61667e-11
      20560.0  3.61421e-11
      20570.0  3.61181e-11
      20580.0  3.60948e-11
      20590.0  3.60722e-11
      20600.0  3.60505e-11
      20610.0  3.60297e-11
      20620.0  3.60098e-11
      20630.0  3.59908e-11
      20640.0  3.59727e-11
      20650.0  3.59554e-11
      20660.0  3.59391e-11
      20670.0  3.59235e-11
      20680.0  3.59085e-11
      20690.0  3.58942e-11
      20700.0  3.58803e-11
      20710.0  3.58667e-11
      20720.0  3.58533e-11
      20730.0  3.58400e-11
      20740.0  3.58265e-11
      20750.0  3.58127e-11
      20760.0  3.57984e-11
      20770.0  3.57834e-11
      20780.0  3.57676e-11
      20790.0  3.57508e-11
      20800.0  3.57328e-11
      20810.0  3.57134e-11
      20820.0  3.56925e-11
      20830.0  3.56700e-11
      20840.0  3.56457e-11
      20850.0  3.56196e-11
      20860.0  3.55914e-11
      20870.0  3.55612e-11
      20880.0  3.55289e-11
      20890.0  3.54944e-11
      20900.0  3.54577e-11
      20910.0  3.54189e-11
      20920.0  3.53779e-11
      20930.0  3.53347e-11
      20940.0  3.52896e-11
      20950.0  3.52424e-11
      20960.0  3.51934e-11
      20970.0  3.51425e-11
      20980.0  3.50900e-11
      20990.0  3.50360e-11
      21000.0  3.49805e-11
      21010.0  3.49238e-11
      21020.0  3.48659e-11
      21030.0  3.48071e-11
      21040.0  3.47474e-11
      21050.0  3.46870e-11
      21060.0  3.46261e-11
      21070.0  3.45646e-11
      21080.0  3.45029e-11
      21090.0  3.44409e-11
      21100.0  3.43787e-11
      21110.0  3.43165e-11
      21120.0  3.42543e-11
      21130.0  3.41920e-11
      21140.0  3.41298e-11
      21150.0  3.40677e-11
      21160.0  3.40056e-11
      21170.0  3.39435e-11
      21180.0  3.38815e-11
      21190.0  3.38194e-11
      21200.0  3.37572e-11
      21210.0  3.36948e-11
      21220.0  3.36322e-11
      21230.0  3.35692e-11
      21240.0  3.35059e-11
      21250.0  3.34421e-11
      21260.0  3.33777e-11
      21270.0  3.33126e-11
      21280.0  3.32467e-11
      21290.0  3.31800e-11
      21300.0  3.31124e-11
      21310.0  3.30438e-11
      21320.0  3.29741e-11
      21330.0  3.29033e-11
      21340.0  3.28313e-11
      21350.0  3.27580e-11
      21360.0  3.26835e-11
      21370.0  3.26077e-11
      21380.0  3.25305e-11
      21390.0  3.24519e-11
      21400.0  3.23720e-11
      21410.0  3.22907e-11
      21420.0  3.22081e-11
      21430.0  3.21241e-11
      21440.0  3.20388e-11
      21450.0  3.19521e-11
      21460.0  3.18642e-11
      21470.0  3.17751e-11
      21480.0  3.16848e-11
      21490.0  3.15933e-11
      21500.0  3.15007e-11
      21510.0  3.14071e-11
      21520.0  3.13125e-11
      21530.0  3.12169e-11
      21540.0  3.11205e-11
      21550.0  3.10232e-11
      21560.0  3.09252e-11
      21570.0  3.08265e-11
      21580.0  3.07271e-11
      21590.0  3.06271e-11
      21600.0  3.05266e-11
      21610.0  3.04256e-11
      21620.0  3.03241e-11
      21630.0  3.02222e-11
      21640.0  3.01200e-11
      21650.0  3.00173e-11
      21660.0  2.99144e-11
      21670.0  2.98112e-11
      21680.0  2.97077e-11
      21690.0  2.96039e-11
      21700.0  2.94999e-11
      21710.0  2.93956e-11
      21720.0  2.92910e-11
      21730.0  2.91863e-11
      21740.0  2.90813e-11
      21750.0  2.89760e-11
      21760.0  2.88705e-11
      21770.0  2.87647e-11
      21780.0  2.86586e-11
      21790.0  2.85523e-11
      21800.0  2.84457e-11
      21810.0  2.83388e-11
      21820.0  2.82317e-11
      21830.0  2.81243e-11
      21840.0  2.80167e-11
      21850.0  2.79089e-11
      21860.0  2.78009e-11
      21870.0  2.76927e-11
      21880.0  2.75844e-11
      21890.0  2.74760e-11
      21900.0  2.73675e-11
      21910.0  2.72591e-11
      21920.0  2.71508e-11
      21930.0  2.70427e-11
      21940.0  2.69347e-11
      21950.0  2.68271e-11
      21960.0  2.67199e-11
      21970.0  2.66131e-11
      21980.0  2.65069e-11
      21990.0  2.64014e-11
      22000.0  2.62967e-11
      22010.0  2.61927e-11
      22020.0  2.60898e-11
      22030.0  2.59878e-11
      22040.0  2.58870e-11
      22050.0  2.57874e-11
      22060.0  2.56892e-11
      22070.0  2.55923e-11
      22080.0  2.54968e-11
      22090.0  2.54029e-11
      22100.0  2.53106e-11
      22110.0  2.52200e-11
      22120.0  2.51310e-11
      22130.0  2.50438e-11
      22140.0  2.49583e-11
      22150.0  2.48746e-11
      22160.0  2.47927e-11
      22170.0  2.47125e-11
      22180.0  2.46342e-11
      22190.0  2.45576e-11
      22200.0  2.44827e-11
      22210.0  2.44094e-11
      22220.0  2.43378e-11
      22230.0  2.42678e-11
      22240.0  2.41993e-11
      22250.0  2.41322e-11
      22260.0  2.40664e-11
      22270.0  2.40020e-11
      22280.0  2.39388e-11
      22290.0  2.38766e-11
      22300.0  2.38155e-11
      22310.0  2.37553e-11
      22320.0  2.36960e-11
      22330.0  2.36374e-11
      22340.0  2.35796e-11
      22350.0  2.35223e-11
      22360.0  2.34656e-11
      22370.0  2.34094e-11
      22380.0  2.33535e-11
      22390.0  2.32980e-11
      22400.0  2.32429e-11
      22410.0  2.31880e-11
      22420.0  2.31333e-11
      22430.0  2.30788e-11
      22440.0  2.30245e-11
      22450.0  2.29703e-11
      22460.0  2.29164e-11
      22470.0  2.28625e-11
      22480.0  2.28089e-11
      22490.0  2.27554e-11
      22500.0  2.27021e-11
      22510.0  2.26490e-11
      22520.0  2.25961e-11
      22530.0  2.25435e-11
      22540.0  2.24912e-11
      22550.0  2.24391e-11
      22560.0  2.23874e-11
      22570.0  2.23360e-11
      22580.0  2.22850e-11
      22590.0  2.22344e-11
      22600.0  2.21842e-11
      22610.0  2.21345e-11
      22620.0  2.20852e-11
      22630.0  2.20364e-11
      22640.0  2.19881e-11
      22650.0  2.19403e-11
      22660.0  2.18931e-11
      22670.0  2.18463e-11
      22680.0  2.18001e-11
      22690.0  2.17544e-11
      22700.0  2.17093e-11
      22710.0  2.16647e-11
      22720.0  2.16207e-11
      22730.0  2.15773e-11
      22740.0  2.15345e-11
      22750.0  2.14923e-11
      22760.0  2.14507e-11
      22770.0  2.14098e-11
      22780.0  2.13695e-11
      22790.0  2.13299e-11
      22800.0  2.12910e-11
      22810.0  2.12529e-11
      22820.0  2.12156e-11
      22830.0  2.11791e-11
      22840.0  2.11435e-11
      22850.0  2.11088e-11
      22860.0  2.10751e-11
      22870.0  2.10424e-11
      22880.0  2.10107e-11
      22890.0  2.09800e-11
      22900.0  2.09506e-11
      22910.0  2.09223e-11
      22920.0  2.08952e-11
      22930.0  2.08693e-11
      22940.0  2.08448e-11
      22950.0  2.08215e-11
      22960.0  2.07996e-11
      22970.0  2.07791e-11
      22980.0  2.07600e-11
      22990.0  2.07423e-11
      23000.0  2.07261e-11
      23010.0  2.07113e-11
      23020.0  2.06981e-11
      23030.0  2.06863e-11
      23040.0  2.06760e-11
      23050.0  2.06673e-11
      23060.0  2.06601e-11
      23070.0  2.06545e-11
      23080.0  2.06504e-11
      23090.0  2.06479e-11
      23100.0  2.06471e-11
      23110.0  2.06478e-11
      23120.0  2.06502e-11
      23130.0  2.06543e-11
      23140.0  2.06600e-11
      23150.0  2.06673e-11
      23160.0  2.06764e-11
      23170.0  2.06871e-11
      23180.0  2.06995e-11
      23190.0  2.07135e-11
      23200.0  2.07292e-11
      23210.0  2.07465e-11
      23220.0  2.07654e-11
      23230.0  2.07859e-11
      23240.0  2.08079e-11
      23250.0  2.08313e-11
      23260.0  2.08561e-11
      23270.0  2.08822e-11
      23280.0  2.09095e-11
      23290.0  2.09379e-11
      23300.0  2.09673e-11
      23310.0  2.09975e-11
      23320.0  2.10285e-11
      23330.0  2.10601e-11
      23340.0  2.10921e-11
      23350.0  2.11245e-11
      23360.0  2.11570e-11
      23370.0  2.11895e-11
      23380.0  2.12219e-11
      23390.0  2.12541e-11
      23400.0  2.12857e-11
      23410.0  2.13169e-11
      23420.0  2.13473e-11
      23430.0  2.13770e-11
      23440.0  2.14057e-11
      23450.0  2.14334e-11
      23460.0  2.14601e-11
      23470.0  2.14857e-11
      23480.0  2.15101e-11
      23490.0  2.15333e-11
      23500.0  2.15553e-11
      23510.0  2.15762e-11
      23520.0  2.15959e-11
      23530.0  2.16146e-11
      23540.0  2.16322e-11
      23550.0  2.16489e-11
      23560.0  2.16648e-11
      23570.0  2.16800e-11
      23580.0  2.16946e-11
      23590.0  2.17088e-11
      23600.0  2.17226e-11
      23610.0  2.17363e-11
      23620.0  2.17499e-11
      23630.0  2.17635e-11
      23640.0  2.17773e-11
      23650.0  2.17914e-11
      23660.0  2.18059e-11
      23670.0  2.18208e-11
      23680.0  2.18363e-11
      23690.0  2.18522e-11
      23700.0  2.18688e-11
      23710.0  2.18860e-11
      23720.0  2.19038e-11
      23730.0  2.19221e-11
      23740.0  2.19410e-11
      23750.0  2.19605e-11
      23760.0  2.19804e-11
      23770.0  2.20009e-11
      23780.0  2.20218e-11
      23790.0  2.20432e-11
      23800.0  2.20650e-11
      23810.0  2.20875e-11
      23820.0  2.21104e-11
      23830.0  2.21342e-11
      23840.0  2.21587e-11
      23850.0  2.21841e-11
      23860.0  2.22105e-11
      23870.0  2.22380e-11
      23880.0  2.22667e-11
      23890.0  2.22969e-11
      23900.0  2.23285e-11
      23910.0  2.23617e-11
      23920.0  2.23966e-11
      23930.0  2.24332e-11
      23940.0  2.24714e-11
      23950.0  2.25112e-11
      23960.0  2.25525e-11
      23970.0  2.25952e-11
      23980.0  2.26389e-11
      23990.0  2.26835e-11
      24000.0  2.27286e-11
      24010.0  2.27740e-11
      24020.0  2.28193e-11
      24030.0  2.28641e-11
      24040.0  2.29081e-11
      24050.0  2.29509e-11
      24060.0  2.29923e-11
      24070.0  2.30319e-11
      24080.0  2.30695e-11
      24090.0  2.31049e-11
      24100.0  2.31381e-11
      24110.0  2.31688e-11
      24120.0  2.31971e-11
      24130.0  2.32231e-11
      24140.0  2.32468e-11
      24150.0  2.32684e-11
      24160.0  2.32881e-11
      24170.0  2.33061e-11
      24180.0  2.33227e-11
      24190.0  2.33382e-11
      24200.0  2.33528e-11
      24210.0  2.33670e-11
      24220.0  2.33811e-11
      24230.0  2.33954e-11
      24240.0  2.34102e-11
      24250.0  2.34257e-11
      24260.0  2.34425e-11
      24270.0  2.34606e-11
      24280.0  2.34804e-11
      24290.0  2.35021e-11
      24300.0  2.35259e-11
      24310.0  2.35521e-11
      24320.0  2.35808e-11
      24330.0  2.36121e-11
      24340.0  2.36462e-11
      24350.0  2.36832e-11
      24360.0  2.37233e-11
      24370.0  2.37663e-11
      24380.0  2.38125e-11
      24390.0  2.38619e-11
      24400.0  2.39144e-11
      24410.0  2.39702e-11
      24420.0  2.40291e-11
      24430.0  2.40912e-11
      24440.0  2.41565e-11
      24450.0  2.42248e-11
      24460.0  2.42962e-11
      24470.0  2.43706e-11
      24480.0  2.44479e-11
      24490.0  2.45280e-11
      24500.0  2.46108e-11
      24510.0  2.46962e-11
      24520.0  2.47839e-11
      24530.0  2.48738e-11
      24540.0  2.49658e-11
      24550.0  2.50595e-11
      24560.0  2.51547e-11
      24570.0  2.52512e-11
      24580.0  2.53487e-11
      24590.0  2.54468e-11
      24600.0  2.55454e-11
      24610.0  2.56439e-11
      24620.0  2.57423e-11
      24630.0  2.58401e-11
      24640.0  2.59370e-11
      24650.0  2.60328e-11
      24660.0  2.61273e-11
      24670.0  2.62202e-11
      24680.0  2.63113e-11
      24690.0  2.64004e-11
      24700.0  2.64874e-11
      24710.0  2.65721e-11
      24720.0  2.66545e-11
      24730.0  2.67344e-11
      24740.0  2.68119e-11
      24750.0  2.68869e-11
      24760.0  2.69592e-11
      24770.0  2.70290e-11
      24780.0  2.70961e-11
      24790.0  2.71605e-11
      24800.0  2.72222e-11
      24810.0  2.72812e-11
      24820.0  2.73374e-11
      24830.0  2.73907e-11
      24840.0  2.74411e-11
      24850.0  2.74886e-11
      24860.0  2.75332e-11
      24870.0  2.75748e-11
      24880.0  2.76135e-11
      24890.0  2.76493e-11
      24900.0  2.76823e-11
      24910.0  2.77125e-11
      24920.0  2.77401e-11
      24930.0  2.77653e-11
      24940.0  2.77880e-11
      24950.0  2.78086e-11
      24960.0  2.78271e-11
      24970.0  2.78438e-11
      24980.0  2.78588e-11
      24990.0  2.78722e-11
      25000.0  2.78843e-11
