      1000.00  8.51918e-14
      1010.00  1.03216e-13
      1020.00  1.25458e-13
      1030.00  1.52766e-13
      1040.00  1.86199e-13
      1050.00  2.26960e-13
      1060.00  2.76393e-13
      1070.00  3.35956e-13
      1080.00  4.07178e-13
      1090.00  4.91605e-13
      1100.00  5.90732e-13
      1110.00  7.05921e-13
      1120.00  8.38327e-13
      1130.00  9.88814e-13
      1140.00  1.15790e-12
      1150.00  1.34570e-12
      1160.00  1.55190e-12
      1170.00  1.77574e-12
      1180.00  2.01599e-12
      1190.00  2.27101e-12
      1200.00  2.53875e-12
      1210.00  2.81681e-12
      1220.00  3.10245e-12
      1230.00  3.39272e-12
      1240.00  3.68451e-12
      1250.00  3.97461e-12
      1260.00  4.25985e-12
      1270.00  4.53715e-12
      1280.00  4.80359e-12
      1290.00  5.05655e-12
      1300.00  5.29370e-12
      1310.00  5.51312e-12
      1320.00  5.71326e-12
      1330.00  5.89305e-12
      1340.00  6.05185e-12
      1350.00  6.18946e-12
      1360.00  6.30614e-12
      1370.00  6.40252e-12
      1380.00  6.47966e-12
      1390.00  6.53895e-12
      1400.00  6.58212e-12
      1410.00  6.61122e-12
      1420.00  6.62856e-12
      1430.00  6.63673e-12
      1440.00  6.63855e-12
      1450.00  6.63706e-12
      1460.00  6.63547e-12
      1470.00  6.63713e-12
      1480.00  6.64538e-12
      1490.00  6.66347e-12
      1500.00  6.69437e-12
      1510.00  6.74055e-12
      1520.00  6.80380e-12
      1530.00  6.88496e-12
      1540.00  6.98385e-12
      1550.00  7.09912e-12
      1560.00  7.22836e-12
      1570.00  7.36825e-12
      1580.00  7.51489e-12
      1590.00  7.66418e-12
      1600.00  7.81235e-12
      1610.00  7.95629e-12
      1620.00  8.09402e-12
      1630.00  8.22485e-12
      1640.00  8.34952e-12
      1650.00  8.47006e-12
      1660.00  8.58958e-12
      1670.00  8.71199e-12
      1680.00  8.84163e-12
      1690.00  8.98288e-12
      1700.00  9.13988e-12
      1710.00  9.31624e-12
      1720.00  9.51487e-12
      1730.00  9.73776e-12
      1740.00  9.98600e-12
      1750.00  1.02596e-11
      1760.00  1.05575e-11
      1770.00  1.08777e-11
      1780.00  1.12171e-11
      1790.00  1.15720e-11
      1800.00  1.19377e-11
      1810.00  1.23094e-11
      1820.00  1.26822e-11
      1830.00  1.30513e-11
      1840.00  1.34124e-11
      1850.00  1.37620e-11
      1860.00  1.40977e-11
      1870.00  1.44177e-11
      1880.00  1.47217e-11
      1890.00  1.50098e-11
      1900.00  1.52832e-11
      1910.00  1.55433e-11
      1920.00  1.57920e-11
      1930.00  1.60312e-11
      1940.00  1.62625e-11
      1950.00  1.64874e-11
      1960.00  1.67069e-11
      1970.00  1.69218e-11
      1980.00  1.71320e-11
      1990.00  1.73375e-11
      2000.00  1.75377e-11
      2010.00  1.77317e-11
      2020.00  1.79187e-11
      2030.00  1.80977e-11
      2040.00  1.82676e-11
      2050.00  1.84277e-11
      2060.00  1.85774e-11
      2070.00  1.87161e-11
      2080.00  1.88435e-11
      2090.00  1.89596e-11
      2100.00  1.90646e-11
      2110.00  1.91586e-11
      2120.00  1.92421e-11
      2130.00  1.93156e-11
      2140.00  1.93797e-11
      2150.00  1.94350e-11
      2160.00  1.94821e-11
      2170.00  1.95218e-11
      2180.00  1.95548e-11
      2190.00  1.95818e-11
      2200.00  1.96036e-11
      2210.00  1.96209e-11
      2220.00  1.96345e-11
      2230.00  1.96454e-11
      2240.00  1.96544e-11
      2250.00  1.96626e-11
      2260.00  1.96710e-11
      2270.00  1.96809e-11
      2280.00  1.96932e-11
      2290.00  1.97091e-11
      2300.00  1.97297e-11
      2310.00  1.97556e-11
      2320.00  1.97877e-11
      2330.00  1.98264e-11
      2340.00  1.98723e-11
      2350.00  1.99259e-11
      2360.00  1.99880e-11
      2370.00  2.00600e-11
      2380.00  2.01436e-11
      2390.00  2.02416e-11
      2400.00  2.03573e-11
      2410.00  2.04949e-11
      2420.00  2.06586e-11
      2430.00  2.08527e-11
      2440.00  2.10804e-11
      2450.00  2.13434e-11
      2460.00  2.16409e-11
      2470.00  2.19695e-11
      2480.00  2.23224e-11
      2490.00  2.26897e-11
      2500.00  2.30595e-11
      2510.00  2.34189e-11
      2520.00  2.37551e-11
      2530.00  2.40578e-11
      2540.00  2.43200e-11
      2550.00  2.45393e-11
      2560.00  2.47185e-11
      2570.00  2.48647e-11
      2580.00  2.49886e-11
      2590.00  2.51032e-11
      2600.00  2.52218e-11
      2610.00  2.53568e-11
      2620.00  2.55183e-11
      2630.00  2.57138e-11
      2640.00  2.59474e-11
      2650.00  2.62324e-11
      2660.00  2.71752e-11
      2670.00  3.43523e-11
      2680.00  5.13049e-11
      2690.00  6.48703e-11
      2700.00  7.39250e-11
      2710.00  7.95170e-11
      2720.00  8.23861e-11
      2730.00  8.57128e-11
      2740.00  8.90677e-11
      2750.00  9.18884e-11
      2760.00  9.44603e-11
      2770.00  9.50644e-11
      2780.00  9.40305e-11
      2790.00  9.31502e-11
      2800.00  9.25632e-11
      2810.00  9.27613e-11
      2820.00  9.50340e-11
      2830.00  9.66831e-11
      2840.00  9.54870e-11
      2850.00  9.63969e-11
      2860.00  1.04095e-10
      2870.00  1.17747e-10
      2880.00  1.31296e-10
      2890.00  1.41141e-10
      2900.00  1.47171e-10
      2910.00  1.47297e-10
      2920.00  1.41573e-10
      2930.00  1.37965e-10
      2940.00  1.36796e-10
      2950.00  1.33819e-10
      2960.00  1.28794e-10
      2970.00  1.23956e-10
      2980.00  1.20676e-10
      2990.00  1.17966e-10
      3000.00  1.13865e-10
      3010.00  1.09600e-10
      3020.00  1.08209e-10
      3030.00  1.09291e-10
      3040.00  1.06549e-10
      3050.00  1.00233e-10
      3060.00  1.02538e-10
      3070.00  1.14855e-10
      3080.00  1.24236e-10
      3090.00  1.24669e-10
      3100.00  1.19647e-10
      3110.00  1.15404e-10
      3120.00  1.15052e-10
      3130.00  1.16007e-10
      3140.00  1.16384e-10
      3150.00  1.19223e-10
      3160.00  1.23815e-10
      3170.00  1.28259e-10
      3180.00  1.33793e-10
      3190.00  1.41720e-10
      3200.00  1.47137e-10
      3210.00  1.44166e-10
      3220.00  1.34652e-10
      3230.00  1.23703e-10
      3240.00  1.15606e-10
      3250.00  1.12579e-10
      3260.00  1.13132e-10
      3270.00  1.15918e-10
      3280.00  1.17968e-10
      3290.00  1.15415e-10
      3300.00  1.13182e-10
      3310.00  1.14654e-10
      3320.00  1.16954e-10
      3330.00  1.18756e-10
      3340.00  1.19278e-10
      3350.00  1.19281e-10
      3360.00  1.21409e-10
      3370.00  1.25030e-10
      3380.00  1.29900e-10
      3390.00  1.35925e-10
      3400.00  1.41927e-10
      3410.00  1.47202e-10
      3420.00  1.50960e-10
      3430.00  1.52803e-10
      3440.00  1.53708e-10
      3450.00  1.55168e-10
      3460.00  1.57901e-10
      3470.00  1.62165e-10
      3480.00  1.68358e-10
      3490.00  1.76741e-10
      3500.00  1.86639e-10
      3510.00  1.96584e-10
      3520.00  2.04836e-10
      3530.00  2.08930e-10
      3540.00  2.09472e-10
      3550.00  2.11158e-10
      3560.00  2.15254e-10
      3570.00  2.20511e-10
      3580.00  2.26131e-10
      3590.00  2.30778e-10
      3600.00  2.31227e-10
      3610.00  2.25365e-10
      3620.00  2.19366e-10
      3630.00  2.22058e-10
      3640.00  2.34351e-10
      3650.00  2.52556e-10
      3660.00  2.73547e-10
      3670.00  2.94703e-10
      3680.00  3.13044e-10
      3690.00  3.25399e-10
      3700.00  3.29179e-10
      3710.00  3.23198e-10
      3720.00  3.09128e-10
      3730.00  2.90852e-10
      3740.00  2.71235e-10
      3750.00  2.50366e-10
      3760.00  2.28086e-10
      3770.00  2.06456e-10
      3780.00  1.88341e-10
      3790.00  1.75560e-10
      3800.00  1.69387e-10
      3810.00  1.71530e-10
      3820.00  1.84222e-10
      3830.00  2.09072e-10
      3840.00  2.44826e-10
      3850.00  2.86888e-10
      3860.00  3.29720e-10
      3870.00  3.69894e-10
      3880.00  4.07102e-10
      3890.00  4.42233e-10
      3900.00  4.74977e-10
      3910.00  5.04099e-10
      3920.00  5.29284e-10
      3930.00  5.51278e-10
      3940.00  5.70471e-10
      3950.00  5.86034e-10
      3960.00  5.96007e-10
      3970.00  5.98111e-10
      3980.00  5.90887e-10
      3990.00  5.74511e-10
      4000.00  5.51010e-10
      4010.00  5.23762e-10
      4020.00  4.96634e-10
      4030.00  4.73080e-10
      4040.00  4.55041e-10
      4050.00  4.42166e-10
      4060.00  4.32313e-10
      4070.00  4.23019e-10
      4080.00  4.12865e-10
      4090.00  4.02140e-10
      4100.00  3.92474e-10
      4110.00  3.85534e-10
      4120.00  3.81825e-10
      4130.00  3.80918e-10
      4140.00  3.82531e-10
      4150.00  3.86691e-10
      4160.00  3.93097e-10
      4170.00  4.00960e-10
      4180.00  4.09209e-10
      4190.00  4.16660e-10
      4200.00  4.22436e-10
      4210.00  4.26425e-10
      4220.00  4.29165e-10
      4230.00  4.31462e-10
      4240.00  4.34288e-10
      4250.00  4.38664e-10
      4260.00  4.45042e-10
      4270.00  4.52990e-10
      4280.00  4.61793e-10
      4290.00  4.70918e-10
      4300.00  4.79295e-10
      4310.00  4.84465e-10
      4320.00  4.83177e-10
      4330.00  4.73165e-10
      4340.00  4.54627e-10
      4350.00  4.30260e-10
      4360.00  4.03808e-10
      4370.00  3.78228e-10
      4380.00  3.54950e-10
      4390.00  3.34530e-10
      4400.00  3.17548e-10
      4410.00  3.04833e-10
      4420.00  2.97221e-10
      4430.00  2.95292e-10
      4440.00  2.99145e-10
      4450.00  3.08330e-10
      4460.00  3.22058e-10
      4470.00  3.39600e-10
      4480.00  3.60675e-10
      4490.00  3.85611e-10
      4500.00  4.15180e-10
      4510.00  4.50226e-10
      4520.00  4.91335e-10
      4530.00  5.38598e-10
      4540.00  5.91248e-10
      4550.00  6.47196e-10
      4560.00  7.03040e-10
      4570.00  7.54902e-10
      4580.00  7.99450e-10
      4590.00  8.34415e-10
      4600.00  8.58580e-10
      4610.00  8.71507e-10
      4620.00  8.72842e-10
      4630.00  8.61733e-10
      4640.00  8.37090e-10
      4650.00  7.98813e-10
      4660.00  7.48952e-10
      4670.00  6.91688e-10
      4680.00  6.32157e-10
      4690.00  5.75106e-10
      4700.00  5.24099e-10
      4710.00  4.81269e-10
      4720.00  4.47382e-10
      4730.00  4.22234e-10
      4740.00  4.05312e-10
      4750.00  3.96301e-10
      4760.00  3.95083e-10
      4770.00  4.01365e-10
      4780.00  4.14193e-10
      4790.00  4.31604e-10
      4800.00  4.50641e-10
      4810.00  4.67932e-10
      4820.00  4.80828e-10
      4830.00  4.88611e-10
      4840.00  4.92978e-10
      4850.00  4.97366e-10
      4860.00  5.05669e-10
      4870.00  5.21133e-10
      4880.00  5.45616e-10
      4890.00  5.79089e-10
      4900.00  6.19379e-10
      4910.00  6.62272e-10
      4920.00  7.02041e-10
      4930.00  7.32415e-10
      4940.00  7.47917e-10
      4950.00  7.45247e-10
      4960.00  7.24287e-10
      4970.00  6.88303e-10
      4980.00  6.43116e-10
      4990.00  5.95396e-10
      5000.00  5.50822e-10
      5010.00  5.12864e-10
      5020.00  4.82657e-10
      5030.00  4.59695e-10
      5040.00  4.42641e-10
      5050.00  4.29906e-10
      5060.00  4.20072e-10
      5070.00  4.12121e-10
      5080.00  4.05477e-10
      5090.00  3.99961e-10
      5100.00  3.95709e-10
      5110.00  3.93065e-10
      5120.00  3.92439e-10
      5130.00  3.94184e-10
      5140.00  3.98570e-10
      5150.00  4.05857e-10
      5160.00  4.16336e-10
      5170.00  4.30238e-10
      5180.00  4.47565e-10
      5190.00  4.67964e-10
      5200.00  4.90788e-10
      5210.00  5.15257e-10
      5220.00  5.40613e-10
      5230.00  5.66193e-10
      5240.00  5.91429e-10
      5250.00  6.15814e-10
      5260.00  6.38855e-10
      5270.00  6.60051e-10
      5280.00  6.78877e-10
      5290.00  6.94816e-10
      5300.00  7.07483e-10
      5310.00  7.16837e-10
      5320.00  7.23361e-10
      5330.00  7.28061e-10
      5340.00  7.32221e-10
      5350.00  7.37057e-10
      5360.00  7.43502e-10
      5370.00  7.52208e-10
      5380.00  7.63725e-10
      5390.00  7.78650e-10
      5400.00  7.97674e-10
      5410.00  8.21484e-10
      5420.00  8.50572e-10
      5430.00  8.84943e-10
      5440.00  9.23822e-10
      5450.00  9.65535e-10
      5460.00  1.00776e-09
      5470.00  1.04807e-09
      5480.00  1.08439e-09
      5490.00  1.11525e-09
      5500.00  1.13969e-09
      5510.00  1.15713e-09
      5520.00  1.16720e-09
      5530.00  1.16968e-09
      5540.00  1.16457e-09
      5550.00  1.15221e-09
      5560.00  1.13325e-09
      5570.00  1.10846e-09
      5580.00  1.07846e-09
      5590.00  1.04380e-09
      5600.00  1.00505e-09
      5610.00  9.62885e-10
      5620.00  9.18190e-10
      5630.00  8.72083e-10
      5640.00  8.25940e-10
      5650.00  7.81378e-10
      5660.00  7.40145e-10
      5670.00  7.03953e-10
      5680.00  6.74287e-10
      5690.00  6.52269e-10
      5700.00  6.38589e-10
      5710.00  6.33534e-10
      5720.00  6.37020e-10
      5730.00  6.48579e-10
      5740.00  6.67270e-10
      5750.00  6.91609e-10
      5760.00  7.19613e-10
      5770.00  7.48990e-10
      5780.00  7.77422e-10
      5790.00  8.02823e-10
      5800.00  8.23521e-10
      5810.00  8.38376e-10
      5820.00  8.46822e-10
      5830.00  8.48834e-10
      5840.00  8.44789e-10
      5850.00  8.35328e-10
      5860.00  8.21256e-10
      5870.00  8.03515e-10
      5880.00  7.83142e-10
      5890.00  7.61118e-10
      5900.00  7.38149e-10
      5910.00  7.14511e-10
      5920.00  6.90106e-10
      5930.00  6.64737e-10
      5940.00  6.38425e-10
      5950.00  6.11592e-10
      5960.00  5.85029e-10
      5970.00  5.59731e-10
      5980.00  5.36690e-10
      5990.00  5.16699e-10
      6000.00  5.00228e-10
      6010.00  4.87369e-10
      6020.00  4.77877e-10
      6030.00  4.71257e-10
      6040.00  4.66870e-10
      6050.00  4.64052e-10
      6060.00  4.62197e-10
      6070.00  4.60831e-10
      6080.00  4.59628e-10
      6090.00  4.58400e-10
      6100.00  4.57094e-10
      6110.00  4.55810e-10
      6120.00  4.54825e-10
      6130.00  4.54591e-10
      6140.00  4.55638e-10
      6150.00  4.58410e-10
      6160.00  4.63060e-10
      6170.00  4.69292e-10
      6180.00  4.76343e-10
      6190.00  4.83136e-10
      6200.00  4.88639e-10
      6210.00  4.92250e-10
      6220.00  4.93903e-10
      6230.00  4.93681e-10
      6240.00  4.91420e-10
      6250.00  4.86985e-10
      6260.00  4.80969e-10
      6270.00  4.74851e-10
      6280.00  4.70421e-10
      6290.00  4.69118e-10
      6300.00  4.71794e-10
      6310.00  4.78774e-10
      6320.00  4.89976e-10
      6330.00  5.05035e-10
      6340.00  5.23457e-10
      6350.00  5.44778e-10
      6360.00  5.68625e-10
      6370.00  5.94652e-10
      6380.00  6.22447e-10
      6390.00  6.51476e-10
      6400.00  6.81100e-10
      6410.00  7.10615e-10
      6420.00  7.39277e-10
      6430.00  7.66341e-10
      6440.00  7.91139e-10
      6450.00  8.13188e-10
      6460.00  8.32232e-10
      6470.00  8.48167e-10
      6480.00  8.60912e-10
      6490.00  8.70330e-10
      6500.00  8.76242e-10
      6510.00  8.78508e-10
      6520.00  8.77095e-10
      6530.00  8.72103e-10
      6540.00  8.63726e-10
      6550.00  8.52178e-10
      6560.00  8.37620e-10
      6570.00  8.20154e-10
      6580.00  7.99842e-10
      6590.00  7.76762e-10
      6600.00  7.51094e-10
      6610.00  7.23159e-10
      6620.00  6.93424e-10
      6630.00  6.62474e-10
      6640.00  6.30972e-10
      6650.00  5.99619e-10
      6660.00  5.69109e-10
      6670.00  5.40081e-10
      6680.00  5.13078e-10
      6690.00  4.88519e-10
      6700.00  4.66683e-10
      6710.00  4.47700e-10
      6720.00  4.31559e-10
      6730.00  4.18119e-10
      6740.00  4.07133e-10
      6750.00  3.98277e-10
      6760.00  3.91183e-10
      6770.00  3.85484e-10
      6780.00  3.80847e-10
      6790.00  3.76999e-10
      6800.00  3.73731e-10
      6810.00  3.70899e-10
      6820.00  3.68417e-10
      6830.00  3.66242e-10
      6840.00  3.64349e-10
      6850.00  3.62705e-10
      6860.00  3.61262e-10
      6870.00  3.59956e-10
      6880.00  3.58730e-10
      6890.00  3.57543e-10
      6900.00  3.56376e-10
      6910.00  3.55225e-10
      6920.00  3.54082e-10
      6930.00  3.52913e-10
      6940.00  3.51640e-10
      6950.00  3.50146e-10
      6960.00  3.48294e-10
      6970.00  3.45971e-10
      6980.00  3.43136e-10
      6990.00  3.39846e-10
      7000.00  3.36260e-10
      7010.00  3.32618e-10
      7020.00  3.29195e-10
      7030.00  3.26267e-10
      7040.00  3.24071e-10
      7050.00  3.22794e-10
      7060.00  3.22568e-10
      7070.00  3.23480e-10
      7080.00  3.25575e-10
      7090.00  3.28862e-10
      7100.00  3.33316e-10
      7110.00  3.38880e-10
      7120.00  3.45455e-10
      7130.00  3.52899e-10
      7140.00  3.61018e-10
      7150.00  3.69571e-10
      7160.00  3.78286e-10
      7170.00  3.86875e-10
      7180.00  3.95050e-10
      7190.00  4.02537e-10
      7200.00  4.09097e-10
      7210.00  4.14558e-10
      7220.00  4.18849e-10
      7230.00  4.22019e-10
      7240.00  4.24218e-10
      7250.00  4.25665e-10
      7260.00  4.26617e-10
      7270.00  4.27358e-10
      7280.00  4.28201e-10
      7290.00  4.29475e-10
      7300.00  4.31467e-10
      7310.00  4.34372e-10
      7320.00  4.38278e-10
      7330.00  4.43193e-10
      7340.00  4.49066e-10
      7350.00  4.55783e-10
      7360.00  4.63140e-10
      7370.00  4.70824e-10
      7380.00  4.78419e-10
      7390.00  4.85421e-10
      7400.00  4.91274e-10
      7410.00  4.95422e-10
      7420.00  4.97395e-10
      7430.00  4.96900e-10
      7440.00  4.93885e-10
      7450.00  4.88562e-10
      7460.00  4.81377e-10
      7470.00  4.72956e-10
      7480.00  4.64040e-10
      7490.00  4.55392e-10
      7500.00  4.47664e-10
      7510.00  4.41277e-10
      7520.00  4.36396e-10
      7530.00  4.33078e-10
      7540.00  4.31455e-10
      7550.00  4.31791e-10
      7560.00  4.34364e-10
      7570.00  4.39296e-10
      7580.00  4.46472e-10
      7590.00  4.55580e-10
      7600.00  4.66202e-10
      7610.00  4.77892e-10
      7620.00  4.90213e-10
      7630.00  5.02760e-10
      7640.00  5.15166e-10
      7650.00  5.27102e-10
      7660.00  5.38264e-10
      7670.00  5.48367e-10
      7680.00  5.57130e-10
      7690.00  5.64291e-10
      7700.00  5.69625e-10
      7710.00  5.72984e-10
      7720.00  5.74321e-10
      7730.00  5.73699e-10
      7740.00  5.71272e-10
      7750.00  5.67246e-10
      7760.00  5.61826e-10
      7770.00  5.55178e-10
      7780.00  5.47412e-10
      7790.00  5.38585e-10
      7800.00  5.28729e-10
      7810.00  5.17884e-10
      7820.00  5.06120e-10
      7830.00  4.93547e-10
      7840.00  4.80313e-10
      7850.00  4.66587e-10
      7860.00  4.52554e-10
      7870.00  4.38398e-10
      7880.00  4.24306e-10
      7890.00  4.10457e-10
      7900.00  3.97017e-10
      7910.00  3.84129e-10
      7920.00  3.71939e-10
      7930.00  3.60528e-10
      7940.00  3.49987e-10
      7950.00  3.40396e-10
      7960.00  3.31821e-10
      7970.00  3.24287e-10
      7980.00  3.17765e-10
      7990.00  3.12164e-10
      8000.00  3.07330e-10
      8010.00  3.03066e-10
      8020.00  2.99141e-10
      8030.00  2.95315e-10
      8040.00  2.91345e-10
      8050.00  2.86995e-10
      8060.00  2.82030e-10
      8070.00  2.76208e-10
      8080.00  2.69274e-10
      8090.00  2.60973e-10
      8100.00  2.51087e-10
      8110.00  2.39493e-10
      8120.00  2.26221e-10
      8130.00  2.11499e-10
      8140.00  1.95763e-10
      8150.00  1.79619e-10
      8160.00  1.63772e-10
      8170.00  1.48935e-10
      8180.00  1.35733e-10
      8190.00  1.24631e-10
      8200.00  1.15892e-10
      8210.00  1.09570e-10
      8220.00  1.05541e-10
      8230.00  1.03547e-10
      8240.00  1.03263e-10
      8250.00  1.04349e-10
      8260.00  1.06500e-10
      8270.00  1.09481e-10
      8280.00  1.13150e-10
      8290.00  1.17460e-10
      8300.00  1.22440e-10
      8310.00  1.28165e-10
      8320.00  1.34718e-10
      8330.00  1.42170e-10
      8340.00  1.50579e-10
      8350.00  1.60011e-10
      8360.00  1.70558e-10
      8370.00  1.82343e-10
      8380.00  1.95495e-10
      8390.00  2.10096e-10
      8400.00  2.26140e-10
      8410.00  2.43506e-10
      8420.00  2.61974e-10
      8430.00  2.81273e-10
      8440.00  3.01124e-10
      8450.00  3.21269e-10
      8460.00  3.41447e-10
      8470.00  3.61360e-10
      8480.00  3.80627e-10
      8490.00  3.98787e-10
      8500.00  4.15346e-10
      8510.00  4.29872e-10
      8520.00  4.42097e-10
      8530.00  4.51986e-10
      8540.00  4.59756e-10
      8550.00  4.65827e-10
      8560.00  4.70730e-10
      8570.00  4.75000e-10
      8580.00  4.79075e-10
      8590.00  4.83246e-10
      8600.00  4.87650e-10
      8610.00  4.92298e-10
      8620.00  4.97126e-10
      8630.00  5.02035e-10
      8640.00  5.06911e-10
      8650.00  5.11628e-10
      8660.00  5.16050e-10
      8670.00  5.20040e-10
      8680.00  5.23487e-10
      8690.00  5.26332e-10
      8700.00  5.28588e-10
      8710.00  5.30325e-10
      8720.00  5.31647e-10
      8730.00  5.32637e-10
      8740.00  5.33327e-10
      8750.00  5.33687e-10
      8760.00  5.33637e-10
      8770.00  5.33070e-10
      8780.00  5.31883e-10
      8790.00  5.29982e-10
      8800.00  5.27285e-10
      8810.00  5.23720e-10
      8820.00  5.19229e-10
      8830.00  5.13775e-10
      8840.00  5.07356e-10
      8850.00  4.99999e-10
      8860.00  4.91763e-10
      8870.00  4.82727e-10
      8880.00  4.72990e-10
      8890.00  4.62672e-10
      8900.00  4.51923e-10
      8910.00  4.40926e-10
      8920.00  4.29964e-10
      8930.00  4.19194e-10
      8940.00  4.08794e-10
      8950.00  3.98916e-10
      8960.00  3.89654e-10
      8970.00  3.81039e-10
      8980.00  3.73053e-10
      8990.00  3.65651e-10
      9000.00  3.58790e-10
      9010.00  3.52439e-10
      9020.00  3.46576e-10
      9030.00  3.41182e-10
      9040.00  3.36235e-10
      9050.00  3.31712e-10
      9060.00  3.27599e-10
      9070.00  3.23892e-10
      9080.00  3.20596e-10
      9090.00  3.17715e-10
      9100.00  3.15238e-10
      9110.00  3.13142e-10
      9120.00  3.11388e-10
      9130.00  3.09929e-10
      9140.00  3.08706e-10
      9150.00  3.07645e-10
      9160.00  3.06649e-10
      9170.00  3.05599e-10
      9180.00  3.04364e-10
      9190.00  3.02832e-10
      9200.00  3.00940e-10
      9210.00  2.98720e-10
      9220.00  2.96326e-10
      9230.00  2.94059e-10
      9240.00  2.92364e-10
      9250.00  2.91762e-10
      9260.00  2.92716e-10
      9270.00  2.95450e-10
      9280.00  2.99801e-10
      9290.00  3.05209e-10
      9300.00  3.10892e-10
      9310.00  3.16115e-10
      9320.00  3.20419e-10
      9330.00  3.23691e-10
      9340.00  3.26088e-10
      9350.00  3.27876e-10
      9360.00  3.29310e-10
      9370.00  3.30565e-10
      9380.00  3.31738e-10
      9390.00  3.32866e-10
      9400.00  3.33950e-10
      9410.00  3.34976e-10
      9420.00  3.35921e-10
      9430.00  3.36757e-10
      9440.00  3.37455e-10
      9450.00  3.37986e-10
      9460.00  3.38321e-10
      9470.00  3.38435e-10
      9480.00  3.38306e-10
      9490.00  3.37917e-10
      9500.00  3.37257e-10
      9510.00  3.36324e-10
      9520.00  3.35123e-10
      9530.00  3.33668e-10
      9540.00  3.31984e-10
      9550.00  3.30102e-10
      9560.00  3.28063e-10
      9570.00  3.25915e-10
      9580.00  3.23714e-10
      9590.00  3.21522e-10
      9600.00  3.19403e-10
      9610.00  3.17425e-10
      9620.00  3.15659e-10
      9630.00  3.14173e-10
      9640.00  3.13035e-10
      9650.00  3.12306e-10
      9660.00  3.12046e-10
      9670.00  3.12305e-10
      9680.00  3.13127e-10
      9690.00  3.14546e-10
      9700.00  3.16585e-10
      9710.00  3.19259e-10
      9720.00  3.22568e-10
      9730.00  3.26504e-10
      9740.00  3.31047e-10
      9750.00  3.36163e-10
      9760.00  3.41812e-10
      9770.00  3.47940e-10
      9780.00  3.54488e-10
      9790.00  3.61386e-10
      9800.00  3.68560e-10
      9810.00  3.75929e-10
      9820.00  3.83408e-10
      9830.00  3.90910e-10
      9840.00  3.98346e-10
      9850.00  4.05629e-10
      9860.00  4.12668e-10
      9870.00  4.19380e-10
      9880.00  4.25682e-10
      9890.00  4.31494e-10
      9900.00  4.36745e-10
      9910.00  4.41367e-10
      9920.00  4.45301e-10
      9930.00  4.48493e-10
      9940.00  4.50901e-10
      9950.00  4.52489e-10
      9960.00  4.53231e-10
      9970.00  4.53112e-10
      9980.00  4.52125e-10
      9990.00  4.50276e-10
      10000.0  4.47579e-10
      10010.0  4.44058e-10
      10020.0  4.39748e-10
      10030.0  4.34693e-10
      10040.0  4.28946e-10
      10050.0  4.22569e-10
      10060.0  4.15633e-10
      10070.0  4.08214e-10
      10080.0  4.00398e-10
      10090.0  3.92274e-10
      10100.0  3.83939e-10
      10110.0  3.75491e-10
      10120.0  3.67033e-10
      10130.0  3.58668e-10
      10140.0  3.50501e-10
      10150.0  3.42634e-10
      10160.0  3.35164e-10
      10170.0  3.28184e-10
      10180.0  3.21779e-10
      10190.0  3.16025e-10
      10200.0  3.10987e-10
      10210.0  3.06715e-10
      10220.0  3.03247e-10
      10230.0  3.00605e-10
      10240.0  2.98794e-10
      10250.0  2.97807e-10
      10260.0  2.97616e-10
      10270.0  2.98182e-10
      10280.0  2.99451e-10
      10290.0  3.01356e-10
      10300.0  3.03821e-10
      10310.0  3.06760e-10
      10320.0  3.10082e-10
      10330.0  3.13692e-10
      10340.0  3.17491e-10
      10350.0  3.21383e-10
      10360.0  3.25274e-10
      10370.0  3.29073e-10
      10380.0  3.32697e-10
      10390.0  3.36070e-10
      10400.0  3.39125e-10
      10410.0  3.41806e-10
      10420.0  3.44066e-10
      10430.0  3.45871e-10
      10440.0  3.47196e-10
      10450.0  3.48028e-10
      10460.0  3.48365e-10
      10470.0  3.48213e-10
      10480.0  3.47587e-10
      10490.0  3.46511e-10
      10500.0  3.45015e-10
      10510.0  3.43134e-10
      10520.0  3.40907e-10
      10530.0  3.38378e-10
      10540.0  3.35590e-10
      10550.0  3.32590e-10
      10560.0  3.29424e-10
      10570.0  3.26136e-10
      10580.0  3.22770e-10
      10590.0  3.19365e-10
      10600.0  3.15958e-10
      10610.0  3.12582e-10
      10620.0  3.09266e-10
      10630.0  3.06033e-10
      10640.0  3.02901e-10
      10650.0  2.99885e-10
      10660.0  2.96993e-10
      10670.0  2.94228e-10
      10680.0  2.91590e-10
      10690.0  2.89074e-10
      10700.0  2.86673e-10
      10710.0  2.84374e-10
      10720.0  2.82166e-10
      10730.0  2.80031e-10
      10740.0  2.77955e-10
      10750.0  2.75921e-10
      10760.0  2.73911e-10
      10770.0  2.71910e-10
      10780.0  2.69901e-10
      10790.0  2.67871e-10
      10800.0  2.65807e-10
      10810.0  2.63697e-10
      10820.0  2.61533e-10
      10830.0  2.59305e-10
      10840.0  2.57009e-10
      10850.0  2.54639e-10
      10860.0  2.52193e-10
      10870.0  2.49668e-10
      10880.0  2.47066e-10
      10890.0  2.44386e-10
      10900.0  2.41629e-10
      10910.0  2.38798e-10
      10920.0  2.35894e-10
      10930.0  2.32920e-10
      10940.0  2.29879e-10
      10950.0  2.26773e-10
      10960.0  2.23603e-10
      10970.0  2.20373e-10
      10980.0  2.17085e-10
      10990.0  2.13740e-10
      11000.0  2.10340e-10
      11010.0  2.06887e-10
      11020.0  2.03385e-10
      11030.0  1.99836e-10
      11040.0  1.96243e-10
      11050.0  1.92612e-10
      11060.0  1.88947e-10
      11070.0  1.85255e-10
      11080.0  1.81544e-10
      11090.0  1.77822e-10
      11100.0  1.74101e-10
      11110.0  1.70391e-10
      11120.0  1.66705e-10
      11130.0  1.63057e-10
      11140.0  1.59461e-10
      11150.0  1.55932e-10
      11160.0  1.52485e-10
      11170.0  1.49135e-10
      11180.0  1.45896e-10
      11190.0  1.42783e-10
      11200.0  1.39808e-10
      11210.0  1.36982e-10
      11220.0  1.34316e-10
      11230.0  1.31816e-10
      11240.0  1.29488e-10
      11250.0  1.27336e-10
      11260.0  1.25360e-10
      11270.0  1.23559e-10
      11280.0  1.21929e-10
      11290.0  1.20463e-10
      11300.0  1.19152e-10
      11310.0  1.17986e-10
      11320.0  1.16953e-10
      11330.0  1.16037e-10
      11340.0  1.15225e-10
      11350.0  1.14499e-10
      11360.0  1.13842e-10
      11370.0  1.13238e-10
      11380.0  1.12668e-10
      11390.0  1.12117e-10
      11400.0  1.11567e-10
      11410.0  1.11003e-10
      11420.0  1.10412e-10
      11430.0  1.09780e-10
      11440.0  1.09096e-10
      11450.0  1.08352e-10
      11460.0  1.07539e-10
      11470.0  1.06652e-10
      11480.0  1.05688e-10
      11490.0  1.04645e-10
      11500.0  1.03523e-10
      11510.0  1.02325e-10
      11520.0  1.01054e-10
      11530.0  9.97150e-11
      11540.0  9.83150e-11
      11550.0  9.68615e-11
      11560.0  9.53629e-11
      11570.0  9.38283e-11
      11580.0  9.22672e-11
      11590.0  9.06893e-11
      11600.0  8.91041e-11
      11610.0  8.75212e-11
      11620.0  8.59494e-11
      11630.0  8.43971e-11
      11640.0  8.28721e-11
      11650.0  8.13813e-11
      11660.0  7.99307e-11
      11670.0  7.85253e-11
      11680.0  7.71692e-11
      11690.0  7.58657e-11
      11700.0  7.46170e-11
      11710.0  7.34243e-11
      11720.0  7.22882e-11
      11730.0  7.12083e-11
      11740.0  7.01837e-11
      11750.0  6.92127e-11
      11760.0  6.82932e-11
      11770.0  6.74224e-11
      11780.0  6.65972e-11
      11790.0  6.58143e-11
      11800.0  6.50700e-11
      11810.0  6.43603e-11
      11820.0  6.36813e-11
      11830.0  6.30286e-11
      11840.0  6.23981e-11
      11850.0  6.17854e-11
      11860.0  6.11864e-11
      11870.0  6.05967e-11
      11880.0  6.00122e-11
      11890.0  5.94289e-11
      11900.0  5.88431e-11
      11910.0  5.82512e-11
      11920.0  5.76499e-11
      11930.0  5.70363e-11
      11940.0  5.64079e-11
      11950.0  5.57627e-11
      11960.0  5.50991e-11
      11970.0  5.44162e-11
      11980.0  5.37136e-11
      11990.0  5.29914e-11
      12000.0  5.22506e-11
      12010.0  5.14926e-11
      12020.0  5.07194e-11
      12030.0  4.99336e-11
      12040.0  4.91385e-11
      12050.0  4.83376e-11
      12060.0  4.75350e-11
      12070.0  4.67351e-11
      12080.0  4.59427e-11
      12090.0  4.51626e-11
      12100.0  4.43999e-11
      12110.0  4.36597e-11
      12120.0  4.29473e-11
      12130.0  4.22678e-11
      12140.0  4.16261e-11
      12150.0  4.10274e-11
      12160.0  4.04762e-11
      12170.0  3.99774e-11
      12180.0  3.95353e-11
      12190.0  3.91539e-11
      12200.0  3.88374e-11
      12210.0  3.85893e-11
      12220.0  3.84128e-11
      12230.0  3.83109e-11
      12240.0  3.82861e-11
      12250.0  3.83403e-11
      12260.0  3.84750e-11
      12270.0  3.86911e-11
      12280.0  3.89887e-11
      12290.0  3.93672e-11
      12300.0  3.98253e-11
      12310.0  4.03609e-11
      12320.0  4.09709e-11
      12330.0  4.16516e-11
      12340.0  4.23983e-11
      12350.0  4.32055e-11
      12360.0  4.40672e-11
      12370.0  4.49765e-11
      12380.0  4.59261e-11
      12390.0  4.69084e-11
      12400.0  4.79152e-11
      12410.0  4.89385e-11
      12420.0  4.99701e-11
      12430.0  5.10018e-11
      12440.0  5.20260e-11
      12450.0  5.30352e-11
      12460.0  5.40225e-11
      12470.0  5.49813e-11
      12480.0  5.59058e-11
      12490.0  5.67909e-11
      12500.0  5.76320e-11
      12510.0  5.84252e-11
      12520.0  5.91672e-11
      12530.0  5.98555e-11
      12540.0  6.04878e-11
      12550.0  6.10626e-11
      12560.0  6.15790e-11
      12570.0  6.20362e-11
      12580.0  6.24340e-11
      12590.0  6.27725e-11
      12600.0  6.30521e-11
      12610.0  6.32737e-11
      12620.0  6.34381e-11
      12630.0  6.35466e-11
      12640.0  6.36009e-11
      12650.0  6.36027e-11
      12660.0  6.35539e-11
      12670.0  6.34568e-11
      12680.0  6.33140e-11
      12690.0  6.31279e-11
      12700.0  6.29015e-11
      12710.0  6.26376e-11
      12720.0  6.23394e-11
      12730.0  6.20100e-11
      12740.0  6.16524e-11
      12750.0  6.12698e-11
      12760.0  6.08651e-11
      12770.0  6.04412e-11
      12780.0  6.00007e-11
      12790.0  5.95458e-11
      12800.0  5.90786e-11
      12810.0  5.86009e-11
      12820.0  5.81138e-11
      12830.0  5.76183e-11
      12840.0  5.71150e-11
      12850.0  5.66037e-11
      12860.0  5.60844e-11
      12870.0  5.55562e-11
      12880.0  5.50183e-11
      12890.0  5.44693e-11
      12900.0  5.39078e-11
      12910.0  5.33322e-11
      12920.0  5.27408e-11
      12930.0  5.21320e-11
      12940.0  5.15042e-11
      12950.0  5.08560e-11
      12960.0  5.01863e-11
      12970.0  4.94942e-11
      12980.0  4.87795e-11
      12990.0  4.80420e-11
      13000.0  4.72824e-11
      13010.0  4.65017e-11
      13020.0  4.57016e-11
      13030.0  4.48841e-11
      13040.0  4.40520e-11
      13050.0  4.32085e-11
      13060.0  4.23573e-11
      13070.0  4.15025e-11
      13080.0  4.06485e-11
      13090.0  3.98001e-11
      13100.0  3.89621e-11
      13110.0  3.81395e-11
      13120.0  3.73374e-11
      13130.0  3.65607e-11
      13140.0  3.58142e-11
      13150.0  3.51024e-11
      13160.0  3.44294e-11
      13170.0  3.37991e-11
      13180.0  3.32150e-11
      13190.0  3.26798e-11
      13200.0  3.21960e-11
      13210.0  3.17655e-11
      13220.0  3.13896e-11
      13230.0  3.10692e-11
      13240.0  3.08045e-11
      13250.0  3.05953e-11
      13260.0  3.04410e-11
      13270.0  3.03403e-11
      13280.0  3.02916e-11
      13290.0  3.02928e-11
      13300.0  3.03415e-11
      13310.0  3.04349e-11
      13320.0  3.05697e-11
      13330.0  3.07426e-11
      13340.0  3.09497e-11
      13350.0  3.11871e-11
      13360.0  3.14506e-11
      13370.0  3.17360e-11
      13380.0  3.20387e-11
      13390.0  3.23545e-11
      13400.0  3.26790e-11
      13410.0  3.30079e-11
      13420.0  3.33371e-11
      13430.0  3.36629e-11
      13440.0  3.39818e-11
      13450.0  3.42906e-11
      13460.0  3.45865e-11
      13470.0  3.48674e-11
      13480.0  3.51314e-11
      13490.0  3.53773e-11
      13500.0  3.56043e-11
      13510.0  3.58121e-11
      13520.0  3.60008e-11
      13530.0  3.61711e-11
      13540.0  3.63238e-11
      13550.0  3.64602e-11
      13560.0  3.65818e-11
      13570.0  3.66902e-11
      13580.0  3.67871e-11
      13590.0  3.68745e-11
      13600.0  3.69541e-11
      13610.0  3.70276e-11
      13620.0  3.70967e-11
      13630.0  3.71628e-11
      13640.0  3.72272e-11
      13650.0  3.72911e-11
      13660.0  3.73553e-11
      13670.0  3.74205e-11
      13680.0  3.74872e-11
      13690.0  3.75557e-11
      13700.0  3.76261e-11
      13710.0  3.76983e-11
      13720.0  3.77720e-11
      13730.0  3.78469e-11
      13740.0  3.79224e-11
      13750.0  3.79978e-11
      13760.0  3.80722e-11
      13770.0  3.81447e-11
      13780.0  3.82142e-11
      13790.0  3.82796e-11
      13800.0  3.83396e-11
      13810.0  3.83928e-11
      13820.0  3.84378e-11
      13830.0  3.84733e-11
      13840.0  3.84978e-11
      13850.0  3.85099e-11
      13860.0  3.85084e-11
      13870.0  3.84921e-11
      13880.0  3.84598e-11
      13890.0  3.84110e-11
      13900.0  3.83449e-11
      13910.0  3.82614e-11
      13920.0  3.81604e-11
      13930.0  3.80424e-11
      13940.0  3.79081e-11
      13950.0  3.77585e-11
      13960.0  3.75952e-11
      13970.0  3.74197e-11
      13980.0  3.72342e-11
      13990.0  3.70407e-11
      14000.0  3.68417e-11
      14010.0  3.66396e-11
      14020.0  3.64369e-11
      14030.0  3.62360e-11
      14040.0  3.60392e-11
      14050.0  3.58486e-11
      14060.0  3.56661e-11
      14070.0  3.54932e-11
      14080.0  3.53313e-11
      14090.0  3.51812e-11
      14100.0  3.50435e-11
      14110.0  3.49185e-11
      14120.0  3.48062e-11
      14130.0  3.47063e-11
      14140.0  3.46182e-11
      14150.0  3.45413e-11
      14160.0  3.44747e-11
      14170.0  3.44178e-11
      14180.0  3.43698e-11
      14190.0  3.43299e-11
      14200.0  3.42977e-11
      14210.0  3.42727e-11
      14220.0  3.42549e-11
      14230.0  3.42442e-11
      14240.0  3.42410e-11
      14250.0  3.42456e-11
      14260.0  3.42588e-11
      14270.0  3.42812e-11
      14280.0  3.43139e-11
      14290.0  3.43577e-11
      14300.0  3.44134e-11
      14310.0  3.44821e-11
      14320.0  3.45642e-11
      14330.0  3.46606e-11
      14340.0  3.47714e-11
      14350.0  3.48968e-11
      14360.0  3.50367e-11
      14370.0  3.51906e-11
      14380.0  3.53579e-11
      14390.0  3.55378e-11
      14400.0  3.57291e-11
      14410.0  3.59305e-11
      14420.0  3.61408e-11
      14430.0  3.63585e-11
      14440.0  3.65820e-11
      14450.0  3.68102e-11
      14460.0  3.70417e-11
      14470.0  3.72755e-11
      14480.0  3.75108e-11
      14490.0  3.77470e-11
      14500.0  3.79841e-11
      14510.0  3.82222e-11
      14520.0  3.84618e-11
      14530.0  3.87038e-11
      14540.0  3.89497e-11
      14550.0  3.92010e-11
      14560.0  3.94597e-11
      14570.0  3.97281e-11
      14580.0  4.00087e-11
      14590.0  4.03042e-11
      14600.0  4.06173e-11
      14610.0  4.09508e-11
      14620.0  4.13075e-11
      14630.0  4.16901e-11
      14640.0  4.21008e-11
      14650.0  4.25421e-11
      14660.0  4.30156e-11
      14670.0  4.35230e-11
      14680.0  4.40652e-11
      14690.0  4.46429e-11
      14700.0  4.52562e-11
      14710.0  4.59045e-11
      14720.0  4.65870e-11
      14730.0  4.73020e-11
      14740.0  4.80477e-11
      14750.0  4.88214e-11
      14760.0  4.96201e-11
      14770.0  5.04404e-11
      14780.0  5.12784e-11
      14790.0  5.21300e-11
      14800.0  5.29906e-11
      14810.0  5.38554e-11
      14820.0  5.47197e-11
      14830.0  5.55783e-11
      14840.0  5.64262e-11
      14850.0  5.72583e-11
      14860.0  5.80697e-11
      14870.0  5.88554e-11
      14880.0  5.96109e-11
      14890.0  6.03316e-11
      14900.0  6.10135e-11
      14910.0  6.16528e-11
      14920.0  6.22461e-11
      14930.0  6.27904e-11
      14940.0  6.32834e-11
      14950.0  6.37229e-11
      14960.0  6.41075e-11
      14970.0  6.44363e-11
      14980.0  6.47087e-11
      14990.0  6.49249e-11
      15000.0  6.50854e-11
      15010.0  6.51913e-11
      15020.0  6.52441e-11
      15030.0  6.52457e-11
      15040.0  6.51985e-11
      15050.0  6.51050e-11
      15060.0  6.49682e-11
      15070.0  6.47912e-11
      15080.0  6.45773e-11
      15090.0  6.43299e-11
      15100.0  6.40524e-11
      15110.0  6.37482e-11
      15120.0  6.34208e-11
      15130.0  6.30733e-11
      15140.0  6.27089e-11
      15150.0  6.23306e-11
      15160.0  6.19411e-11
      15170.0  6.15430e-11
      15180.0  6.11386e-11
      15190.0  6.07301e-11
      15200.0  6.03194e-11
      15210.0  5.99082e-11
      15220.0  5.94981e-11
      15230.0  5.90906e-11
      15240.0  5.86869e-11
      15250.0  5.82884e-11
      15260.0  5.78962e-11
      15270.0  5.75116e-11
      15280.0  5.71358e-11
      15290.0  5.67700e-11
      15300.0  5.64155e-11
      15310.0  5.60739e-11
      15320.0  5.57465e-11
      15330.0  5.54350e-11
      15340.0  5.51410e-11
      15350.0  5.48662e-11
      15360.0  5.46125e-11
      15370.0  5.43816e-11
      15380.0  5.41753e-11
      15390.0  5.39952e-11
      15400.0  5.38429e-11
      15410.0  5.37199e-11
      15420.0  5.36275e-11
      15430.0  5.35666e-11
      15440.0  5.35379e-11
      15450.0  5.35419e-11
      15460.0  5.35786e-11
      15470.0  5.36478e-11
      15480.0  5.37488e-11
      15490.0  5.38805e-11
      15500.0  5.40415e-11
      15510.0  5.42301e-11
      15520.0  5.44441e-11
      15530.0  5.46811e-11
      15540.0  5.49384e-11
      15550.0  5.52131e-11
      15560.0  5.55020e-11
      15570.0  5.58019e-11
      15580.0  5.61095e-11
      15590.0  5.64214e-11
      15600.0  5.67344e-11
      15610.0  5.70452e-11
      15620.0  5.73508e-11
      15630.0  5.76482e-11
      15640.0  5.79348e-11
      15650.0  5.82081e-11
      15660.0  5.84658e-11
      15670.0  5.87062e-11
      15680.0  5.89276e-11
      15690.0  5.91286e-11
      15700.0  5.93084e-11
      15710.0  5.94661e-11
      15720.0  5.96013e-11
      15730.0  5.97138e-11
      15740.0  5.98037e-11
      15750.0  5.98712e-11
      15760.0  5.99169e-11
      15770.0  5.99411e-11
      15780.0  5.99449e-11
      15790.0  5.99290e-11
      15800.0  5.98944e-11
      15810.0  5.98422e-11
      15820.0  5.97735e-11
      15830.0  5.96895e-11
      15840.0  5.95916e-11
      15850.0  5.94809e-11
      15860.0  5.93589e-11
      15870.0  5.92269e-11
      15880.0  5.90863e-11
      15890.0  5.89386e-11
      15900.0  5.87853e-11
      15910.0  5.86279e-11
      15920.0  5.84678e-11
      15930.0  5.83067e-11
      15940.0  5.81461e-11
      15950.0  5.79874e-11
      15960.0  5.78321e-11
      15970.0  5.76818e-11
      15980.0  5.75376e-11
      15990.0  5.74008e-11
      16000.0  5.72725e-11
      16010.0  5.71537e-11
      16020.0  5.70451e-11
      16030.0  5.69472e-11
      16040.0  5.68603e-11
      16050.0  5.67845e-11
      16060.0  5.67197e-11
      16070.0  5.66654e-11
      16080.0  5.66208e-11
      16090.0  5.65851e-11
      16100.0  5.65571e-11
      16110.0  5.65354e-11
      16120.0  5.65185e-11
      16130.0  5.65047e-11
      16140.0  5.64923e-11
      16150.0  5.64794e-11
      16160.0  5.64643e-11
      16170.0  5.64452e-11
      16180.0  5.64205e-11
      16190.0  5.63887e-11
      16200.0  5.63484e-11
      16210.0  5.62985e-11
      16220.0  5.62382e-11
      16230.0  5.61668e-11
      16240.0  5.60840e-11
      16250.0  5.59898e-11
      16260.0  5.58842e-11
      16270.0  5.57677e-11
      16280.0  5.56411e-11
      16290.0  5.55050e-11
      16300.0  5.53606e-11
      16310.0  5.52089e-11
      16320.0  5.50511e-11
      16330.0  5.48885e-11
      16340.0  5.47222e-11
      16350.0  5.45535e-11
      16360.0  5.43833e-11
      16370.0  5.42126e-11
      16380.0  5.40422e-11
      16390.0  5.38728e-11
      16400.0  5.37047e-11
      16410.0  5.35381e-11
      16420.0  5.33731e-11
      16430.0  5.32094e-11
      16440.0  5.30468e-11
      16450.0  5.28845e-11
      16460.0  5.27219e-11
      16470.0  5.25581e-11
      16480.0  5.23920e-11
      16490.0  5.22226e-11
      16500.0  5.20486e-11
      16510.0  5.18688e-11
      16520.0  5.16821e-11
      16530.0  5.14871e-11
      16540.0  5.12828e-11
      16550.0  5.10679e-11
      16560.0  5.08416e-11
      16570.0  5.06029e-11
      16580.0  5.03510e-11
      16590.0  5.00855e-11
      16600.0  4.98058e-11
      16610.0  4.95119e-11
      16620.0  4.92036e-11
      16630.0  4.88813e-11
      16640.0  4.85453e-11
      16650.0  4.81963e-11
      16660.0  4.78352e-11
      16670.0  4.74630e-11
      16680.0  4.70811e-11
      16690.0  4.66908e-11
      16700.0  4.62939e-11
      16710.0  4.58922e-11
      16720.0  4.54876e-11
      16730.0  4.50821e-11
      16740.0  4.46778e-11
      16750.0  4.42770e-11
      16760.0  4.38817e-11
      16770.0  4.34942e-11
      16780.0  4.31165e-11
      16790.0  4.27507e-11
      16800.0  4.23986e-11
      16810.0  4.20620e-11
      16820.0  4.17425e-11
      16830.0  4.14413e-11
      16840.0  4.11596e-11
      16850.0  4.08983e-11
      16860.0  4.06578e-11
      16870.0  4.04385e-11
      16880.0  4.02404e-11
      16890.0  4.00632e-11
      16900.0  3.99063e-11
      16910.0  3.97689e-11
      16920.0  3.96498e-11
      16930.0  3.95477e-11
      16940.0  3.94611e-11
      16950.0  3.93881e-11
      16960.0  3.93270e-11
      16970.0  3.92758e-11
      16980.0  3.92324e-11
      16990.0  3.91948e-11
      17000.0  3.91610e-11
      17010.0  3.91290e-11
      17020.0  3.90971e-11
      17030.0  3.90634e-11
      17040.0  3.90266e-11
      17050.0  3.89853e-11
      17060.0  3.89386e-11
      17070.0  3.88856e-11
      17080.0  3.88260e-11
      17090.0  3.87596e-11
      17100.0  3.86864e-11
      17110.0  3.86070e-11
      17120.0  3.85219e-11
      17130.0  3.84323e-11
      17140.0  3.83392e-11
      17150.0  3.82441e-11
      17160.0  3.81487e-11
      17170.0  3.80546e-11
      17180.0  3.79638e-11
      17190.0  3.78782e-11
      17200.0  3.77997e-11
      17210.0  3.77303e-11
      17220.0  3.76720e-11
      17230.0  3.76265e-11
      17240.0  3.75956e-11
      17250.0  3.75809e-11
      17260.0  3.75837e-11
      17270.0  3.76052e-11
      17280.0  3.76465e-11
      17290.0  3.77082e-11
      17300.0  3.77910e-11
      17310.0  3.78951e-11
      17320.0  3.80206e-11
      17330.0  3.81673e-11
      17340.0  3.83348e-11
      17350.0  3.85224e-11
      17360.0  3.87294e-11
      17370.0  3.89547e-11
      17380.0  3.91972e-11
      17390.0  3.94555e-11
      17400.0  3.97283e-11
      17410.0  4.00139e-11
      17420.0  4.03108e-11
      17430.0  4.06173e-11
      17440.0  4.09315e-11
      17450.0  4.12518e-11
      17460.0  4.15764e-11
      17470.0  4.19034e-11
      17480.0  4.22312e-11
      17490.0  4.25579e-11
      17500.0  4.28820e-11
      17510.0  4.32018e-11
      17520.0  4.35157e-11
      17530.0  4.38223e-11
      17540.0  4.41200e-11
      17550.0  4.44076e-11
      17560.0  4.46837e-11
      17570.0  4.49472e-11
      17580.0  4.51970e-11
      17590.0  4.54319e-11
      17600.0  4.56511e-11
      17610.0  4.58537e-11
      17620.0  4.60387e-11
      17630.0  4.62056e-11
      17640.0  4.63534e-11
      17650.0  4.64817e-11
      17660.0  4.65898e-11
      17670.0  4.66771e-11
      17680.0  4.67431e-11
      17690.0  4.67874e-11
      17700.0  4.68093e-11
      17710.0  4.68086e-11
      17720.0  4.67847e-11
      17730.0  4.67373e-11
      17740.0  4.66659e-11
      17750.0  4.65704e-11
      17760.0  4.64503e-11
      17770.0  4.63054e-11
      17780.0  4.61355e-11
      17790.0  4.59406e-11
      17800.0  4.57207e-11
      17810.0  4.54758e-11
      17820.0  4.52063e-11
      17830.0  4.49124e-11
      17840.0  4.45948e-11
      17850.0  4.42542e-11
      17860.0  4.38916e-11
      17870.0  4.35079e-11
      17880.0  4.31046e-11
      17890.0  4.26831e-11
      17900.0  4.22451e-11
      17910.0  4.17925e-11
      17920.0  4.13271e-11
      17930.0  4.08512e-11
      17940.0  4.03669e-11
      17950.0  3.98765e-11
      17960.0  3.93822e-11
      17970.0  3.88865e-11
      17980.0  3.83914e-11
      17990.0  3.78991e-11
      18000.0  3.74117e-11
      18010.0  3.69311e-11
      18020.0  3.64591e-11
      18030.0  3.59970e-11
      18040.0  3.55463e-11
      18050.0  3.51080e-11
      18060.0  3.46831e-11
      18070.0  3.42720e-11
      18080.0  3.38754e-11
      18090.0  3.34933e-11
      18100.0  3.31258e-11
      18110.0  3.27728e-11
      18120.0  3.24338e-11
      18130.0  3.21085e-11
      18140.0  3.17962e-11
      18150.0  3.14964e-11
      18160.0  3.12084e-11
      18170.0  3.09313e-11
      18180.0  3.06646e-11
      18190.0  3.04075e-11
      18200.0  3.01592e-11
      18210.0  2.99192e-11
      18220.0  2.96869e-11
      18230.0  2.94617e-11
      18240.0  2.92432e-11
      18250.0  2.90311e-11
      18260.0  2.88249e-11
      18270.0  2.86246e-11
      18280.0  2.84298e-11
      18290.0  2.82404e-11
      18300.0  2.80564e-11
      18310.0  2.78778e-11
      18320.0  2.77043e-11
      18330.0  2.75362e-11
      18340.0  2.73731e-11
      18350.0  2.72152e-11
      18360.0  2.70624e-11
      18370.0  2.69145e-11
      18380.0  2.67714e-11
      18390.0  2.66330e-11
      18400.0  2.64989e-11
      18410.0  2.63689e-11
      18420.0  2.62427e-11
      18430.0  2.61199e-11
      18440.0  2.60003e-11
      18450.0  2.58832e-11
      18460.0  2.57684e-11
      18470.0  2.56554e-11
      18480.0  2.55438e-11
      18490.0  2.54331e-11
      18500.0  2.53230e-11
      18510.0  2.52132e-11
      18520.0  2.51032e-11
      18530.0  2.49929e-11
      18540.0  2.48819e-11
      18550.0  2.47703e-11
      18560.0  2.46578e-11
      18570.0  2.45444e-11
      18580.0  2.44302e-11
      18590.0  2.43151e-11
      18600.0  2.41994e-11
      18610.0  2.40832e-11
      18620.0  2.39666e-11
      18630.0  2.38499e-11
      18640.0  2.37332e-11
      18650.0  2.36168e-11
      18660.0  2.35009e-11
      18670.0  2.33856e-11
      18680.0  2.32712e-11
      18690.0  2.31579e-11
      18700.0  2.30456e-11
      18710.0  2.29344e-11
      18720.0  2.28246e-11
      18730.0  2.27159e-11
      18740.0  2.26085e-11
      18750.0  2.25024e-11
      18760.0  2.23974e-11
      18770.0  2.22935e-11
      18780.0  2.21908e-11
      18790.0  2.20892e-11
      18800.0  2.19886e-11
      18810.0  2.18892e-11
      18820.0  2.17911e-11
      18830.0  2.16943e-11
      18840.0  2.15990e-11
      18850.0  2.15054e-11
      18860.0  2.14138e-11
      18870.0  2.13245e-11
      18880.0  2.12378e-11
      18890.0  2.11541e-11
      18900.0  2.10739e-11
      18910.0  2.09974e-11
      18920.0  2.09251e-11
      18930.0  2.08574e-11
      18940.0  2.07946e-11
      18950.0  2.07371e-11
      18960.0  2.06850e-11
      18970.0  2.06387e-11
      18980.0  2.05982e-11
      18990.0  2.05636e-11
      19000.0  2.05348e-11
      19010.0  2.05117e-11
      19020.0  2.04942e-11
      19030.0  2.04818e-11
      19040.0  2.04743e-11
      19050.0  2.04711e-11
      19060.0  2.04718e-11
      19070.0  2.04758e-11
      19080.0  2.04825e-11
      19090.0  2.04912e-11
      19100.0  2.05012e-11
      19110.0  2.05118e-11
      19120.0  2.05224e-11
      19130.0  2.05323e-11
      19140.0  2.05409e-11
      19150.0  2.05476e-11
      19160.0  2.05518e-11
      19170.0  2.05530e-11
      19180.0  2.05508e-11
      19190.0  2.05449e-11
      19200.0  2.05349e-11
      19210.0  2.05207e-11
      19220.0  2.05021e-11
      19230.0  2.04791e-11
      19240.0  2.04517e-11
      19250.0  2.04200e-11
      19260.0  2.03842e-11
      19270.0  2.03445e-11
      19280.0  2.03013e-11
      19290.0  2.02550e-11
      19300.0  2.02059e-11
      19310.0  2.01548e-11
      19320.0  2.01021e-11
      19330.0  2.00484e-11
      19340.0  1.99945e-11
      19350.0  1.99410e-11
      19360.0  1.98888e-11
      19370.0  1.98386e-11
      19380.0  1.97912e-11
      19390.0  1.97474e-11
      19400.0  1.97081e-11
      19410.0  1.96741e-11
      19420.0  1.96462e-11
      19430.0  1.96252e-11
      19440.0  1.96118e-11
      19450.0  1.96067e-11
      19460.0  1.96105e-11
      19470.0  1.96238e-11
      19480.0  1.96471e-11
      19490.0  1.96808e-11
      19500.0  1.97249e-11
      19510.0  1.97798e-11
      19520.0  1.98453e-11
      19530.0  1.99213e-11
      19540.0  2.00075e-11
      19550.0  2.01035e-11
      19560.0  2.02087e-11
      19570.0  2.03223e-11
      19580.0  2.04434e-11
      19590.0  2.05710e-11
      19600.0  2.07039e-11
      19610.0  2.08409e-11
      19620.0  2.09805e-11
      19630.0  2.11212e-11
      19640.0  2.12615e-11
      19650.0  2.13997e-11
      19660.0  2.15342e-11
      19670.0  2.16633e-11
      19680.0  2.17854e-11
      19690.0  2.18988e-11
      19700.0  2.20018e-11
      19710.0  2.20930e-11
      19720.0  2.21709e-11
      19730.0  2.22342e-11
      19740.0  2.22816e-11
      19750.0  2.23121e-11
      19760.0  2.23247e-11
      19770.0  2.23186e-11
      19780.0  2.22931e-11
      19790.0  2.22480e-11
      19800.0  2.21828e-11
      19810.0  2.20975e-11
      19820.0  2.19922e-11
      19830.0  2.18671e-11
      19840.0  2.17226e-11
      19850.0  2.15594e-11
      19860.0  2.13781e-11
      19870.0  2.11795e-11
      19880.0  2.09648e-11
      19890.0  2.07349e-11
      19900.0  2.04910e-11
      19910.0  2.02345e-11
      19920.0  1.99666e-11
      19930.0  1.96888e-11
      19940.0  1.94024e-11
      19950.0  1.91089e-11
      19960.0  1.88097e-11
      19970.0  1.85062e-11
      19980.0  1.81999e-11
      19990.0  1.78920e-11
      20000.0  1.75840e-11
      20010.0  1.72772e-11
      20020.0  1.69726e-11
      20030.0  1.66714e-11
      20040.0  1.63747e-11
      20050.0  1.60835e-11
      20060.0  1.57987e-11
      20070.0  1.55211e-11
      20080.0  1.52515e-11
      20090.0  1.49904e-11
      20100.0  1.47385e-11
      20110.0  1.44962e-11
      20120.0  1.42641e-11
      20130.0  1.40423e-11
      20140.0  1.38313e-11
      20150.0  1.36311e-11
      20160.0  1.34420e-11
      20170.0  1.32640e-11
      20180.0  1.30971e-11
      20190.0  1.29412e-11
      20200.0  1.27963e-11
      20210.0  1.26622e-11
      20220.0  1.25387e-11
      20230.0  1.24256e-11
      20240.0  1.23227e-11
      20250.0  1.22295e-11
      20260.0  1.21459e-11
      20270.0  1.20714e-11
      20280.0  1.20057e-11
      20290.0  1.19484e-11
      20300.0  1.18991e-11
      20310.0  1.18575e-11
      20320.0  1.18233e-11
      20330.0  1.17960e-11
      20340.0  1.17753e-11
      20350.0  1.17611e-11
      20360.0  1.17529e-11
      20370.0  1.17506e-11
      20380.0  1.17540e-11
      20390.0  1.17629e-11
      20400.0  1.17773e-11
      20410.0  1.17972e-11
      20420.0  1.18224e-11
      20430.0  1.18530e-11
      20440.0  1.18891e-11
      20450.0  1.19308e-11
      20460.0  1.19782e-11
      20470.0  1.20314e-11
      20480.0  1.20905e-11
      20490.0  1.21557e-11
      20500.0  1.22270e-11
      20510.0  1.23047e-11
      20520.0  1.23886e-11
      20530.0  1.24789e-11
      20540.0  1.25755e-11
      20550.0  1.26784e-11
      20560.0  1.27873e-11
      20570.0  1.29022e-11
      20580.0  1.30226e-11
      20590.0  1.31483e-11
      20600.0  1.32789e-11
      20610.0  1.34138e-11
      20620.0  1.35526e-11
      20630.0  1.36946e-11
      20640.0  1.38392e-11
      20650.0  1.39857e-11
      20660.0  1.41335e-11
      20670.0  1.42817e-11
      20680.0  1.44298e-11
      20690.0  1.45769e-11
      20700.0  1.47225e-11
      20710.0  1.48659e-11
      20720.0  1.50065e-11
      20730.0  1.51437e-11
      20740.0  1.52772e-11
      20750.0  1.54067e-11
      20760.0  1.55318e-11
      20770.0  1.56525e-11
      20780.0  1.57688e-11
      20790.0  1.58807e-11
      20800.0  1.59885e-11
      20810.0  1.60926e-11
      20820.0  1.61933e-11
      20830.0  1.62913e-11
      20840.0  1.63872e-11
      20850.0  1.64818e-11
      20860.0  1.65756e-11
      20870.0  1.66697e-11
      20880.0  1.67647e-11
      20890.0  1.68615e-11
      20900.0  1.69607e-11
      20910.0  1.70631e-11
      20920.0  1.71691e-11
      20930.0  1.72792e-11
      20940.0  1.73938e-11
      20950.0  1.75129e-11
      20960.0  1.76365e-11
      20970.0  1.77645e-11
      20980.0  1.78965e-11
      20990.0  1.80320e-11
      21000.0  1.81704e-11
      21010.0  1.83108e-11
      21020.0  1.84525e-11
      21030.0  1.85945e-11
      21040.0  1.87357e-11
      21050.0  1.88753e-11
      21060.0  1.90121e-11
      21070.0  1.91451e-11
      21080.0  1.92735e-11
      21090.0  1.93964e-11
      21100.0  1.95129e-11
      21110.0  1.96224e-11
      21120.0  1.97241e-11
      21130.0  1.98177e-11
      21140.0  1.99027e-11
      21150.0  1.99787e-11
      21160.0  2.00456e-11
      21170.0  2.01031e-11
      21180.0  2.01512e-11
      21190.0  2.01898e-11
      21200.0  2.02191e-11
      21210.0  2.02390e-11
      21220.0  2.02496e-11
      21230.0  2.02512e-11
      21240.0  2.02439e-11
      21250.0  2.02279e-11
      21260.0  2.02035e-11
      21270.0  2.01707e-11
      21280.0  2.01300e-11
      21290.0  2.00816e-11
      21300.0  2.00257e-11
      21310.0  1.99626e-11
      21320.0  1.98926e-11
      21330.0  1.98160e-11
      21340.0  1.97331e-11
      21350.0  1.96443e-11
      21360.0  1.95499e-11
      21370.0  1.94502e-11
      21380.0  1.93456e-11
      21390.0  1.92364e-11
      21400.0  1.91230e-11
      21410.0  1.90057e-11
      21420.0  1.88851e-11
      21430.0  1.87614e-11
      21440.0  1.86351e-11
      21450.0  1.85066e-11
      21460.0  1.83763e-11
      21470.0  1.82447e-11
      21480.0  1.81121e-11
      21490.0  1.79791e-11
      21500.0  1.78461e-11
      21510.0  1.77136e-11
      21520.0  1.75820e-11
      21530.0  1.74517e-11
      21540.0  1.73233e-11
      21550.0  1.71973e-11
      21560.0  1.70740e-11
      21570.0  1.69540e-11
      21580.0  1.68377e-11
      21590.0  1.67255e-11
      21600.0  1.66179e-11
      21610.0  1.65153e-11
      21620.0  1.64182e-11
      21630.0  1.63268e-11
      21640.0  1.62416e-11
      21650.0  1.61629e-11
      21660.0  1.60910e-11
      21670.0  1.60262e-11
      21680.0  1.59689e-11
      21690.0  1.59191e-11
      21700.0  1.58772e-11
      21710.0  1.58433e-11
      21720.0  1.58176e-11
      21730.0  1.58001e-11
      21740.0  1.57910e-11
      21750.0  1.57903e-11
      21760.0  1.57980e-11
      21770.0  1.58140e-11
      21780.0  1.58384e-11
      21790.0  1.58711e-11
      21800.0  1.59119e-11
      21810.0  1.59607e-11
      21820.0  1.60174e-11
      21830.0  1.60818e-11
      21840.0  1.61536e-11
      21850.0  1.62327e-11
      21860.0  1.63188e-11
      21870.0  1.64116e-11
      21880.0  1.65109e-11
      21890.0  1.66164e-11
      21900.0  1.67277e-11
      21910.0  1.68447e-11
      21920.0  1.69668e-11
      21930.0  1.70939e-11
      21940.0  1.72255e-11
      21950.0  1.73614e-11
      21960.0  1.75011e-11
      21970.0  1.76444e-11
      21980.0  1.77909e-11
      21990.0  1.79401e-11
      22000.0  1.80918e-11
      22010.0  1.82456e-11
      22020.0  1.84011e-11
      22030.0  1.85579e-11
      22040.0  1.87156e-11
      22050.0  1.88738e-11
      22060.0  1.90322e-11
      22070.0  1.91904e-11
      22080.0  1.93479e-11
      22090.0  1.95043e-11
      22100.0  1.96592e-11
      22110.0  1.98122e-11
      22120.0  1.99628e-11
      22130.0  2.01107e-11
      22140.0  2.02553e-11
      22150.0  2.03963e-11
      22160.0  2.05331e-11
      22170.0  2.06654e-11
      22180.0  2.07926e-11
      22190.0  2.09143e-11
      22200.0  2.10301e-11
      22210.0  2.11395e-11
      22220.0  2.12421e-11
      22230.0  2.13374e-11
      22240.0  2.14250e-11
      22250.0  2.15045e-11
      22260.0  2.15755e-11
      22270.0  2.16375e-11
      22280.0  2.16902e-11
      22290.0  2.17333e-11
      22300.0  2.17665e-11
      22310.0  2.17894e-11
      22320.0  2.18018e-11
      22330.0  2.18035e-11
      22340.0  2.17942e-11
      22350.0  2.17737e-11
      22360.0  2.17421e-11
      22370.0  2.16991e-11
      22380.0  2.16448e-11
      22390.0  2.15791e-11
      22400.0  2.15020e-11
      22410.0  2.14137e-11
      22420.0  2.13143e-11
      22430.0  2.12039e-11
      22440.0  2.10828e-11
      22450.0  2.09511e-11
      22460.0  2.08092e-11
      22470.0  2.06574e-11
      22480.0  2.04961e-11
      22490.0  2.03256e-11
      22500.0  2.01463e-11
      22510.0  1.99586e-11
      22520.0  1.97632e-11
      22530.0  1.95603e-11
      22540.0  1.93506e-11
      22550.0  1.91345e-11
      22560.0  1.89125e-11
      22570.0  1.86853e-11
      22580.0  1.84533e-11
      22590.0  1.82170e-11
      22600.0  1.79771e-11
      22610.0  1.77341e-11
      22620.0  1.74885e-11
      22630.0  1.72408e-11
      22640.0  1.69916e-11
      22650.0  1.67414e-11
      22660.0  1.64907e-11
      22670.0  1.62400e-11
      22680.0  1.59897e-11
      22690.0  1.57405e-11
      22700.0  1.54927e-11
      22710.0  1.52468e-11
      22720.0  1.50032e-11
      22730.0  1.47624e-11
      22740.0  1.45248e-11
      22750.0  1.42908e-11
      22760.0  1.40608e-11
      22770.0  1.38352e-11
      22780.0  1.36144e-11
      22790.0  1.33988e-11
      22800.0  1.31888e-11
      22810.0  1.29846e-11
      22820.0  1.27868e-11
      22830.0  1.25956e-11
      22840.0  1.24113e-11
      22850.0  1.22344e-11
      22860.0  1.20652e-11
      22870.0  1.19040e-11
      22880.0  1.17511e-11
      22890.0  1.16070e-11
      22900.0  1.14718e-11
      22910.0  1.13459e-11
      22920.0  1.12297e-11
      22930.0  1.11234e-11
      22940.0  1.10273e-11
      22950.0  1.09417e-11
      22960.0  1.08669e-11
      22970.0  1.08029e-11
      22980.0  1.07502e-11
      22990.0  1.07088e-11
      23000.0  1.06789e-11
      23010.0  1.06607e-11
      23020.0  1.06541e-11
      23030.0  1.06593e-11
      23040.0  1.06763e-11
      23050.0  1.07050e-11
      23060.0  1.07454e-11
      23070.0  1.07972e-11
      23080.0  1.08604e-11
      23090.0  1.09346e-11
      23100.0  1.10195e-11
      23110.0  1.11149e-11
      23120.0  1.12203e-11
      23130.0  1.13352e-11
      23140.0  1.14591e-11
      23150.0  1.15914e-11
      23160.0  1.17315e-11
      23170.0  1.18787e-11
      23180.0  1.20324e-11
      23190.0  1.21917e-11
      23200.0  1.23559e-11
      23210.0  1.25241e-11
      23220.0  1.26955e-11
      23230.0  1.28691e-11
      23240.0  1.30443e-11
      23250.0  1.32199e-11
      23260.0  1.33952e-11
      23270.0  1.35693e-11
      23280.0  1.37412e-11
      23290.0  1.39102e-11
      23300.0  1.40754e-11
      23310.0  1.42360e-11
      23320.0  1.43912e-11
      23330.0  1.45404e-11
      23340.0  1.46828e-11
      23350.0  1.48178e-11
      23360.0  1.49448e-11
      23370.0  1.50634e-11
      23380.0  1.51730e-11
      23390.0  1.52733e-11
      23400.0  1.53639e-11
      23410.0  1.54445e-11
      23420.0  1.55149e-11
      23430.0  1.55749e-11
      23440.0  1.56245e-11
      23450.0  1.56635e-11
      23460.0  1.56920e-11
      23470.0  1.57100e-11
      23480.0  1.57176e-11
      23490.0  1.57149e-11
      23500.0  1.57021e-11
      23510.0  1.56795e-11
      23520.0  1.56472e-11
      23530.0  1.56056e-11
      23540.0  1.55549e-11
      23550.0  1.54955e-11
      23560.0  1.54277e-11
      23570.0  1.53518e-11
      23580.0  1.52682e-11
      23590.0  1.51774e-11
      23600.0  1.50796e-11
      23610.0  1.49755e-11
      23620.0  1.48652e-11
      23630.0  1.47494e-11
      23640.0  1.46284e-11
      23650.0  1.45027e-11
      23660.0  1.43728e-11
      23670.0  1.42392e-11
      23680.0  1.41024e-11
      23690.0  1.39630e-11
      23700.0  1.38215e-11
      23710.0  1.36786e-11
      23720.0  1.35348e-11
      23730.0  1.33909e-11
      23740.0  1.32477e-11
      23750.0  1.31057e-11
      23760.0  1.29660e-11
      23770.0  1.28294e-11
      23780.0  1.26968e-11
      23790.0  1.25692e-11
      23800.0  1.24475e-11
      23810.0  1.23329e-11
      23820.0  1.22264e-11
      23830.0  1.21293e-11
      23840.0  1.20426e-11
      23850.0  1.19672e-11
      23860.0  1.19040e-11
      23870.0  1.18541e-11
      23880.0  1.18181e-11
      23890.0  1.17969e-11
      23900.0  1.17910e-11
      23910.0  1.18007e-11
      23920.0  1.18263e-11
      23930.0  1.18677e-11
      23940.0  1.19248e-11
      23950.0  1.19972e-11
      23960.0  1.20842e-11
      23970.0  1.21849e-11
      23980.0  1.22985e-11
      23990.0  1.24236e-11
      24000.0  1.25591e-11
      24010.0  1.27034e-11
      24020.0  1.28552e-11
      24030.0  1.30128e-11
      24040.0  1.31748e-11
      24050.0  1.33397e-11
      24060.0  1.35061e-11
      24070.0  1.36727e-11
      24080.0  1.38382e-11
      24090.0  1.40018e-11
      24100.0  1.41624e-11
      24110.0  1.43193e-11
      24120.0  1.44720e-11
      24130.0  1.46199e-11
      24140.0  1.47628e-11
      24150.0  1.49006e-11
      24160.0  1.50332e-11
      24170.0  1.51605e-11
      24180.0  1.52829e-11
      24190.0  1.54003e-11
      24200.0  1.55131e-11
      24210.0  1.56214e-11
      24220.0  1.57256e-11
      24230.0  1.58258e-11
      24240.0  1.59224e-11
      24250.0  1.60155e-11
      24260.0  1.61054e-11
      24270.0  1.61921e-11
      24280.0  1.62759e-11
      24290.0  1.63568e-11
      24300.0  1.64349e-11
      24310.0  1.65103e-11
      24320.0  1.65830e-11
      24330.0  1.66529e-11
      24340.0  1.67200e-11
      24350.0  1.67843e-11
      24360.0  1.68457e-11
      24370.0  1.69040e-11
      24380.0  1.69593e-11
      24390.0  1.70113e-11
      24400.0  1.70601e-11
      24410.0  1.71053e-11
      24420.0  1.71470e-11
      24430.0  1.71850e-11
      24440.0  1.72192e-11
      24450.0  1.72495e-11
      24460.0  1.72758e-11
      24470.0  1.72981e-11
      24480.0  1.73163e-11
      24490.0  1.73304e-11
      24500.0  1.73405e-11
      24510.0  1.73465e-11
      24520.0  1.73486e-11
      24530.0  1.73470e-11
      24540.0  1.73418e-11
      24550.0  1.73332e-11
      24560.0  1.73215e-11
      24570.0  1.73070e-11
      24580.0  1.72901e-11
      24590.0  1.72710e-11
      24600.0  1.72502e-11
      24610.0  1.72281e-11
      24620.0  1.72051e-11
      24630.0  1.71815e-11
      24640.0  1.71578e-11
      24650.0  1.71344e-11
      24660.0  1.71116e-11
      24670.0  1.70897e-11
      24680.0  1.70690e-11
      24690.0  1.70498e-11
      24700.0  1.70324e-11
      24710.0  1.70167e-11
      24720.0  1.70031e-11
      24730.0  1.69915e-11
      24740.0  1.69820e-11
      24750.0  1.69746e-11
      24760.0  1.69692e-11
      24770.0  1.69657e-11
      24780.0  1.69640e-11
      24790.0  1.69639e-11
      24800.0  1.69653e-11
      24810.0  1.69680e-11
      24820.0  1.69718e-11
      24830.0  1.69765e-11
      24840.0  1.69819e-11
      24850.0  1.69877e-11
      24860.0  1.69939e-11
      24870.0  1.70002e-11
      24880.0  1.70065e-11
      24890.0  1.70127e-11
      24900.0  1.70187e-11
      24910.0  1.70245e-11
      24920.0  1.70298e-11
      24930.0  1.70349e-11
      24940.0  1.70395e-11
      24950.0  1.70438e-11
      24960.0  1.70476e-11
      24970.0  1.70511e-11
      24980.0  1.70543e-11
      24990.0  1.70571e-11
      25000.0  1.70596e-11
