      1000.00  1.72267e-13
      1010.00  2.08724e-13
      1020.00  2.53717e-13
      1030.00  3.08972e-13
      1040.00  3.76633e-13
      1050.00  4.59151e-13
      1060.00  5.59259e-13
      1070.00  6.79928e-13
      1080.00  8.24283e-13
      1090.00  9.95493e-13
      1100.00  1.19663e-12
      1110.00  1.43053e-12
      1120.00  1.69960e-12
      1130.00  2.00568e-12
      1140.00  2.34994e-12
      1150.00  2.73275e-12
      1160.00  3.15359e-12
      1170.00  3.61109e-12
      1180.00  4.10294e-12
      1190.00  4.62597e-12
      1200.00  5.17620e-12
      1210.00  5.74889e-12
      1220.00  6.33869e-12
      1230.00  6.93972e-12
      1240.00  7.54576e-12
      1250.00  8.15040e-12
      1260.00  8.74718e-12
      1270.00  9.32984e-12
      1280.00  9.89242e-12
      1290.00  1.04294e-11
      1300.00  1.09360e-11
      1310.00  1.14080e-11
      1320.00  1.18420e-11
      1330.00  1.22356e-11
      1340.00  1.25870e-11
      1350.00  1.28957e-11
      1360.00  1.31615e-11
      1370.00  1.33855e-11
      1380.00  1.35693e-11
      1390.00  1.37151e-11
      1400.00  1.38260e-11
      1410.00  1.39052e-11
      1420.00  1.39566e-11
      1430.00  1.39843e-11
      1440.00  1.39925e-11
      1450.00  1.39855e-11
      1460.00  1.39677e-11
      1470.00  1.39432e-11
      1480.00  1.39162e-11
      1490.00  1.38903e-11
      1500.00  1.38690e-11
      1510.00  1.38554e-11
      1520.00  1.38523e-11
      1530.00  1.38618e-11
      1540.00  1.38861e-11
      1550.00  1.39266e-11
      1560.00  1.39847e-11
      1570.00  1.40614e-11
      1580.00  1.41574e-11
      1590.00  1.42733e-11
      1600.00  1.44094e-11
      1610.00  1.45661e-11
      1620.00  1.47434e-11
      1630.00  1.49415e-11
      1640.00  1.51605e-11
      1650.00  1.54001e-11
      1660.00  1.56605e-11
      1670.00  1.59413e-11
      1680.00  1.62423e-11
      1690.00  1.65630e-11
      1700.00  1.69027e-11
      1710.00  1.72601e-11
      1720.00  1.76337e-11
      1730.00  1.80209e-11
      1740.00  1.84182e-11
      1750.00  1.88213e-11
      1760.00  1.92241e-11
      1770.00  1.96194e-11
      1780.00  1.99989e-11
      1790.00  2.03531e-11
      1800.00  2.06726e-11
      1810.00  2.09485e-11
      1820.00  2.11736e-11
      1830.00  2.13438e-11
      1840.00  2.14593e-11
      1850.00  2.15250e-11
      1860.00  2.15515e-11
      1870.00  2.15547e-11
      1880.00  2.15546e-11
      1890.00  2.15741e-11
      1900.00  2.16368e-11
      1910.00  2.17648e-11
      1920.00  2.19764e-11
      1930.00  2.22849e-11
      1940.00  2.26970e-11
      1950.00  2.32130e-11
      1960.00  2.38272e-11
      1970.00  2.45287e-11
      1980.00  2.53031e-11
      1990.00  2.61339e-11
      2000.00  2.70031e-11
      2010.00  2.78929e-11
      2020.00  2.87856e-11
      2030.00  2.96637e-11
      2040.00  3.05099e-11
      2050.00  3.13068e-11
      2060.00  3.20367e-11
      2070.00  3.26818e-11
      2080.00  3.32245e-11
      2090.00  3.36483e-11
      2100.00  3.39389e-11
      2110.00  3.40856e-11
      2120.00  3.40824e-11
      2130.00  3.39298e-11
      2140.00  3.36353e-11
      2150.00  3.32142e-11
      2160.00  3.26894e-11
      2170.00  3.20905e-11
      2180.00  3.14527e-11
      2190.00  3.08144e-11
      2200.00  3.02150e-11
      2210.00  2.96923e-11
      2220.00  2.92798e-11
      2230.00  2.90044e-11
      2240.00  2.88849e-11
      2250.00  2.89307e-11
      2260.00  2.91416e-11
      2270.00  2.95078e-11
      2280.00  3.00110e-11
      2290.00  3.06259e-11
      2300.00  3.13217e-11
      2310.00  3.20639e-11
      2320.00  3.28170e-11
      2330.00  3.35460e-11
      2340.00  3.42190e-11
      2350.00  3.48092e-11
      2360.00  3.52972e-11
      2370.00  3.56722e-11
      2380.00  3.59338e-11
      2390.00  3.60926e-11
      2400.00  3.61698e-11
      2410.00  3.61960e-11
      2420.00  3.62085e-11
      2430.00  3.62478e-11
      2440.00  3.63527e-11
      2450.00  3.65554e-11
      2460.00  3.68768e-11
      2470.00  3.73221e-11
      2480.00  3.78789e-11
      2490.00  3.85174e-11
      2500.00  3.91924e-11
      2510.00  3.98493e-11
      2520.00  4.04296e-11
      2530.00  4.08794e-11
      2540.00  4.11558e-11
      2550.00  4.12328e-11
      2560.00  4.11036e-11
      2570.00  4.07812e-11
      2580.00  4.02950e-11
      2590.00  3.96867e-11
      2600.00  3.90037e-11
      2610.00  3.82944e-11
      2620.00  3.76025e-11
      2630.00  3.69643e-11
      2640.00  3.64069e-11
      2650.00  3.59557e-11
      2660.00  3.60379e-11
      2670.00  4.06584e-11
      2680.00  5.38994e-11
      2690.00  6.65769e-11
      2700.00  7.11289e-11
      2710.00  7.13120e-11
      2720.00  7.52931e-11
      2730.00  8.11451e-11
      2740.00  8.76638e-11
      2750.00  9.43506e-11
      2760.00  9.72354e-11
      2770.00  9.83123e-11
      2780.00  9.89623e-11
      2790.00  9.73839e-11
      2800.00  9.83226e-11
      2810.00  1.03113e-10
      2820.00  1.05221e-10
      2830.00  1.02509e-10
      2840.00  1.00142e-10
      2850.00  1.06639e-10
      2860.00  1.27101e-10
      2870.00  1.54187e-10
      2880.00  1.74457e-10
      2890.00  1.82328e-10
      2900.00  1.88509e-10
      2910.00  2.01844e-10
      2920.00  2.14429e-10
      2930.00  2.15735e-10
      2940.00  2.06172e-10
      2950.00  1.94856e-10
      2960.00  1.90267e-10
      2970.00  1.92370e-10
      2980.00  1.96977e-10
      2990.00  1.96301e-10
      3000.00  1.81907e-10
      3010.00  1.61640e-10
      3020.00  1.47019e-10
      3030.00  1.37283e-10
      3040.00  1.32887e-10
      3050.00  1.41115e-10
      3060.00  1.59847e-10
      3070.00  1.71976e-10
      3080.00  1.73977e-10
      3090.00  1.75316e-10
      3100.00  1.78533e-10
      3110.00  1.83785e-10
      3120.00  1.92007e-10
      3130.00  2.02521e-10
      3140.00  2.12093e-10
      3150.00  2.17198e-10
      3160.00  2.16962e-10
      3170.00  2.10374e-10
      3180.00  1.98738e-10
      3190.00  1.92768e-10
      3200.00  2.01596e-10
      3210.00  2.17229e-10
      3220.00  2.21757e-10
      3230.00  2.08622e-10
      3240.00  1.91270e-10
      3250.00  1.83612e-10
      3260.00  1.87510e-10
      3270.00  1.95225e-10
      3280.00  1.96241e-10
      3290.00  1.88484e-10
      3300.00  1.83275e-10
      3310.00  1.90385e-10
      3320.00  2.01335e-10
      3330.00  2.09138e-10
      3340.00  2.16522e-10
      3350.00  2.25105e-10
      3360.00  2.32594e-10
      3370.00  2.40186e-10
      3380.00  2.51490e-10
      3390.00  2.63863e-10
      3400.00  2.73253e-10
      3410.00  2.80406e-10
      3420.00  2.86500e-10
      3430.00  2.89637e-10
      3440.00  2.89612e-10
      3450.00  2.91480e-10
      3460.00  3.00406e-10
      3470.00  3.16485e-10
      3480.00  3.37687e-10
      3490.00  3.63303e-10
      3500.00  3.90370e-10
      3510.00  4.18029e-10
      3520.00  4.47909e-10
      3530.00  4.76129e-10
      3540.00  4.97031e-10
      3550.00  5.10525e-10
      3560.00  5.19111e-10
      3570.00  5.24369e-10
      3580.00  5.28113e-10
      3590.00  5.32804e-10
      3600.00  5.39692e-10
      3610.00  5.48618e-10
      3620.00  5.60797e-10
      3630.00  5.78621e-10
      3640.00  6.02642e-10
      3650.00  6.30684e-10
      3660.00  6.57701e-10
      3670.00  6.75926e-10
      3680.00  6.77612e-10
      3690.00  6.59909e-10
      3700.00  6.27174e-10
      3710.00  5.87992e-10
      3720.00  5.50041e-10
      3730.00  5.16318e-10
      3740.00  4.85118e-10
      3750.00  4.54458e-10
      3760.00  4.25940e-10
      3770.00  4.03856e-10
      3780.00  3.92708e-10
      3790.00  3.96770e-10
      3800.00  4.19901e-10
      3810.00  4.64218e-10
      3820.00  5.29068e-10
      3830.00  6.11027e-10
      3840.00  7.04832e-10
      3850.00  8.05048e-10
      3860.00  9.06849e-10
      3870.00  1.00536e-09
      3880.00  1.09593e-09
      3890.00  1.17596e-09
      3900.00  1.24540e-09
      3910.00  1.30562e-09
      3920.00  1.35849e-09
      3930.00  1.40573e-09
      3940.00  1.44530e-09
      3950.00  1.46894e-09
      3960.00  1.46696e-09
      3970.00  1.43612e-09
      3980.00  1.38140e-09
      3990.00  1.31239e-09
      4000.00  1.23999e-09
      4010.00  1.17435e-09
      4020.00  1.12230e-09
      4030.00  1.08513e-09
      4040.00  1.05883e-09
      4050.00  1.03741e-09
      4060.00  1.01644e-09
      4070.00  9.94430e-10
      4080.00  9.72135e-10
      4090.00  9.51328e-10
      4100.00  9.33614e-10
      4110.00  9.20111e-10
      4120.00  9.11804e-10
      4130.00  9.09671e-10
      4140.00  9.14251e-10
      4150.00  9.25130e-10
      4160.00  9.40719e-10
      4170.00  9.58195e-10
      4180.00  9.74055e-10
      4190.00  9.85575e-10
      4200.00  9.91792e-10
      4210.00  9.93057e-10
      4220.00  9.90573e-10
      4230.00  9.86711e-10
      4240.00  9.84780e-10
      4250.00  9.87552e-10
      4260.00  9.95858e-10
      4270.00  1.00840e-09
      4280.00  1.02227e-09
      4290.00  1.03342e-09
      4300.00  1.03718e-09
      4310.00  1.02930e-09
      4320.00  1.00715e-09
      4330.00  9.70728e-10
      4340.00  9.22841e-10
      4350.00  8.68095e-10
      4360.00  8.11595e-10
      4370.00  7.58096e-10
      4380.00  7.11445e-10
      4390.00  6.74059e-10
      4400.00  6.46899e-10
      4410.00  6.30123e-10
      4420.00  6.23755e-10
      4430.00  6.27697e-10
      4440.00  6.41329e-10
      4450.00  6.63601e-10
      4460.00  6.93925e-10
      4470.00  7.32984e-10
      4480.00  7.82707e-10
      4490.00  8.45614e-10
      4500.00  9.23989e-10
      4510.00  1.01894e-09
      4520.00  1.12939e-09
      4530.00  1.25148e-09
      4540.00  1.37876e-09
      4550.00  1.50339e-09
      4560.00  1.61813e-09
      4570.00  1.71843e-09
      4580.00  1.80314e-09
      4590.00  1.87235e-09
      4600.00  1.92369e-09
      4610.00  1.95046e-09
      4620.00  1.94363e-09
      4630.00  1.89591e-09
      4640.00  1.80541e-09
      4650.00  1.67817e-09
      4660.00  1.52925e-09
      4670.00  1.37790e-09
      4680.00  1.23890e-09
      4690.00  1.11937e-09
      4700.00  1.02150e-09
      4710.00  9.45656e-10
      4720.00  8.91718e-10
      4730.00  8.59246e-10
      4740.00  8.47041e-10
      4750.00  8.52849e-10
      4760.00  8.73236e-10
      4770.00  9.03495e-10
      4780.00  9.37930e-10
      4790.00  9.70892e-10
      4800.00  9.98284e-10
      4810.00  1.01871e-09
      4820.00  1.03380e-09
      4830.00  1.04775e-09
      4840.00  1.06629e-09
      4850.00  1.09502e-09
      4860.00  1.13752e-09
      4870.00  1.19403e-09
      4880.00  1.26122e-09
      4890.00  1.33268e-09
      4900.00  1.39965e-09
      4910.00  1.45212e-09
      4920.00  1.48114e-09
      4930.00  1.48158e-09
      4940.00  1.45368e-09
      4950.00  1.40250e-09
      4960.00  1.33593e-09
      4970.00  1.26243e-09
      4980.00  1.18934e-09
      4990.00  1.12174e-09
      5000.00  1.06216e-09
      5010.00  1.01124e-09
      5020.00  9.68579e-10
      5030.00  9.33374e-10
      5040.00  9.04513e-10
      5050.00  8.80717e-10
      5060.00  8.60817e-10
      5070.00  8.44083e-10
      5080.00  8.30509e-10
      5090.00  8.20878e-10
      5100.00  8.16500e-10
      5110.00  8.18664e-10
      5120.00  8.28206e-10
      5130.00  8.45504e-10
      5140.00  8.70817e-10
      5150.00  9.04583e-10
      5160.00  9.47402e-10
      5170.00  9.99724e-10
      5180.00  1.06135e-09
      5190.00  1.13097e-09
      5200.00  1.20598e-09
      5210.00  1.28291e-09
      5220.00  1.35853e-09
      5230.00  1.43078e-09
      5240.00  1.49874e-09
      5250.00  1.56156e-09
      5260.00  1.61733e-09
      5270.00  1.66299e-09
      5280.00  1.69543e-09
      5290.00  1.71296e-09
      5300.00  1.71644e-09
      5310.00  1.70940e-09
      5320.00  1.69750e-09
      5330.00  1.68729e-09
      5340.00  1.68493e-09
      5350.00  1.69492e-09
      5360.00  1.71912e-09
      5370.00  1.75629e-09
      5380.00  1.80256e-09
      5390.00  1.85268e-09
      5400.00  1.90157e-09
      5410.00  1.94558e-09
      5420.00  1.98259e-09
      5430.00  2.01162e-09
      5440.00  2.03232e-09
      5450.00  2.04485e-09
      5460.00  2.04989e-09
      5470.00  2.04862e-09
      5480.00  2.04264e-09
      5490.00  2.03363e-09
      5500.00  2.02230e-09
      5510.00  2.00754e-09
      5520.00  1.98739e-09
      5530.00  1.96116e-09
      5540.00  1.92933e-09
      5550.00  1.89190e-09
      5560.00  1.84813e-09
      5570.00  1.79791e-09
      5580.00  1.74244e-09
      5590.00  1.68342e-09
      5600.00  1.62233e-09
      5610.00  1.56018e-09
      5620.00  1.49778e-09
      5630.00  1.43605e-09
      5640.00  1.37609e-09
      5650.00  1.31914e-09
      5660.00  1.26656e-09
      5670.00  1.21992e-09
      5680.00  1.18118e-09
      5690.00  1.15260e-09
      5700.00  1.13631e-09
      5710.00  1.13370e-09
      5720.00  1.14492e-09
      5730.00  1.16870e-09
      5740.00  1.20275e-09
      5750.00  1.24459e-09
      5760.00  1.29221e-09
      5770.00  1.34440e-09
      5780.00  1.40037e-09
      5790.00  1.45907e-09
      5800.00  1.51852e-09
      5810.00  1.57581e-09
      5820.00  1.62750e-09
      5830.00  1.67028e-09
      5840.00  1.70145e-09
      5850.00  1.71910e-09
      5860.00  1.72225e-09
      5870.00  1.71106e-09
      5880.00  1.68675e-09
      5890.00  1.65115e-09
      5900.00  1.60596e-09
      5910.00  1.55252e-09
      5920.00  1.49249e-09
      5930.00  1.42865e-09
      5940.00  1.36505e-09
      5950.00  1.30609e-09
      5960.00  1.25503e-09
      5970.00  1.21297e-09
      5980.00  1.17880e-09
      5990.00  1.15007e-09
      6000.00  1.12435e-09
      6010.00  1.10030e-09
      6020.00  1.07816e-09
      6030.00  1.05919e-09
      6040.00  1.04458e-09
      6050.00  1.03427e-09
      6060.00  1.02637e-09
      6070.00  1.01761e-09
      6080.00  1.00445e-09
      6090.00  9.84505e-10
      6100.00  9.57422e-10
      6110.00  9.25145e-10
      6120.00  8.91367e-10
      6130.00  8.60556e-10
      6140.00  8.36816e-10
      6150.00  8.22892e-10
      6160.00  8.19548e-10
      6170.00  8.25517e-10
      6180.00  8.38049e-10
      6190.00  8.53851e-10
      6200.00  8.70102e-10
      6210.00  8.85184e-10
      6220.00  8.98961e-10
      6230.00  9.12566e-10
      6240.00  9.27834e-10
      6250.00  9.46593e-10
      6260.00  9.70126e-10
      6270.00  9.98955e-10
      6280.00  1.03295e-09
      6290.00  1.07152e-09
      6300.00  1.11365e-09
      6310.00  1.15790e-09
      6320.00  1.20257e-09
      6330.00  1.24614e-09
      6340.00  1.28748e-09
      6350.00  1.32591e-09
      6360.00  1.36111e-09
      6370.00  1.39296e-09
      6380.00  1.42147e-09
      6390.00  1.44667e-09
      6400.00  1.46865e-09
      6410.00  1.48753e-09
      6420.00  1.50353e-09
      6430.00  1.51689e-09
      6440.00  1.52781e-09
      6450.00  1.53645e-09
      6460.00  1.54290e-09
      6470.00  1.54721e-09
      6480.00  1.54930e-09
      6490.00  1.54889e-09
      6500.00  1.54544e-09
      6510.00  1.53825e-09
      6520.00  1.52666e-09
      6530.00  1.51024e-09
      6540.00  1.48887e-09
      6550.00  1.46278e-09
      6560.00  1.43239e-09
      6570.00  1.39826e-09
      6580.00  1.36100e-09
      6590.00  1.32126e-09
      6600.00  1.27968e-09
      6610.00  1.23690e-09
      6620.00  1.19351e-09
      6630.00  1.15006e-09
      6640.00  1.10701e-09
      6650.00  1.06478e-09
      6660.00  1.02374e-09
      6670.00  9.84188e-10
      6680.00  9.46412e-10
      6690.00  9.10697e-10
      6700.00  8.77332e-10
      6710.00  8.46570e-10
      6720.00  8.18555e-10
      6730.00  7.93262e-10
      6740.00  7.70501e-10
      6750.00  7.50018e-10
      6760.00  7.31627e-10
      6770.00  7.15318e-10
      6780.00  7.01256e-10
      6790.00  6.89681e-10
      6800.00  6.80743e-10
      6810.00  6.74363e-10
      6820.00  6.70192e-10
      6830.00  6.67676e-10
      6840.00  6.66189e-10
      6850.00  6.65155e-10
      6860.00  6.64117e-10
      6870.00  6.62753e-10
      6880.00  6.60863e-10
      6890.00  6.58338e-10
      6900.00  6.55138e-10
      6910.00  6.51267e-10
      6920.00  6.46750e-10
      6930.00  6.41637e-10
      6940.00  6.36010e-10
      6950.00  6.30011e-10
      6960.00  6.23845e-10
      6970.00  6.17767e-10
      6980.00  6.12017e-10
      6990.00  6.06753e-10
      7000.00  6.02019e-10
      7010.00  5.97773e-10
      7020.00  5.93963e-10
      7030.00  5.90619e-10
      7040.00  5.87917e-10
      7050.00  5.86176e-10
      7060.00  5.85794e-10
      7070.00  5.87131e-10
      7080.00  5.90373e-10
      7090.00  5.95424e-10
      7100.00  6.01877e-10
      7110.00  6.09077e-10
      7120.00  6.16277e-10
      7130.00  6.22816e-10
      7140.00  6.28266e-10
      7150.00  6.32495e-10
      7160.00  6.35643e-10
      7170.00  6.38049e-10
      7180.00  6.40161e-10
      7190.00  6.42424e-10
      7200.00  6.45170e-10
      7210.00  6.48553e-10
      7220.00  6.52584e-10
      7230.00  6.57213e-10
      7240.00  6.62379e-10
      7250.00  6.68003e-10
      7260.00  6.73953e-10
      7270.00  6.80053e-10
      7280.00  6.86122e-10
      7290.00  6.92009e-10
      7300.00  6.97599e-10
      7310.00  7.02802e-10
      7320.00  7.07523e-10
      7330.00  7.11643e-10
      7340.00  7.15012e-10
      7350.00  7.17462e-10
      7360.00  7.18816e-10
      7370.00  7.18904e-10
      7380.00  7.17568e-10
      7390.00  7.14672e-10
      7400.00  7.10123e-10
      7410.00  7.03901e-10
      7420.00  6.96091e-10
      7430.00  6.86900e-10
      7440.00  6.76658e-10
      7450.00  6.65794e-10
      7460.00  6.54804e-10
      7470.00  6.44216e-10
      7480.00  6.34578e-10
      7490.00  6.26425e-10
      7500.00  6.20242e-10
      7510.00  6.16381e-10
      7520.00  6.14984e-10
      7530.00  6.15956e-10
      7540.00  6.19020e-10
      7550.00  6.23819e-10
      7560.00  6.29993e-10
      7570.00  6.37181e-10
      7580.00  6.44973e-10
      7590.00  6.52902e-10
      7600.00  6.60485e-10
      7610.00  6.67301e-10
      7620.00  6.73031e-10
      7630.00  6.77469e-10
      7640.00  6.80514e-10
      7650.00  6.82150e-10
      7660.00  6.82446e-10
      7670.00  6.81549e-10
      7680.00  6.79670e-10
      7690.00  6.77069e-10
      7700.00  6.74014e-10
      7710.00  6.70751e-10
      7720.00  6.67462e-10
      7730.00  6.64258e-10
      7740.00  6.61193e-10
      7750.00  6.58290e-10
      7760.00  6.55560e-10
      7770.00  6.53028e-10
      7780.00  6.50730e-10
      7790.00  6.48697e-10
      7800.00  6.46923e-10
      7810.00  6.45324e-10
      7820.00  6.43730e-10
      7830.00  6.41891e-10
      7840.00  6.39516e-10
      7850.00  6.36320e-10
      7860.00  6.32052e-10
      7870.00  6.26521e-10
      7880.00  6.19604e-10
      7890.00  6.11251e-10
      7900.00  6.01492e-10
      7910.00  5.90442e-10
      7920.00  5.78292e-10
      7930.00  5.65277e-10
      7940.00  5.51632e-10
      7950.00  5.37549e-10
      7960.00  5.23165e-10
      7970.00  5.08586e-10
      7980.00  4.93926e-10
      7990.00  4.79321e-10
      8000.00  4.64895e-10
      8010.00  4.50740e-10
      8020.00  4.36881e-10
      8030.00  4.23268e-10
      8040.00  4.09796e-10
      8050.00  3.96307e-10
      8060.00  3.82605e-10
      8070.00  3.68475e-10
      8080.00  3.53730e-10
      8090.00  3.38260e-10
      8100.00  3.22076e-10
      8110.00  3.05315e-10
      8120.00  2.88231e-10
      8130.00  2.71154e-10
      8140.00  2.54455e-10
      8150.00  2.38518e-10
      8160.00  2.23721e-10
      8170.00  2.10429e-10
      8180.00  1.98980e-10
      8190.00  1.89662e-10
      8200.00  1.82688e-10
      8210.00  1.78159e-10
      8220.00  1.76040e-10
      8230.00  1.76161e-10
      8240.00  1.78242e-10
      8250.00  1.81947e-10
      8260.00  1.86940e-10
      8270.00  1.92934e-10
      8280.00  1.99723e-10
      8290.00  2.07186e-10
      8300.00  2.15290e-10
      8310.00  2.24077e-10
      8320.00  2.33663e-10
      8330.00  2.44229e-10
      8340.00  2.56018e-10
      8350.00  2.69312e-10
      8360.00  2.84416e-10
      8370.00  3.01614e-10
      8380.00  3.21115e-10
      8390.00  3.43002e-10
      8400.00  3.67172e-10
      8410.00  3.93308e-10
      8420.00  4.20923e-10
      8430.00  4.49446e-10
      8440.00  4.78320e-10
      8450.00  5.07097e-10
      8460.00  5.35487e-10
      8470.00  5.63348e-10
      8480.00  5.90629e-10
      8490.00  6.17310e-10
      8500.00  6.43352e-10
      8510.00  6.68689e-10
      8520.00  6.93247e-10
      8530.00  7.16974e-10
      8540.00  7.39851e-10
      8550.00  7.61890e-10
      8560.00  7.83117e-10
      8570.00  8.03559e-10
      8580.00  8.23242e-10
      8590.00  8.42195e-10
      8600.00  8.60460e-10
      8610.00  8.78088e-10
      8620.00  8.95121e-10
      8630.00  9.11576e-10
      8640.00  9.27420e-10
      8650.00  9.42571e-10
      8660.00  9.56898e-10
      8670.00  9.70239e-10
      8680.00  9.82408e-10
      8690.00  9.93205e-10
      8700.00  1.00243e-09
      8710.00  1.00990e-09
      8720.00  1.01550e-09
      8730.00  1.01911e-09
      8740.00  1.02067e-09
      8750.00  1.02017e-09
      8760.00  1.01763e-09
      8770.00  1.01314e-09
      8780.00  1.00680e-09
      8790.00  9.98740e-10
      8800.00  9.89063e-10
      8810.00  9.77872e-10
      8820.00  9.65265e-10
      8830.00  9.51359e-10
      8840.00  9.36312e-10
      8850.00  9.20329e-10
      8860.00  9.03657e-10
      8870.00  8.86559e-10
      8880.00  8.69288e-10
      8890.00  8.52057e-10
      8900.00  8.35028e-10
      8910.00  8.18304e-10
      8920.00  8.01954e-10
      8930.00  7.85978e-10
      8940.00  7.70359e-10
      8950.00  7.55087e-10
      8960.00  7.40163e-10
      8970.00  7.25619e-10
      8980.00  7.11514e-10
      8990.00  6.97935e-10
      9000.00  6.84979e-10
      9010.00  6.72734e-10
      9020.00  6.61262e-10
      9030.00  6.50587e-10
      9040.00  6.40689e-10
      9050.00  6.31496e-10
      9060.00  6.22896e-10
      9070.00  6.14734e-10
      9080.00  6.06821e-10
      9090.00  5.98944e-10
      9100.00  5.90882e-10
      9110.00  5.82432e-10
      9120.00  5.73439e-10
      9130.00  5.63823e-10
      9140.00  5.53604e-10
      9150.00  5.42921e-10
      9160.00  5.32029e-10
      9170.00  5.21276e-10
      9180.00  5.11056e-10
      9190.00  5.01730e-10
      9200.00  4.93546e-10
      9210.00  4.86570e-10
      9220.00  4.80662e-10
      9230.00  4.75503e-10
      9240.00  4.70677e-10
      9250.00  4.65761e-10
      9260.00  4.60412e-10
      9270.00  4.54439e-10
      9280.00  4.47870e-10
      9290.00  4.40968e-10
      9300.00  4.34175e-10
      9310.00  4.27966e-10
      9320.00  4.22676e-10
      9330.00  4.18408e-10
      9340.00  4.15040e-10
      9350.00  4.12323e-10
      9360.00  4.09995e-10
      9370.00  4.07854e-10
      9380.00  4.05770e-10
      9390.00  4.03681e-10
      9400.00  4.01561e-10
      9410.00  3.99406e-10
      9420.00  3.97220e-10
      9430.00  3.95012e-10
      9440.00  3.92792e-10
      9450.00  3.90572e-10
      9460.00  3.88366e-10
      9470.00  3.86187e-10
      9480.00  3.84051e-10
      9490.00  3.81972e-10
      9500.00  3.79967e-10
      9510.00  3.78050e-10
      9520.00  3.76238e-10
      9530.00  3.74545e-10
      9540.00  3.72987e-10
      9550.00  3.71576e-10
      9560.00  3.70327e-10
      9570.00  3.69249e-10
      9580.00  3.68352e-10
      9590.00  3.67645e-10
      9600.00  3.67131e-10
      9610.00  3.66814e-10
      9620.00  3.66692e-10
      9630.00  3.66763e-10
      9640.00  3.67020e-10
      9650.00  3.67454e-10
      9660.00  3.67582e-10
      9670.00  3.67565e-10
      9680.00  3.67606e-10
      9690.00  3.67684e-10
      9700.00  3.67778e-10
      9710.00  3.67865e-10
      9720.00  3.67923e-10
      9730.00  3.67931e-10
      9740.00  3.67870e-10
      9750.00  3.67721e-10
      9760.00  3.67471e-10
      9770.00  3.67106e-10
      9780.00  3.66619e-10
      9790.00  3.66004e-10
      9800.00  3.65259e-10
      9810.00  3.64388e-10
      9820.00  3.63398e-10
      9830.00  3.62297e-10
      9840.00  3.61100e-10
      9850.00  3.59822e-10
      9860.00  3.58483e-10
      9870.00  3.57100e-10
      9880.00  3.55694e-10
      9890.00  3.54282e-10
      9900.00  3.52882e-10
      9910.00  3.51506e-10
      9920.00  3.50164e-10
      9930.00  3.48863e-10
      9940.00  3.47602e-10
      9950.00  3.46378e-10
      9960.00  3.45182e-10
      9970.00  3.44001e-10
      9980.00  3.42819e-10
      9990.00  3.41619e-10
      10000.0  3.40381e-10
      10010.0  3.39086e-10
      10020.0  3.37717e-10
      10030.0  3.36258e-10
      10040.0  3.34698e-10
      10050.0  3.33031e-10
      10060.0  3.31252e-10
      10070.0  3.29363e-10
      10080.0  3.27373e-10
      10090.0  3.25293e-10
      10100.0  3.23138e-10
      10110.0  3.20929e-10
      10120.0  3.18691e-10
      10130.0  3.16448e-10
      10140.0  3.14232e-10
      10150.0  3.12072e-10
      10160.0  3.10000e-10
      10170.0  3.08050e-10
      10180.0  3.06253e-10
      10190.0  3.04639e-10
      10200.0  3.03239e-10
      10210.0  3.02078e-10
      10220.0  3.01179e-10
      10230.0  3.00560e-10
      10240.0  3.00234e-10
      10250.0  3.00207e-10
      10260.0  3.00481e-10
      10270.0  3.01048e-10
      10280.0  3.01894e-10
      10290.0  3.03000e-10
      10300.0  3.04338e-10
      10310.0  3.05873e-10
      10320.0  3.07566e-10
      10330.0  3.09372e-10
      10340.0  3.11240e-10
      10350.0  3.13119e-10
      10360.0  3.14955e-10
      10370.0  3.16691e-10
      10380.0  3.18274e-10
      10390.0  3.19652e-10
      10400.0  3.20777e-10
      10410.0  3.21607e-10
      10420.0  3.22105e-10
      10430.0  3.22244e-10
      10440.0  3.22005e-10
      10450.0  3.21378e-10
      10460.0  3.20363e-10
      10470.0  3.18971e-10
      10480.0  3.17219e-10
      10490.0  3.15133e-10
      10500.0  3.12746e-10
      10510.0  3.10094e-10
      10520.0  3.07218e-10
      10530.0  3.04158e-10
      10540.0  3.00954e-10
      10550.0  2.97645e-10
      10560.0  2.94265e-10
      10570.0  2.90845e-10
      10580.0  2.87410e-10
      10590.0  2.83981e-10
      10600.0  2.80573e-10
      10610.0  2.77199e-10
      10620.0  2.73864e-10
      10630.0  2.70574e-10
      10640.0  2.67330e-10
      10650.0  2.64133e-10
      10660.0  2.60983e-10
      10670.0  2.57878e-10
      10680.0  2.54820e-10
      10690.0  2.51808e-10
      10700.0  2.48844e-10
      10710.0  2.45928e-10
      10720.0  2.43064e-10
      10730.0  2.40255e-10
      10740.0  2.37504e-10
      10750.0  2.34813e-10
      10760.0  2.32186e-10
      10770.0  2.29625e-10
      10780.0  2.27132e-10
      10790.0  2.24707e-10
      10800.0  2.22351e-10
      10810.0  2.20062e-10
      10820.0  2.17838e-10
      10830.0  2.15676e-10
      10840.0  2.13572e-10
      10850.0  2.11521e-10
      10860.0  2.09517e-10
      10870.0  2.07556e-10
      10880.0  2.05629e-10
      10890.0  2.03732e-10
      10900.0  2.01858e-10
      10910.0  2.00000e-10
      10920.0  1.98154e-10
      10930.0  1.96315e-10
      10940.0  1.94479e-10
      10950.0  1.92642e-10
      10960.0  1.90804e-10
      10970.0  1.88963e-10
      10980.0  1.87120e-10
      10990.0  1.85276e-10
      11000.0  1.83433e-10
      11010.0  1.81595e-10
      11020.0  1.79765e-10
      11030.0  1.77946e-10
      11040.0  1.76144e-10
      11050.0  1.74360e-10
      11060.0  1.72600e-10
      11070.0  1.70864e-10
      11080.0  1.69154e-10
      11090.0  1.67472e-10
      11100.0  1.65816e-10
      11110.0  1.64186e-10
      11120.0  1.62579e-10
      11130.0  1.60993e-10
      11140.0  1.59424e-10
      11150.0  1.57870e-10
      11160.0  1.56326e-10
      11170.0  1.54790e-10
      11180.0  1.53259e-10
      11190.0  1.51731e-10
      11200.0  1.50205e-10
      11210.0  1.48679e-10
      11220.0  1.47155e-10
      11230.0  1.45632e-10
      11240.0  1.44113e-10
      11250.0  1.42601e-10
      11260.0  1.41096e-10
      11270.0  1.39604e-10
      11280.0  1.38127e-10
      11290.0  1.36669e-10
      11300.0  1.35233e-10
      11310.0  1.33822e-10
      11320.0  1.32439e-10
      11330.0  1.31087e-10
      11340.0  1.29768e-10
      11350.0  1.28482e-10
      11360.0  1.27232e-10
      11370.0  1.26016e-10
      11380.0  1.24835e-10
      11390.0  1.23689e-10
      11400.0  1.22574e-10
      11410.0  1.21490e-10
      11420.0  1.20434e-10
      11430.0  1.19403e-10
      11440.0  1.18394e-10
      11450.0  1.17404e-10
      11460.0  1.16427e-10
      11470.0  1.15462e-10
      11480.0  1.14504e-10
      11490.0  1.13549e-10
      11500.0  1.12592e-10
      11510.0  1.11632e-10
      11520.0  1.10663e-10
      11530.0  1.09683e-10
      11540.0  1.08688e-10
      11550.0  1.07675e-10
      11560.0  1.06643e-10
      11570.0  1.05590e-10
      11580.0  1.04512e-10
      11590.0  1.03411e-10
      11600.0  1.02283e-10
      11610.0  1.01130e-10
      11620.0  9.99518e-11
      11630.0  9.87482e-11
      11640.0  9.75206e-11
      11650.0  9.62704e-11
      11660.0  9.49997e-11
      11670.0  9.37108e-11
      11680.0  9.24064e-11
      11690.0  9.10895e-11
      11700.0  8.97635e-11
      11710.0  8.84320e-11
      11720.0  8.70988e-11
      11730.0  8.57678e-11
      11740.0  8.44430e-11
      11750.0  8.31284e-11
      11760.0  8.18279e-11
      11770.0  8.05453e-11
      11780.0  7.92839e-11
      11790.0  7.80472e-11
      11800.0  7.68380e-11
      11810.0  7.56588e-11
      11820.0  7.45118e-11
      11830.0  7.33986e-11
      11840.0  7.23205e-11
      11850.0  7.12781e-11
      11860.0  7.02720e-11
      11870.0  6.93018e-11
      11880.0  6.83672e-11
      11890.0  6.74673e-11
      11900.0  6.66010e-11
      11910.0  6.57669e-11
      11920.0  6.49635e-11
      11930.0  6.41891e-11
      11940.0  6.34420e-11
      11950.0  6.27204e-11
      11960.0  6.20226e-11
      11970.0  6.13470e-11
      11980.0  6.06920e-11
      11990.0  6.00563e-11
      12000.0  5.94385e-11
      12010.0  5.88376e-11
      12020.0  5.82526e-11
      12030.0  5.76828e-11
      12040.0  5.71274e-11
      12050.0  5.65860e-11
      12060.0  5.60581e-11
      12070.0  5.55436e-11
      12080.0  5.50422e-11
      12090.0  5.45538e-11
      12100.0  5.40783e-11
      12110.0  5.36159e-11
      12120.0  5.31666e-11
      12130.0  5.27307e-11
      12140.0  5.23084e-11
      12150.0  5.19003e-11
      12160.0  5.15068e-11
      12170.0  5.11286e-11
      12180.0  5.07667e-11
      12190.0  5.04219e-11
      12200.0  5.00954e-11
      12210.0  4.97887e-11
      12220.0  4.95032e-11
      12230.0  4.92405e-11
      12240.0  4.90026e-11
      12250.0  4.87912e-11
      12260.0  4.86084e-11
      12270.0  4.84561e-11
      12280.0  4.83363e-11
      12290.0  4.82509e-11
      12300.0  4.82014e-11
      12310.0  4.81896e-11
      12320.0  4.82166e-11
      12330.0  4.82834e-11
      12340.0  4.83906e-11
      12350.0  4.85385e-11
      12360.0  4.87268e-11
      12370.0  4.89550e-11
      12380.0  4.92220e-11
      12390.0  4.95264e-11
      12400.0  4.98664e-11
      12410.0  5.02397e-11
      12420.0  5.06438e-11
      12430.0  5.10757e-11
      12440.0  5.15323e-11
      12450.0  5.20103e-11
      12460.0  5.25062e-11
      12470.0  5.30163e-11
      12480.0  5.35369e-11
      12490.0  5.40643e-11
      12500.0  5.45948e-11
      12510.0  5.51248e-11
      12520.0  5.56508e-11
      12530.0  5.61694e-11
      12540.0  5.66773e-11
      12550.0  5.71717e-11
      12560.0  5.76497e-11
      12570.0  5.81088e-11
      12580.0  5.85467e-11
      12590.0  5.89614e-11
      12600.0  5.93512e-11
      12610.0  5.97146e-11
      12620.0  6.00505e-11
      12630.0  6.03578e-11
      12640.0  6.06358e-11
      12650.0  6.08842e-11
      12660.0  6.11027e-11
      12670.0  6.12911e-11
      12680.0  6.14497e-11
      12690.0  6.15786e-11
      12700.0  6.16783e-11
      12710.0  6.17492e-11
      12720.0  6.17919e-11
      12730.0  6.18071e-11
      12740.0  6.17954e-11
      12750.0  6.17577e-11
      12760.0  6.16946e-11
      12770.0  6.16071e-11
      12780.0  6.14960e-11
      12790.0  6.13623e-11
      12800.0  6.12069e-11
      12810.0  6.10309e-11
      12820.0  6.08353e-11
      12830.0  6.06213e-11
      12840.0  6.03900e-11
      12850.0  6.01427e-11
      12860.0  5.98806e-11
      12870.0  5.96049e-11
      12880.0  5.93169e-11
      12890.0  5.90180e-11
      12900.0  5.87092e-11
      12910.0  5.83917e-11
      12920.0  5.80667e-11
      12930.0  5.77350e-11
      12940.0  5.73975e-11
      12950.0  5.70549e-11
      12960.0  5.67077e-11
      12970.0  5.63564e-11
      12980.0  5.60012e-11
      12990.0  5.56421e-11
      13000.0  5.52790e-11
      13010.0  5.49120e-11
      13020.0  5.45405e-11
      13030.0  5.41645e-11
      13040.0  5.37833e-11
      13050.0  5.33969e-11
      13060.0  5.30047e-11
      13070.0  5.26066e-11
      13080.0  5.22025e-11
      13090.0  5.17924e-11
      13100.0  5.13765e-11
      13110.0  5.09553e-11
      13120.0  5.05293e-11
      13130.0  5.00995e-11
      13140.0  4.96670e-11
      13150.0  4.92332e-11
      13160.0  4.87995e-11
      13170.0  4.83679e-11
      13180.0  4.79403e-11
      13190.0  4.75189e-11
      13200.0  4.71061e-11
      13210.0  4.67043e-11
      13220.0  4.63161e-11
      13230.0  4.59441e-11
      13240.0  4.55908e-11
      13250.0  4.52589e-11
      13260.0  4.49509e-11
      13270.0  4.46691e-11
      13280.0  4.44157e-11
      13290.0  4.41927e-11
      13300.0  4.40018e-11
      13310.0  4.38443e-11
      13320.0  4.37212e-11
      13330.0  4.36331e-11
      13340.0  4.35799e-11
      13350.0  4.35613e-11
      13360.0  4.35761e-11
      13370.0  4.36228e-11
      13380.0  4.36992e-11
      13390.0  4.38025e-11
      13400.0  4.39294e-11
      13410.0  4.40761e-11
      13420.0  4.42383e-11
      13430.0  4.44114e-11
      13440.0  4.45903e-11
      13450.0  4.47701e-11
      13460.0  4.49455e-11
      13470.0  4.51112e-11
      13480.0  4.52624e-11
      13490.0  4.53941e-11
      13500.0  4.55022e-11
      13510.0  4.55826e-11
      13520.0  4.56321e-11
      13530.0  4.56479e-11
      13540.0  4.56279e-11
      13550.0  4.55709e-11
      13560.0  4.54761e-11
      13570.0  4.53437e-11
      13580.0  4.51743e-11
      13590.0  4.49693e-11
      13600.0  4.47305e-11
      13610.0  4.44603e-11
      13620.0  4.41615e-11
      13630.0  4.38371e-11
      13640.0  4.34905e-11
      13650.0  4.31252e-11
      13660.0  4.27447e-11
      13670.0  4.23525e-11
      13680.0  4.19523e-11
      13690.0  4.15473e-11
      13700.0  4.11408e-11
      13710.0  4.07358e-11
      13720.0  4.03349e-11
      13730.0  3.99407e-11
      13740.0  3.95553e-11
      13750.0  3.91806e-11
      13760.0  3.88181e-11
      13770.0  3.84691e-11
      13780.0  3.81346e-11
      13790.0  3.78151e-11
      13800.0  3.75111e-11
      13810.0  3.72227e-11
      13820.0  3.69499e-11
      13830.0  3.66924e-11
      13840.0  3.64497e-11
      13850.0  3.62213e-11
      13860.0  3.60065e-11
      13870.0  3.58046e-11
      13880.0  3.56147e-11
      13890.0  3.54360e-11
      13900.0  3.52677e-11
      13910.0  3.51091e-11
      13920.0  3.49595e-11
      13930.0  3.48181e-11
      13940.0  3.46844e-11
      13950.0  3.45578e-11
      13960.0  3.44379e-11
      13970.0  3.43244e-11
      13980.0  3.42170e-11
      13990.0  3.41154e-11
      14000.0  3.40193e-11
      14010.0  3.39288e-11
      14020.0  3.38435e-11
      14030.0  3.37635e-11
      14040.0  3.36885e-11
      14050.0  3.36184e-11
      14060.0  3.35530e-11
      14070.0  3.34921e-11
      14080.0  3.34355e-11
      14090.0  3.33827e-11
      14100.0  3.33336e-11
      14110.0  3.32877e-11
      14120.0  3.32447e-11
      14130.0  3.32040e-11
      14140.0  3.31655e-11
      14150.0  3.31286e-11
      14160.0  3.30931e-11
      14170.0  3.30586e-11
      14180.0  3.30249e-11
      14190.0  3.29919e-11
      14200.0  3.29594e-11
      14210.0  3.29275e-11
      14220.0  3.28963e-11
      14230.0  3.28660e-11
      14240.0  3.28368e-11
      14250.0  3.28090e-11
      14260.0  3.27832e-11
      14270.0  3.27598e-11
      14280.0  3.27392e-11
      14290.0  3.27219e-11
      14300.0  3.27085e-11
      14310.0  3.26994e-11
      14320.0  3.26949e-11
      14330.0  3.26955e-11
      14340.0  3.27014e-11
      14350.0  3.27126e-11
      14360.0  3.27292e-11
      14370.0  3.27510e-11
      14380.0  3.27779e-11
      14390.0  3.28094e-11
      14400.0  3.28450e-11
      14410.0  3.28842e-11
      14420.0  3.29263e-11
      14430.0  3.29704e-11
      14440.0  3.30158e-11
      14450.0  3.30616e-11
      14460.0  3.31069e-11
      14470.0  3.31509e-11
      14480.0  3.31929e-11
      14490.0  3.32320e-11
      14500.0  3.32678e-11
      14510.0  3.32997e-11
      14520.0  3.33273e-11
      14530.0  3.33506e-11
      14540.0  3.33693e-11
      14550.0  3.33838e-11
      14560.0  3.33942e-11
      14570.0  3.34011e-11
      14580.0  3.34051e-11
      14590.0  3.34069e-11
      14600.0  3.34074e-11
      14610.0  3.34076e-11
      14620.0  3.34087e-11
      14630.0  3.34117e-11
      14640.0  3.34179e-11
      14650.0  3.34284e-11
      14660.0  3.34444e-11
      14670.0  3.34672e-11
      14680.0  3.34978e-11
      14690.0  3.35374e-11
      14700.0  3.35871e-11
      14710.0  3.36476e-11
      14720.0  3.37200e-11
      14730.0  3.38050e-11
      14740.0  3.39033e-11
      14750.0  3.40157e-11
      14760.0  3.41426e-11
      14770.0  3.42847e-11
      14780.0  3.44423e-11
      14790.0  3.46159e-11
      14800.0  3.48060e-11
      14810.0  3.50128e-11
      14820.0  3.52367e-11
      14830.0  3.54781e-11
      14840.0  3.57373e-11
      14850.0  3.60145e-11
      14860.0  3.63101e-11
      14870.0  3.66243e-11
      14880.0  3.69575e-11
      14890.0  3.73097e-11
      14900.0  3.76814e-11
      14910.0  3.80726e-11
      14920.0  3.84835e-11
      14930.0  3.89140e-11
      14940.0  3.93644e-11
      14950.0  3.98343e-11
      14960.0  4.03238e-11
      14970.0  4.08325e-11
      14980.0  4.13602e-11
      14990.0  4.19063e-11
      15000.0  4.24704e-11
      15010.0  4.30518e-11
      15020.0  4.36498e-11
      15030.0  4.42636e-11
      15040.0  4.48922e-11
      15050.0  4.55347e-11
      15060.0  4.61901e-11
      15070.0  4.68571e-11
      15080.0  4.75347e-11
      15090.0  4.82215e-11
      15100.0  4.89165e-11
      15110.0  4.96182e-11
      15120.0  5.03255e-11
      15130.0  5.10370e-11
      15140.0  5.17516e-11
      15150.0  5.24679e-11
      15160.0  5.31848e-11
      15170.0  5.39011e-11
      15180.0  5.46157e-11
      15190.0  5.53275e-11
      15200.0  5.60354e-11
      15210.0  5.67384e-11
      15220.0  5.74357e-11
      15230.0  5.81263e-11
      15240.0  5.88094e-11
      15250.0  5.94842e-11
      15260.0  6.01499e-11
      15270.0  6.08058e-11
      15280.0  6.14511e-11
      15290.0  6.20852e-11
      15300.0  6.27073e-11
      15310.0  6.33169e-11
      15320.0  6.39131e-11
      15330.0  6.44954e-11
      15340.0  6.50631e-11
      15350.0  6.56153e-11
      15360.0  6.61515e-11
      15370.0  6.66710e-11
      15380.0  6.71729e-11
      15390.0  6.76566e-11
      15400.0  6.81213e-11
      15410.0  6.85665e-11
      15420.0  6.89914e-11
      15430.0  6.93954e-11
      15440.0  6.97780e-11
      15450.0  7.01387e-11
      15460.0  7.04772e-11
      15470.0  7.07931e-11
      15480.0  7.10862e-11
      15490.0  7.13564e-11
      15500.0  7.16038e-11
      15510.0  7.18286e-11
      15520.0  7.20309e-11
      15530.0  7.22112e-11
      15540.0  7.23699e-11
      15550.0  7.25077e-11
      15560.0  7.26252e-11
      15570.0  7.27231e-11
      15580.0  7.28023e-11
      15590.0  7.28635e-11
      15600.0  7.29077e-11
      15610.0  7.29358e-11
      15620.0  7.29485e-11
      15630.0  7.29469e-11
      15640.0  7.29318e-11
      15650.0  7.29039e-11
      15660.0  7.28642e-11
      15670.0  7.28133e-11
      15680.0  7.27520e-11
      15690.0  7.26811e-11
      15700.0  7.26011e-11
      15710.0  7.25128e-11
      15720.0  7.24167e-11
      15730.0  7.23136e-11
      15740.0  7.22039e-11
      15750.0  7.20884e-11
      15760.0  7.19676e-11
      15770.0  7.18421e-11
      15780.0  7.17127e-11
      15790.0  7.15798e-11
      15800.0  7.14441e-11
      15810.0  7.13062e-11
      15820.0  7.11667e-11
      15830.0  7.10262e-11
      15840.0  7.08852e-11
      15850.0  7.07443e-11
      15860.0  7.06039e-11
      15870.0  7.04644e-11
      15880.0  7.03263e-11
      15890.0  7.01897e-11
      15900.0  7.00550e-11
      15910.0  6.99223e-11
      15920.0  6.97917e-11
      15930.0  6.96633e-11
      15940.0  6.95370e-11
      15950.0  6.94126e-11
      15960.0  6.92901e-11
      15970.0  6.91691e-11
      15980.0  6.90495e-11
      15990.0  6.89308e-11
      16000.0  6.88126e-11
      16010.0  6.86945e-11
      16020.0  6.85761e-11
      16030.0  6.84569e-11
      16040.0  6.83363e-11
      16050.0  6.82139e-11
      16060.0  6.80891e-11
      16070.0  6.79614e-11
      16080.0  6.78302e-11
      16090.0  6.76950e-11
      16100.0  6.75552e-11
      16110.0  6.74105e-11
      16120.0  6.72604e-11
      16130.0  6.71043e-11
      16140.0  6.69419e-11
      16150.0  6.67729e-11
      16160.0  6.65969e-11
      16170.0  6.64137e-11
      16180.0  6.62231e-11
      16190.0  6.60249e-11
      16200.0  6.58191e-11
      16210.0  6.56057e-11
      16220.0  6.53847e-11
      16230.0  6.51563e-11
      16240.0  6.49207e-11
      16250.0  6.46781e-11
      16260.0  6.44289e-11
      16270.0  6.41734e-11
      16280.0  6.39121e-11
      16290.0  6.36454e-11
      16300.0  6.33738e-11
      16310.0  6.30979e-11
      16320.0  6.28181e-11
      16330.0  6.25350e-11
      16340.0  6.22490e-11
      16350.0  6.19606e-11
      16360.0  6.16702e-11
      16370.0  6.13784e-11
      16380.0  6.10853e-11
      16390.0  6.07914e-11
      16400.0  6.04970e-11
      16410.0  6.02022e-11
      16420.0  5.99074e-11
      16430.0  5.96127e-11
      16440.0  5.93184e-11
      16450.0  5.90245e-11
      16460.0  5.87314e-11
      16470.0  5.84393e-11
      16480.0  5.81484e-11
      16490.0  5.78590e-11
      16500.0  5.75716e-11
      16510.0  5.72865e-11
      16520.0  5.70043e-11
      16530.0  5.67256e-11
      16540.0  5.64510e-11
      16550.0  5.61813e-11
      16560.0  5.59173e-11
      16570.0  5.56599e-11
      16580.0  5.54099e-11
      16590.0  5.51684e-11
      16600.0  5.49363e-11
      16610.0  5.47147e-11
      16620.0  5.45044e-11
      16630.0  5.43066e-11
      16640.0  5.41220e-11
      16650.0  5.39516e-11
      16660.0  5.37962e-11
      16670.0  5.36565e-11
      16680.0  5.35332e-11
      16690.0  5.34267e-11
      16700.0  5.33374e-11
      16710.0  5.32658e-11
      16720.0  5.32121e-11
      16730.0  5.31762e-11
      16740.0  5.31584e-11
      16750.0  5.31585e-11
      16760.0  5.31763e-11
      16770.0  5.32117e-11
      16780.0  5.32645e-11
      16790.0  5.33342e-11
      16800.0  5.34207e-11
      16810.0  5.35235e-11
      16820.0  5.36423e-11
      16830.0  5.37769e-11
      16840.0  5.39268e-11
      16850.0  5.40918e-11
      16860.0  5.42718e-11
      16870.0  5.44664e-11
      16880.0  5.46755e-11
      16890.0  5.48990e-11
      16900.0  5.51368e-11
      16910.0  5.53889e-11
      16920.0  5.56553e-11
      16930.0  5.59359e-11
      16940.0  5.62308e-11
      16950.0  5.65401e-11
      16960.0  5.68638e-11
      16970.0  5.72020e-11
      16980.0  5.75546e-11
      16990.0  5.79217e-11
      17000.0  5.83033e-11
      17010.0  5.86994e-11
      17020.0  5.91098e-11
      17030.0  5.95345e-11
      17040.0  5.99734e-11
      17050.0  6.04262e-11
      17060.0  6.08929e-11
      17070.0  6.13730e-11
      17080.0  6.18665e-11
      17090.0  6.23729e-11
      17100.0  6.28921e-11
      17110.0  6.34236e-11
      17120.0  6.39671e-11
      17130.0  6.45224e-11
      17140.0  6.50890e-11
      17150.0  6.56665e-11
      17160.0  6.62547e-11
      17170.0  6.68531e-11
      17180.0  6.74615e-11
      17190.0  6.80793e-11
      17200.0  6.87063e-11
      17210.0  6.93421e-11
      17220.0  6.99862e-11
      17230.0  7.06382e-11
      17240.0  7.12978e-11
      17250.0  7.19643e-11
      17260.0  7.26373e-11
      17270.0  7.33163e-11
      17280.0  7.40007e-11
      17290.0  7.46898e-11
      17300.0  7.53830e-11
      17310.0  7.60796e-11
      17320.0  7.67787e-11
      17330.0  7.74795e-11
      17340.0  7.81812e-11
      17350.0  7.88827e-11
      17360.0  7.95831e-11
      17370.0  8.02814e-11
      17380.0  8.09763e-11
      17390.0  8.16669e-11
      17400.0  8.23517e-11
      17410.0  8.30297e-11
      17420.0  8.36994e-11
      17430.0  8.43596e-11
      17440.0  8.50088e-11
      17450.0  8.56456e-11
      17460.0  8.62686e-11
      17470.0  8.68762e-11
      17480.0  8.74670e-11
      17490.0  8.80392e-11
      17500.0  8.85915e-11
      17510.0  8.91222e-11
      17520.0  8.96297e-11
      17530.0  9.01124e-11
      17540.0  9.05688e-11
      17550.0  9.09973e-11
      17560.0  9.13963e-11
      17570.0  9.17645e-11
      17580.0  9.21004e-11
      17590.0  9.24026e-11
      17600.0  9.26700e-11
      17610.0  9.29012e-11
      17620.0  9.30954e-11
      17630.0  9.32515e-11
      17640.0  9.33688e-11
      17650.0  9.34466e-11
      17660.0  9.34845e-11
      17670.0  9.34820e-11
      17680.0  9.34390e-11
      17690.0  9.33555e-11
      17700.0  9.32317e-11
      17710.0  9.30678e-11
      17720.0  9.28644e-11
      17730.0  9.26221e-11
      17740.0  9.23417e-11
      17750.0  9.20242e-11
      17760.0  9.16706e-11
      17770.0  9.12821e-11
      17780.0  9.08601e-11
      17790.0  9.04060e-11
      17800.0  8.99213e-11
      17810.0  8.94075e-11
      17820.0  8.88664e-11
      17830.0  8.82995e-11
      17840.0  8.77085e-11
      17850.0  8.70953e-11
      17860.0  8.64615e-11
      17870.0  8.58089e-11
      17880.0  8.51391e-11
      17890.0  8.44538e-11
      17900.0  8.37546e-11
      17910.0  8.30432e-11
      17920.0  8.23210e-11
      17930.0  8.15895e-11
      17940.0  8.08501e-11
      17950.0  8.01041e-11
      17960.0  7.93528e-11
      17970.0  7.85972e-11
      17980.0  7.78384e-11
      17990.0  7.70775e-11
      18000.0  7.63152e-11
      18010.0  7.55525e-11
      18020.0  7.47900e-11
      18030.0  7.40284e-11
      18040.0  7.32683e-11
      18050.0  7.25101e-11
      18060.0  7.17543e-11
      18070.0  7.10013e-11
      18080.0  7.02516e-11
      18090.0  6.95053e-11
      18100.0  6.87629e-11
      18110.0  6.80247e-11
      18120.0  6.72909e-11
      18130.0  6.65619e-11
      18140.0  6.58382e-11
      18150.0  6.51200e-11
      18160.0  6.44079e-11
      18170.0  6.37024e-11
      18180.0  6.30040e-11
      18190.0  6.23133e-11
      18200.0  6.16309e-11
      18210.0  6.09577e-11
      18220.0  6.02943e-11
      18230.0  5.96414e-11
      18240.0  5.89999e-11
      18250.0  5.83705e-11
      18260.0  5.77539e-11
      18270.0  5.71509e-11
      18280.0  5.65620e-11
      18290.0  5.59879e-11
      18300.0  5.54291e-11
      18310.0  5.48857e-11
      18320.0  5.43582e-11
      18330.0  5.38466e-11
      18340.0  5.33509e-11
      18350.0  5.28708e-11
      18360.0  5.24061e-11
      18370.0  5.19562e-11
      18380.0  5.15205e-11
      18390.0  5.10983e-11
      18400.0  5.06887e-11
      18410.0  5.02908e-11
      18420.0  4.99034e-11
      18430.0  4.95255e-11
      18440.0  4.91558e-11
      18450.0  4.87933e-11
      18460.0  4.84367e-11
      18470.0  4.80849e-11
      18480.0  4.77368e-11
      18490.0  4.73914e-11
      18500.0  4.70476e-11
      18510.0  4.67048e-11
      18520.0  4.63621e-11
      18530.0  4.60190e-11
      18540.0  4.56750e-11
      18550.0  4.53298e-11
      18560.0  4.49833e-11
      18570.0  4.46353e-11
      18580.0  4.42861e-11
      18590.0  4.39359e-11
      18600.0  4.35850e-11
      18610.0  4.32340e-11
      18620.0  4.28835e-11
      18630.0  4.25340e-11
      18640.0  4.21865e-11
      18650.0  4.18416e-11
      18660.0  4.15002e-11
      18670.0  4.11631e-11
      18680.0  4.08312e-11
      18690.0  4.05053e-11
      18700.0  4.01862e-11
      18710.0  3.98746e-11
      18720.0  3.95711e-11
      18730.0  3.92765e-11
      18740.0  3.89911e-11
      18750.0  3.87155e-11
      18760.0  3.84498e-11
      18770.0  3.81944e-11
      18780.0  3.79493e-11
      18790.0  3.77146e-11
      18800.0  3.74901e-11
      18810.0  3.72757e-11
      18820.0  3.70711e-11
      18830.0  3.68760e-11
      18840.0  3.66900e-11
      18850.0  3.65126e-11
      18860.0  3.63433e-11
      18870.0  3.61816e-11
      18880.0  3.60270e-11
      18890.0  3.58787e-11
      18900.0  3.57364e-11
      18910.0  3.55994e-11
      18920.0  3.54672e-11
      18930.0  3.53393e-11
      18940.0  3.52153e-11
      18950.0  3.50947e-11
      18960.0  3.49772e-11
      18970.0  3.48625e-11
      18980.0  3.47503e-11
      18990.0  3.46405e-11
      19000.0  3.45329e-11
      19010.0  3.44275e-11
      19020.0  3.43242e-11
      19030.0  3.42232e-11
      19040.0  3.41246e-11
      19050.0  3.40284e-11
      19060.0  3.39349e-11
      19070.0  3.38444e-11
      19080.0  3.37571e-11
      19090.0  3.36733e-11
      19100.0  3.35933e-11
      19110.0  3.35175e-11
      19120.0  3.34462e-11
      19130.0  3.33797e-11
      19140.0  3.33184e-11
      19150.0  3.32625e-11
      19160.0  3.32125e-11
      19170.0  3.31684e-11
      19180.0  3.31306e-11
      19190.0  3.30994e-11
      19200.0  3.30748e-11
      19210.0  3.30570e-11
      19220.0  3.30461e-11
      19230.0  3.30421e-11
      19240.0  3.30451e-11
      19250.0  3.30550e-11
      19260.0  3.30716e-11
      19270.0  3.30950e-11
      19280.0  3.31247e-11
      19290.0  3.31607e-11
      19300.0  3.32027e-11
      19310.0  3.32503e-11
      19320.0  3.33033e-11
      19330.0  3.33612e-11
      19340.0  3.34236e-11
      19350.0  3.34903e-11
      19360.0  3.35607e-11
      19370.0  3.36344e-11
      19380.0  3.37110e-11
      19390.0  3.37901e-11
      19400.0  3.38712e-11
      19410.0  3.39538e-11
      19420.0  3.40377e-11
      19430.0  3.41224e-11
      19440.0  3.42074e-11
      19450.0  3.42925e-11
      19460.0  3.43773e-11
      19470.0  3.44614e-11
      19480.0  3.45445e-11
      19490.0  3.46263e-11
      19500.0  3.47065e-11
      19510.0  3.47848e-11
      19520.0  3.48609e-11
      19530.0  3.49346e-11
      19540.0  3.50056e-11
      19550.0  3.50737e-11
      19560.0  3.51385e-11
      19570.0  3.51998e-11
      19580.0  3.52575e-11
      19590.0  3.53112e-11
      19600.0  3.53607e-11
      19610.0  3.54057e-11
      19620.0  3.54461e-11
      19630.0  3.54816e-11
      19640.0  3.55119e-11
      19650.0  3.55370e-11
      19660.0  3.55564e-11
      19670.0  3.55701e-11
      19680.0  3.55778e-11
      19690.0  3.55793e-11
      19700.0  3.55745e-11
      19710.0  3.55632e-11
      19720.0  3.55453e-11
      19730.0  3.55206e-11
      19740.0  3.54890e-11
      19750.0  3.54503e-11
      19760.0  3.54045e-11
      19770.0  3.53514e-11
      19780.0  3.52910e-11
      19790.0  3.52233e-11
      19800.0  3.51481e-11
      19810.0  3.50653e-11
      19820.0  3.49751e-11
      19830.0  3.48772e-11
      19840.0  3.47718e-11
      19850.0  3.46587e-11
      19860.0  3.45380e-11
      19870.0  3.44097e-11
      19880.0  3.42737e-11
      19890.0  3.41302e-11
      19900.0  3.39792e-11
      19910.0  3.38208e-11
      19920.0  3.36549e-11
      19930.0  3.34818e-11
      19940.0  3.33014e-11
      19950.0  3.31141e-11
      19960.0  3.29198e-11
      19970.0  3.27188e-11
      19980.0  3.25113e-11
      19990.0  3.22975e-11
      20000.0  3.20777e-11
      20010.0  3.18520e-11
      20020.0  3.16209e-11
      20030.0  3.13846e-11
      20040.0  3.11434e-11
      20050.0  3.08977e-11
      20060.0  3.06480e-11
      20070.0  3.03945e-11
      20080.0  3.01377e-11
      20090.0  2.98781e-11
      20100.0  2.96160e-11
      20110.0  2.93520e-11
      20120.0  2.90866e-11
      20130.0  2.88201e-11
      20140.0  2.85532e-11
      20150.0  2.82864e-11
      20160.0  2.80201e-11
      20170.0  2.77548e-11
      20180.0  2.74911e-11
      20190.0  2.72295e-11
      20200.0  2.69705e-11
      20210.0  2.67146e-11
      20220.0  2.64623e-11
      20230.0  2.62142e-11
      20240.0  2.59705e-11
      20250.0  2.57320e-11
      20260.0  2.54989e-11
      20270.0  2.52718e-11
      20280.0  2.50510e-11
      20290.0  2.48369e-11
      20300.0  2.46299e-11
      20310.0  2.44304e-11
      20320.0  2.42387e-11
      20330.0  2.40550e-11
      20340.0  2.38797e-11
      20350.0  2.37129e-11
      20360.0  2.35549e-11
      20370.0  2.34059e-11
      20380.0  2.32661e-11
      20390.0  2.31355e-11
      20400.0  2.30142e-11
      20410.0  2.29023e-11
      20420.0  2.27999e-11
      20430.0  2.27069e-11
      20440.0  2.26234e-11
      20450.0  2.25491e-11
      20460.0  2.24842e-11
      20470.0  2.24283e-11
      20480.0  2.23815e-11
      20490.0  2.23434e-11
      20500.0  2.23140e-11
      20510.0  2.22929e-11
      20520.0  2.22799e-11
      20530.0  2.22748e-11
      20540.0  2.22772e-11
      20550.0  2.22867e-11
      20560.0  2.23031e-11
      20570.0  2.23259e-11
      20580.0  2.23547e-11
      20590.0  2.23892e-11
      20600.0  2.24288e-11
      20610.0  2.24733e-11
      20620.0  2.25220e-11
      20630.0  2.25746e-11
      20640.0  2.26306e-11
      20650.0  2.26894e-11
      20660.0  2.27507e-11
      20670.0  2.28140e-11
      20680.0  2.28787e-11
      20690.0  2.29445e-11
      20700.0  2.30107e-11
      20710.0  2.30771e-11
      20720.0  2.31431e-11
      20730.0  2.32084e-11
      20740.0  2.32724e-11
      20750.0  2.33348e-11
      20760.0  2.33952e-11
      20770.0  2.34533e-11
      20780.0  2.35086e-11
      20790.0  2.35608e-11
      20800.0  2.36097e-11
      20810.0  2.36550e-11
      20820.0  2.36963e-11
      20830.0  2.37334e-11
      20840.0  2.37662e-11
      20850.0  2.37944e-11
      20860.0  2.38178e-11
      20870.0  2.38364e-11
      20880.0  2.38499e-11
      20890.0  2.38584e-11
      20900.0  2.38617e-11
      20910.0  2.38598e-11
      20920.0  2.38527e-11
      20930.0  2.38404e-11
      20940.0  2.38229e-11
      20950.0  2.38003e-11
      20960.0  2.37727e-11
      20970.0  2.37402e-11
      20980.0  2.37029e-11
      20990.0  2.36610e-11
      21000.0  2.36146e-11
      21010.0  2.35640e-11
      21020.0  2.35093e-11
      21030.0  2.34507e-11
      21040.0  2.33885e-11
      21050.0  2.33230e-11
      21060.0  2.32544e-11
      21070.0  2.31830e-11
      21080.0  2.31089e-11
      21090.0  2.30327e-11
      21100.0  2.29544e-11
      21110.0  2.28745e-11
      21120.0  2.27932e-11
      21130.0  2.27109e-11
      21140.0  2.26277e-11
      21150.0  2.25441e-11
      21160.0  2.24604e-11
      21170.0  2.23767e-11
      21180.0  2.22936e-11
      21190.0  2.22111e-11
      21200.0  2.21297e-11
      21210.0  2.20495e-11
      21220.0  2.19709e-11
      21230.0  2.18942e-11
      21240.0  2.18196e-11
      21250.0  2.17473e-11
      21260.0  2.16777e-11
      21270.0  2.16108e-11
      21280.0  2.15470e-11
      21290.0  2.14864e-11
      21300.0  2.14292e-11
      21310.0  2.13755e-11
      21320.0  2.13256e-11
      21330.0  2.12796e-11
      21340.0  2.12375e-11
      21350.0  2.11995e-11
      21360.0  2.11656e-11
      21370.0  2.11359e-11
      21380.0  2.11105e-11
      21390.0  2.10894e-11
      21400.0  2.10725e-11
      21410.0  2.10599e-11
      21420.0  2.10516e-11
      21430.0  2.10474e-11
      21440.0  2.10474e-11
      21450.0  2.10515e-11
      21460.0  2.10596e-11
      21470.0  2.10717e-11
      21480.0  2.10876e-11
      21490.0  2.11072e-11
      21500.0  2.11305e-11
      21510.0  2.11573e-11
      21520.0  2.11876e-11
      21530.0  2.12211e-11
      21540.0  2.12578e-11
      21550.0  2.12977e-11
      21560.0  2.13405e-11
      21570.0  2.13861e-11
      21580.0  2.14345e-11
      21590.0  2.14856e-11
      21600.0  2.15391e-11
      21610.0  2.15951e-11
      21620.0  2.16534e-11
      21630.0  2.17139e-11
      21640.0  2.17765e-11
      21650.0  2.18411e-11
      21660.0  2.19076e-11
      21670.0  2.19759e-11
      21680.0  2.20458e-11
      21690.0  2.21174e-11
      21700.0  2.21904e-11
      21710.0  2.22649e-11
      21720.0  2.23405e-11
      21730.0  2.24174e-11
      21740.0  2.24953e-11
      21750.0  2.25741e-11
      21760.0  2.26538e-11
      21770.0  2.27341e-11
      21780.0  2.28151e-11
      21790.0  2.28965e-11
      21800.0  2.29783e-11
      21810.0  2.30603e-11
      21820.0  2.31424e-11
      21830.0  2.32245e-11
      21840.0  2.33064e-11
      21850.0  2.33880e-11
      21860.0  2.34692e-11
      21870.0  2.35499e-11
      21880.0  2.36299e-11
      21890.0  2.37091e-11
      21900.0  2.37873e-11
      21910.0  2.38644e-11
      21920.0  2.39403e-11
      21930.0  2.40149e-11
      21940.0  2.40879e-11
      21950.0  2.41593e-11
      21960.0  2.42289e-11
      21970.0  2.42965e-11
      21980.0  2.43620e-11
      21990.0  2.44253e-11
      22000.0  2.44862e-11
      22010.0  2.45445e-11
      22020.0  2.46001e-11
      22030.0  2.46528e-11
      22040.0  2.47025e-11
      22050.0  2.47490e-11
      22060.0  2.47921e-11
      22070.0  2.48316e-11
      22080.0  2.48675e-11
      22090.0  2.48995e-11
      22100.0  2.49275e-11
      22110.0  2.49514e-11
      22120.0  2.49710e-11
      22130.0  2.49861e-11
      22140.0  2.49966e-11
      22150.0  2.50024e-11
      22160.0  2.50034e-11
      22170.0  2.49994e-11
      22180.0  2.49905e-11
      22190.0  2.49764e-11
      22200.0  2.49572e-11
      22210.0  2.49327e-11
      22220.0  2.49030e-11
      22230.0  2.48679e-11
      22240.0  2.48276e-11
      22250.0  2.47820e-11
      22260.0  2.47311e-11
      22270.0  2.46750e-11
      22280.0  2.46136e-11
      22290.0  2.45472e-11
      22300.0  2.44756e-11
      22310.0  2.43991e-11
      22320.0  2.43178e-11
      22330.0  2.42316e-11
      22340.0  2.41408e-11
      22350.0  2.40455e-11
      22360.0  2.39459e-11
      22370.0  2.38420e-11
      22380.0  2.37340e-11
      22390.0  2.36222e-11
      22400.0  2.35066e-11
      22410.0  2.33874e-11
      22420.0  2.32649e-11
      22430.0  2.31392e-11
      22440.0  2.30106e-11
      22450.0  2.28792e-11
      22460.0  2.27453e-11
      22470.0  2.26090e-11
      22480.0  2.24706e-11
      22490.0  2.23303e-11
      22500.0  2.21884e-11
      22510.0  2.20451e-11
      22520.0  2.19007e-11
      22530.0  2.17553e-11
      22540.0  2.16093e-11
      22550.0  2.14628e-11
      22560.0  2.13162e-11
      22570.0  2.11697e-11
      22580.0  2.10235e-11
      22590.0  2.08780e-11
      22600.0  2.07332e-11
      22610.0  2.05895e-11
      22620.0  2.04471e-11
      22630.0  2.03062e-11
      22640.0  2.01671e-11
      22650.0  2.00299e-11
      22660.0  1.98948e-11
      22670.0  1.97619e-11
      22680.0  1.96316e-11
      22690.0  1.95038e-11
      22700.0  1.93787e-11
      22710.0  1.92565e-11
      22720.0  1.91372e-11
      22730.0  1.90210e-11
      22740.0  1.89077e-11
      22750.0  1.87976e-11
      22760.0  1.86906e-11
      22770.0  1.85867e-11
      22780.0  1.84860e-11
      22790.0  1.83884e-11
      22800.0  1.82938e-11
      22810.0  1.82022e-11
      22820.0  1.81136e-11
      22830.0  1.80279e-11
      22840.0  1.79449e-11
      22850.0  1.78647e-11
      22860.0  1.77872e-11
      22870.0  1.77122e-11
      22880.0  1.76397e-11
      22890.0  1.75695e-11
      22900.0  1.75016e-11
      22910.0  1.74359e-11
      22920.0  1.73723e-11
      22930.0  1.73108e-11
      22940.0  1.72512e-11
      22950.0  1.71934e-11
      22960.0  1.71376e-11
      22970.0  1.70834e-11
      22980.0  1.70310e-11
      22990.0  1.69802e-11
      23000.0  1.69310e-11
      23010.0  1.68833e-11
      23020.0  1.68372e-11
      23030.0  1.67924e-11
      23040.0  1.67491e-11
      23050.0  1.67070e-11
      23060.0  1.66662e-11
      23070.0  1.66267e-11
      23080.0  1.65882e-11
      23090.0  1.65508e-11
      23100.0  1.65144e-11
      23110.0  1.64789e-11
      23120.0  1.64442e-11
      23130.0  1.64102e-11
      23140.0  1.63769e-11
      23150.0  1.63442e-11
      23160.0  1.63119e-11
      23170.0  1.62801e-11
      23180.0  1.62487e-11
      23190.0  1.62177e-11
      23200.0  1.61870e-11
      23210.0  1.61565e-11
      23220.0  1.61264e-11
      23230.0  1.60966e-11
      23240.0  1.60672e-11
      23250.0  1.60382e-11
      23260.0  1.60098e-11
      23270.0  1.59820e-11
      23280.0  1.59549e-11
      23290.0  1.59286e-11
      23300.0  1.59033e-11
      23310.0  1.58792e-11
      23320.0  1.58563e-11
      23330.0  1.58348e-11
      23340.0  1.58148e-11
      23350.0  1.57965e-11
      23360.0  1.57799e-11
      23370.0  1.57651e-11
      23380.0  1.57523e-11
      23390.0  1.57414e-11
      23400.0  1.57326e-11
      23410.0  1.57257e-11
      23420.0  1.57208e-11
      23430.0  1.57180e-11
      23440.0  1.57170e-11
      23450.0  1.57179e-11
      23460.0  1.57205e-11
      23470.0  1.57248e-11
      23480.0  1.57306e-11
      23490.0  1.57378e-11
      23500.0  1.57462e-11
      23510.0  1.57558e-11
      23520.0  1.57663e-11
      23530.0  1.57777e-11
      23540.0  1.57897e-11
      23550.0  1.58022e-11
      23560.0  1.58151e-11
      23570.0  1.58283e-11
      23580.0  1.58415e-11
      23590.0  1.58547e-11
      23600.0  1.58679e-11
      23610.0  1.58808e-11
      23620.0  1.58934e-11
      23630.0  1.59057e-11
      23640.0  1.59176e-11
      23650.0  1.59291e-11
      23660.0  1.59401e-11
      23670.0  1.59508e-11
      23680.0  1.59611e-11
      23690.0  1.59711e-11
      23700.0  1.59808e-11
      23710.0  1.59905e-11
      23720.0  1.60002e-11
      23730.0  1.60101e-11
      23740.0  1.60203e-11
      23750.0  1.60312e-11
      23760.0  1.60428e-11
      23770.0  1.60556e-11
      23780.0  1.60698e-11
      23790.0  1.60857e-11
      23800.0  1.61036e-11
      23810.0  1.61239e-11
      23820.0  1.61469e-11
      23830.0  1.61735e-11
      23840.0  1.62037e-11
      23850.0  1.62378e-11
      23860.0  1.62761e-11
      23870.0  1.63190e-11
      23880.0  1.63667e-11
      23890.0  1.64196e-11
      23900.0  1.64778e-11
      23910.0  1.65415e-11
      23920.0  1.66108e-11
      23930.0  1.66857e-11
      23940.0  1.67663e-11
      23950.0  1.68523e-11
      23960.0  1.69437e-11
      23970.0  1.70402e-11
      23980.0  1.71415e-11
      23990.0  1.72471e-11
      24000.0  1.73568e-11
      24010.0  1.74700e-11
      24020.0  1.75862e-11
      24030.0  1.77048e-11
      24040.0  1.78254e-11
      24050.0  1.79474e-11
      24060.0  1.80702e-11
      24070.0  1.81933e-11
      24080.0  1.83161e-11
      24090.0  1.84382e-11
      24100.0  1.85591e-11
      24110.0  1.86783e-11
      24120.0  1.87955e-11
      24130.0  1.89103e-11
      24140.0  1.90224e-11
      24150.0  1.91314e-11
      24160.0  1.92371e-11
      24170.0  1.93394e-11
      24180.0  1.94380e-11
      24190.0  1.95327e-11
      24200.0  1.96234e-11
      24210.0  1.97101e-11
      24220.0  1.97926e-11
      24230.0  1.98708e-11
      24240.0  1.99448e-11
      24250.0  2.00145e-11
      24260.0  2.00800e-11
      24270.0  2.01413e-11
      24280.0  2.01985e-11
      24290.0  2.02516e-11
      24300.0  2.03009e-11
      24310.0  2.03465e-11
      24320.0  2.03886e-11
      24330.0  2.04274e-11
      24340.0  2.04632e-11
      24350.0  2.04965e-11
      24360.0  2.05274e-11
      24370.0  2.05565e-11
      24380.0  2.05842e-11
      24390.0  2.06110e-11
      24400.0  2.06373e-11
      24410.0  2.06638e-11
      24420.0  2.06910e-11
      24430.0  2.07194e-11
      24440.0  2.07496e-11
      24450.0  2.07822e-11
      24460.0  2.08176e-11
      24470.0  2.08563e-11
      24480.0  2.08988e-11
      24490.0  2.09453e-11
      24500.0  2.09962e-11
      24510.0  2.10515e-11
      24520.0  2.11112e-11
      24530.0  2.11752e-11
      24540.0  2.12434e-11
      24550.0  2.13154e-11
      24560.0  2.13906e-11
      24570.0  2.14685e-11
      24580.0  2.15484e-11
      24590.0  2.16296e-11
      24600.0  2.17111e-11
      24610.0  2.17922e-11
      24620.0  2.18719e-11
      24630.0  2.19495e-11
      24640.0  2.20241e-11
      24650.0  2.20949e-11
      24660.0  2.21614e-11
      24670.0  2.22229e-11
      24680.0  2.22791e-11
      24690.0  2.23296e-11
      24700.0  2.23744e-11
      24710.0  2.24133e-11
      24720.0  2.24464e-11
      24730.0  2.24740e-11
      24740.0  2.24964e-11
      24750.0  2.25140e-11
      24760.0  2.25271e-11
      24770.0  2.25363e-11
      24780.0  2.25421e-11
      24790.0  2.25450e-11
      24800.0  2.25455e-11
      24810.0  2.25442e-11
      24820.0  2.25414e-11
      24830.0  2.25375e-11
      24840.0  2.25330e-11
      24850.0  2.25281e-11
      24860.0  2.25231e-11
      24870.0  2.25182e-11
      24880.0  2.25134e-11
      24890.0  2.25090e-11
      24900.0  2.25049e-11
      24910.0  2.25013e-11
      24920.0  2.24981e-11
      24930.0  2.24953e-11
      24940.0  2.24929e-11
      24950.0  2.24908e-11
      24960.0  2.24890e-11
      24970.0  2.24876e-11
      24980.0  2.24863e-11
      24990.0  2.24853e-11
      25000.0  2.24845e-11
