      1000.00  5.30453e-14
      1010.00  6.42746e-14
      1020.00  7.81338e-14
      1030.00  9.51548e-14
      1040.00  1.15998e-13
      1050.00  1.41419e-13
      1060.00  1.72260e-13
      1070.00  2.09436e-13
      1080.00  2.53909e-13
      1090.00  3.06656e-13
      1100.00  3.68624e-13
      1110.00  4.40681e-13
      1120.00  5.23570e-13
      1130.00  6.17858e-13
      1140.00  7.23901e-13
      1150.00  8.41806e-13
      1160.00  9.71416e-13
      1170.00  1.11230e-12
      1180.00  1.26374e-12
      1190.00  1.42476e-12
      1200.00  1.59414e-12
      1210.00  1.77041e-12
      1220.00  1.95192e-12
      1230.00  2.13688e-12
      1240.00  2.32337e-12
      1250.00  2.50943e-12
      1260.00  2.69309e-12
      1270.00  2.87246e-12
      1280.00  3.04572e-12
      1290.00  3.21122e-12
      1300.00  3.36751e-12
      1310.00  3.51335e-12
      1320.00  3.64776e-12
      1330.00  3.77002e-12
      1340.00  3.87970e-12
      1350.00  3.97664e-12
      1360.00  4.06095e-12
      1370.00  4.13302e-12
      1380.00  4.19348e-12
      1390.00  4.24325e-12
      1400.00  4.28348e-12
      1410.00  4.31561e-12
      1420.00  4.34133e-12
      1430.00  4.36264e-12
      1440.00  4.38185e-12
      1450.00  4.40160e-12
      1460.00  4.42480e-12
      1470.00  4.45465e-12
      1480.00  4.49448e-12
      1490.00  4.54758e-12
      1500.00  4.61697e-12
      1510.00  4.70513e-12
      1520.00  4.81361e-12
      1530.00  4.94275e-12
      1540.00  5.09144e-12
      1550.00  5.25699e-12
      1560.00  5.43517e-12
      1570.00  5.62051e-12
      1580.00  5.80674e-12
      1590.00  5.98736e-12
      1600.00  6.15640e-12
      1610.00  6.30901e-12
      1620.00  6.44204e-12
      1630.00  6.55439e-12
      1640.00  6.64712e-12
      1650.00  6.72331e-12
      1660.00  6.78776e-12
      1670.00  6.84645e-12
      1680.00  6.90604e-12
      1690.00  6.97331e-12
      1700.00  7.05466e-12
      1710.00  7.15571e-12
      1720.00  7.28103e-12
      1730.00  7.43384e-12
      1740.00  7.61595e-12
      1750.00  7.82761e-12
      1760.00  8.06752e-12
      1770.00  8.33282e-12
      1780.00  8.61925e-12
      1790.00  8.92133e-12
      1800.00  9.23264e-12
      1810.00  9.54625e-12
      1820.00  9.85512e-12
      1830.00  1.01526e-11
      1840.00  1.04328e-11
      1850.00  1.06912e-11
      1860.00  1.09245e-11
      1870.00  1.11311e-11
      1880.00  1.13110e-11
      1890.00  1.14654e-11
      1900.00  1.15967e-11
      1910.00  1.17082e-11
      1920.00  1.18034e-11
      1930.00  1.18862e-11
      1940.00  1.19601e-11
      1950.00  1.20281e-11
      1960.00  1.20929e-11
      1970.00  1.21563e-11
      1980.00  1.22197e-11
      1990.00  1.22835e-11
      2000.00  1.23478e-11
      2010.00  1.24123e-11
      2020.00  1.24762e-11
      2030.00  1.25387e-11
      2040.00  1.25989e-11
      2050.00  1.26560e-11
      2060.00  1.27093e-11
      2070.00  1.27582e-11
      2080.00  1.28025e-11
      2090.00  1.28420e-11
      2100.00  1.28770e-11
      2110.00  1.29075e-11
      2120.00  1.29341e-11
      2130.00  1.29572e-11
      2140.00  1.29774e-11
      2150.00  1.29953e-11
      2160.00  1.30114e-11
      2170.00  1.30263e-11
      2180.00  1.30404e-11
      2190.00  1.30542e-11
      2200.00  1.30680e-11
      2210.00  1.30822e-11
      2220.00  1.30972e-11
      2230.00  1.31135e-11
      2240.00  1.31317e-11
      2250.00  1.31524e-11
      2260.00  1.31764e-11
      2270.00  1.32048e-11
      2280.00  1.32384e-11
      2290.00  1.32779e-11
      2300.00  1.33241e-11
      2310.00  1.33771e-11
      2320.00  1.34367e-11
      2330.00  1.35024e-11
      2340.00  1.35732e-11
      2350.00  1.36479e-11
      2360.00  1.37251e-11
      2370.00  1.38041e-11
      2380.00  1.38843e-11
      2390.00  1.39666e-11
      2400.00  1.40528e-11
      2410.00  1.41467e-11
      2420.00  1.42536e-11
      2430.00  1.43806e-11
      2440.00  1.45363e-11
      2450.00  1.47301e-11
      2460.00  1.49714e-11
      2470.00  1.52687e-11
      2480.00  1.56278e-11
      2490.00  1.60511e-11
      2500.00  1.65361e-11
      2510.00  1.70752e-11
      2520.00  1.76550e-11
      2530.00  1.82574e-11
      2540.00  1.88605e-11
      2550.00  1.94409e-11
      2560.00  1.99754e-11
      2570.00  2.04436e-11
      2580.00  2.08294e-11
      2590.00  2.11221e-11
      2600.00  2.13171e-11
      2610.00  2.14158e-11
      2620.00  2.14239e-11
      2630.00  2.13513e-11
      2640.00  2.12098e-11
      2650.00  2.10117e-11
      2660.00  2.07277e-11
      2670.00  2.01697e-11
      2680.00  2.13628e-11
      2690.00  2.93239e-11
      2700.00  4.32648e-11
      2710.00  5.84997e-11
      2720.00  6.88382e-11
      2730.00  7.23417e-11
      2740.00  7.32205e-11
      2750.00  7.44016e-11
      2760.00  7.50770e-11
      2770.00  7.56775e-11
      2780.00  7.76498e-11
      2790.00  8.22791e-11
      2800.00  8.40795e-11
      2810.00  8.32594e-11
      2820.00  8.16724e-11
      2830.00  7.84448e-11
      2840.00  7.56904e-11
      2850.00  7.56986e-11
      2860.00  7.62700e-11
      2870.00  7.71166e-11
      2880.00  7.90225e-11
      2890.00  8.41331e-11
      2900.00  9.18264e-11
      2910.00  9.68154e-11
      2920.00  9.78482e-11
      2930.00  9.92375e-11
      2940.00  1.00005e-10
      2950.00  9.78148e-11
      2960.00  9.49831e-11
      2970.00  9.27466e-11
      2980.00  9.03053e-11
      2990.00  8.56759e-11
      3000.00  7.90539e-11
      3010.00  7.38764e-11
      3020.00  7.14738e-11
      3030.00  7.15785e-11
      3040.00  7.05421e-11
      3050.00  6.68506e-11
      3060.00  6.50206e-11
      3070.00  6.47757e-11
      3080.00  6.49609e-11
      3090.00  6.48883e-11
      3100.00  6.47308e-11
      3110.00  6.65486e-11
      3120.00  7.02413e-11
      3130.00  7.36245e-11
      3140.00  7.56163e-11
      3150.00  7.68684e-11
      3160.00  7.96853e-11
      3170.00  8.46980e-11
      3180.00  9.00712e-11
      3190.00  9.37956e-11
      3200.00  9.54906e-11
      3210.00  9.47561e-11
      3220.00  9.18079e-11
      3230.00  8.70327e-11
      3240.00  8.18441e-11
      3250.00  7.70494e-11
      3260.00  7.35756e-11
      3270.00  7.22267e-11
      3280.00  7.16804e-11
      3290.00  7.08306e-11
      3300.00  7.06913e-11
      3310.00  7.20586e-11
      3320.00  7.43785e-11
      3330.00  7.63063e-11
      3340.00  7.74057e-11
      3350.00  7.83534e-11
      3360.00  8.01471e-11
      3370.00  8.27909e-11
      3380.00  8.57408e-11
      3390.00  8.87017e-11
      3400.00  9.15958e-11
      3410.00  9.51523e-11
      3420.00  9.94555e-11
      3430.00  1.03330e-10
      3440.00  1.06075e-10
      3450.00  1.07647e-10
      3460.00  1.08367e-10
      3470.00  1.09104e-10
      3480.00  1.10002e-10
      3490.00  1.10416e-10
      3500.00  1.11400e-10
      3510.00  1.15615e-10
      3520.00  1.22617e-10
      3530.00  1.30278e-10
      3540.00  1.37231e-10
      3550.00  1.42825e-10
      3560.00  1.47028e-10
      3570.00  1.49781e-10
      3580.00  1.51084e-10
      3590.00  1.51640e-10
      3600.00  1.51702e-10
      3610.00  1.51475e-10
      3620.00  1.51946e-10
      3630.00  1.53847e-10
      3640.00  1.58020e-10
      3650.00  1.65344e-10
      3660.00  1.76092e-10
      3670.00  1.89933e-10
      3680.00  2.06111e-10
      3690.00  2.23747e-10
      3700.00  2.40774e-10
      3710.00  2.54027e-10
      3720.00  2.60513e-10
      3730.00  2.58505e-10
      3740.00  2.49577e-10
      3750.00  2.36142e-10
      3760.00  2.19071e-10
      3770.00  1.99051e-10
      3780.00  1.77550e-10
      3790.00  1.56815e-10
      3800.00  1.39491e-10
      3810.00  1.27961e-10
      3820.00  1.24038e-10
      3830.00  1.28889e-10
      3840.00  1.42833e-10
      3850.00  1.65030e-10
      3860.00  1.93410e-10
      3870.00  2.25015e-10
      3880.00  2.57016e-10
      3890.00  2.87937e-10
      3900.00  3.17450e-10
      3910.00  3.45101e-10
      3920.00  3.69970e-10
      3930.00  3.91393e-10
      3940.00  4.09359e-10
      3950.00  4.23921e-10
      3960.00  4.34471e-10
      3970.00  4.39881e-10
      3980.00  4.39221e-10
      3990.00  4.32117e-10
      4000.00  4.18699e-10
      4010.00  3.99807e-10
      4020.00  3.77398e-10
      4030.00  3.54320e-10
      4040.00  3.33387e-10
      4050.00  3.16523e-10
      4060.00  3.04211e-10
      4070.00  2.95311e-10
      4080.00  2.87699e-10
      4090.00  2.79689e-10
      4100.00  2.71179e-10
      4110.00  2.63375e-10
      4120.00  2.57483e-10
      4130.00  2.53869e-10
      4140.00  2.52223e-10
      4150.00  2.52097e-10
      4160.00  2.53301e-10
      4170.00  2.55961e-10
      4180.00  2.60127e-10
      4190.00  2.65275e-10
      4200.00  2.70361e-10
      4210.00  2.74503e-10
      4220.00  2.77504e-10
      4230.00  2.79731e-10
      4240.00  2.81668e-10
      4250.00  2.83666e-10
      4260.00  2.85990e-10
      4270.00  2.88976e-10
      4280.00  2.93052e-10
      4290.00  2.98434e-10
      4300.00  3.04697e-10
      4310.00  3.10624e-10
      4320.00  3.14419e-10
      4330.00  3.14079e-10
      4340.00  3.08033e-10
      4350.00  2.96041e-10
      4360.00  2.79403e-10
      4370.00  2.60135e-10
      4380.00  2.40159e-10
      4390.00  2.21059e-10
      4400.00  2.04161e-10
      4410.00  1.90603e-10
      4420.00  1.81228e-10
      4430.00  1.76517e-10
      4440.00  1.76505e-10
      4450.00  1.80762e-10
      4460.00  1.88630e-10
      4470.00  1.99525e-10
      4480.00  2.13100e-10
      4490.00  2.29287e-10
      4500.00  2.48270e-10
      4510.00  2.70341e-10
      4520.00  2.95714e-10
      4530.00  3.24365e-10
      4540.00  3.55906e-10
      4550.00  3.89492e-10
      4560.00  4.23838e-10
      4570.00  4.57379e-10
      4580.00  4.88587e-10
      4590.00  5.16254e-10
      4600.00  5.39518e-10
      4610.00  5.57596e-10
      4620.00  5.69514e-10
      4630.00  5.74052e-10
      4640.00  5.69895e-10
      4650.00  5.55958e-10
      4660.00  5.31958e-10
      4670.00  4.99050e-10
      4680.00  4.59992e-10
      4690.00  4.18517e-10
      4700.00  3.78276e-10
      4710.00  3.42022e-10
      4720.00  3.11268e-10
      4730.00  2.86373e-10
      4740.00  2.66914e-10
      4750.00  2.52247e-10
      4760.00  2.42052e-10
      4770.00  2.36509e-10
      4780.00  2.35942e-10
      4790.00  2.40217e-10
      4800.00  2.48329e-10
      4810.00  2.58446e-10
      4820.00  2.68346e-10
      4830.00  2.76051e-10
      4840.00  2.80537e-10
      4850.00  2.82276e-10
      4860.00  2.83195e-10
      4870.00  2.85910e-10
      4880.00  2.92673e-10
      4890.00  3.04667e-10
      4900.00  3.21828e-10
      4910.00  3.42988e-10
      4920.00  3.66083e-10
      4930.00  3.88399e-10
      4940.00  4.06874e-10
      4950.00  4.18529e-10
      4960.00  4.21043e-10
      4970.00  4.13398e-10
      4980.00  3.96368e-10
      4990.00  3.72460e-10
      5000.00  3.45285e-10
      5010.00  3.18559e-10
      5020.00  2.95156e-10
      5030.00  2.76590e-10
      5040.00  2.63052e-10
      5050.00  2.53861e-10
      5060.00  2.48010e-10
      5070.00  2.44558e-10
      5080.00  2.42777e-10
      5090.00  2.42142e-10
      5100.00  2.42267e-10
      5110.00  2.42852e-10
      5120.00  2.43687e-10
      5130.00  2.44715e-10
      5140.00  2.46107e-10
      5150.00  2.48243e-10
      5160.00  2.51593e-10
      5170.00  2.56568e-10
      5180.00  2.63440e-10
      5190.00  2.72328e-10
      5200.00  2.83178e-10
      5210.00  2.95723e-10
      5220.00  3.09464e-10
      5230.00  3.23780e-10
      5240.00  3.38144e-10
      5250.00  3.52301e-10
      5260.00  3.66246e-10
      5270.00  3.80000e-10
      5280.00  3.93376e-10
      5290.00  4.05928e-10
      5300.00  4.17084e-10
      5310.00  4.26314e-10
      5320.00  4.33254e-10
      5330.00  4.37977e-10
      5340.00  4.41224e-10
      5350.00  4.44021e-10
      5360.00  4.46906e-10
      5370.00  4.49737e-10
      5380.00  4.52173e-10
      5390.00  4.54116e-10
      5400.00  4.55870e-10
      5410.00  4.58126e-10
      5420.00  4.61790e-10
      5430.00  4.67720e-10
      5440.00  4.76472e-10
      5450.00  4.88132e-10
      5460.00  5.02257e-10
      5470.00  5.17946e-10
      5480.00  5.34007e-10
      5490.00  5.49159e-10
      5500.00  5.62182e-10
      5510.00  5.71997e-10
      5520.00  5.77726e-10
      5530.00  5.78781e-10
      5540.00  5.74932e-10
      5550.00  5.66298e-10
      5560.00  5.53220e-10
      5570.00  5.36135e-10
      5580.00  5.15520e-10
      5590.00  4.91931e-10
      5600.00  4.66033e-10
      5610.00  4.38544e-10
      5620.00  4.10201e-10
      5630.00  3.81748e-10
      5640.00  3.53981e-10
      5650.00  3.27811e-10
      5660.00  3.04289e-10
      5670.00  2.84538e-10
      5680.00  2.69612e-10
      5690.00  2.60338e-10
      5700.00  2.57210e-10
      5710.00  2.60349e-10
      5720.00  2.69508e-10
      5730.00  2.84100e-10
      5740.00  3.03266e-10
      5750.00  3.25954e-10
      5760.00  3.51006e-10
      5770.00  3.77212e-10
      5780.00  4.03356e-10
      5790.00  4.28273e-10
      5800.00  4.50908e-10
      5810.00  4.70361e-10
      5820.00  4.85915e-10
      5830.00  4.97065e-10
      5840.00  5.03573e-10
      5850.00  5.05498e-10
      5860.00  5.03197e-10
      5870.00  4.97283e-10
      5880.00  4.88506e-10
      5890.00  4.77582e-10
      5900.00  4.65051e-10
      5910.00  4.51188e-10
      5920.00  4.36038e-10
      5930.00  4.19549e-10
      5940.00  4.01746e-10
      5950.00  3.82871e-10
      5960.00  3.63423e-10
      5970.00  3.44098e-10
      5980.00  3.25656e-10
      5990.00  3.08780e-10
      6000.00  2.93982e-10
      6010.00  2.81571e-10
      6020.00  2.71659e-10
      6030.00  2.64187e-10
      6040.00  2.58950e-10
      6050.00  2.55620e-10
      6060.00  2.53795e-10
      6070.00  2.53063e-10
      6080.00  2.53093e-10
      6090.00  2.53691e-10
      6100.00  2.54811e-10
      6110.00  2.56495e-10
      6120.00  2.58794e-10
      6130.00  2.61717e-10
      6140.00  2.65228e-10
      6150.00  2.69254e-10
      6160.00  2.73682e-10
      6170.00  2.78311e-10
      6180.00  2.82784e-10
      6190.00  2.86559e-10
      6200.00  2.88958e-10
      6210.00  2.89305e-10
      6220.00  2.87113e-10
      6230.00  2.82238e-10
      6240.00  2.74940e-10
      6250.00  2.65846e-10
      6260.00  2.55833e-10
      6270.00  2.45885e-10
      6280.00  2.36949e-10
      6290.00  2.29845e-10
      6300.00  2.25224e-10
      6310.00  2.23549e-10
      6320.00  2.25023e-10
      6330.00  2.29502e-10
      6340.00  2.36512e-10
      6350.00  2.45453e-10
      6360.00  2.55858e-10
      6370.00  2.67482e-10
      6380.00  2.80199e-10
      6390.00  2.93874e-10
      6400.00  3.08290e-10
      6410.00  3.23146e-10
      6420.00  3.38068e-10
      6430.00  3.52643e-10
      6440.00  3.66459e-10
      6450.00  3.79114e-10
      6460.00  3.90233e-10
      6470.00  3.99464e-10
      6480.00  4.06487e-10
      6490.00  4.11036e-10
      6500.00  4.12928e-10
      6510.00  4.12076e-10
      6520.00  4.08501e-10
      6530.00  4.02315e-10
      6540.00  3.93697e-10
      6550.00  3.82874e-10
      6560.00  3.70095e-10
      6570.00  3.55632e-10
      6580.00  3.39771e-10
      6590.00  3.22828e-10
      6600.00  3.05154e-10
      6610.00  2.87128e-10
      6620.00  2.69125e-10
      6630.00  2.51480e-10
      6640.00  2.34462e-10
      6650.00  2.18267e-10
      6660.00  2.03028e-10
      6670.00  1.88847e-10
      6680.00  1.75809e-10
      6690.00  1.63994e-10
      6700.00  1.53474e-10
      6710.00  1.44291e-10
      6720.00  1.36442e-10
      6730.00  1.29865e-10
      6740.00  1.24451e-10
      6750.00  1.20061e-10
      6760.00  1.16555e-10
      6770.00  1.13808e-10
      6780.00  1.11722e-10
      6790.00  1.10222e-10
      6800.00  1.09255e-10
      6810.00  1.08783e-10
      6820.00  1.08780e-10
      6830.00  1.09221e-10
      6840.00  1.10072e-10
      6850.00  1.11285e-10
      6860.00  1.12797e-10
      6870.00  1.14545e-10
      6880.00  1.16467e-10
      6890.00  1.18497e-10
      6900.00  1.20558e-10
      6910.00  1.22556e-10
      6920.00  1.24388e-10
      6930.00  1.25966e-10
      6940.00  1.27240e-10
      6950.00  1.28213e-10
      6960.00  1.28943e-10
      6970.00  1.29519e-10
      6980.00  1.30038e-10
      6990.00  1.30590e-10
      7000.00  1.31242e-10
      7010.00  1.32050e-10
      7020.00  1.33058e-10
      7030.00  1.34307e-10
      7040.00  1.35836e-10
      7050.00  1.37680e-10
      7060.00  1.39863e-10
      7070.00  1.42392e-10
      7080.00  1.45254e-10
      7090.00  1.48422e-10
      7100.00  1.51868e-10
      7110.00  1.55573e-10
      7120.00  1.59532e-10
      7130.00  1.63747e-10
      7140.00  1.68204e-10
      7150.00  1.72851e-10
      7160.00  1.77610e-10
      7170.00  1.82391e-10
      7180.00  1.87108e-10
      7190.00  1.91678e-10
      7200.00  1.96025e-10
      7210.00  2.00066e-10
      7220.00  2.03721e-10
      7230.00  2.06910e-10
      7240.00  2.09556e-10
      7250.00  2.11601e-10
      7260.00  2.13016e-10
      7270.00  2.13819e-10
      7280.00  2.14083e-10
      7290.00  2.13935e-10
      7300.00  2.13544e-10
      7310.00  2.13099e-10
      7320.00  2.12788e-10
      7330.00  2.12767e-10
      7340.00  2.13142e-10
      7350.00  2.13948e-10
      7360.00  2.15146e-10
      7370.00  2.16632e-10
      7380.00  2.18259e-10
      7390.00  2.19862e-10
      7400.00  2.21271e-10
      7410.00  2.22330e-10
      7420.00  2.22901e-10
      7430.00  2.22858e-10
      7440.00  2.22086e-10
      7450.00  2.20491e-10
      7460.00  2.18023e-10
      7470.00  2.14706e-10
      7480.00  2.10666e-10
      7490.00  2.06153e-10
      7500.00  2.01540e-10
      7510.00  1.97268e-10
      7520.00  1.93747e-10
      7530.00  1.91221e-10
      7540.00  1.89710e-10
      7550.00  1.89064e-10
      7560.00  1.89080e-10
      7570.00  1.89589e-10
      7580.00  1.90467e-10
      7590.00  1.91633e-10
      7600.00  1.93063e-10
      7610.00  1.94804e-10
      7620.00  1.96961e-10
      7630.00  1.99639e-10
      7640.00  2.02875e-10
      7650.00  2.06595e-10
      7660.00  2.10614e-10
      7670.00  2.14662e-10
      7680.00  2.18440e-10
      7690.00  2.21667e-10
      7700.00  2.24118e-10
      7710.00  2.25647e-10
      7720.00  2.26186e-10
      7730.00  2.25739e-10
      7740.00  2.24379e-10
      7750.00  2.22233e-10
      7760.00  2.19462e-10
      7770.00  2.16236e-10
      7780.00  2.12705e-10
      7790.00  2.08969e-10
      7800.00  2.05067e-10
      7810.00  2.00977e-10
      7820.00  1.96639e-10
      7830.00  1.91989e-10
      7840.00  1.86996e-10
      7850.00  1.81673e-10
      7860.00  1.76081e-10
      7870.00  1.70306e-10
      7880.00  1.64438e-10
      7890.00  1.58555e-10
      7900.00  1.52719e-10
      7910.00  1.46983e-10
      7920.00  1.41391e-10
      7930.00  1.36023e-10
      7940.00  1.30953e-10
      7950.00  1.26248e-10
      7960.00  1.21961e-10
      7970.00  1.18122e-10
      7980.00  1.14732e-10
      7990.00  1.11766e-10
      8000.00  1.09180e-10
      8010.00  1.06922e-10
      8020.00  1.04934e-10
      8030.00  1.03153e-10
      8040.00  1.01499e-10
      8050.00  9.98831e-11
      8060.00  9.82058e-11
      8070.00  9.63641e-11
      8080.00  9.42606e-11
      8090.00  9.18097e-11
      8100.00  8.89402e-11
      8110.00  8.55967e-11
      8120.00  8.17440e-11
      8130.00  7.73796e-11
      8140.00  7.25497e-11
      8150.00  6.73646e-11
      8160.00  6.20000e-11
      8170.00  5.66802e-11
      8180.00  5.16448e-11
      8190.00  4.71078e-11
      8200.00  4.32246e-11
      8210.00  4.00769e-11
      8220.00  3.76774e-11
      8230.00  3.59885e-11
      8240.00  3.49456e-11
      8250.00  3.44750e-11
      8260.00  3.45034e-11
      8270.00  3.49590e-11
      8280.00  3.57686e-11
      8290.00  3.68560e-11
      8300.00  3.81455e-11
      8310.00  3.95718e-11
      8320.00  4.10930e-11
      8330.00  4.27024e-11
      8340.00  4.44334e-11
      8350.00  4.63557e-11
      8360.00  4.85638e-11
      8370.00  5.11590e-11
      8380.00  5.42309e-11
      8390.00  5.78403e-11
      8400.00  6.20076e-11
      8410.00  6.67087e-11
      8420.00  7.18805e-11
      8430.00  7.74289e-11
      8440.00  8.32368e-11
      8450.00  8.91705e-11
      8460.00  9.50847e-11
      8470.00  1.00829e-10
      8480.00  1.06258e-10
      8490.00  1.11246e-10
      8500.00  1.15708e-10
      8510.00  1.19612e-10
      8520.00  1.22985e-10
      8530.00  1.25914e-10
      8540.00  1.28514e-10
      8550.00  1.30908e-10
      8560.00  1.33198e-10
      8570.00  1.35337e-10
      8580.00  1.37307e-10
      8590.00  1.39266e-10
      8600.00  1.41214e-10
      8610.00  1.43148e-10
      8620.00  1.45068e-10
      8630.00  1.46978e-10
      8640.00  1.48877e-10
      8650.00  1.50750e-10
      8660.00  1.52564e-10
      8670.00  1.54269e-10
      8680.00  1.55816e-10
      8690.00  1.57166e-10
      8700.00  1.58305e-10
      8710.00  1.59247e-10
      8720.00  1.60024e-10
      8730.00  1.60665e-10
      8740.00  1.61178e-10
      8750.00  1.61543e-10
      8760.00  1.61710e-10
      8770.00  1.61618e-10
      8780.00  1.61204e-10
      8790.00  1.60427e-10
      8800.00  1.59269e-10
      8810.00  1.57738e-10
      8820.00  1.55862e-10
      8830.00  1.53684e-10
      8840.00  1.51255e-10
      8850.00  1.48627e-10
      8860.00  1.45852e-10
      8870.00  1.42979e-10
      8880.00  1.40047e-10
      8890.00  1.37084e-10
      8900.00  1.34111e-10
      8910.00  1.31142e-10
      8920.00  1.28187e-10
      8930.00  1.25262e-10
      8940.00  1.22386e-10
      8950.00  1.19587e-10
      8960.00  1.16897e-10
      8970.00  1.14352e-10
      8980.00  1.11988e-10
      8990.00  1.09837e-10
      9000.00  1.07928e-10
      9010.00  1.06280e-10
      9020.00  1.04908e-10
      9030.00  1.03821e-10
      9040.00  1.03026e-10
      9050.00  1.02526e-10
      9060.00  1.02323e-10
      9070.00  1.02416e-10
      9080.00  1.02795e-10
      9090.00  1.03440e-10
      9100.00  1.04323e-10
      9110.00  1.05407e-10
      9120.00  1.06653e-10
      9130.00  1.08023e-10
      9140.00  1.09486e-10
      9150.00  1.11027e-10
      9160.00  1.12641e-10
      9170.00  1.14337e-10
      9180.00  1.16124e-10
      9190.00  1.18008e-10
      9200.00  1.19979e-10
      9210.00  1.22003e-10
      9220.00  1.24025e-10
      9230.00  1.25977e-10
      9240.00  1.27785e-10
      9250.00  1.29393e-10
      9260.00  1.30770e-10
      9270.00  1.31914e-10
      9280.00  1.32846e-10
      9290.00  1.33596e-10
      9300.00  1.34190e-10
      9310.00  1.34648e-10
      9320.00  1.34987e-10
      9330.00  1.35223e-10
      9340.00  1.35375e-10
      9350.00  1.35461e-10
      9360.00  1.35497e-10
      9370.00  1.35493e-10
      9380.00  1.35454e-10
      9390.00  1.35382e-10
      9400.00  1.35275e-10
      9410.00  1.35130e-10
      9420.00  1.34942e-10
      9430.00  1.34709e-10
      9440.00  1.34423e-10
      9450.00  1.34081e-10
      9460.00  1.33678e-10
      9470.00  1.33207e-10
      9480.00  1.32664e-10
      9490.00  1.32047e-10
      9500.00  1.31351e-10
      9510.00  1.30577e-10
      9520.00  1.29723e-10
      9530.00  1.28793e-10
      9540.00  1.27792e-10
      9550.00  1.26726e-10
      9560.00  1.25604e-10
      9570.00  1.24437e-10
      9580.00  1.23239e-10
      9590.00  1.22024e-10
      9600.00  1.20810e-10
      9610.00  1.19613e-10
      9620.00  1.18452e-10
      9630.00  1.17346e-10
      9640.00  1.16313e-10
      9650.00  1.15373e-10
      9660.00  1.14541e-10
      9670.00  1.13836e-10
      9680.00  1.13271e-10
      9690.00  1.12859e-10
      9700.00  1.12612e-10
      9710.00  1.12537e-10
      9720.00  1.12641e-10
      9730.00  1.12926e-10
      9740.00  1.13394e-10
      9750.00  1.14043e-10
      9760.00  1.14868e-10
      9770.00  1.15862e-10
      9780.00  1.17015e-10
      9790.00  1.18317e-10
      9800.00  1.19753e-10
      9810.00  1.21309e-10
      9820.00  1.22969e-10
      9830.00  1.24716e-10
      9840.00  1.26531e-10
      9850.00  1.28398e-10
      9860.00  1.30300e-10
      9870.00  1.32219e-10
      9880.00  1.34140e-10
      9890.00  1.36047e-10
      9900.00  1.37927e-10
      9910.00  1.39765e-10
      9920.00  1.41548e-10
      9930.00  1.43263e-10
      9940.00  1.44898e-10
      9950.00  1.46439e-10
      9960.00  1.47872e-10
      9970.00  1.49183e-10
      9980.00  1.50357e-10
      9990.00  1.51380e-10
      10000.0  1.52236e-10
      10010.0  1.52911e-10
      10020.0  1.53390e-10
      10030.0  1.53663e-10
      10040.0  1.53720e-10
      10050.0  1.53555e-10
      10060.0  1.53166e-10
      10070.0  1.52557e-10
      10080.0  1.51733e-10
      10090.0  1.50709e-10
      10100.0  1.49502e-10
      10110.0  1.48135e-10
      10120.0  1.46635e-10
      10130.0  1.45036e-10
      10140.0  1.43373e-10
      10150.0  1.41685e-10
      10160.0  1.40012e-10
      10170.0  1.38394e-10
      10180.0  1.36873e-10
      10190.0  1.35488e-10
      10200.0  1.34274e-10
      10210.0  1.33263e-10
      10220.0  1.32482e-10
      10230.0  1.31953e-10
      10240.0  1.31687e-10
      10250.0  1.31693e-10
      10260.0  1.31968e-10
      10270.0  1.32502e-10
      10280.0  1.33281e-10
      10290.0  1.34279e-10
      10300.0  1.35467e-10
      10310.0  1.36811e-10
      10320.0  1.38274e-10
      10330.0  1.39814e-10
      10340.0  1.41391e-10
      10350.0  1.42964e-10
      10360.0  1.44495e-10
      10370.0  1.45949e-10
      10380.0  1.47292e-10
      10390.0  1.48499e-10
      10400.0  1.49545e-10
      10410.0  1.50413e-10
      10420.0  1.51089e-10
      10430.0  1.51564e-10
      10440.0  1.51832e-10
      10450.0  1.51891e-10
      10460.0  1.51743e-10
      10470.0  1.51390e-10
      10480.0  1.50837e-10
      10490.0  1.50092e-10
      10500.0  1.49162e-10
      10510.0  1.48056e-10
      10520.0  1.46786e-10
      10530.0  1.45361e-10
      10540.0  1.43795e-10
      10550.0  1.42099e-10
      10560.0  1.40288e-10
      10570.0  1.38377e-10
      10580.0  1.36382e-10
      10590.0  1.34319e-10
      10600.0  1.32204e-10
      10610.0  1.30057e-10
      10620.0  1.27894e-10
      10630.0  1.25733e-10
      10640.0  1.23592e-10
      10650.0  1.21487e-10
      10660.0  1.19434e-10
      10670.0  1.17446e-10
      10680.0  1.15538e-10
      10690.0  1.13719e-10
      10700.0  1.12000e-10
      10710.0  1.10385e-10
      10720.0  1.08881e-10
      10730.0  1.07489e-10
      10740.0  1.06210e-10
      10750.0  1.05040e-10
      10760.0  1.03976e-10
      10770.0  1.03011e-10
      10780.0  1.02138e-10
      10790.0  1.01347e-10
      10800.0  1.00627e-10
      10810.0  9.99674e-11
      10820.0  9.93561e-11
      10830.0  9.87810e-11
      10840.0  9.82301e-11
      10850.0  9.76916e-11
      10860.0  9.71546e-11
      10870.0  9.66088e-11
      10880.0  9.60450e-11
      10890.0  9.54554e-11
      10900.0  9.48330e-11
      10910.0  9.41727e-11
      10920.0  9.34703e-11
      10930.0  9.27233e-11
      10940.0  9.19302e-11
      10950.0  9.10907e-11
      10960.0  9.02055e-11
      10970.0  8.92764e-11
      10980.0  8.83055e-11
      10990.0  8.72956e-11
      11000.0  8.62498e-11
      11010.0  8.51713e-11
      11020.0  8.40632e-11
      11030.0  8.29285e-11
      11040.0  8.17699e-11
      11050.0  8.05895e-11
      11060.0  7.93891e-11
      11070.0  7.81701e-11
      11080.0  7.69333e-11
      11090.0  7.56790e-11
      11100.0  7.44074e-11
      11110.0  7.31182e-11
      11120.0  7.18109e-11
      11130.0  7.04854e-11
      11140.0  6.91412e-11
      11150.0  6.77783e-11
      11160.0  6.63971e-11
      11170.0  6.49983e-11
      11180.0  6.35835e-11
      11190.0  6.21545e-11
      11200.0  6.07142e-11
      11210.0  5.92659e-11
      11220.0  5.78136e-11
      11230.0  5.63621e-11
      11240.0  5.49166e-11
      11250.0  5.34828e-11
      11260.0  5.20666e-11
      11270.0  5.06743e-11
      11280.0  4.93122e-11
      11290.0  4.79862e-11
      11300.0  4.67024e-11
      11310.0  4.54661e-11
      11320.0  4.42823e-11
      11330.0  4.31552e-11
      11340.0  4.20883e-11
      11350.0  4.10842e-11
      11360.0  4.01447e-11
      11370.0  3.92706e-11
      11380.0  3.84617e-11
      11390.0  3.77168e-11
      11400.0  3.70340e-11
      11410.0  3.64103e-11
      11420.0  3.58422e-11
      11430.0  3.53253e-11
      11440.0  3.48546e-11
      11450.0  3.44248e-11
      11460.0  3.40300e-11
      11470.0  3.36644e-11
      11480.0  3.33216e-11
      11490.0  3.29957e-11
      11500.0  3.26806e-11
      11510.0  3.23705e-11
      11520.0  3.20600e-11
      11530.0  3.17439e-11
      11540.0  3.14179e-11
      11550.0  3.10777e-11
      11560.0  3.07201e-11
      11570.0  3.03424e-11
      11580.0  2.99424e-11
      11590.0  2.95189e-11
      11600.0  2.90710e-11
      11610.0  2.85988e-11
      11620.0  2.81029e-11
      11630.0  2.75845e-11
      11640.0  2.70454e-11
      11650.0  2.64879e-11
      11660.0  2.59146e-11
      11670.0  2.53287e-11
      11680.0  2.47335e-11
      11690.0  2.41325e-11
      11700.0  2.35294e-11
      11710.0  2.29280e-11
      11720.0  2.23320e-11
      11730.0  2.17451e-11
      11740.0  2.11706e-11
      11750.0  2.06119e-11
      11760.0  2.00719e-11
      11770.0  1.95533e-11
      11780.0  1.90585e-11
      11790.0  1.85893e-11
      11800.0  1.81473e-11
      11810.0  1.77337e-11
      11820.0  1.73493e-11
      11830.0  1.69942e-11
      11840.0  1.66685e-11
      11850.0  1.63717e-11
      11860.0  1.61029e-11
      11870.0  1.58612e-11
      11880.0  1.56449e-11
      11890.0  1.54525e-11
      11900.0  1.52819e-11
      11910.0  1.51311e-11
      11920.0  1.49978e-11
      11930.0  1.48796e-11
      11940.0  1.47740e-11
      11950.0  1.46786e-11
      11960.0  1.45910e-11
      11970.0  1.45087e-11
      11980.0  1.44295e-11
      11990.0  1.43512e-11
      12000.0  1.42718e-11
      12010.0  1.41894e-11
      12020.0  1.41026e-11
      12030.0  1.40099e-11
      12040.0  1.39103e-11
      12050.0  1.38030e-11
      12060.0  1.36875e-11
      12070.0  1.35637e-11
      12080.0  1.34315e-11
      12090.0  1.32913e-11
      12100.0  1.31439e-11
      12110.0  1.29901e-11
      12120.0  1.28311e-11
      12130.0  1.26683e-11
      12140.0  1.25033e-11
      12150.0  1.23377e-11
      12160.0  1.21736e-11
      12170.0  1.20129e-11
      12180.0  1.18577e-11
      12190.0  1.17102e-11
      12200.0  1.15723e-11
      12210.0  1.14463e-11
      12220.0  1.13342e-11
      12230.0  1.12379e-11
      12240.0  1.11592e-11
      12250.0  1.10998e-11
      12260.0  1.10611e-11
      12270.0  1.10446e-11
      12280.0  1.10513e-11
      12290.0  1.10820e-11
      12300.0  1.11373e-11
      12310.0  1.12178e-11
      12320.0  1.13235e-11
      12330.0  1.14543e-11
      12340.0  1.16100e-11
      12350.0  1.17899e-11
      12360.0  1.19932e-11
      12370.0  1.22191e-11
      12380.0  1.24663e-11
      12390.0  1.27335e-11
      12400.0  1.30193e-11
      12410.0  1.33218e-11
      12420.0  1.36396e-11
      12430.0  1.39706e-11
      12440.0  1.43129e-11
      12450.0  1.46647e-11
      12460.0  1.50239e-11
      12470.0  1.53884e-11
      12480.0  1.57561e-11
      12490.0  1.61251e-11
      12500.0  1.64933e-11
      12510.0  1.68587e-11
      12520.0  1.72193e-11
      12530.0  1.75732e-11
      12540.0  1.79185e-11
      12550.0  1.82533e-11
      12560.0  1.85761e-11
      12570.0  1.88850e-11
      12580.0  1.91785e-11
      12590.0  1.94551e-11
      12600.0  1.97135e-11
      12610.0  1.99523e-11
      12620.0  2.01706e-11
      12630.0  2.03671e-11
      12640.0  2.05412e-11
      12650.0  2.06920e-11
      12660.0  2.08190e-11
      12670.0  2.09219e-11
      12680.0  2.10003e-11
      12690.0  2.10542e-11
      12700.0  2.10838e-11
      12710.0  2.10893e-11
      12720.0  2.10712e-11
      12730.0  2.10300e-11
      12740.0  2.09665e-11
      12750.0  2.08815e-11
      12760.0  2.07761e-11
      12770.0  2.06513e-11
      12780.0  2.05083e-11
      12790.0  2.03483e-11
      12800.0  2.01726e-11
      12810.0  1.99826e-11
      12820.0  1.97795e-11
      12830.0  1.95647e-11
      12840.0  1.93394e-11
      12850.0  1.91049e-11
      12860.0  1.88623e-11
      12870.0  1.86128e-11
      12880.0  1.83574e-11
      12890.0  1.80970e-11
      12900.0  1.78326e-11
      12910.0  1.75648e-11
      12920.0  1.72944e-11
      12930.0  1.70219e-11
      12940.0  1.67478e-11
      12950.0  1.64726e-11
      12960.0  1.61966e-11
      12970.0  1.59201e-11
      12980.0  1.56432e-11
      12990.0  1.53663e-11
      13000.0  1.50893e-11
      13010.0  1.48125e-11
      13020.0  1.45360e-11
      13030.0  1.42599e-11
      13040.0  1.39842e-11
      13050.0  1.37093e-11
      13060.0  1.34351e-11
      13070.0  1.31620e-11
      13080.0  1.28903e-11
      13090.0  1.26201e-11
      13100.0  1.23518e-11
      13110.0  1.20859e-11
      13120.0  1.18229e-11
      13130.0  1.15631e-11
      13140.0  1.13072e-11
      13150.0  1.10558e-11
      13160.0  1.08096e-11
      13170.0  1.05692e-11
      13180.0  1.03353e-11
      13190.0  1.01088e-11
      13200.0  9.89049e-12
      13210.0  9.68109e-12
      13220.0  9.48148e-12
      13230.0  9.29248e-12
      13240.0  9.11493e-12
      13250.0  8.94968e-12
      13260.0  8.79753e-12
      13270.0  8.65931e-12
      13280.0  8.53577e-12
      13290.0  8.42767e-12
      13300.0  8.33570e-12
      13310.0  8.26050e-12
      13320.0  8.20266e-12
      13330.0  8.16266e-12
      13340.0  8.14093e-12
      13350.0  8.13778e-12
      13360.0  8.15343e-12
      13370.0  8.18797e-12
      13380.0  8.24134e-12
      13390.0  8.31339e-12
      13400.0  8.40377e-12
      13410.0  8.51203e-12
      13420.0  8.63753e-12
      13430.0  8.77949e-12
      13440.0  8.93700e-12
      13450.0  9.10897e-12
      13460.0  9.29419e-12
      13470.0  9.49135e-12
      13480.0  9.69898e-12
      13490.0  9.91557e-12
      13500.0  1.01395e-11
      13510.0  1.03691e-11
      13520.0  1.06027e-11
      13530.0  1.08386e-11
      13540.0  1.10751e-11
      13550.0  1.13105e-11
      13560.0  1.15433e-11
      13570.0  1.17720e-11
      13580.0  1.19950e-11
      13590.0  1.22111e-11
      13600.0  1.24191e-11
      13610.0  1.26179e-11
      13620.0  1.28065e-11
      13630.0  1.29842e-11
      13640.0  1.31502e-11
      13650.0  1.33041e-11
      13660.0  1.34453e-11
      13670.0  1.35737e-11
      13680.0  1.36891e-11
      13690.0  1.37914e-11
      13700.0  1.38806e-11
      13710.0  1.39568e-11
      13720.0  1.40204e-11
      13730.0  1.40715e-11
      13740.0  1.41104e-11
      13750.0  1.41376e-11
      13760.0  1.41534e-11
      13770.0  1.41583e-11
      13780.0  1.41526e-11
      13790.0  1.41369e-11
      13800.0  1.41116e-11
      13810.0  1.40771e-11
      13820.0  1.40340e-11
      13830.0  1.39825e-11
      13840.0  1.39233e-11
      13850.0  1.38566e-11
      13860.0  1.37829e-11
      13870.0  1.37025e-11
      13880.0  1.36159e-11
      13890.0  1.35234e-11
      13900.0  1.34253e-11
      13910.0  1.33219e-11
      13920.0  1.32137e-11
      13930.0  1.31009e-11
      13940.0  1.29838e-11
      13950.0  1.28629e-11
      13960.0  1.27383e-11
      13970.0  1.26105e-11
      13980.0  1.24798e-11
      13990.0  1.23467e-11
      14000.0  1.22113e-11
      14010.0  1.20743e-11
      14020.0  1.19359e-11
      14030.0  1.17967e-11
      14040.0  1.16571e-11
      14050.0  1.15176e-11
      14060.0  1.13786e-11
      14070.0  1.12408e-11
      14080.0  1.11046e-11
      14090.0  1.09706e-11
      14100.0  1.08394e-11
      14110.0  1.07115e-11
      14120.0  1.05876e-11
      14130.0  1.04683e-11
      14140.0  1.03541e-11
      14150.0  1.02456e-11
      14160.0  1.01434e-11
      14170.0  1.00480e-11
      14180.0  9.96001e-12
      14190.0  9.87987e-12
      14200.0  9.80805e-12
      14210.0  9.74497e-12
      14220.0  9.69098e-12
      14230.0  9.64641e-12
      14240.0  9.61151e-12
      14250.0  9.58647e-12
      14260.0  9.57144e-12
      14270.0  9.56648e-12
      14280.0  9.57160e-12
      14290.0  9.58675e-12
      14300.0  9.61180e-12
      14310.0  9.64659e-12
      14320.0  9.69088e-12
      14330.0  9.74439e-12
      14340.0  9.80677e-12
      14350.0  9.87766e-12
      14360.0  9.95663e-12
      14370.0  1.00432e-11
      14380.0  1.01370e-11
      14390.0  1.02373e-11
      14400.0  1.03438e-11
      14410.0  1.04558e-11
      14420.0  1.05728e-11
      14430.0  1.06942e-11
      14440.0  1.08194e-11
      14450.0  1.09479e-11
      14460.0  1.10791e-11
      14470.0  1.12124e-11
      14480.0  1.13472e-11
      14490.0  1.14831e-11
      14500.0  1.16196e-11
      14510.0  1.17562e-11
      14520.0  1.18924e-11
      14530.0  1.20279e-11
      14540.0  1.21624e-11
      14550.0  1.22957e-11
      14560.0  1.24274e-11
      14570.0  1.25576e-11
      14580.0  1.26862e-11
      14590.0  1.28132e-11
      14600.0  1.29388e-11
      14610.0  1.30631e-11
      14620.0  1.31864e-11
      14630.0  1.33091e-11
      14640.0  1.34317e-11
      14650.0  1.35546e-11
      14660.0  1.36783e-11
      14670.0  1.38036e-11
      14680.0  1.39310e-11
      14690.0  1.40613e-11
      14700.0  1.41950e-11
      14710.0  1.43330e-11
      14720.0  1.44758e-11
      14730.0  1.46243e-11
      14740.0  1.47790e-11
      14750.0  1.49405e-11
      14760.0  1.51094e-11
      14770.0  1.52861e-11
      14780.0  1.54712e-11
      14790.0  1.56648e-11
      14800.0  1.58674e-11
      14810.0  1.60791e-11
      14820.0  1.62999e-11
      14830.0  1.65299e-11
      14840.0  1.67689e-11
      14850.0  1.70169e-11
      14860.0  1.72734e-11
      14870.0  1.75381e-11
      14880.0  1.78105e-11
      14890.0  1.80900e-11
      14900.0  1.83760e-11
      14910.0  1.86678e-11
      14920.0  1.89644e-11
      14930.0  1.92651e-11
      14940.0  1.95687e-11
      14950.0  1.98742e-11
      14960.0  2.01805e-11
      14970.0  2.04865e-11
      14980.0  2.07908e-11
      14990.0  2.10922e-11
      15000.0  2.13893e-11
      15010.0  2.16808e-11
      15020.0  2.19654e-11
      15030.0  2.22416e-11
      15040.0  2.25081e-11
      15050.0  2.27636e-11
      15060.0  2.30068e-11
      15070.0  2.32364e-11
      15080.0  2.34513e-11
      15090.0  2.36504e-11
      15100.0  2.38326e-11
      15110.0  2.39972e-11
      15120.0  2.41433e-11
      15130.0  2.42704e-11
      15140.0  2.43780e-11
      15150.0  2.44658e-11
      15160.0  2.45338e-11
      15170.0  2.45818e-11
      15180.0  2.46103e-11
      15190.0  2.46195e-11
      15200.0  2.46100e-11
      15210.0  2.45825e-11
      15220.0  2.45380e-11
      15230.0  2.44775e-11
      15240.0  2.44020e-11
      15250.0  2.43129e-11
      15260.0  2.42115e-11
      15270.0  2.40993e-11
      15280.0  2.39778e-11
      15290.0  2.38485e-11
      15300.0  2.37130e-11
      15310.0  2.35728e-11
      15320.0  2.34295e-11
      15330.0  2.32847e-11
      15340.0  2.31397e-11
      15350.0  2.29960e-11
      15360.0  2.28550e-11
      15370.0  2.27177e-11
      15380.0  2.25855e-11
      15390.0  2.24593e-11
      15400.0  2.23400e-11
      15410.0  2.22285e-11
      15420.0  2.21253e-11
      15430.0  2.20311e-11
      15440.0  2.19464e-11
      15450.0  2.18713e-11
      15460.0  2.18062e-11
      15470.0  2.17512e-11
      15480.0  2.17061e-11
      15490.0  2.16710e-11
      15500.0  2.16456e-11
      15510.0  2.16297e-11
      15520.0  2.16228e-11
      15530.0  2.16246e-11
      15540.0  2.16345e-11
      15550.0  2.16520e-11
      15560.0  2.16765e-11
      15570.0  2.17075e-11
      15580.0  2.17442e-11
      15590.0  2.17861e-11
      15600.0  2.18325e-11
      15610.0  2.18827e-11
      15620.0  2.19361e-11
      15630.0  2.19922e-11
      15640.0  2.20503e-11
      15650.0  2.21099e-11
      15660.0  2.21705e-11
      15670.0  2.22317e-11
      15680.0  2.22930e-11
      15690.0  2.23542e-11
      15700.0  2.24148e-11
      15710.0  2.24748e-11
      15720.0  2.25339e-11
      15730.0  2.25919e-11
      15740.0  2.26488e-11
      15750.0  2.27046e-11
      15760.0  2.27592e-11
      15770.0  2.28126e-11
      15780.0  2.28650e-11
      15790.0  2.29165e-11
      15800.0  2.29671e-11
      15810.0  2.30171e-11
      15820.0  2.30665e-11
      15830.0  2.31155e-11
      15840.0  2.31644e-11
      15850.0  2.32132e-11
      15860.0  2.32622e-11
      15870.0  2.33115e-11
      15880.0  2.33611e-11
      15890.0  2.34113e-11
      15900.0  2.34622e-11
      15910.0  2.35138e-11
      15920.0  2.35662e-11
      15930.0  2.36194e-11
      15940.0  2.36735e-11
      15950.0  2.37285e-11
      15960.0  2.37844e-11
      15970.0  2.38411e-11
      15980.0  2.38986e-11
      15990.0  2.39568e-11
      16000.0  2.40156e-11
      16010.0  2.40750e-11
      16020.0  2.41349e-11
      16030.0  2.41952e-11
      16040.0  2.42557e-11
      16050.0  2.43164e-11
      16060.0  2.43772e-11
      16070.0  2.44380e-11
      16080.0  2.44986e-11
      16090.0  2.45591e-11
      16100.0  2.46194e-11
      16110.0  2.46793e-11
      16120.0  2.47389e-11
      16130.0  2.47980e-11
      16140.0  2.48567e-11
      16150.0  2.49148e-11
      16160.0  2.49725e-11
      16170.0  2.50295e-11
      16180.0  2.50861e-11
      16190.0  2.51420e-11
      16200.0  2.51973e-11
      16210.0  2.52520e-11
      16220.0  2.53060e-11
      16230.0  2.53595e-11
      16240.0  2.54122e-11
      16250.0  2.54642e-11
      16260.0  2.55156e-11
      16270.0  2.55662e-11
      16280.0  2.56160e-11
      16290.0  2.56650e-11
      16300.0  2.57132e-11
      16310.0  2.57605e-11
      16320.0  2.58069e-11
      16330.0  2.58524e-11
      16340.0  2.58970e-11
      16350.0  2.59405e-11
      16360.0  2.59831e-11
      16370.0  2.60248e-11
      16380.0  2.60654e-11
      16390.0  2.61050e-11
      16400.0  2.61437e-11
      16410.0  2.61814e-11
      16420.0  2.62182e-11
      16430.0  2.62540e-11
      16440.0  2.62888e-11
      16450.0  2.63227e-11
      16460.0  2.63557e-11
      16470.0  2.63876e-11
      16480.0  2.64184e-11
      16490.0  2.64480e-11
      16500.0  2.64762e-11
      16510.0  2.65030e-11
      16520.0  2.65279e-11
      16530.0  2.65509e-11
      16540.0  2.65715e-11
      16550.0  2.65895e-11
      16560.0  2.66043e-11
      16570.0  2.66155e-11
      16580.0  2.66227e-11
      16590.0  2.66252e-11
      16600.0  2.66226e-11
      16610.0  2.66142e-11
      16620.0  2.65995e-11
      16630.0  2.65778e-11
      16640.0  2.65486e-11
      16650.0  2.65112e-11
      16660.0  2.64651e-11
      16670.0  2.64098e-11
      16680.0  2.63448e-11
      16690.0  2.62697e-11
      16700.0  2.61842e-11
      16710.0  2.60880e-11
      16720.0  2.59809e-11
      16730.0  2.58629e-11
      16740.0  2.57340e-11
      16750.0  2.55942e-11
      16760.0  2.54437e-11
      16770.0  2.52830e-11
      16780.0  2.51124e-11
      16790.0  2.49323e-11
      16800.0  2.47434e-11
      16810.0  2.45465e-11
      16820.0  2.43421e-11
      16830.0  2.41313e-11
      16840.0  2.39148e-11
      16850.0  2.36936e-11
      16860.0  2.34688e-11
      16870.0  2.32413e-11
      16880.0  2.30122e-11
      16890.0  2.27826e-11
      16900.0  2.25535e-11
      16910.0  2.23259e-11
      16920.0  2.21008e-11
      16930.0  2.18793e-11
      16940.0  2.16623e-11
      16950.0  2.14506e-11
      16960.0  2.12451e-11
      16970.0  2.10465e-11
      16980.0  2.08554e-11
      16990.0  2.06725e-11
      17000.0  2.04983e-11
      17010.0  2.03330e-11
      17020.0  2.01771e-11
      17030.0  2.00308e-11
      17040.0  1.98941e-11
      17050.0  1.97670e-11
      17060.0  1.96495e-11
      17070.0  1.95414e-11
      17080.0  1.94425e-11
      17090.0  1.93523e-11
      17100.0  1.92706e-11
      17110.0  1.91968e-11
      17120.0  1.91305e-11
      17130.0  1.90711e-11
      17140.0  1.90180e-11
      17150.0  1.89707e-11
      17160.0  1.89284e-11
      17170.0  1.88908e-11
      17180.0  1.88571e-11
      17190.0  1.88268e-11
      17200.0  1.87995e-11
      17210.0  1.87746e-11
      17220.0  1.87518e-11
      17230.0  1.87308e-11
      17240.0  1.87112e-11
      17250.0  1.86928e-11
      17260.0  1.86756e-11
      17270.0  1.86594e-11
      17280.0  1.86443e-11
      17290.0  1.86303e-11
      17300.0  1.86176e-11
      17310.0  1.86064e-11
      17320.0  1.85969e-11
      17330.0  1.85894e-11
      17340.0  1.85841e-11
      17350.0  1.85815e-11
      17360.0  1.85819e-11
      17370.0  1.85856e-11
      17380.0  1.85929e-11
      17390.0  1.86042e-11
      17400.0  1.86198e-11
      17410.0  1.86400e-11
      17420.0  1.86649e-11
      17430.0  1.86948e-11
      17440.0  1.87298e-11
      17450.0  1.87700e-11
      17460.0  1.88153e-11
      17470.0  1.88659e-11
      17480.0  1.89215e-11
      17490.0  1.89821e-11
      17500.0  1.90473e-11
      17510.0  1.91171e-11
      17520.0  1.91910e-11
      17530.0  1.92687e-11
      17540.0  1.93499e-11
      17550.0  1.94340e-11
      17560.0  1.95206e-11
      17570.0  1.96093e-11
      17580.0  1.96996e-11
      17590.0  1.97908e-11
      17600.0  1.98825e-11
      17610.0  1.99741e-11
      17620.0  2.00651e-11
      17630.0  2.01549e-11
      17640.0  2.02430e-11
      17650.0  2.03290e-11
      17660.0  2.04123e-11
      17670.0  2.04924e-11
      17680.0  2.05688e-11
      17690.0  2.06412e-11
      17700.0  2.07092e-11
      17710.0  2.07724e-11
      17720.0  2.08304e-11
      17730.0  2.08829e-11
      17740.0  2.09297e-11
      17750.0  2.09706e-11
      17760.0  2.10052e-11
      17770.0  2.10336e-11
      17780.0  2.10555e-11
      17790.0  2.10709e-11
      17800.0  2.10796e-11
      17810.0  2.10817e-11
      17820.0  2.10771e-11
      17830.0  2.10659e-11
      17840.0  2.10480e-11
      17850.0  2.10236e-11
      17860.0  2.09927e-11
      17870.0  2.09555e-11
      17880.0  2.09121e-11
      17890.0  2.08625e-11
      17900.0  2.08070e-11
      17910.0  2.07457e-11
      17920.0  2.06788e-11
      17930.0  2.06065e-11
      17940.0  2.05289e-11
      17950.0  2.04463e-11
      17960.0  2.03587e-11
      17970.0  2.02665e-11
      17980.0  2.01699e-11
      17990.0  2.00690e-11
      18000.0  1.99640e-11
      18010.0  1.98553e-11
      18020.0  1.97430e-11
      18030.0  1.96273e-11
      18040.0  1.95084e-11
      18050.0  1.93868e-11
      18060.0  1.92624e-11
      18070.0  1.91357e-11
      18080.0  1.90068e-11
      18090.0  1.88761e-11
      18100.0  1.87437e-11
      18110.0  1.86099e-11
      18120.0  1.84750e-11
      18130.0  1.83392e-11
      18140.0  1.82027e-11
      18150.0  1.80657e-11
      18160.0  1.79284e-11
      18170.0  1.77910e-11
      18180.0  1.76536e-11
      18190.0  1.75164e-11
      18200.0  1.73795e-11
      18210.0  1.72428e-11
      18220.0  1.71066e-11
      18230.0  1.69708e-11
      18240.0  1.68353e-11
      18250.0  1.67002e-11
      18260.0  1.65655e-11
      18270.0  1.64309e-11
      18280.0  1.62965e-11
      18290.0  1.61622e-11
      18300.0  1.60279e-11
      18310.0  1.58934e-11
      18320.0  1.57587e-11
      18330.0  1.56237e-11
      18340.0  1.54884e-11
      18350.0  1.53527e-11
      18360.0  1.52165e-11
      18370.0  1.50800e-11
      18380.0  1.49431e-11
      18390.0  1.48059e-11
      18400.0  1.46685e-11
      18410.0  1.45311e-11
      18420.0  1.43937e-11
      18430.0  1.42567e-11
      18440.0  1.41202e-11
      18450.0  1.39843e-11
      18460.0  1.38495e-11
      18470.0  1.37159e-11
      18480.0  1.35838e-11
      18490.0  1.34534e-11
      18500.0  1.33251e-11
      18510.0  1.31991e-11
      18520.0  1.30756e-11
      18530.0  1.29549e-11
      18540.0  1.28373e-11
      18550.0  1.27228e-11
      18560.0  1.26118e-11
      18570.0  1.25044e-11
      18580.0  1.24008e-11
      18590.0  1.23011e-11
      18600.0  1.22054e-11
      18610.0  1.21139e-11
      18620.0  1.20265e-11
      18630.0  1.19435e-11
      18640.0  1.18648e-11
      18650.0  1.17904e-11
      18660.0  1.17205e-11
      18670.0  1.16549e-11
      18680.0  1.15936e-11
      18690.0  1.15366e-11
      18700.0  1.14839e-11
      18710.0  1.14353e-11
      18720.0  1.13907e-11
      18730.0  1.13500e-11
      18740.0  1.13130e-11
      18750.0  1.12795e-11
      18760.0  1.12493e-11
      18770.0  1.12222e-11
      18780.0  1.11980e-11
      18790.0  1.11762e-11
      18800.0  1.11567e-11
      18810.0  1.11391e-11
      18820.0  1.11230e-11
      18830.0  1.11081e-11
      18840.0  1.10941e-11
      18850.0  1.10805e-11
      18860.0  1.10670e-11
      18870.0  1.10533e-11
      18880.0  1.10389e-11
      18890.0  1.10235e-11
      18900.0  1.10068e-11
      18910.0  1.09884e-11
      18920.0  1.09681e-11
      18930.0  1.09456e-11
      18940.0  1.09206e-11
      18950.0  1.08929e-11
      18960.0  1.08624e-11
      18970.0  1.08290e-11
      18980.0  1.07924e-11
      18990.0  1.07528e-11
      19000.0  1.07100e-11
      19010.0  1.06641e-11
      19020.0  1.06152e-11
      19030.0  1.05634e-11
      19040.0  1.05089e-11
      19050.0  1.04517e-11
      19060.0  1.03923e-11
      19070.0  1.03307e-11
      19080.0  1.02674e-11
      19090.0  1.02027e-11
      19100.0  1.01369e-11
      19110.0  1.00703e-11
      19120.0  1.00035e-11
      19130.0  9.93666e-12
      19140.0  9.87034e-12
      19150.0  9.80493e-12
      19160.0  9.74082e-12
      19170.0  9.67842e-12
      19180.0  9.61813e-12
      19190.0  9.56032e-12
      19200.0  9.50534e-12
      19210.0  9.45353e-12
      19220.0  9.40520e-12
      19230.0  9.36062e-12
      19240.0  9.32003e-12
      19250.0  9.28364e-12
      19260.0  9.25162e-12
      19270.0  9.22410e-12
      19280.0  9.20118e-12
      19290.0  9.18291e-12
      19300.0  9.16932e-12
      19310.0  9.16039e-12
      19320.0  9.15605e-12
      19330.0  9.15623e-12
      19340.0  9.16080e-12
      19350.0  9.16962e-12
      19360.0  9.18250e-12
      19370.0  9.19924e-12
      19380.0  9.21962e-12
      19390.0  9.24339e-12
      19400.0  9.27028e-12
      19410.0  9.30002e-12
      19420.0  9.33231e-12
      19430.0  9.36686e-12
      19440.0  9.40335e-12
      19450.0  9.44147e-12
      19460.0  9.48090e-12
      19470.0  9.52134e-12
      19480.0  9.56245e-12
      19490.0  9.60393e-12
      19500.0  9.64548e-12
      19510.0  9.68680e-12
      19520.0  9.72761e-12
      19530.0  9.76762e-12
      19540.0  9.80658e-12
      19550.0  9.84424e-12
      19560.0  9.88037e-12
      19570.0  9.91477e-12
      19580.0  9.94724e-12
      19590.0  9.97760e-12
      19600.0  1.00057e-11
      19610.0  1.00314e-11
      19620.0  1.00547e-11
      19630.0  1.00753e-11
      19640.0  1.00933e-11
      19650.0  1.01086e-11
      19660.0  1.01211e-11
      19670.0  1.01309e-11
      19680.0  1.01380e-11
      19690.0  1.01423e-11
      19700.0  1.01438e-11
      19710.0  1.01427e-11
      19720.0  1.01390e-11
      19730.0  1.01326e-11
      19740.0  1.01237e-11
      19750.0  1.01122e-11
      19760.0  1.00983e-11
      19770.0  1.00820e-11
      19780.0  1.00633e-11
      19790.0  1.00422e-11
      19800.0  1.00188e-11
      19810.0  9.99313e-12
      19820.0  9.96513e-12
      19830.0  9.93483e-12
      19840.0  9.90222e-12
      19850.0  9.86728e-12
      19860.0  9.82999e-12
      19870.0  9.79032e-12
      19880.0  9.74822e-12
      19890.0  9.70367e-12
      19900.0  9.65662e-12
      19910.0  9.60701e-12
      19920.0  9.55481e-12
      19930.0  9.49997e-12
      19940.0  9.44246e-12
      19950.0  9.38224e-12
      19960.0  9.31927e-12
      19970.0  9.25355e-12
      19980.0  9.18506e-12
      19990.0  9.11380e-12
      20000.0  9.03978e-12
      20010.0  8.96304e-12
      20020.0  8.88361e-12
      20030.0  8.80155e-12
      20040.0  8.71692e-12
      20050.0  8.62982e-12
      20060.0  8.54034e-12
      20070.0  8.44861e-12
      20080.0  8.35476e-12
      20090.0  8.25894e-12
      20100.0  8.16133e-12
      20110.0  8.06210e-12
      20120.0  7.96147e-12
      20130.0  7.85963e-12
      20140.0  7.75682e-12
      20150.0  7.65329e-12
      20160.0  7.54927e-12
      20170.0  7.44503e-12
      20180.0  7.34083e-12
      20190.0  7.23696e-12
      20200.0  7.13370e-12
      20210.0  7.03131e-12
      20220.0  6.93009e-12
      20230.0  6.83031e-12
      20240.0  6.73224e-12
      20250.0  6.63617e-12
      20260.0  6.54234e-12
      20270.0  6.45101e-12
      20280.0  6.36242e-12
      20290.0  6.27678e-12
      20300.0  6.19431e-12
      20310.0  6.11520e-12
      20320.0  6.03962e-12
      20330.0  5.96772e-12
      20340.0  5.89963e-12
      20350.0  5.83546e-12
      20360.0  5.77531e-12
      20370.0  5.71923e-12
      20380.0  5.66728e-12
      20390.0  5.61947e-12
      20400.0  5.57582e-12
      20410.0  5.53631e-12
      20420.0  5.50091e-12
      20430.0  5.46956e-12
      20440.0  5.44221e-12
      20450.0  5.41878e-12
      20460.0  5.39916e-12
      20470.0  5.38327e-12
      20480.0  5.37098e-12
      20490.0  5.36218e-12
      20500.0  5.35674e-12
      20510.0  5.35454e-12
      20520.0  5.35542e-12
      20530.0  5.35927e-12
      20540.0  5.36593e-12
      20550.0  5.37528e-12
      20560.0  5.38718e-12
      20570.0  5.40149e-12
      20580.0  5.41808e-12
      20590.0  5.43682e-12
      20600.0  5.45760e-12
      20610.0  5.48027e-12
      20620.0  5.50474e-12
      20630.0  5.53089e-12
      20640.0  5.55860e-12
      20650.0  5.58779e-12
      20660.0  5.61834e-12
      20670.0  5.65016e-12
      20680.0  5.68317e-12
      20690.0  5.71728e-12
      20700.0  5.75241e-12
      20710.0  5.78847e-12
      20720.0  5.82540e-12
      20730.0  5.86313e-12
      20740.0  5.90158e-12
      20750.0  5.94071e-12
      20760.0  5.98044e-12
      20770.0  6.02073e-12
      20780.0  6.06152e-12
      20790.0  6.10277e-12
      20800.0  6.14442e-12
      20810.0  6.18645e-12
      20820.0  6.22881e-12
      20830.0  6.27147e-12
      20840.0  6.31440e-12
      20850.0  6.35757e-12
      20860.0  6.40095e-12
      20870.0  6.44454e-12
      20880.0  6.48829e-12
      20890.0  6.53221e-12
      20900.0  6.57628e-12
      20910.0  6.62048e-12
      20920.0  6.66480e-12
      20930.0  6.70924e-12
      20940.0  6.75379e-12
      20950.0  6.79843e-12
      20960.0  6.84316e-12
      20970.0  6.88798e-12
      20980.0  6.93287e-12
      20990.0  6.97783e-12
      21000.0  7.02284e-12
      21010.0  7.06789e-12
      21020.0  7.11298e-12
      21030.0  7.15807e-12
      21040.0  7.20317e-12
      21050.0  7.24823e-12
      21060.0  7.29324e-12
      21070.0  7.33817e-12
      21080.0  7.38298e-12
      21090.0  7.42763e-12
      21100.0  7.47210e-12
      21110.0  7.51632e-12
      21120.0  7.56024e-12
      21130.0  7.60381e-12
      21140.0  7.64697e-12
      21150.0  7.68963e-12
      21160.0  7.73174e-12
      21170.0  7.77319e-12
      21180.0  7.81390e-12
      21190.0  7.85378e-12
      21200.0  7.89271e-12
      21210.0  7.93059e-12
      21220.0  7.96729e-12
      21230.0  8.00268e-12
      21240.0  8.03662e-12
      21250.0  8.06898e-12
      21260.0  8.09960e-12
      21270.0  8.12832e-12
      21280.0  8.15498e-12
      21290.0  8.17940e-12
      21300.0  8.20142e-12
      21310.0  8.22085e-12
      21320.0  8.23751e-12
      21330.0  8.25121e-12
      21340.0  8.26179e-12
      21350.0  8.26906e-12
      21360.0  8.27284e-12
      21370.0  8.27296e-12
      21380.0  8.26927e-12
      21390.0  8.26161e-12
      21400.0  8.24985e-12
      21410.0  8.23386e-12
      21420.0  8.21354e-12
      21430.0  8.18880e-12
      21440.0  8.15960e-12
      21450.0  8.12588e-12
      21460.0  8.08764e-12
      21470.0  8.04490e-12
      21480.0  7.99771e-12
      21490.0  7.94614e-12
      21500.0  7.89032e-12
      21510.0  7.83038e-12
      21520.0  7.76651e-12
      21530.0  7.69892e-12
      21540.0  7.62786e-12
      21550.0  7.55359e-12
      21560.0  7.47643e-12
      21570.0  7.39671e-12
      21580.0  7.31479e-12
      21590.0  7.23105e-12
      21600.0  7.14589e-12
      21610.0  7.05974e-12
      21620.0  6.97302e-12
      21630.0  6.88617e-12
      21640.0  6.79965e-12
      21650.0  6.71389e-12
      21660.0  6.62934e-12
      21670.0  6.54645e-12
      21680.0  6.46562e-12
      21690.0  6.38729e-12
      21700.0  6.31183e-12
      21710.0  6.23963e-12
      21720.0  6.17103e-12
      21730.0  6.10636e-12
      21740.0  6.04591e-12
      21750.0  5.98993e-12
      21760.0  5.93867e-12
      21770.0  5.89233e-12
      21780.0  5.85106e-12
      21790.0  5.81500e-12
      21800.0  5.78424e-12
      21810.0  5.75886e-12
      21820.0  5.73889e-12
      21830.0  5.72433e-12
      21840.0  5.71516e-12
      21850.0  5.71133e-12
      21860.0  5.71275e-12
      21870.0  5.71933e-12
      21880.0  5.73096e-12
      21890.0  5.74748e-12
      21900.0  5.76874e-12
      21910.0  5.79458e-12
      21920.0  5.82480e-12
      21930.0  5.85922e-12
      21940.0  5.89764e-12
      21950.0  5.93985e-12
      21960.0  5.98564e-12
      21970.0  6.03480e-12
      21980.0  6.08710e-12
      21990.0  6.14234e-12
      22000.0  6.20029e-12
      22010.0  6.26075e-12
      22020.0  6.32350e-12
      22030.0  6.38833e-12
      22040.0  6.45505e-12
      22050.0  6.52344e-12
      22060.0  6.59330e-12
      22070.0  6.66445e-12
      22080.0  6.73669e-12
      22090.0  6.80983e-12
      22100.0  6.88369e-12
      22110.0  6.95809e-12
      22120.0  7.03285e-12
      22130.0  7.10779e-12
      22140.0  7.18275e-12
      22150.0  7.25754e-12
      22160.0  7.33200e-12
      22170.0  7.40597e-12
      22180.0  7.47928e-12
      22190.0  7.55177e-12
      22200.0  7.62326e-12
      22210.0  7.69361e-12
      22220.0  7.76266e-12
      22230.0  7.83024e-12
      22240.0  7.89621e-12
      22250.0  7.96040e-12
      22260.0  8.02267e-12
      22270.0  8.08287e-12
      22280.0  8.14084e-12
      22290.0  8.19646e-12
      22300.0  8.24957e-12
      22310.0  8.30005e-12
      22320.0  8.34774e-12
      22330.0  8.39253e-12
      22340.0  8.43429e-12
      22350.0  8.47289e-12
      22360.0  8.50822e-12
      22370.0  8.54016e-12
      22380.0  8.56860e-12
      22390.0  8.59345e-12
      22400.0  8.61460e-12
      22410.0  8.63195e-12
      22420.0  8.64542e-12
      22430.0  8.65493e-12
      22440.0  8.66040e-12
      22450.0  8.66176e-12
      22460.0  8.65894e-12
      22470.0  8.65189e-12
      22480.0  8.64054e-12
      22490.0  8.62486e-12
      22500.0  8.60480e-12
      22510.0  8.58033e-12
      22520.0  8.55143e-12
      22530.0  8.51808e-12
      22540.0  8.48026e-12
      22550.0  8.43799e-12
      22560.0  8.39126e-12
      22570.0  8.34009e-12
      22580.0  8.28451e-12
      22590.0  8.22457e-12
      22600.0  8.16030e-12
      22610.0  8.09177e-12
      22620.0  8.01906e-12
      22630.0  7.94224e-12
      22640.0  7.86142e-12
      22650.0  7.77671e-12
      22660.0  7.68824e-12
      22670.0  7.59614e-12
      22680.0  7.50057e-12
      22690.0  7.40170e-12
      22700.0  7.29970e-12
      22710.0  7.19478e-12
      22720.0  7.08714e-12
      22730.0  6.97701e-12
      22740.0  6.86462e-12
      22750.0  6.75023e-12
      22760.0  6.63408e-12
      22770.0  6.51645e-12
      22780.0  6.39763e-12
      22790.0  6.27790e-12
      22800.0  6.15756e-12
      22810.0  6.03691e-12
      22820.0  5.91626e-12
      22830.0  5.79593e-12
      22840.0  5.67623e-12
      22850.0  5.55748e-12
      22860.0  5.44000e-12
      22870.0  5.32412e-12
      22880.0  5.21014e-12
      22890.0  5.09838e-12
      22900.0  4.98914e-12
      22910.0  4.88274e-12
      22920.0  4.77945e-12
      22930.0  4.67958e-12
      22940.0  4.58339e-12
      22950.0  4.49116e-12
      22960.0  4.40313e-12
      22970.0  4.31955e-12
      22980.0  4.24063e-12
      22990.0  4.16661e-12
      23000.0  4.09766e-12
      23010.0  4.03397e-12
      23020.0  3.97570e-12
      23030.0  3.92300e-12
      23040.0  3.87598e-12
      23050.0  3.83474e-12
      23060.0  3.79938e-12
      23070.0  3.76995e-12
      23080.0  3.74649e-12
      23090.0  3.72903e-12
      23100.0  3.71756e-12
      23110.0  3.71204e-12
      23120.0  3.71245e-12
      23130.0  3.71869e-12
      23140.0  3.73069e-12
      23150.0  3.74833e-12
      23160.0  3.77147e-12
      23170.0  3.79996e-12
      23180.0  3.83362e-12
      23190.0  3.87225e-12
      23200.0  3.91563e-12
      23210.0  3.96355e-12
      23220.0  4.01574e-12
      23230.0  4.07194e-12
      23240.0  4.13187e-12
      23250.0  4.19524e-12
      23260.0  4.26174e-12
      23270.0  4.33107e-12
      23280.0  4.40289e-12
      23290.0  4.47688e-12
      23300.0  4.55271e-12
      23310.0  4.63002e-12
      23320.0  4.70849e-12
      23330.0  4.78777e-12
      23340.0  4.86752e-12
      23350.0  4.94739e-12
      23360.0  5.02706e-12
      23370.0  5.10618e-12
      23380.0  5.18444e-12
      23390.0  5.26151e-12
      23400.0  5.33710e-12
      23410.0  5.41089e-12
      23420.0  5.48260e-12
      23430.0  5.55196e-12
      23440.0  5.61871e-12
      23450.0  5.68258e-12
      23460.0  5.74335e-12
      23470.0  5.80080e-12
      23480.0  5.85472e-12
      23490.0  5.90492e-12
      23500.0  5.95122e-12
      23510.0  5.99348e-12
      23520.0  6.03154e-12
      23530.0  6.06528e-12
      23540.0  6.09459e-12
      23550.0  6.11939e-12
      23560.0  6.13960e-12
      23570.0  6.15516e-12
      23580.0  6.16604e-12
      23590.0  6.17220e-12
      23600.0  6.17365e-12
      23610.0  6.17039e-12
      23620.0  6.16246e-12
      23630.0  6.14989e-12
      23640.0  6.13276e-12
      23650.0  6.11115e-12
      23660.0  6.08514e-12
      23670.0  6.05487e-12
      23680.0  6.02048e-12
      23690.0  5.98211e-12
      23700.0  5.93995e-12
      23710.0  5.89420e-12
      23720.0  5.84508e-12
      23730.0  5.79283e-12
      23740.0  5.73772e-12
      23750.0  5.68005e-12
      23760.0  5.62013e-12
      23770.0  5.55830e-12
      23780.0  5.49492e-12
      23790.0  5.43037e-12
      23800.0  5.36508e-12
      23810.0  5.29944e-12
      23820.0  5.23392e-12
      23830.0  5.16910e-12
      23840.0  5.10534e-12
      23850.0  5.04306e-12
      23860.0  4.98274e-12
      23870.0  4.92481e-12
      23880.0  4.86971e-12
      23890.0  4.81787e-12
      23900.0  4.76967e-12
      23910.0  4.72546e-12
      23920.0  4.68554e-12
      23930.0  4.65019e-12
      23940.0  4.61962e-12
      23950.0  4.59399e-12
      23960.0  4.57341e-12
      23970.0  4.55794e-12
      23980.0  4.54756e-12
      23990.0  4.54224e-12
      24000.0  4.54187e-12
      24010.0  4.54632e-12
      24020.0  4.55541e-12
      24030.0  4.56895e-12
      24040.0  4.58670e-12
      24050.0  4.60843e-12
      24060.0  4.63389e-12
      24070.0  4.66282e-12
      24080.0  4.69499e-12
      24090.0  4.73014e-12
      24100.0  4.76805e-12
      24110.0  4.80849e-12
      24120.0  4.85127e-12
      24130.0  4.89619e-12
      24140.0  4.94309e-12
      24150.0  4.99179e-12
      24160.0  5.04216e-12
      24170.0  5.09405e-12
      24180.0  5.14735e-12
      24190.0  5.20192e-12
      24200.0  5.25765e-12
      24210.0  5.31442e-12
      24220.0  5.37212e-12
      24230.0  5.43063e-12
      24240.0  5.48984e-12
      24250.0  5.54963e-12
      24260.0  5.60988e-12
      24270.0  5.67046e-12
      24280.0  5.73125e-12
      24290.0  5.79212e-12
      24300.0  5.85292e-12
      24310.0  5.91353e-12
      24320.0  5.97380e-12
      24330.0  6.03359e-12
      24340.0  6.09276e-12
      24350.0  6.15116e-12
      24360.0  6.20863e-12
      24370.0  6.26503e-12
      24380.0  6.32019e-12
      24390.0  6.37396e-12
      24400.0  6.42617e-12
      24410.0  6.47667e-12
      24420.0  6.52529e-12
      24430.0  6.57186e-12
      24440.0  6.61624e-12
      24450.0  6.65826e-12
      24460.0  6.69777e-12
      24470.0  6.73463e-12
      24480.0  6.76873e-12
      24490.0  6.79993e-12
      24500.0  6.82815e-12
      24510.0  6.85331e-12
      24520.0  6.87536e-12
      24530.0  6.89427e-12
      24540.0  6.91002e-12
      24550.0  6.92265e-12
      24560.0  6.93221e-12
      24570.0  6.93875e-12
      24580.0  6.94240e-12
      24590.0  6.94325e-12
      24600.0  6.94146e-12
      24610.0  6.93718e-12
      24620.0  6.93057e-12
      24630.0  6.92183e-12
      24640.0  6.91112e-12
      24650.0  6.89865e-12
      24660.0  6.88459e-12
      24670.0  6.86912e-12
      24680.0  6.85242e-12
      24690.0  6.83466e-12
      24700.0  6.81599e-12
      24710.0  6.79656e-12
      24720.0  6.77652e-12
      24730.0  6.75599e-12
      24740.0  6.73509e-12
      24750.0  6.71395e-12
      24760.0  6.69266e-12
      24770.0  6.67134e-12
      24780.0  6.65009e-12
      24790.0  6.62902e-12
      24800.0  6.60822e-12
      24810.0  6.58780e-12
      24820.0  6.56785e-12
      24830.0  6.54848e-12
      24840.0  6.52977e-12
      24850.0  6.51182e-12
      24860.0  6.49469e-12
      24870.0  6.47845e-12
      24880.0  6.46316e-12
      24890.0  6.44883e-12
      24900.0  6.43550e-12
      24910.0  6.42317e-12
      24920.0  6.41181e-12
      24930.0  6.40141e-12
      24940.0  6.39192e-12
      24950.0  6.38331e-12
      24960.0  6.37551e-12
      24970.0  6.36846e-12
      24980.0  6.36211e-12
      24990.0  6.35641e-12
      25000.0  6.35128e-12
