      1000.00  8.93818e-14
      1010.00  1.08294e-13
      1020.00  1.31630e-13
      1030.00  1.60285e-13
      1040.00  1.95366e-13
      1050.00  2.38139e-13
      1060.00  2.90016e-13
      1070.00  3.52526e-13
      1080.00  4.27279e-13
      1090.00  5.15899e-13
      1100.00  6.19959e-13
      1110.00  7.40895e-13
      1120.00  8.79924e-13
      1130.00  1.03796e-12
      1140.00  1.21556e-12
      1150.00  1.41286e-12
      1160.00  1.62953e-12
      1170.00  1.86479e-12
      1180.00  2.11737e-12
      1190.00  2.38557e-12
      1200.00  2.66724e-12
      1210.00  2.95986e-12
      1220.00  3.26060e-12
      1230.00  3.56635e-12
      1240.00  3.87386e-12
      1250.00  4.17978e-12
      1260.00  4.48077e-12
      1270.00  4.77358e-12
      1280.00  5.05516e-12
      1290.00  5.32274e-12
      1300.00  5.57385e-12
      1310.00  5.80646e-12
      1320.00  6.01892e-12
      1330.00  6.21008e-12
      1340.00  6.37922e-12
      1350.00  6.52611e-12
      1360.00  6.65095e-12
      1370.00  6.75439e-12
      1380.00  6.83743e-12
      1390.00  6.90147e-12
      1400.00  6.94819e-12
      1410.00  6.97958e-12
      1420.00  6.99784e-12
      1430.00  7.00535e-12
      1440.00  7.00465e-12
      1450.00  6.99840e-12
      1460.00  6.98929e-12
      1470.00  6.98002e-12
      1480.00  6.97323e-12
      1490.00  6.97145e-12
      1500.00  6.97695e-12
      1510.00  6.99172e-12
      1520.00  7.01733e-12
      1530.00  7.05488e-12
      1540.00  7.10490e-12
      1550.00  7.16738e-12
      1560.00  7.24175e-12
      1570.00  7.32703e-12
      1580.00  7.42189e-12
      1590.00  7.52489e-12
      1600.00  7.63462e-12
      1610.00  7.74996e-12
      1620.00  7.87014e-12
      1630.00  7.99492e-12
      1640.00  8.12458e-12
      1650.00  8.25991e-12
      1660.00  8.40214e-12
      1670.00  8.55277e-12
      1680.00  8.71348e-12
      1690.00  8.88595e-12
      1700.00  9.07177e-12
      1710.00  9.27228e-12
      1720.00  9.48854e-12
      1730.00  9.72123e-12
      1740.00  9.97062e-12
      1750.00  1.02365e-11
      1760.00  1.05184e-11
      1770.00  1.08151e-11
      1780.00  1.11251e-11
      1790.00  1.14466e-11
      1800.00  1.17775e-11
      1810.00  1.21153e-11
      1820.00  1.24577e-11
      1830.00  1.28024e-11
      1840.00  1.31471e-11
      1850.00  1.34900e-11
      1860.00  1.38298e-11
      1870.00  1.41652e-11
      1880.00  1.44956e-11
      1890.00  1.48207e-11
      1900.00  1.51405e-11
      1910.00  1.54551e-11
      1920.00  1.57647e-11
      1930.00  1.60696e-11
      1940.00  1.63700e-11
      1950.00  1.66660e-11
      1960.00  1.69576e-11
      1970.00  1.72446e-11
      1980.00  1.75268e-11
      1990.00  1.78037e-11
      2000.00  1.80750e-11
      2010.00  1.83399e-11
      2020.00  1.85979e-11
      2030.00  1.88482e-11
      2040.00  1.90900e-11
      2050.00  1.93225e-11
      2060.00  1.95448e-11
      2070.00  1.97560e-11
      2080.00  1.99551e-11
      2090.00  2.01413e-11
      2100.00  2.03136e-11
      2110.00  2.04711e-11
      2120.00  2.06129e-11
      2130.00  2.07384e-11
      2140.00  2.08471e-11
      2150.00  2.09387e-11
      2160.00  2.10136e-11
      2170.00  2.10722e-11
      2180.00  2.11157e-11
      2190.00  2.11455e-11
      2200.00  2.11637e-11
      2210.00  2.11724e-11
      2220.00  2.11740e-11
      2230.00  2.11708e-11
      2240.00  2.11652e-11
      2250.00  2.11592e-11
      2260.00  2.11547e-11
      2270.00  2.11534e-11
      2280.00  2.11565e-11
      2290.00  2.11655e-11
      2300.00  2.11813e-11
      2310.00  2.12052e-11
      2320.00  2.12381e-11
      2330.00  2.12811e-11
      2340.00  2.13354e-11
      2350.00  2.14021e-11
      2360.00  2.14825e-11
      2370.00  2.15782e-11
      2380.00  2.16909e-11
      2390.00  2.18227e-11
      2400.00  2.19759e-11
      2410.00  2.21529e-11
      2420.00  2.23559e-11
      2430.00  2.25868e-11
      2440.00  2.28462e-11
      2450.00  2.31330e-11
      2460.00  2.34440e-11
      2470.00  2.37732e-11
      2480.00  2.41121e-11
      2490.00  2.44497e-11
      2500.00  2.47735e-11
      2510.00  2.50706e-11
      2520.00  2.53294e-11
      2530.00  2.55412e-11
      2540.00  2.57015e-11
      2550.00  2.58105e-11
      2560.00  2.58741e-11
      2570.00  2.59022e-11
      2580.00  2.59084e-11
      2590.00  2.59079e-11
      2600.00  2.59157e-11
      2610.00  2.59456e-11
      2620.00  2.60084e-11
      2630.00  2.61116e-11
      2640.00  2.62596e-11
      2650.00  2.64638e-11
      2660.00  2.72715e-11
      2670.00  3.37267e-11
      2680.00  4.91730e-11
      2690.00  6.24877e-11
      2700.00  7.31629e-11
      2710.00  8.01388e-11
      2720.00  8.32014e-11
      2730.00  8.73910e-11
      2740.00  9.20340e-11
      2750.00  9.52139e-11
      2760.00  9.73569e-11
      2770.00  9.75319e-11
      2780.00  9.63669e-11
      2790.00  9.58275e-11
      2800.00  9.60052e-11
      2810.00  9.67491e-11
      2820.00  9.92611e-11
      2830.00  1.00740e-10
      2840.00  9.78358e-11
      2850.00  9.69667e-11
      2860.00  1.05382e-10
      2870.00  1.21008e-10
      2880.00  1.33799e-10
      2890.00  1.39569e-10
      2900.00  1.44799e-10
      2910.00  1.47593e-10
      2920.00  1.45290e-10
      2930.00  1.43441e-10
      2940.00  1.43039e-10
      2950.00  1.40677e-10
      2960.00  1.35666e-10
      2970.00  1.30292e-10
      2980.00  1.26827e-10
      2990.00  1.23700e-10
      3000.00  1.18011e-10
      3010.00  1.12501e-10
      3020.00  1.11394e-10
      3030.00  1.12964e-10
      3040.00  1.09181e-10
      3050.00  1.00961e-10
      3060.00  1.03679e-10
      3070.00  1.19220e-10
      3080.00  1.31217e-10
      3090.00  1.31607e-10
      3100.00  1.24377e-10
      3110.00  1.17586e-10
      3120.00  1.16084e-10
      3130.00  1.18783e-10
      3140.00  1.23069e-10
      3150.00  1.28953e-10
      3160.00  1.34988e-10
      3170.00  1.40208e-10
      3180.00  1.46946e-10
      3190.00  1.57302e-10
      3200.00  1.64745e-10
      3210.00  1.61180e-10
      3220.00  1.48784e-10
      3230.00  1.34548e-10
      3240.00  1.25187e-10
      3250.00  1.23210e-10
      3260.00  1.25157e-10
      3270.00  1.30044e-10
      3280.00  1.34543e-10
      3290.00  1.32532e-10
      3300.00  1.30157e-10
      3310.00  1.31892e-10
      3320.00  1.33929e-10
      3330.00  1.34675e-10
      3340.00  1.33296e-10
      3350.00  1.30542e-10
      3360.00  1.30622e-10
      3370.00  1.33816e-10
      3380.00  1.39472e-10
      3390.00  1.46405e-10
      3400.00  1.52812e-10
      3410.00  1.58219e-10
      3420.00  1.62033e-10
      3430.00  1.63739e-10
      3440.00  1.64110e-10
      3450.00  1.64545e-10
      3460.00  1.66212e-10
      3470.00  1.70113e-10
      3480.00  1.76703e-10
      3490.00  1.85651e-10
      3500.00  1.96050e-10
      3510.00  2.06535e-10
      3520.00  2.15265e-10
      3530.00  2.19785e-10
      3540.00  2.20957e-10
      3550.00  2.23529e-10
      3560.00  2.28416e-10
      3570.00  2.33970e-10
      3580.00  2.39362e-10
      3590.00  2.43485e-10
      3600.00  2.43712e-10
      3610.00  2.38600e-10
      3620.00  2.34102e-10
      3630.00  2.38423e-10
      3640.00  2.51854e-10
      3650.00  2.70271e-10
      3660.00  2.90552e-10
      3670.00  3.10460e-10
      3680.00  3.27456e-10
      3690.00  3.38581e-10
      3700.00  3.41275e-10
      3710.00  3.34381e-10
      3720.00  3.19555e-10
      3730.00  3.00481e-10
      3740.00  2.79839e-10
      3750.00  2.57956e-10
      3760.00  2.35161e-10
      3770.00  2.13820e-10
      3780.00  1.96826e-10
      3790.00  1.85764e-10
      3800.00  1.81461e-10
      3810.00  1.85619e-10
      3820.00  2.00793e-10
      3830.00  2.28087e-10
      3840.00  2.65598e-10
      3850.00  3.08923e-10
      3860.00  3.53053e-10
      3870.00  3.94689e-10
      3880.00  4.33202e-10
      3890.00  4.69209e-10
      3900.00  5.02555e-10
      3910.00  5.32350e-10
      3920.00  5.58365e-10
      3930.00  5.81145e-10
      3940.00  6.00860e-10
      3950.00  6.16525e-10
      3960.00  6.26076e-10
      3970.00  6.27235e-10
      3980.00  6.18763e-10
      3990.00  6.01297e-10
      4000.00  5.77343e-10
      4010.00  5.50498e-10
      4020.00  5.24464e-10
      4030.00  5.02239e-10
      4040.00  4.85319e-10
      4050.00  4.73172e-10
      4060.00  4.63756e-10
      4070.00  4.54824e-10
      4080.00  4.45134e-10
      4090.00  4.35017e-10
      4100.00  4.25971e-10
      4110.00  4.19499e-10
      4120.00  4.16090e-10
      4130.00  4.15435e-10
      4140.00  4.17395e-10
      4150.00  4.22088e-10
      4160.00  4.29190e-10
      4170.00  4.37758e-10
      4180.00  4.46594e-10
      4190.00  4.54539e-10
      4200.00  4.60813e-10
      4210.00  4.65306e-10
      4220.00  4.68496e-10
      4230.00  4.71222e-10
      4240.00  4.74586e-10
      4250.00  4.79679e-10
      4260.00  4.86880e-10
      4270.00  4.95591e-10
      4280.00  5.04886e-10
      4290.00  5.14017e-10
      4300.00  5.21753e-10
      4310.00  5.25588e-10
      4320.00  5.22382e-10
      4330.00  5.10165e-10
      4340.00  4.89487e-10
      4350.00  4.63245e-10
      4360.00  4.35169e-10
      4370.00  4.08149e-10
      4380.00  3.83664e-10
      4390.00  3.62442e-10
      4400.00  3.45239e-10
      4410.00  3.32928e-10
      4420.00  3.26222e-10
      4430.00  3.25509e-10
      4440.00  3.30778e-10
      4450.00  3.41631e-10
      4460.00  3.57449e-10
      4470.00  3.77677e-10
      4480.00  4.02145e-10
      4490.00  4.31255e-10
      4500.00  4.65872e-10
      4510.00  5.06946e-10
      4520.00  5.55059e-10
      4530.00  6.10088e-10
      4540.00  6.70873e-10
      4550.00  7.34838e-10
      4560.00  7.98064e-10
      4570.00  8.56130e-10
      4580.00  9.05207e-10
      4590.00  9.42625e-10
      4600.00  9.66930e-10
      4610.00  9.77658e-10
      4620.00  9.74692e-10
      4630.00  9.57682e-10
      4640.00  9.26197e-10
      4650.00  8.80811e-10
      4660.00  8.24162e-10
      4670.00  7.60780e-10
      4680.00  6.95843e-10
      4690.00  6.33986e-10
      4700.00  5.78709e-10
      4710.00  5.32223e-10
      4720.00  4.95497e-10
      4730.00  4.68591e-10
      4740.00  4.51221e-10
      4750.00  4.43147e-10
      4760.00  4.44063e-10
      4770.00  4.53171e-10
      4780.00  4.68810e-10
      4790.00  4.88355e-10
      4800.00  5.08537e-10
      4810.00  5.26175e-10
      4820.00  5.39274e-10
      4830.00  5.47999e-10
      4840.00  5.54690e-10
      4850.00  5.62742e-10
      4860.00  5.75532e-10
      4870.00  5.96018e-10
      4880.00  6.26096e-10
      4890.00  6.65616e-10
      4900.00  7.11823e-10
      4910.00  7.59532e-10
      4920.00  8.01936e-10
      4930.00  8.31950e-10
      4940.00  8.43886e-10
      4950.00  8.34987e-10
      4960.00  8.06274e-10
      4970.00  7.62409e-10
      4980.00  7.10569e-10
      4990.00  6.58545e-10
      5000.00  6.12362e-10
      5010.00  5.74388e-10
      5020.00  5.43951e-10
      5030.00  5.19713e-10
      5040.00  5.00659e-10
      5050.00  4.85663e-10
      5060.00  4.73448e-10
      5070.00  4.63018e-10
      5080.00  4.53907e-10
      5090.00  4.46135e-10
      5100.00  4.40055e-10
      5110.00  4.36181e-10
      5120.00  4.35001e-10
      5130.00  4.36840e-10
      5140.00  4.41867e-10
      5150.00  4.50225e-10
      5160.00  4.62119e-10
      5170.00  4.77735e-10
      5180.00  4.97031e-10
      5190.00  5.19602e-10
      5200.00  5.44764e-10
      5210.00  5.71724e-10
      5220.00  5.99695e-10
      5230.00  6.27928e-10
      5240.00  6.55745e-10
      5250.00  6.82569e-10
      5260.00  7.07899e-10
      5270.00  7.31227e-10
      5280.00  7.51970e-10
      5290.00  7.69490e-10
      5300.00  7.83276e-10
      5310.00  7.93223e-10
      5320.00  7.99877e-10
      5330.00  8.04443e-10
      5340.00  8.08504e-10
      5350.00  8.13614e-10
      5360.00  8.21024e-10
      5370.00  8.31672e-10
      5380.00  8.46340e-10
      5390.00  8.65767e-10
      5400.00  8.90638e-10
      5410.00  9.21401e-10
      5420.00  9.58051e-10
      5430.00  9.99933e-10
      5440.00  1.04559e-09
      5450.00  1.09281e-09
      5460.00  1.13893e-09
      5470.00  1.18141e-09
      5480.00  1.21836e-09
      5490.00  1.24858e-09
      5500.00  1.27142e-09
      5510.00  1.28655e-09
      5520.00  1.29374e-09
      5530.00  1.29294e-09
      5540.00  1.28433e-09
      5550.00  1.26846e-09
      5560.00  1.24612e-09
      5570.00  1.21814e-09
      5580.00  1.18519e-09
      5590.00  1.14774e-09
      5600.00  1.10624e-09
      5610.00  1.06127e-09
      5620.00  1.01371e-09
      5630.00  9.64736e-10
      5640.00  9.15801e-10
      5650.00  8.68568e-10
      5660.00  8.24801e-10
      5670.00  7.86220e-10
      5680.00  7.54344e-10
      5690.00  7.30351e-10
      5700.00  7.15015e-10
      5710.00  7.08711e-10
      5720.00  7.11412e-10
      5730.00  7.22645e-10
      5740.00  7.41397e-10
      5750.00  7.66059e-10
      5760.00  7.94512e-10
      5770.00  8.24359e-10
      5780.00  8.53220e-10
      5790.00  8.78987e-10
      5800.00  8.99981e-10
      5810.00  9.15053e-10
      5820.00  9.23639e-10
      5830.00  9.25754e-10
      5840.00  9.21878e-10
      5850.00  9.12750e-10
      5860.00  8.99168e-10
      5870.00  8.81915e-10
      5880.00  8.61764e-10
      5890.00  8.39439e-10
      5900.00  8.15489e-10
      5910.00  7.90164e-10
      5920.00  7.63460e-10
      5930.00  7.35358e-10
      5940.00  7.06118e-10
      5950.00  6.76412e-10
      5960.00  6.47255e-10
      5970.00  6.19801e-10
      5980.00  5.95113e-10
      5990.00  5.73983e-10
      6000.00  5.56817e-10
      6010.00  5.43608e-10
      6020.00  5.33990e-10
      6030.00  5.27345e-10
      6040.00  5.22937e-10
      6050.00  5.20019e-10
      6060.00  5.17931e-10
      6070.00  5.16165e-10
      6080.00  5.14403e-10
      6090.00  5.12522e-10
      6100.00  5.10576e-10
      6110.00  5.08776e-10
      6120.00  5.07476e-10
      6130.00  5.07149e-10
      6140.00  5.08310e-10
      6150.00  5.11357e-10
      6160.00  5.16391e-10
      6170.00  5.23082e-10
      6180.00  5.30651e-10
      6190.00  5.38035e-10
      6200.00  5.44210e-10
      6210.00  5.48560e-10
      6220.00  5.50989e-10
      6230.00  5.51602e-10
      6240.00  5.50364e-10
      6250.00  5.47317e-10
      6260.00  5.43163e-10
      6270.00  5.39386e-10
      6280.00  5.37723e-10
      6290.00  5.39575e-10
      6300.00  5.45748e-10
      6310.00  5.56504e-10
      6320.00  5.71697e-10
      6330.00  5.90940e-10
      6340.00  6.13767e-10
      6350.00  6.39754e-10
      6360.00  6.68545e-10
      6370.00  6.99780e-10
      6380.00  7.33004e-10
      6390.00  7.67593e-10
      6400.00  8.02759e-10
      6410.00  8.37593e-10
      6420.00  8.71135e-10
      6430.00  9.02478e-10
      6440.00  9.30872e-10
      6450.00  9.55815e-10
      6460.00  9.77072e-10
      6470.00  9.94587e-10
      6480.00  1.00836e-09
      6490.00  1.01836e-09
      6500.00  1.02450e-09
      6510.00  1.02669e-09
      6520.00  1.02493e-09
      6530.00  1.01930e-09
      6540.00  1.00998e-09
      6550.00  9.97147e-10
      6560.00  9.80951e-10
      6570.00  9.61459e-10
      6580.00  9.38691e-10
      6590.00  9.12680e-10
      6600.00  8.83569e-10
      6610.00  8.51675e-10
      6620.00  8.17512e-10
      6630.00  7.81771e-10
      6640.00  7.45284e-10
      6650.00  7.08954e-10
      6660.00  6.73688e-10
      6670.00  6.40312e-10
      6680.00  6.09507e-10
      6690.00  5.81766e-10
      6700.00  5.57373e-10
      6710.00  5.36413e-10
      6720.00  5.18789e-10
      6730.00  5.04252e-10
      6740.00  4.92432e-10
      6750.00  4.82872e-10
      6760.00  4.75084e-10
      6770.00  4.68613e-10
      6780.00  4.63090e-10
      6790.00  4.58265e-10
      6800.00  4.53997e-10
      6810.00  4.50214e-10
      6820.00  4.46885e-10
      6830.00  4.43995e-10
      6840.00  4.41510e-10
      6850.00  4.39361e-10
      6860.00  4.37444e-10
      6870.00  4.35647e-10
      6880.00  4.33884e-10
      6890.00  4.32104e-10
      6900.00  4.30296e-10
      6910.00  4.28461e-10
      6920.00  4.26593e-10
      6930.00  4.24654e-10
      6940.00  4.22554e-10
      6950.00  4.20162e-10
      6960.00  4.17329e-10
      6970.00  4.13937e-10
      6980.00  4.09942e-10
      6990.00  4.05408e-10
      7000.00  4.00505e-10
      7010.00  3.95493e-10
      7020.00  3.90677e-10
      7030.00  3.86366e-10
      7040.00  3.82834e-10
      7050.00  3.80298e-10
      7060.00  3.78918e-10
      7070.00  3.78804e-10
      7080.00  3.80028e-10
      7090.00  3.82633e-10
      7100.00  3.86639e-10
      7110.00  3.92035e-10
      7120.00  3.98763e-10
      7130.00  4.06682e-10
      7140.00  4.15559e-10
      7150.00  4.25068e-10
      7160.00  4.34826e-10
      7170.00  4.44434e-10
      7180.00  4.53516e-10
      7190.00  4.61742e-10
      7200.00  4.68843e-10
      7210.00  4.74641e-10
      7220.00  4.79077e-10
      7230.00  4.82226e-10
      7240.00  4.84292e-10
      7250.00  4.85574e-10
      7260.00  4.86422e-10
      7270.00  4.87219e-10
      7280.00  4.88369e-10
      7290.00  4.90263e-10
      7300.00  4.93224e-10
      7310.00  4.97438e-10
      7320.00  5.02955e-10
      7330.00  5.09713e-10
      7340.00  5.17581e-10
      7350.00  5.26362e-10
      7360.00  5.35774e-10
      7370.00  5.45433e-10
      7380.00  5.54844e-10
      7390.00  5.63413e-10
      7400.00  5.70484e-10
      7410.00  5.75404e-10
      7420.00  5.77621e-10
      7430.00  5.76793e-10
      7440.00  5.72881e-10
      7450.00  5.66165e-10
      7460.00  5.57219e-10
      7470.00  5.46825e-10
      7480.00  5.35889e-10
      7490.00  5.25330e-10
      7500.00  5.15929e-10
      7510.00  5.08209e-10
      7520.00  5.02416e-10
      7530.00  4.98669e-10
      7540.00  4.97154e-10
      7550.00  4.98178e-10
      7560.00  5.02028e-10
      7570.00  5.08785e-10
      7580.00  5.18231e-10
      7590.00  5.29902e-10
      7600.00  5.43205e-10
      7610.00  5.57524e-10
      7620.00  5.72286e-10
      7630.00  5.86994e-10
      7640.00  6.01231e-10
      7650.00  6.14653e-10
      7660.00  6.26966e-10
      7670.00  6.37903e-10
      7680.00  6.47208e-10
      7690.00  6.54635e-10
      7700.00  6.59977e-10
      7710.00  6.63098e-10
      7720.00  6.63969e-10
      7730.00  6.62673e-10
      7740.00  6.59380e-10
      7750.00  6.54302e-10
      7760.00  6.47642e-10
      7770.00  6.39558e-10
      7780.00  6.30158e-10
      7790.00  6.19510e-10
      7800.00  6.07676e-10
      7810.00  5.94734e-10
      7820.00  5.80802e-10
      7830.00  5.66036e-10
      7840.00  5.50619e-10
      7850.00  5.34750e-10
      7860.00  5.18627e-10
      7870.00  5.02439e-10
      7880.00  4.86371e-10
      7890.00  4.70595e-10
      7900.00  4.55275e-10
      7910.00  4.40555e-10
      7920.00  4.26593e-10
      7930.00  4.13487e-10
      7940.00  4.01348e-10
      7950.00  3.90276e-10
      7960.00  3.80344e-10
      7970.00  3.71576e-10
      7980.00  3.63936e-10
      7990.00  3.57320e-10
      8000.00  3.51563e-10
      8010.00  3.46447e-10
      8020.00  3.41721e-10
      8030.00  3.37110e-10
      8040.00  3.32333e-10
      8050.00  3.27110e-10
      8060.00  3.21157e-10
      8070.00  3.14178e-10
      8080.00  3.05868e-10
      8090.00  2.95931e-10
      8100.00  2.84134e-10
      8110.00  2.70373e-10
      8120.00  2.54739e-10
      8130.00  2.37558e-10
      8140.00  2.19378e-10
      8150.00  2.00919e-10
      8160.00  1.82979e-10
      8170.00  1.66333e-10
      8180.00  1.51636e-10
      8190.00  1.39354e-10
      8200.00  1.29725e-10
      8210.00  1.22763e-10
      8220.00  1.18292e-10
      8230.00  1.16002e-10
      8240.00  1.15520e-10
      8250.00  1.16473e-10
      8260.00  1.18538e-10
      8270.00  1.21484e-10
      8280.00  1.25179e-10
      8290.00  1.29593e-10
      8300.00  1.34765e-10
      8310.00  1.40771e-10
      8320.00  1.47686e-10
      8330.00  1.55571e-10
      8340.00  1.64483e-10
      8350.00  1.74502e-10
      8360.00  1.85761e-10
      8370.00  1.98445e-10
      8380.00  2.12751e-10
      8390.00  2.28824e-10
      8400.00  2.46695e-10
      8410.00  2.66246e-10
      8420.00  2.87226e-10
      8430.00  3.09310e-10
      8440.00  3.32166e-10
      8450.00  3.55485e-10
      8460.00  3.78975e-10
      8470.00  4.02312e-10
      8480.00  4.25089e-10
      8490.00  4.46804e-10
      8500.00  4.66905e-10
      8510.00  4.84887e-10
      8520.00  5.00408e-10
      8530.00  5.13371e-10
      8540.00  5.23955e-10
      8550.00  5.32566e-10
      8560.00  5.39751e-10
      8570.00  5.46077e-10
      8580.00  5.52038e-10
      8590.00  5.57986e-10
      8600.00  5.64123e-10
      8610.00  5.70519e-10
      8620.00  5.77157e-10
      8630.00  5.83958e-10
      8640.00  5.90802e-10
      8650.00  5.97534e-10
      8660.00  6.03971e-10
      8670.00  6.09928e-10
      8680.00  6.15250e-10
      8690.00  6.19845e-10
      8700.00  6.23699e-10
      8710.00  6.26871e-10
      8720.00  6.29449e-10
      8730.00  6.31498e-10
      8740.00  6.33026e-10
      8750.00  6.33980e-10
      8760.00  6.34262e-10
      8770.00  6.33765e-10
      8780.00  6.32387e-10
      8790.00  6.30044e-10
      8800.00  6.26661e-10
      8810.00  6.22169e-10
      8820.00  6.16515e-10
      8830.00  6.09669e-10
      8840.00  6.01637e-10
      8850.00  5.92468e-10
      8860.00  5.82243e-10
      8870.00  5.71075e-10
      8880.00  5.59096e-10
      8890.00  5.46470e-10
      8900.00  5.33392e-10
      8910.00  5.20084e-10
      8920.00  5.07204e-10
      8930.00  4.94693e-10
      8940.00  4.82635e-10
      8950.00  4.71168e-10
      8960.00  4.60357e-10
      8970.00  4.50195e-10
      8980.00  4.40639e-10
      8990.00  4.31646e-10
      9000.00  4.23214e-10
      9010.00  4.15386e-10
      9020.00  4.08218e-10
      9030.00  4.01742e-10
      9040.00  3.95943e-10
      9050.00  3.90764e-10
      9060.00  3.86140e-10
      9070.00  3.82016e-10
      9080.00  3.78361e-10
      9090.00  3.75158e-10
      9100.00  3.72380e-10
      9110.00  3.69984e-10
      9120.00  3.67899e-10
      9130.00  3.66034e-10
      9140.00  3.64285e-10
      9150.00  3.62538e-10
      9160.00  3.60674e-10
      9170.00  3.58568e-10
      9180.00  3.56102e-10
      9190.00  3.53184e-10
      9200.00  3.49779e-10
      9210.00  3.45960e-10
      9220.00  3.41944e-10
      9230.00  3.38124e-10
      9240.00  3.35055e-10
      9250.00  3.33377e-10
      9260.00  3.33657e-10
      9270.00  3.36174e-10
      9280.00  3.40747e-10
      9290.00  3.46728e-10
      9300.00  3.53192e-10
      9310.00  3.59258e-10
      9320.00  3.64355e-10
      9330.00  3.68320e-10
      9340.00  3.71306e-10
      9350.00  3.73607e-10
      9360.00  3.75510e-10
      9370.00  3.77215e-10
      9380.00  3.78835e-10
      9390.00  3.80409e-10
      9400.00  3.81940e-10
      9410.00  3.83408e-10
      9420.00  3.84786e-10
      9430.00  3.86038e-10
      9440.00  3.87130e-10
      9450.00  3.88024e-10
      9460.00  3.88686e-10
      9470.00  3.89084e-10
      9480.00  3.89190e-10
      9490.00  3.88983e-10
      9500.00  3.88449e-10
      9510.00  3.87583e-10
      9520.00  3.86389e-10
      9530.00  3.84882e-10
      9540.00  3.83087e-10
      9550.00  3.81039e-10
      9560.00  3.78783e-10
      9570.00  3.76373e-10
      9580.00  3.73869e-10
      9590.00  3.71340e-10
      9600.00  3.68858e-10
      9610.00  3.66498e-10
      9620.00  3.64337e-10
      9630.00  3.62452e-10
      9640.00  3.60916e-10
      9650.00  3.59799e-10
      9660.00  3.59167e-10
      9670.00  3.59074e-10
      9680.00  3.59572e-10
      9690.00  3.60697e-10
      9700.00  3.62477e-10
      9710.00  3.64928e-10
      9720.00  3.68055e-10
      9730.00  3.71849e-10
      9740.00  3.76289e-10
      9750.00  3.81343e-10
      9760.00  3.86966e-10
      9770.00  3.93102e-10
      9780.00  3.99688e-10
      9790.00  4.06650e-10
      9800.00  4.13907e-10
      9810.00  4.21373e-10
      9820.00  4.28957e-10
      9830.00  4.36563e-10
      9840.00  4.44097e-10
      9850.00  4.51463e-10
      9860.00  4.58566e-10
      9870.00  4.65314e-10
      9880.00  4.71618e-10
      9890.00  4.77396e-10
      9900.00  4.82568e-10
      9910.00  4.87067e-10
      9920.00  4.90827e-10
      9930.00  4.93797e-10
      9940.00  4.95931e-10
      9950.00  4.97193e-10
      9960.00  4.97561e-10
      9970.00  4.97020e-10
      9980.00  4.95567e-10
      9990.00  4.93210e-10
      10000.0  4.89966e-10
      10010.0  4.85865e-10
      10020.0  4.80945e-10
      10030.0  4.75256e-10
      10040.0  4.68854e-10
      10050.0  4.61807e-10
      10060.0  4.54189e-10
      10070.0  4.46082e-10
      10080.0  4.37573e-10
      10090.0  4.28757e-10
      10100.0  4.19731e-10
      10110.0  4.10596e-10
      10120.0  4.01456e-10
      10130.0  3.92414e-10
      10140.0  3.83571e-10
      10150.0  3.75028e-10
      10160.0  3.66877e-10
      10170.0  3.59208e-10
      10180.0  3.52098e-10
      10190.0  3.45617e-10
      10200.0  3.39823e-10
      10210.0  3.34762e-10
      10220.0  3.30463e-10
      10230.0  3.26946e-10
      10240.0  3.24213e-10
      10250.0  3.22254e-10
      10260.0  3.21047e-10
      10270.0  3.20557e-10
      10280.0  3.20739e-10
      10290.0  3.21537e-10
      10300.0  3.22890e-10
      10310.0  3.24732e-10
      10320.0  3.26990e-10
      10330.0  3.29592e-10
      10340.0  3.32463e-10
      10350.0  3.35530e-10
      10360.0  3.38720e-10
      10370.0  3.41965e-10
      10380.0  3.45197e-10
      10390.0  3.48356e-10
      10400.0  3.51383e-10
      10410.0  3.54226e-10
      10420.0  3.56837e-10
      10430.0  3.59174e-10
      10440.0  3.61199e-10
      10450.0  3.62880e-10
      10460.0  3.64191e-10
      10470.0  3.65112e-10
      10480.0  3.65629e-10
      10490.0  3.65731e-10
      10500.0  3.65418e-10
      10510.0  3.64693e-10
      10520.0  3.63566e-10
      10530.0  3.62053e-10
      10540.0  3.60176e-10
      10550.0  3.57963e-10
      10560.0  3.55446e-10
      10570.0  3.52661e-10
      10580.0  3.49647e-10
      10590.0  3.46445e-10
      10600.0  3.43096e-10
      10610.0  3.39642e-10
      10620.0  3.36122e-10
      10630.0  3.32572e-10
      10640.0  3.29025e-10
      10650.0  3.25511e-10
      10660.0  3.22054e-10
      10670.0  3.18673e-10
      10680.0  3.15382e-10
      10690.0  3.12189e-10
      10700.0  3.09101e-10
      10710.0  3.06115e-10
      10720.0  3.03230e-10
      10730.0  3.00437e-10
      10740.0  2.97727e-10
      10750.0  2.95089e-10
      10760.0  2.92509e-10
      10770.0  2.89973e-10
      10780.0  2.87466e-10
      10790.0  2.84975e-10
      10800.0  2.82486e-10
      10810.0  2.79985e-10
      10820.0  2.77461e-10
      10830.0  2.74903e-10
      10840.0  2.72301e-10
      10850.0  2.69648e-10
      10860.0  2.66937e-10
      10870.0  2.64164e-10
      10880.0  2.61325e-10
      10890.0  2.58418e-10
      10900.0  2.55442e-10
      10910.0  2.52397e-10
      10920.0  2.49283e-10
      10930.0  2.46104e-10
      10940.0  2.42860e-10
      10950.0  2.39555e-10
      10960.0  2.36192e-10
      10970.0  2.32774e-10
      10980.0  2.29306e-10
      10990.0  2.25790e-10
      11000.0  2.22231e-10
      11010.0  2.18633e-10
      11020.0  2.15001e-10
      11030.0  2.11338e-10
      11040.0  2.07651e-10
      11050.0  2.03945e-10
      11060.0  2.00227e-10
      11070.0  1.96502e-10
      11080.0  1.92779e-10
      11090.0  1.89067e-10
      11100.0  1.85374e-10
      11110.0  1.81710e-10
      11120.0  1.78087e-10
      11130.0  1.74515e-10
      11140.0  1.71007e-10
      11150.0  1.67575e-10
      11160.0  1.64231e-10
      11170.0  1.60987e-10
      11180.0  1.57856e-10
      11190.0  1.54848e-10
      11200.0  1.51974e-10
      11210.0  1.49244e-10
      11220.0  1.46665e-10
      11230.0  1.44243e-10
      11240.0  1.41983e-10
      11250.0  1.39888e-10
      11260.0  1.37958e-10
      11270.0  1.36192e-10
      11280.0  1.34585e-10
      11290.0  1.33133e-10
      11300.0  1.31827e-10
      11310.0  1.30658e-10
      11320.0  1.29614e-10
      11330.0  1.28684e-10
      11340.0  1.27852e-10
      11350.0  1.27104e-10
      11360.0  1.26424e-10
      11370.0  1.25797e-10
      11380.0  1.25205e-10
      11390.0  1.24634e-10
      11400.0  1.24067e-10
      11410.0  1.23490e-10
      11420.0  1.22889e-10
      11430.0  1.22252e-10
      11440.0  1.21566e-10
      11450.0  1.20824e-10
      11460.0  1.20015e-10
      11470.0  1.19135e-10
      11480.0  1.18179e-10
      11490.0  1.17144e-10
      11500.0  1.16028e-10
      11510.0  1.14834e-10
      11520.0  1.13562e-10
      11530.0  1.12216e-10
      11540.0  1.10802e-10
      11550.0  1.09325e-10
      11560.0  1.07792e-10
      11570.0  1.06212e-10
      11580.0  1.04592e-10
      11590.0  1.02941e-10
      11600.0  1.01268e-10
      11610.0  9.95816e-11
      11620.0  9.78909e-11
      11630.0  9.62043e-11
      11640.0  9.45299e-11
      11650.0  9.28752e-11
      11660.0  9.12473e-11
      11670.0  8.96525e-11
      11680.0  8.80964e-11
      11690.0  8.65839e-11
      11700.0  8.51191e-11
      11710.0  8.37053e-11
      11720.0  8.23451e-11
      11730.0  8.10401e-11
      11740.0  7.97915e-11
      11750.0  7.85995e-11
      11760.0  7.74639e-11
      11770.0  7.63835e-11
      11780.0  7.53569e-11
      11790.0  7.43820e-11
      11800.0  7.34562e-11
      11810.0  7.25764e-11
      11820.0  7.17392e-11
      11830.0  7.09409e-11
      11840.0  7.01774e-11
      11850.0  6.94443e-11
      11860.0  6.87374e-11
      11870.0  6.80519e-11
      11880.0  6.73834e-11
      11890.0  6.67271e-11
      11900.0  6.60785e-11
      11910.0  6.54334e-11
      11920.0  6.47874e-11
      11930.0  6.41369e-11
      11940.0  6.34782e-11
      11950.0  6.28083e-11
      11960.0  6.21246e-11
      11970.0  6.14251e-11
      11980.0  6.07083e-11
      11990.0  5.99733e-11
      12000.0  5.92199e-11
      12010.0  5.84485e-11
      12020.0  5.76602e-11
      12030.0  5.68566e-11
      12040.0  5.60401e-11
      12050.0  5.52134e-11
      12060.0  5.43800e-11
      12070.0  5.35435e-11
      12080.0  5.27083e-11
      12090.0  5.18787e-11
      12100.0  5.10596e-11
      12110.0  5.02559e-11
      12120.0  4.94728e-11
      12130.0  4.87155e-11
      12140.0  4.79892e-11
      12150.0  4.72991e-11
      12160.0  4.66505e-11
      12170.0  4.60484e-11
      12180.0  4.54977e-11
      12190.0  4.50031e-11
      12200.0  4.45692e-11
      12210.0  4.42003e-11
      12220.0  4.39002e-11
      12230.0  4.36724e-11
      12240.0  4.35202e-11
      12250.0  4.34460e-11
      12260.0  4.34518e-11
      12270.0  4.35391e-11
      12280.0  4.37085e-11
      12290.0  4.39598e-11
      12300.0  4.42922e-11
      12310.0  4.47038e-11
      12320.0  4.51921e-11
      12330.0  4.57534e-11
      12340.0  4.63836e-11
      12350.0  4.70773e-11
      12360.0  4.78288e-11
      12370.0  4.86316e-11
      12380.0  4.94784e-11
      12390.0  5.03620e-11
      12400.0  5.12745e-11
      12410.0  5.22080e-11
      12420.0  5.31547e-11
      12430.0  5.41065e-11
      12440.0  5.50562e-11
      12450.0  5.59964e-11
      12460.0  5.69204e-11
      12470.0  5.78220e-11
      12480.0  5.86956e-11
      12490.0  5.95362e-11
      12500.0  6.03395e-11
      12510.0  6.11017e-11
      12520.0  6.18198e-11
      12530.0  6.24913e-11
      12540.0  6.31141e-11
      12550.0  6.36869e-11
      12560.0  6.42087e-11
      12570.0  6.46788e-11
      12580.0  6.50971e-11
      12590.0  6.54636e-11
      12600.0  6.57786e-11
      12610.0  6.60429e-11
      12620.0  6.62572e-11
      12630.0  6.64225e-11
      12640.0  6.65402e-11
      12650.0  6.66118e-11
      12660.0  6.66387e-11
      12670.0  6.66229e-11
      12680.0  6.65663e-11
      12690.0  6.64710e-11
      12700.0  6.63393e-11
      12710.0  6.61735e-11
      12720.0  6.59761e-11
      12730.0  6.57496e-11
      12740.0  6.54965e-11
      12750.0  6.52192e-11
      12760.0  6.49202e-11
      12770.0  6.46016e-11
      12780.0  6.42656e-11
      12790.0  6.39140e-11
      12800.0  6.35484e-11
      12810.0  6.31701e-11
      12820.0  6.27802e-11
      12830.0  6.23791e-11
      12840.0  6.19672e-11
      12850.0  6.15445e-11
      12860.0  6.11106e-11
      12870.0  6.06648e-11
      12880.0  6.02060e-11
      12890.0  5.97332e-11
      12900.0  5.92449e-11
      12910.0  5.87397e-11
      12920.0  5.82160e-11
      12930.0  5.76724e-11
      12940.0  5.71074e-11
      12950.0  5.65200e-11
      12960.0  5.59090e-11
      12970.0  5.52740e-11
      12980.0  5.46147e-11
      12990.0  5.39312e-11
      13000.0  5.32242e-11
      13010.0  5.24948e-11
      13020.0  5.17448e-11
      13030.0  5.09763e-11
      13040.0  5.01920e-11
      13050.0  4.93949e-11
      13060.0  4.85888e-11
      13070.0  4.77774e-11
      13080.0  4.69651e-11
      13090.0  4.61562e-11
      13100.0  4.53555e-11
      13110.0  4.45675e-11
      13120.0  4.37970e-11
      13130.0  4.30485e-11
      13140.0  4.23263e-11
      13150.0  4.16347e-11
      13160.0  4.09774e-11
      13170.0  4.03578e-11
      13180.0  3.97790e-11
      13190.0  3.92434e-11
      13200.0  3.87533e-11
      13210.0  3.83102e-11
      13220.0  3.79150e-11
      13230.0  3.75686e-11
      13240.0  3.72709e-11
      13250.0  3.70216e-11
      13260.0  3.68200e-11
      13270.0  3.66646e-11
      13280.0  3.65541e-11
      13290.0  3.64862e-11
      13300.0  3.64587e-11
      13310.0  3.64690e-11
      13320.0  3.65140e-11
      13330.0  3.65905e-11
      13340.0  3.66952e-11
      13350.0  3.68243e-11
      13360.0  3.69743e-11
      13370.0  3.71412e-11
      13380.0  3.73211e-11
      13390.0  3.75103e-11
      13400.0  3.77050e-11
      13410.0  3.79015e-11
      13420.0  3.80964e-11
      13430.0  3.82865e-11
      13440.0  3.84690e-11
      13450.0  3.86412e-11
      13460.0  3.88012e-11
      13470.0  3.89473e-11
      13480.0  3.90781e-11
      13490.0  3.91930e-11
      13500.0  3.92916e-11
      13510.0  3.93740e-11
      13520.0  3.94408e-11
      13530.0  3.94928e-11
      13540.0  3.95313e-11
      13550.0  3.95575e-11
      13560.0  3.95733e-11
      13570.0  3.95803e-11
      13580.0  3.95805e-11
      13590.0  3.95755e-11
      13600.0  3.95673e-11
      13610.0  3.95575e-11
      13620.0  3.95477e-11
      13630.0  3.95393e-11
      13640.0  3.95334e-11
      13650.0  3.95312e-11
      13660.0  3.95333e-11
      13670.0  3.95404e-11
      13680.0  3.95528e-11
      13690.0  3.95706e-11
      13700.0  3.95939e-11
      13710.0  3.96224e-11
      13720.0  3.96557e-11
      13730.0  3.96934e-11
      13740.0  3.97348e-11
      13750.0  3.97790e-11
      13760.0  3.98251e-11
      13770.0  3.98721e-11
      13780.0  3.99189e-11
      13790.0  3.99641e-11
      13800.0  4.00065e-11
      13810.0  4.00446e-11
      13820.0  4.00771e-11
      13830.0  4.01024e-11
      13840.0  4.01190e-11
      13850.0  4.01255e-11
      13860.0  4.01206e-11
      13870.0  4.01030e-11
      13880.0  4.00716e-11
      13890.0  4.00255e-11
      13900.0  3.99641e-11
      13910.0  3.98868e-11
      13920.0  3.97937e-11
      13930.0  3.96850e-11
      13940.0  3.95611e-11
      13950.0  3.94229e-11
      13960.0  3.92717e-11
      13970.0  3.91089e-11
      13980.0  3.89361e-11
      13990.0  3.87554e-11
      14000.0  3.85687e-11
      14010.0  3.83784e-11
      14020.0  3.81865e-11
      14030.0  3.79952e-11
      14040.0  3.78065e-11
      14050.0  3.76224e-11
      14060.0  3.74444e-11
      14070.0  3.72740e-11
      14080.0  3.71122e-11
      14090.0  3.69600e-11
      14100.0  3.68178e-11
      14110.0  3.66857e-11
      14120.0  3.65638e-11
      14130.0  3.64517e-11
      14140.0  3.63491e-11
      14150.0  3.62553e-11
      14160.0  3.61696e-11
      14170.0  3.60914e-11
      14180.0  3.60202e-11
      14190.0  3.59553e-11
      14200.0  3.58965e-11
      14210.0  3.58436e-11
      14220.0  3.57967e-11
      14230.0  3.57561e-11
      14240.0  3.57223e-11
      14250.0  3.56960e-11
      14260.0  3.56781e-11
      14270.0  3.56697e-11
      14280.0  3.56719e-11
      14290.0  3.56861e-11
      14300.0  3.57133e-11
      14310.0  3.57547e-11
      14320.0  3.58114e-11
      14330.0  3.58841e-11
      14340.0  3.59736e-11
      14350.0  3.60803e-11
      14360.0  3.62043e-11
      14370.0  3.63454e-11
      14380.0  3.65033e-11
      14390.0  3.66772e-11
      14400.0  3.68662e-11
      14410.0  3.70693e-11
      14420.0  3.72850e-11
      14430.0  3.75120e-11
      14440.0  3.77488e-11
      14450.0  3.79940e-11
      14460.0  3.82460e-11
      14470.0  3.85037e-11
      14480.0  3.87659e-11
      14490.0  3.90317e-11
      14500.0  3.93004e-11
      14510.0  3.95718e-11
      14520.0  3.98458e-11
      14530.0  4.01227e-11
      14540.0  4.04031e-11
      14550.0  4.06881e-11
      14560.0  4.09789e-11
      14570.0  4.12771e-11
      14580.0  4.15844e-11
      14590.0  4.19027e-11
      14600.0  4.22343e-11
      14610.0  4.25813e-11
      14620.0  4.29458e-11
      14630.0  4.33300e-11
      14640.0  4.37358e-11
      14650.0  4.41653e-11
      14660.0  4.46199e-11
      14670.0  4.51011e-11
      14680.0  4.56097e-11
      14690.0  4.61465e-11
      14700.0  4.67116e-11
      14710.0  4.73050e-11
      14720.0  4.79258e-11
      14730.0  4.85732e-11
      14740.0  4.92456e-11
      14750.0  4.99410e-11
      14760.0  5.06570e-11
      14770.0  5.13911e-11
      14780.0  5.21400e-11
      14790.0  5.29004e-11
      14800.0  5.36685e-11
      14810.0  5.44406e-11
      14820.0  5.52125e-11
      14830.0  5.59799e-11
      14840.0  5.67387e-11
      14850.0  5.74845e-11
      14860.0  5.82130e-11
      14870.0  5.89199e-11
      14880.0  5.96014e-11
      14890.0  6.02534e-11
      14900.0  6.08723e-11
      14910.0  6.14548e-11
      14920.0  6.19979e-11
      14930.0  6.24989e-11
      14940.0  6.29556e-11
      14950.0  6.33662e-11
      14960.0  6.37293e-11
      14970.0  6.40441e-11
      14980.0  6.43102e-11
      14990.0  6.45276e-11
      15000.0  6.46970e-11
      15010.0  6.48193e-11
      15020.0  6.48962e-11
      15030.0  6.49293e-11
      15040.0  6.49210e-11
      15050.0  6.48737e-11
      15060.0  6.47903e-11
      15070.0  6.46738e-11
      15080.0  6.45274e-11
      15090.0  6.43542e-11
      15100.0  6.41575e-11
      15110.0  6.39406e-11
      15120.0  6.37065e-11
      15130.0  6.34584e-11
      15140.0  6.31991e-11
      15150.0  6.29313e-11
      15160.0  6.26574e-11
      15170.0  6.23795e-11
      15180.0  6.20997e-11
      15190.0  6.18197e-11
      15200.0  6.15410e-11
      15210.0  6.12648e-11
      15220.0  6.09923e-11
      15230.0  6.07244e-11
      15240.0  6.04619e-11
      15250.0  6.02057e-11
      15260.0  5.99564e-11
      15270.0  5.97148e-11
      15280.0  5.94816e-11
      15290.0  5.92575e-11
      15300.0  5.90436e-11
      15310.0  5.88407e-11
      15320.0  5.86501e-11
      15330.0  5.84728e-11
      15340.0  5.83103e-11
      15350.0  5.81639e-11
      15360.0  5.80352e-11
      15370.0  5.79256e-11
      15380.0  5.78368e-11
      15390.0  5.77702e-11
      15400.0  5.77272e-11
      15410.0  5.77091e-11
      15420.0  5.77172e-11
      15430.0  5.77522e-11
      15440.0  5.78150e-11
      15450.0  5.79058e-11
      15460.0  5.80248e-11
      15470.0  5.81718e-11
      15480.0  5.83461e-11
      15490.0  5.85469e-11
      15500.0  5.87728e-11
      15510.0  5.90223e-11
      15520.0  5.92934e-11
      15530.0  5.95840e-11
      15540.0  5.98916e-11
      15550.0  6.02137e-11
      15560.0  6.05474e-11
      15570.0  6.08899e-11
      15580.0  6.12382e-11
      15590.0  6.15893e-11
      15600.0  6.19403e-11
      15610.0  6.22885e-11
      15620.0  6.26310e-11
      15630.0  6.29653e-11
      15640.0  6.32891e-11
      15650.0  6.36003e-11
      15660.0  6.38968e-11
      15670.0  6.41771e-11
      15680.0  6.44398e-11
      15690.0  6.46838e-11
      15700.0  6.49080e-11
      15710.0  6.51120e-11
      15720.0  6.52953e-11
      15730.0  6.54576e-11
      15740.0  6.55991e-11
      15750.0  6.57198e-11
      15760.0  6.58202e-11
      15770.0  6.59007e-11
      15780.0  6.59619e-11
      15790.0  6.60045e-11
      15800.0  6.60294e-11
      15810.0  6.60374e-11
      15820.0  6.60295e-11
      15830.0  6.60067e-11
      15840.0  6.59700e-11
      15850.0  6.59207e-11
      15860.0  6.58598e-11
      15870.0  6.57886e-11
      15880.0  6.57085e-11
      15890.0  6.56207e-11
      15900.0  6.55266e-11
      15910.0  6.54276e-11
      15920.0  6.53251e-11
      15930.0  6.52207e-11
      15940.0  6.51157e-11
      15950.0  6.50116e-11
      15960.0  6.49098e-11
      15970.0  6.48117e-11
      15980.0  6.47184e-11
      15990.0  6.46312e-11
      16000.0  6.45511e-11
      16010.0  6.44789e-11
      16020.0  6.44153e-11
      16030.0  6.43606e-11
      16040.0  6.43151e-11
      16050.0  6.42788e-11
      16060.0  6.42513e-11
      16070.0  6.42320e-11
      16080.0  6.42202e-11
      16090.0  6.42146e-11
      16100.0  6.42140e-11
      16110.0  6.42168e-11
      16120.0  6.42213e-11
      16130.0  6.42256e-11
      16140.0  6.42279e-11
      16150.0  6.42260e-11
      16160.0  6.42179e-11
      16170.0  6.42017e-11
      16180.0  6.41755e-11
      16190.0  6.41375e-11
      16200.0  6.40861e-11
      16210.0  6.40199e-11
      16220.0  6.39378e-11
      16230.0  6.38389e-11
      16240.0  6.37226e-11
      16250.0  6.35885e-11
      16260.0  6.34365e-11
      16270.0  6.32669e-11
      16280.0  6.30800e-11
      16290.0  6.28764e-11
      16300.0  6.26571e-11
      16310.0  6.24229e-11
      16320.0  6.21750e-11
      16330.0  6.19146e-11
      16340.0  6.16428e-11
      16350.0  6.13609e-11
      16360.0  6.10702e-11
      16370.0  6.07717e-11
      16380.0  6.04666e-11
      16390.0  6.01558e-11
      16400.0  5.98401e-11
      16410.0  5.95202e-11
      16420.0  5.91969e-11
      16430.0  5.88703e-11
      16440.0  5.85410e-11
      16450.0  5.82090e-11
      16460.0  5.78743e-11
      16470.0  5.75370e-11
      16480.0  5.71968e-11
      16490.0  5.68536e-11
      16500.0  5.65069e-11
      16510.0  5.61566e-11
      16520.0  5.58023e-11
      16530.0  5.54436e-11
      16540.0  5.50803e-11
      16550.0  5.47119e-11
      16560.0  5.43384e-11
      16570.0  5.39596e-11
      16580.0  5.35754e-11
      16590.0  5.31859e-11
      16600.0  5.27912e-11
      16610.0  5.23917e-11
      16620.0  5.19878e-11
      16630.0  5.15799e-11
      16640.0  5.11689e-11
      16650.0  5.07555e-11
      16660.0  5.03408e-11
      16670.0  4.99258e-11
      16680.0  4.95117e-11
      16690.0  4.91000e-11
      16700.0  4.86921e-11
      16710.0  4.82894e-11
      16720.0  4.78935e-11
      16730.0  4.75061e-11
      16740.0  4.71289e-11
      16750.0  4.67633e-11
      16760.0  4.64111e-11
      16770.0  4.60738e-11
      16780.0  4.57527e-11
      16790.0  4.54493e-11
      16800.0  4.51647e-11
      16810.0  4.48999e-11
      16820.0  4.46558e-11
      16830.0  4.44331e-11
      16840.0  4.42322e-11
      16850.0  4.40533e-11
      16860.0  4.38964e-11
      16870.0  4.37612e-11
      16880.0  4.36473e-11
      16890.0  4.35539e-11
      16900.0  4.34802e-11
      16910.0  4.34250e-11
      16920.0  4.33870e-11
      16930.0  4.33647e-11
      16940.0  4.33567e-11
      16950.0  4.33611e-11
      16960.0  4.33763e-11
      16970.0  4.34004e-11
      16980.0  4.34317e-11
      16990.0  4.34685e-11
      17000.0  4.35091e-11
      17010.0  4.35519e-11
      17020.0  4.35955e-11
      17030.0  4.36388e-11
      17040.0  4.36806e-11
      17050.0  4.37201e-11
      17060.0  4.37567e-11
      17070.0  4.37901e-11
      17080.0  4.38202e-11
      17090.0  4.38471e-11
      17100.0  4.38713e-11
      17110.0  4.38934e-11
      17120.0  4.39143e-11
      17130.0  4.39350e-11
      17140.0  4.39569e-11
      17150.0  4.39813e-11
      17160.0  4.40099e-11
      17170.0  4.40443e-11
      17180.0  4.40862e-11
      17190.0  4.41374e-11
      17200.0  4.41995e-11
      17210.0  4.42743e-11
      17220.0  4.43635e-11
      17230.0  4.44685e-11
      17240.0  4.45907e-11
      17250.0  4.47315e-11
      17260.0  4.48918e-11
      17270.0  4.50726e-11
      17280.0  4.52744e-11
      17290.0  4.54979e-11
      17300.0  4.57431e-11
      17310.0  4.60102e-11
      17320.0  4.62989e-11
      17330.0  4.66088e-11
      17340.0  4.69392e-11
      17350.0  4.72894e-11
      17360.0  4.76584e-11
      17370.0  4.80449e-11
      17380.0  4.84476e-11
      17390.0  4.88650e-11
      17400.0  4.92957e-11
      17410.0  4.97378e-11
      17420.0  5.01897e-11
      17430.0  5.06494e-11
      17440.0  5.11151e-11
      17450.0  5.15849e-11
      17460.0  5.20568e-11
      17470.0  5.25290e-11
      17480.0  5.29995e-11
      17490.0  5.34663e-11
      17500.0  5.39277e-11
      17510.0  5.43817e-11
      17520.0  5.48266e-11
      17530.0  5.52607e-11
      17540.0  5.56822e-11
      17550.0  5.60895e-11
      17560.0  5.64811e-11
      17570.0  5.68555e-11
      17580.0  5.72111e-11
      17590.0  5.75467e-11
      17600.0  5.78608e-11
      17610.0  5.81521e-11
      17620.0  5.84195e-11
      17630.0  5.86617e-11
      17640.0  5.88774e-11
      17650.0  5.90655e-11
      17660.0  5.92249e-11
      17670.0  5.93544e-11
      17680.0  5.94528e-11
      17690.0  5.95190e-11
      17700.0  5.95520e-11
      17710.0  5.95504e-11
      17720.0  5.95133e-11
      17730.0  5.94396e-11
      17740.0  5.93281e-11
      17750.0  5.91780e-11
      17760.0  5.89883e-11
      17770.0  5.87581e-11
      17780.0  5.84869e-11
      17790.0  5.81742e-11
      17800.0  5.78196e-11
      17810.0  5.74232e-11
      17820.0  5.69853e-11
      17830.0  5.65063e-11
      17840.0  5.59873e-11
      17850.0  5.54294e-11
      17860.0  5.48344e-11
      17870.0  5.42042e-11
      17880.0  5.35413e-11
      17890.0  5.28484e-11
      17900.0  5.21286e-11
      17910.0  5.13854e-11
      17920.0  5.06223e-11
      17930.0  4.98433e-11
      17940.0  4.90524e-11
      17950.0  4.82536e-11
      17960.0  4.74510e-11
      17970.0  4.66487e-11
      17980.0  4.58506e-11
      17990.0  4.50603e-11
      18000.0  4.42813e-11
      18010.0  4.35167e-11
      18020.0  4.27694e-11
      18030.0  4.20418e-11
      18040.0  4.13358e-11
      18050.0  4.06531e-11
      18060.0  3.99950e-11
      18070.0  3.93622e-11
      18080.0  3.87551e-11
      18090.0  3.81739e-11
      18100.0  3.76183e-11
      18110.0  3.70879e-11
      18120.0  3.65819e-11
      18130.0  3.60994e-11
      18140.0  3.56393e-11
      18150.0  3.52005e-11
      18160.0  3.47817e-11
      18170.0  3.43818e-11
      18180.0  3.39996e-11
      18190.0  3.36338e-11
      18200.0  3.32833e-11
      18210.0  3.29472e-11
      18220.0  3.26246e-11
      18230.0  3.23145e-11
      18240.0  3.20163e-11
      18250.0  3.17294e-11
      18260.0  3.14534e-11
      18270.0  3.11877e-11
      18280.0  3.09321e-11
      18290.0  3.06863e-11
      18300.0  3.04501e-11
      18310.0  3.02234e-11
      18320.0  3.00060e-11
      18330.0  2.97978e-11
      18340.0  2.95986e-11
      18350.0  2.94082e-11
      18360.0  2.92265e-11
      18370.0  2.90532e-11
      18380.0  2.88881e-11
      18390.0  2.87308e-11
      18400.0  2.85810e-11
      18410.0  2.84381e-11
      18420.0  2.83018e-11
      18430.0  2.81716e-11
      18440.0  2.80469e-11
      18450.0  2.79271e-11
      18460.0  2.78117e-11
      18470.0  2.77002e-11
      18480.0  2.75918e-11
      18490.0  2.74862e-11
      18500.0  2.73828e-11
      18510.0  2.72811e-11
      18520.0  2.71807e-11
      18530.0  2.70813e-11
      18540.0  2.69824e-11
      18550.0  2.68840e-11
      18560.0  2.67858e-11
      18570.0  2.66876e-11
      18580.0  2.65895e-11
      18590.0  2.64913e-11
      18600.0  2.63933e-11
      18610.0  2.62954e-11
      18620.0  2.61978e-11
      18630.0  2.61005e-11
      18640.0  2.60039e-11
      18650.0  2.59079e-11
      18660.0  2.58128e-11
      18670.0  2.57187e-11
      18680.0  2.56256e-11
      18690.0  2.55338e-11
      18700.0  2.54431e-11
      18710.0  2.53536e-11
      18720.0  2.52653e-11
      18730.0  2.51782e-11
      18740.0  2.50921e-11
      18750.0  2.50069e-11
      18760.0  2.49225e-11
      18770.0  2.48387e-11
      18780.0  2.47555e-11
      18790.0  2.46726e-11
      18800.0  2.45900e-11
      18810.0  2.45076e-11
      18820.0  2.44253e-11
      18830.0  2.43430e-11
      18840.0  2.42609e-11
      18850.0  2.41790e-11
      18860.0  2.40974e-11
      18870.0  2.40164e-11
      18880.0  2.39360e-11
      18890.0  2.38566e-11
      18900.0  2.37784e-11
      18910.0  2.37018e-11
      18920.0  2.36271e-11
      18930.0  2.35547e-11
      18940.0  2.34848e-11
      18950.0  2.34179e-11
      18960.0  2.33540e-11
      18970.0  2.32937e-11
      18980.0  2.32369e-11
      18990.0  2.31840e-11
      19000.0  2.31350e-11
      19010.0  2.30899e-11
      19020.0  2.30487e-11
      19030.0  2.30113e-11
      19040.0  2.29776e-11
      19050.0  2.29474e-11
      19060.0  2.29203e-11
      19070.0  2.28962e-11
      19080.0  2.28746e-11
      19090.0  2.28551e-11
      19100.0  2.28373e-11
      19110.0  2.28208e-11
      19120.0  2.28052e-11
      19130.0  2.27899e-11
      19140.0  2.27747e-11
      19150.0  2.27591e-11
      19160.0  2.27426e-11
      19170.0  2.27251e-11
      19180.0  2.27061e-11
      19190.0  2.26853e-11
      19200.0  2.26627e-11
      19210.0  2.26379e-11
      19220.0  2.26109e-11
      19230.0  2.25816e-11
      19240.0  2.25500e-11
      19250.0  2.25160e-11
      19260.0  2.24799e-11
      19270.0  2.24418e-11
      19280.0  2.24017e-11
      19290.0  2.23601e-11
      19300.0  2.23171e-11
      19310.0  2.22730e-11
      19320.0  2.22283e-11
      19330.0  2.21834e-11
      19340.0  2.21387e-11
      19350.0  2.20948e-11
      19360.0  2.20521e-11
      19370.0  2.20113e-11
      19380.0  2.19729e-11
      19390.0  2.19375e-11
      19400.0  2.19057e-11
      19410.0  2.18783e-11
      19420.0  2.18557e-11
      19430.0  2.18387e-11
      19440.0  2.18278e-11
      19450.0  2.18236e-11
      19460.0  2.18266e-11
      19470.0  2.18372e-11
      19480.0  2.18560e-11
      19490.0  2.18831e-11
      19500.0  2.19188e-11
      19510.0  2.19633e-11
      19520.0  2.20166e-11
      19530.0  2.20786e-11
      19540.0  2.21490e-11
      19550.0  2.22276e-11
      19560.0  2.23137e-11
      19570.0  2.24069e-11
      19580.0  2.25064e-11
      19590.0  2.26114e-11
      19600.0  2.27207e-11
      19610.0  2.28334e-11
      19620.0  2.29483e-11
      19630.0  2.30640e-11
      19640.0  2.31792e-11
      19650.0  2.32926e-11
      19660.0  2.34026e-11
      19670.0  2.35077e-11
      19680.0  2.36065e-11
      19690.0  2.36976e-11
      19700.0  2.37794e-11
      19710.0  2.38507e-11
      19720.0  2.39100e-11
      19730.0  2.39563e-11
      19740.0  2.39882e-11
      19750.0  2.40049e-11
      19760.0  2.40055e-11
      19770.0  2.39891e-11
      19780.0  2.39553e-11
      19790.0  2.39034e-11
      19800.0  2.38334e-11
      19810.0  2.37449e-11
      19820.0  2.36380e-11
      19830.0  2.35129e-11
      19840.0  2.33699e-11
      19850.0  2.32095e-11
      19860.0  2.30322e-11
      19870.0  2.28387e-11
      19880.0  2.26300e-11
      19890.0  2.24069e-11
      19900.0  2.21706e-11
      19910.0  2.19220e-11
      19920.0  2.16624e-11
      19930.0  2.13930e-11
      19940.0  2.11151e-11
      19950.0  2.08299e-11
      19960.0  2.05388e-11
      19970.0  2.02431e-11
      19980.0  1.99441e-11
      19990.0  1.96430e-11
      20000.0  1.93410e-11
      20010.0  1.90394e-11
      20020.0  1.87392e-11
      20030.0  1.84417e-11
      20040.0  1.81477e-11
      20050.0  1.78583e-11
      20060.0  1.75742e-11
      20070.0  1.72965e-11
      20080.0  1.70257e-11
      20090.0  1.67625e-11
      20100.0  1.65076e-11
      20110.0  1.62615e-11
      20120.0  1.60246e-11
      20130.0  1.57973e-11
      20140.0  1.55799e-11
      20150.0  1.53726e-11
      20160.0  1.51758e-11
      20170.0  1.49894e-11
      20180.0  1.48136e-11
      20190.0  1.46484e-11
      20200.0  1.44938e-11
      20210.0  1.43496e-11
      20220.0  1.42158e-11
      20230.0  1.40922e-11
      20240.0  1.39786e-11
      20250.0  1.38747e-11
      20260.0  1.37804e-11
      20270.0  1.36953e-11
      20280.0  1.36192e-11
      20290.0  1.35517e-11
      20300.0  1.34926e-11
      20310.0  1.34415e-11
      20320.0  1.33982e-11
      20330.0  1.33624e-11
      20340.0  1.33338e-11
      20350.0  1.33122e-11
      20360.0  1.32974e-11
      20370.0  1.32893e-11
      20380.0  1.32877e-11
      20390.0  1.32924e-11
      20400.0  1.33036e-11
      20410.0  1.33211e-11
      20420.0  1.33450e-11
      20430.0  1.33754e-11
      20440.0  1.34123e-11
      20450.0  1.34559e-11
      20460.0  1.35062e-11
      20470.0  1.35635e-11
      20480.0  1.36278e-11
      20490.0  1.36993e-11
      20500.0  1.37782e-11
      20510.0  1.38646e-11
      20520.0  1.39585e-11
      20530.0  1.40599e-11
      20540.0  1.41688e-11
      20550.0  1.42851e-11
      20560.0  1.44088e-11
      20570.0  1.45396e-11
      20580.0  1.46772e-11
      20590.0  1.48213e-11
      20600.0  1.49715e-11
      20610.0  1.51273e-11
      20620.0  1.52882e-11
      20630.0  1.54536e-11
      20640.0  1.56228e-11
      20650.0  1.57951e-11
      20660.0  1.59698e-11
      20670.0  1.61463e-11
      20680.0  1.63237e-11
      20690.0  1.65012e-11
      20700.0  1.66783e-11
      20710.0  1.68541e-11
      20720.0  1.70280e-11
      20730.0  1.71994e-11
      20740.0  1.73677e-11
      20750.0  1.75326e-11
      20760.0  1.76936e-11
      20770.0  1.78505e-11
      20780.0  1.80030e-11
      20790.0  1.81511e-11
      20800.0  1.82949e-11
      20810.0  1.84344e-11
      20820.0  1.85699e-11
      20830.0  1.87017e-11
      20840.0  1.88302e-11
      20850.0  1.89559e-11
      20860.0  1.90793e-11
      20870.0  1.92009e-11
      20880.0  1.93212e-11
      20890.0  1.94409e-11
      20900.0  1.95604e-11
      20910.0  1.96801e-11
      20920.0  1.98004e-11
      20930.0  1.99215e-11
      20940.0  2.00436e-11
      20950.0  2.01667e-11
      20960.0  2.02906e-11
      20970.0  2.04151e-11
      20980.0  2.05398e-11
      20990.0  2.06642e-11
      21000.0  2.07876e-11
      21010.0  2.09093e-11
      21020.0  2.10284e-11
      21030.0  2.11442e-11
      21040.0  2.12558e-11
      21050.0  2.13622e-11
      21060.0  2.14626e-11
      21070.0  2.15561e-11
      21080.0  2.16421e-11
      21090.0  2.17197e-11
      21100.0  2.17885e-11
      21110.0  2.18479e-11
      21120.0  2.18976e-11
      21130.0  2.19371e-11
      21140.0  2.19664e-11
      21150.0  2.19854e-11
      21160.0  2.19941e-11
      21170.0  2.19925e-11
      21180.0  2.19809e-11
      21190.0  2.19594e-11
      21200.0  2.19285e-11
      21210.0  2.18883e-11
      21220.0  2.18394e-11
      21230.0  2.17821e-11
      21240.0  2.17169e-11
      21250.0  2.16442e-11
      21260.0  2.15646e-11
      21270.0  2.14786e-11
      21280.0  2.13865e-11
      21290.0  2.12891e-11
      21300.0  2.11867e-11
      21310.0  2.10800e-11
      21320.0  2.09693e-11
      21330.0  2.08553e-11
      21340.0  2.07384e-11
      21350.0  2.06191e-11
      21360.0  2.04979e-11
      21370.0  2.03753e-11
      21380.0  2.02518e-11
      21390.0  2.01277e-11
      21400.0  2.00036e-11
      21410.0  1.98799e-11
      21420.0  1.97570e-11
      21430.0  1.96353e-11
      21440.0  1.95151e-11
      21450.0  1.93970e-11
      21460.0  1.92812e-11
      21470.0  1.91681e-11
      21480.0  1.90580e-11
      21490.0  1.89513e-11
      21500.0  1.88483e-11
      21510.0  1.87492e-11
      21520.0  1.86544e-11
      21530.0  1.85642e-11
      21540.0  1.84789e-11
      21550.0  1.83986e-11
      21560.0  1.83237e-11
      21570.0  1.82543e-11
      21580.0  1.81908e-11
      21590.0  1.81333e-11
      21600.0  1.80820e-11
      21610.0  1.80371e-11
      21620.0  1.79988e-11
      21630.0  1.79673e-11
      21640.0  1.79426e-11
      21650.0  1.79249e-11
      21660.0  1.79142e-11
      21670.0  1.79108e-11
      21680.0  1.79146e-11
      21690.0  1.79257e-11
      21700.0  1.79441e-11
      21710.0  1.79699e-11
      21720.0  1.80029e-11
      21730.0  1.80433e-11
      21740.0  1.80908e-11
      21750.0  1.81456e-11
      21760.0  1.82073e-11
      21770.0  1.82760e-11
      21780.0  1.83515e-11
      21790.0  1.84336e-11
      21800.0  1.85222e-11
      21810.0  1.86171e-11
      21820.0  1.87181e-11
      21830.0  1.88249e-11
      21840.0  1.89374e-11
      21850.0  1.90553e-11
      21860.0  1.91782e-11
      21870.0  1.93061e-11
      21880.0  1.94385e-11
      21890.0  1.95752e-11
      21900.0  1.97159e-11
      21910.0  1.98603e-11
      21920.0  2.00080e-11
      21930.0  2.01588e-11
      21940.0  2.03123e-11
      21950.0  2.04682e-11
      21960.0  2.06262e-11
      21970.0  2.07859e-11
      21980.0  2.09469e-11
      21990.0  2.11089e-11
      22000.0  2.12716e-11
      22010.0  2.14345e-11
      22020.0  2.15973e-11
      22030.0  2.17597e-11
      22040.0  2.19212e-11
      22050.0  2.20814e-11
      22060.0  2.22399e-11
      22070.0  2.23964e-11
      22080.0  2.25503e-11
      22090.0  2.27014e-11
      22100.0  2.28491e-11
      22110.0  2.29930e-11
      22120.0  2.31327e-11
      22130.0  2.32677e-11
      22140.0  2.33976e-11
      22150.0  2.35219e-11
      22160.0  2.36401e-11
      22170.0  2.37518e-11
      22180.0  2.38565e-11
      22190.0  2.39539e-11
      22200.0  2.40433e-11
      22210.0  2.41244e-11
      22220.0  2.41967e-11
      22230.0  2.42599e-11
      22240.0  2.43135e-11
      22250.0  2.43570e-11
      22260.0  2.43903e-11
      22270.0  2.44128e-11
      22280.0  2.44243e-11
      22290.0  2.44245e-11
      22300.0  2.44132e-11
      22310.0  2.43901e-11
      22320.0  2.43551e-11
      22330.0  2.43079e-11
      22340.0  2.42486e-11
      22350.0  2.41770e-11
      22360.0  2.40932e-11
      22370.0  2.39972e-11
      22380.0  2.38891e-11
      22390.0  2.37691e-11
      22400.0  2.36373e-11
      22410.0  2.34939e-11
      22420.0  2.33393e-11
      22430.0  2.31738e-11
      22440.0  2.29978e-11
      22450.0  2.28117e-11
      22460.0  2.26159e-11
      22470.0  2.24109e-11
      22480.0  2.21973e-11
      22490.0  2.19757e-11
      22500.0  2.17466e-11
      22510.0  2.15106e-11
      22520.0  2.12685e-11
      22530.0  2.10207e-11
      22540.0  2.07680e-11
      22550.0  2.05110e-11
      22560.0  2.02504e-11
      22570.0  1.99869e-11
      22580.0  1.97212e-11
      22590.0  1.94538e-11
      22600.0  1.91855e-11
      22610.0  1.89168e-11
      22620.0  1.86484e-11
      22630.0  1.83809e-11
      22640.0  1.81149e-11
      22650.0  1.78509e-11
      22660.0  1.75894e-11
      22670.0  1.73310e-11
      22680.0  1.70761e-11
      22690.0  1.68253e-11
      22700.0  1.65789e-11
      22710.0  1.63374e-11
      22720.0  1.61011e-11
      22730.0  1.58704e-11
      22740.0  1.56458e-11
      22750.0  1.54274e-11
      22760.0  1.52155e-11
      22770.0  1.50106e-11
      22780.0  1.48128e-11
      22790.0  1.46224e-11
      22800.0  1.44396e-11
      22810.0  1.42646e-11
      22820.0  1.40978e-11
      22830.0  1.39391e-11
      22840.0  1.37889e-11
      22850.0  1.36474e-11
      22860.0  1.35146e-11
      22870.0  1.33908e-11
      22880.0  1.32761e-11
      22890.0  1.31707e-11
      22900.0  1.30747e-11
      22910.0  1.29882e-11
      22920.0  1.29114e-11
      22930.0  1.28444e-11
      22940.0  1.27874e-11
      22950.0  1.27403e-11
      22960.0  1.27033e-11
      22970.0  1.26764e-11
      22980.0  1.26598e-11
      22990.0  1.26533e-11
      23000.0  1.26571e-11
      23010.0  1.26711e-11
      23020.0  1.26953e-11
      23030.0  1.27295e-11
      23040.0  1.27737e-11
      23050.0  1.28277e-11
      23060.0  1.28913e-11
      23070.0  1.29643e-11
      23080.0  1.30465e-11
      23090.0  1.31374e-11
      23100.0  1.32369e-11
      23110.0  1.33443e-11
      23120.0  1.34594e-11
      23130.0  1.35816e-11
      23140.0  1.37103e-11
      23150.0  1.38451e-11
      23160.0  1.39852e-11
      23170.0  1.41301e-11
      23180.0  1.42790e-11
      23190.0  1.44312e-11
      23200.0  1.45859e-11
      23210.0  1.47425e-11
      23220.0  1.49000e-11
      23230.0  1.50577e-11
      23240.0  1.52147e-11
      23250.0  1.53703e-11
      23260.0  1.55236e-11
      23270.0  1.56738e-11
      23280.0  1.58202e-11
      23290.0  1.59620e-11
      23300.0  1.60983e-11
      23310.0  1.62287e-11
      23320.0  1.63522e-11
      23330.0  1.64685e-11
      23340.0  1.65768e-11
      23350.0  1.66767e-11
      23360.0  1.67677e-11
      23370.0  1.68495e-11
      23380.0  1.69216e-11
      23390.0  1.69839e-11
      23400.0  1.70361e-11
      23410.0  1.70781e-11
      23420.0  1.71098e-11
      23430.0  1.71312e-11
      23440.0  1.71424e-11
      23450.0  1.71434e-11
      23460.0  1.71345e-11
      23470.0  1.71158e-11
      23480.0  1.70877e-11
      23490.0  1.70503e-11
      23500.0  1.70041e-11
      23510.0  1.69495e-11
      23520.0  1.68868e-11
      23530.0  1.68165e-11
      23540.0  1.67391e-11
      23550.0  1.66550e-11
      23560.0  1.65647e-11
      23570.0  1.64687e-11
      23580.0  1.63676e-11
      23590.0  1.62618e-11
      23600.0  1.61519e-11
      23610.0  1.60384e-11
      23620.0  1.59217e-11
      23630.0  1.58025e-11
      23640.0  1.56813e-11
      23650.0  1.55585e-11
      23660.0  1.54347e-11
      23670.0  1.53104e-11
      23680.0  1.51861e-11
      23690.0  1.50623e-11
      23700.0  1.49397e-11
      23710.0  1.48188e-11
      23720.0  1.47001e-11
      23730.0  1.45842e-11
      23740.0  1.44718e-11
      23750.0  1.43635e-11
      23760.0  1.42600e-11
      23770.0  1.41621e-11
      23780.0  1.40703e-11
      23790.0  1.39857e-11
      23800.0  1.39088e-11
      23810.0  1.38406e-11
      23820.0  1.37819e-11
      23830.0  1.37338e-11
      23840.0  1.36969e-11
      23850.0  1.36718e-11
      23860.0  1.36594e-11
      23870.0  1.36602e-11
      23880.0  1.36748e-11
      23890.0  1.37036e-11
      23900.0  1.37470e-11
      23910.0  1.38051e-11
      23920.0  1.38778e-11
      23930.0  1.39651e-11
      23940.0  1.40664e-11
      23950.0  1.41813e-11
      23960.0  1.43090e-11
      23970.0  1.44486e-11
      23980.0  1.45990e-11
      23990.0  1.47589e-11
      24000.0  1.49270e-11
      24010.0  1.51020e-11
      24020.0  1.52823e-11
      24030.0  1.54664e-11
      24040.0  1.56530e-11
      24050.0  1.58405e-11
      24060.0  1.60277e-11
      24070.0  1.62132e-11
      24080.0  1.63960e-11
      24090.0  1.65751e-11
      24100.0  1.67496e-11
      24110.0  1.69189e-11
      24120.0  1.70823e-11
      24130.0  1.72395e-11
      24140.0  1.73903e-11
      24150.0  1.75345e-11
      24160.0  1.76721e-11
      24170.0  1.78031e-11
      24180.0  1.79277e-11
      24190.0  1.80461e-11
      24200.0  1.81585e-11
      24210.0  1.82652e-11
      24220.0  1.83665e-11
      24230.0  1.84626e-11
      24240.0  1.85538e-11
      24250.0  1.86404e-11
      24260.0  1.87226e-11
      24270.0  1.88006e-11
      24280.0  1.88747e-11
      24290.0  1.89449e-11
      24300.0  1.90114e-11
      24310.0  1.90743e-11
      24320.0  1.91337e-11
      24330.0  1.91897e-11
      24340.0  1.92422e-11
      24350.0  1.92912e-11
      24360.0  1.93369e-11
      24370.0  1.93790e-11
      24380.0  1.94177e-11
      24390.0  1.94528e-11
      24400.0  1.94842e-11
      24410.0  1.95120e-11
      24420.0  1.95361e-11
      24430.0  1.95563e-11
      24440.0  1.95727e-11
      24450.0  1.95853e-11
      24460.0  1.95939e-11
      24470.0  1.95987e-11
      24480.0  1.95996e-11
      24490.0  1.95968e-11
      24500.0  1.95903e-11
      24510.0  1.95803e-11
      24520.0  1.95670e-11
      24530.0  1.95506e-11
      24540.0  1.95313e-11
      24550.0  1.95094e-11
      24560.0  1.94853e-11
      24570.0  1.94594e-11
      24580.0  1.94319e-11
      24590.0  1.94032e-11
      24600.0  1.93738e-11
      24610.0  1.93441e-11
      24620.0  1.93143e-11
      24630.0  1.92849e-11
      24640.0  1.92562e-11
      24650.0  1.92285e-11
      24660.0  1.92021e-11
      24670.0  1.91771e-11
      24680.0  1.91538e-11
      24690.0  1.91324e-11
      24700.0  1.91129e-11
      24710.0  1.90954e-11
      24720.0  1.90799e-11
      24730.0  1.90664e-11
      24740.0  1.90549e-11
      24750.0  1.90452e-11
      24760.0  1.90374e-11
      24770.0  1.90312e-11
      24780.0  1.90265e-11
      24790.0  1.90233e-11
      24800.0  1.90212e-11
      24810.0  1.90202e-11
      24820.0  1.90202e-11
      24830.0  1.90208e-11
      24840.0  1.90221e-11
      24850.0  1.90239e-11
      24860.0  1.90260e-11
      24870.0  1.90283e-11
      24880.0  1.90308e-11
      24890.0  1.90333e-11
      24900.0  1.90359e-11
      24910.0  1.90383e-11
      24920.0  1.90407e-11
      24930.0  1.90429e-11
      24940.0  1.90450e-11
      24950.0  1.90469e-11
      24960.0  1.90486e-11
      24970.0  1.90502e-11
      24980.0  1.90517e-11
      24990.0  1.90530e-11
      25000.0  1.90541e-11
