  1000.00     6.5894165e-13
 1010.00     7.9916214e-13
 1020.00     9.7263252e-13
 1030.00     1.1862682e-12
 1040.00     1.4487209e-12
 1050.00     1.7699911e-12
 1060.00     2.1614048e-12
 1070.00     2.6354925e-12
 1080.00     3.2057557e-12
 1090.00     3.8863159e-12
 1100.00     4.6914604e-12
 1110.00     5.6351155e-12
 1120.00     6.7302868e-12
 1130.00     7.9885165e-12
 1140.00     9.4193954e-12
 1150.00     1.1030159e-11
 1160.00     1.2825380e-11
 1170.00     1.4806751e-11
 1180.00     1.6972952e-11
 1190.00     1.9319602e-11
 1200.00     2.1839268e-11
 1210.00     2.4521557e-11
 1220.00     2.7353272e-11
 1230.00     3.0318653e-11
 1240.00     3.3399689e-11
 1250.00     3.6576496e-11
 1260.00     3.9827757e-11
 1270.00     4.3131202e-11
 1280.00     4.6464106e-11
 1290.00     4.9803788e-11
 1300.00     5.3128103e-11
 1310.00     5.6415884e-11
 1320.00     5.9647364e-11
 1330.00     6.2804519e-11
 1340.00     6.5871376e-11
 1350.00     6.8834251e-11
 1360.00     7.1681916e-11
 1370.00     7.4405722e-11
 1380.00     7.6999635e-11
 1390.00     7.9460217e-11
 1400.00     8.1786538e-11
 1410.00     8.3980000e-11
 1420.00     8.6044084e-11
 1430.00     8.7984006e-11
 1440.00     8.9806269e-11
 1450.00     9.1518130e-11
 1460.00     9.3126947e-11
 1470.00     9.4639475e-11
 1480.00     9.6061070e-11
 1490.00     9.7394917e-11
 1500.00     9.8641302e-11
 1510.00     9.9797017e-11
 1520.00     1.0085502e-10
 1530.00     1.0180442e-10
 1540.00     1.0263082e-10
 1550.00     1.0331721e-10
 1560.00     1.0384523e-10
 1570.00     1.0419688e-10
 1580.00     1.0435655e-10
 1590.00     1.0431317e-10
 1600.00     1.0406241e-10
 1610.00     1.0360867e-10
 1620.00     1.0296660e-10
 1630.00     1.0216219e-10
 1640.00     1.0123300e-10
 1650.00     1.0022755e-10
 1660.00     9.9203748e-11
 1670.00     9.8226238e-11
 1680.00     9.7362927e-11
 1690.00     9.6680757e-11
 1700.00     9.6241239e-11
 1710.00     9.6096260e-11
 1720.00     9.6284744e-11
 1730.00     9.6830742e-11
 1740.00     9.7743303e-11
 1750.00     9.9018165e-11
 1760.00     1.0064096e-10
 1770.00     1.0259124e-10
 1780.00     1.0484652e-10
 1790.00     1.0738527e-10
 1800.00     1.1018840e-10
 1810.00     1.1323877e-10
 1820.00     1.1651910e-10
 1830.00     1.2000900e-10
 1840.00     1.2368203e-10
 1850.00     1.2750414e-10
 1860.00     1.3143392e-10
 1870.00     1.3542507e-10
 1880.00     1.3943066e-10
 1890.00     1.4340797e-10
 1900.00     1.4732265e-10
 1910.00     1.5115081e-10
 1920.00     1.5487820e-10
 1930.00     1.5849630e-10
 1940.00     1.6199616e-10
 1950.00     1.6536147e-10
 1960.00     1.6856256e-10
 1970.00     1.7155331e-10
 1980.00     1.7427167e-10
 1990.00     1.7664432e-10
 2000.00     1.7859435e-10
 2010.00     1.8005057e-10
 2020.00     1.8095649e-10
 2030.00     1.8127733e-10
 2040.00     1.8100405e-10
 2050.00     1.8015424e-10
 2060.00     1.7877039e-10
 2070.00     1.7691681e-10
 2080.00     1.7467633e-10
 2090.00     1.7214765e-10
 2100.00     1.6944379e-10
 2110.00     1.6669121e-10
 2120.00     1.6402883e-10
 2130.00     1.6160611e-10
 2140.00     1.5957909e-10
 2150.00     1.5810420e-10
 2160.00     1.5732983e-10
 2170.00     1.5738630e-10
 2180.00     1.5837560e-10
 2190.00     1.6036212e-10
 2200.00     1.6336575e-10
 2210.00     1.6735887e-10
 2220.00     1.7226736e-10
 2230.00     1.7797618e-10
 2240.00     1.8433853e-10
 2250.00     1.9118748e-10
 2260.00     1.9834826e-10
 2270.00     2.0564938e-10
 2280.00     2.1293119e-10
 2290.00     2.2005077e-10
 2300.00     2.2688323e-10
 2310.00     2.3332026e-10
 2320.00     2.3926755e-10
 2330.00     2.4464282e-10
 2340.00     2.4937646e-10
 2350.00     2.5341564e-10
 2360.00     2.5673197e-10
 2370.00     2.5933146e-10
 2380.00     2.6126458e-10
 2390.00     2.6263337e-10
 2400.00     2.6359285e-10
 2410.00     2.6434448e-10
 2420.00     2.6512086e-10
 2430.00     2.6616270e-10
 2440.00     2.6769068e-10
 2450.00     2.6987648e-10
 2460.00     2.7281768e-10
 2470.00     2.7652134e-10
 2480.00     2.8089959e-10
 2490.00     2.8577895e-10
 2500.00     2.9092252e-10
 2510.00     2.9606191e-10
 2520.00     3.0093388e-10
 2530.00     3.0531576e-10
 2540.00     3.0905367e-10
 2550.00     3.1207915e-10
 2560.00     3.1441203e-10
 2570.00     3.1615001e-10
 2580.00     3.1744812e-10
 2590.00     3.1849262e-10
 2600.00     3.1947455e-10
 2610.00     3.2056723e-10
 2620.00     3.2191038e-10
 2630.00     3.2360192e-10
 2640.00     3.2569699e-10
 2650.00     3.2830326e-10
 2660.00     3.3617784e-10
 2670.00     3.9294624e-10
 2680.00     5.2304182e-10
 2690.00     6.0380581e-10
 2700.00     6.3033550e-10
 2710.00     6.7255011e-10
 2720.00     7.0755554e-10
 2730.00     7.3820378e-10
 2740.00     7.9800546e-10
 2750.00     8.5128891e-10
 2760.00     8.6078976e-10
 2770.00     8.5297377e-10
 2780.00     8.7509552e-10
 2790.00     9.1927911e-10
 2800.00     9.4836617e-10
 2810.00     9.8124938e-10
 2820.00     1.0332700e-09
 2830.00     1.0728695e-09
 2840.00     1.1036566e-09
 2850.00     1.1627048e-09
 2860.00     1.2322449e-09
 2870.00     1.3156766e-09
 2880.00     1.4656735e-09
 2890.00     1.6372305e-09
 2900.00     1.7629578e-09
 2910.00     1.8860182e-09
 2920.00     2.0218292e-09
 2930.00     2.1183261e-09
 2940.00     2.1512373e-09
 2950.00     2.1450086e-09
 2960.00     2.1105561e-09
 2970.00     2.0297792e-09
 2980.00     1.9230169e-09
 2990.00     1.8305107e-09
 3000.00     1.7732283e-09
 3010.00     1.7367731e-09
 3020.00     1.6928816e-09
 3030.00     1.6571246e-09
 3040.00     1.6072425e-09
 3050.00     1.5524492e-09
 3060.00     1.5255766e-09
 3070.00     1.5313074e-09
 3080.00     1.5715077e-09
 3090.00     1.6351432e-09
 3100.00     1.6899770e-09
 3110.00     1.7376336e-09
 3120.00     1.8202610e-09
 3130.00     1.9761710e-09
 3140.00     2.1853499e-09
 3150.00     2.3760103e-09
 3160.00     2.4935146e-09
 3170.00     2.5512059e-09
 3180.00     2.5777087e-09
 3190.00     2.5490549e-09
 3200.00     2.4322156e-09
 3210.00     2.2395738e-09
 3220.00     2.0261550e-09
 3230.00     1.8628562e-09
 3240.00     1.7778736e-09
 3250.00     1.7387518e-09
 3260.00     1.7276867e-09
 3270.00     1.7543666e-09
 3280.00     1.8025973e-09
 3290.00     1.8341044e-09
 3300.00     1.8462957e-09
 3310.00     1.8747168e-09
 3320.00     1.9309632e-09
 3330.00     1.9946853e-09
 3340.00     2.0478635e-09
 3350.00     2.0778855e-09
 3360.00     2.0936115e-09
 3370.00     2.1249113e-09
 3380.00     2.1836361e-09
 3390.00     2.2547442e-09
 3400.00     2.3268346e-09
 3410.00     2.3955675e-09
 3420.00     2.4564845e-09
 3430.00     2.5083285e-09
 3440.00     2.5533000e-09
 3450.00     2.6058916e-09
 3460.00     2.6902104e-09
 3470.00     2.8145919e-09
 3480.00     2.9760981e-09
 3490.00     3.1840379e-09
 3500.00     3.4460866e-09
 3510.00     3.7401046e-09
 3520.00     4.0239888e-09
 3530.00     4.2695765e-09
 3540.00     4.4775198e-09
 3550.00     4.6629764e-09
 3560.00     4.8214275e-09
 3570.00     4.9224203e-09
 3580.00     4.9479236e-09
 3590.00     4.9142691e-09
 3600.00     4.8584402e-09
 3610.00     4.8405345e-09
 3620.00     4.9261162e-09
 3630.00     5.1165347e-09
 3640.00     5.3413205e-09
 3650.00     5.5037609e-09
 3660.00     5.5266681e-09
 3670.00     5.3824856e-09
 3680.00     5.0970850e-09
 3690.00     4.7349858e-09
 3700.00     4.3692663e-09
 3710.00     4.0463554e-09
 3720.00     3.7696555e-09
 3730.00     3.5189071e-09
 3740.00     3.2879784e-09
 3750.00     3.0949403e-09
 3760.00     2.9614307e-09
 3770.00     2.8978114e-09
 3780.00     2.9048890e-09
 3790.00     2.9814505e-09
 3800.00     3.1328387e-09
 3810.00     3.3695316e-09
 3820.00     3.6956274e-09
 3830.00     4.1059008e-09
 3840.00     4.5895671e-09
 3850.00     5.1297203e-09
 3860.00     5.7002547e-09
 3870.00     6.2672306e-09
 3880.00     6.7933379e-09
 3890.00     7.2443553e-09
 3900.00     7.5983325e-09
 3910.00     7.8433489e-09
 3920.00     7.9683882e-09
 3930.00     7.9623463e-09
 3940.00     7.8195212e-09
 3950.00     7.5468874e-09
 3960.00     7.1769607e-09
 3970.00     6.7695589e-09
 3980.00     6.3917395e-09
 3990.00     6.0967281e-09
 4000.00     5.9168361e-09
 4010.00     5.8617938e-09
 4020.00     5.9178349e-09
 4030.00     6.0514913e-09
 4040.00     6.2170960e-09
 4050.00     6.3671541e-09
 4060.00     6.4672583e-09
 4070.00     6.5078855e-09
 4080.00     6.5020749e-09
 4090.00     6.4703719e-09
 4100.00     6.4288466e-09
 4110.00     6.3877296e-09
 4120.00     6.3540170e-09
 4130.00     6.3308489e-09
 4140.00     6.3145885e-09
 4150.00     6.2960147e-09
 4160.00     6.2664910e-09
 4170.00     6.2226240e-09
 4180.00     6.1643428e-09
 4190.00     6.0897090e-09
 4200.00     5.9939263e-09
 4210.00     5.8732397e-09
 4220.00     5.7283620e-09
 4230.00     5.5653229e-09
 4240.00     5.3929668e-09
 4250.00     5.2177754e-09
 4260.00     5.0378705e-09
 4270.00     4.8453277e-09
 4280.00     4.6378609e-09
 4290.00     4.4267793e-09
 4300.00     4.2310471e-09
 4310.00     4.0649039e-09
 4320.00     3.9329115e-09
 4330.00     3.8336397e-09
 4340.00     3.7632197e-09
 4350.00     3.7157444e-09
 4360.00     3.6858264e-09
 4370.00     3.6747924e-09
 4380.00     3.6927028e-09
 4390.00     3.7507079e-09
 4400.00     3.8511241e-09
 4410.00     3.9858240e-09
 4420.00     4.1423924e-09
 4430.00     4.3092533e-09
 4440.00     4.4770914e-09
 4450.00     4.6414762e-09
 4460.00     4.8053193e-09
 4470.00     4.9759645e-09
 4480.00     5.1572162e-09
 4490.00     5.3444657e-09
 4500.00     5.5279366e-09
 4510.00     5.6987307e-09
 4520.00     5.8506088e-09
 4530.00     5.9785967e-09
 4540.00     6.0792233e-09
 4550.00     6.1516883e-09
 4560.00     6.1958019e-09
 4570.00     6.2078168e-09
 4580.00     6.1798415e-09
 4590.00     6.1037554e-09
 4600.00     5.9776268e-09
 4610.00     5.8115843e-09
 4620.00     5.6217634e-09
 4630.00     5.4184825e-09
 4640.00     5.2070076e-09
 4650.00     4.9946854e-09
 4660.00     4.7900141e-09
 4670.00     4.5967888e-09
 4680.00     4.4120303e-09
 4690.00     4.2303882e-09
 4700.00     4.0507310e-09
 4710.00     3.8790084e-09
 4720.00     3.7260060e-09
 4730.00     3.6025194e-09
 4740.00     3.5144216e-09
 4750.00     3.4593353e-09
 4760.00     3.4265686e-09
 4770.00     3.4008922e-09
 4780.00     3.3685294e-09
 4790.00     3.3216657e-09
 4800.00     3.2603480e-09
 4810.00     3.1917570e-09
 4820.00     3.1274423e-09
 4830.00     3.0798392e-09
 4840.00     3.0594627e-09
 4850.00     3.0730672e-09
 4860.00     3.1221518e-09
 4870.00     3.2015214e-09
 4880.00     3.2977728e-09
 4890.00     3.3872071e-09
 4900.00     3.4370284e-09
 4910.00     3.4216905e-09
 4920.00     3.3476134e-09
 4930.00     3.2470878e-09
 4940.00     3.1441727e-09
 4950.00     3.0453275e-09
 4960.00     2.9554753e-09
 4970.00     2.8845445e-09
 4980.00     2.8417201e-09
 4990.00     2.8306136e-09
 5000.00     2.8488858e-09
 5010.00     2.8906703e-09
 5020.00     2.9497807e-09
 5030.00     3.0218020e-09
 5040.00     3.1040685e-09
 5050.00     3.1944754e-09
 5060.00     3.2909282e-09
 5070.00     3.3918725e-09
 5080.00     3.4968725e-09
 5090.00     3.6063374e-09
 5100.00     3.7203666e-09
 5110.00     3.8373616e-09
 5120.00     3.9534485e-09
 5130.00     4.0633378e-09
 5140.00     4.1619338e-09
 5150.00     4.2454422e-09
 5160.00     4.3118201e-09
 5170.00     4.3608573e-09
 5180.00     4.3932464e-09
 5190.00     4.4085273e-09
 5200.00     4.4035785e-09
 5210.00     4.3734197e-09
 5220.00     4.3134507e-09
 5230.00     4.2220431e-09
 5240.00     4.1026699e-09
 5250.00     3.9645097e-09
 5260.00     3.8206644e-09
 5270.00     3.6845877e-09
 5280.00     3.5667484e-09
 5290.00     3.4730583e-09
 5300.00     3.4048667e-09
 5310.00     3.3596369e-09
 5320.00     3.3320350e-09
 5330.00     3.3155196e-09
 5340.00     3.3041098e-09
 5350.00     3.2936810e-09
 5360.00     3.2822587e-09
 5370.00     3.2691794e-09
 5380.00     3.2535675e-09
 5390.00     3.2331227e-09
 5400.00     3.2045732e-09
 5410.00     3.1651184e-09
 5420.00     3.1139069e-09
 5430.00     3.0531686e-09
 5440.00     2.9893687e-09
 5450.00     2.9332337e-09
 5460.00     2.8962555e-09
 5470.00     2.8854980e-09
 5480.00     2.9016921e-09
 5490.00     2.9411847e-09
 5500.00     2.9987068e-09
 5510.00     3.0690629e-09
 5520.00     3.1469216e-09
 5530.00     3.2254368e-09
 5540.00     3.2962535e-09
 5550.00     3.3519631e-09
 5560.00     3.3888585e-09
 5570.00     3.4074705e-09
 5580.00     3.4109397e-09
 5590.00     3.4029113e-09
 5600.00     3.3860890e-09
 5610.00     3.3618942e-09
 5620.00     3.3306203e-09
 5630.00     3.2920252e-09
 5640.00     3.2459863e-09
 5650.00     3.1927612e-09
 5660.00     3.1329801e-09
 5670.00     3.0676963e-09
 5680.00     2.9986690e-09
 5690.00     2.9287422e-09
 5700.00     2.8619464e-09
 5710.00     2.8030141e-09
 5720.00     2.7563899e-09
 5730.00     2.7252251e-09
 5740.00     2.7108753e-09
 5750.00     2.7130581e-09
 5760.00     2.7303992e-09
 5770.00     2.7609362e-09
 5780.00     2.8023330e-09
 5790.00     2.8518824e-09
 5800.00     2.9065607e-09
 5810.00     2.9632925e-09
 5820.00     3.0193229e-09
 5830.00     3.0724540e-09
 5840.00     3.1208575e-09
 5850.00     3.1626830e-09
 5860.00     3.1961494e-09
 5870.00     3.2196773e-09
 5880.00     3.2322208e-09
 5890.00     3.2336498e-09
 5900.00     3.2249776e-09
 5910.00     3.2082763e-09
 5920.00     3.1861957e-09
 5930.00     3.1611863e-09
 5940.00     3.1347556e-09
 5950.00     3.1070787e-09
 5960.00     3.0769759e-09
 5970.00     3.0419985e-09
 5980.00     2.9984597e-09
 5990.00     2.9415751e-09
 6000.00     2.8660208e-09
 6010.00     2.7670022e-09
 6020.00     2.6415883e-09
 6030.00     2.4898761e-09
 6040.00     2.3155938e-09
 6050.00     2.1260437e-09
 6060.00     1.9312198e-09
 6070.00     1.7422593e-09
 6080.00     1.5699146e-09
 6090.00     1.4232106e-09
 6100.00     1.3085682e-09
 6110.00     1.2295481e-09
 6120.00     1.1871020e-09
 6130.00     1.1800464e-09
 6140.00     1.2055345e-09
 6150.00     1.2594704e-09
 6160.00     1.3368671e-09
 6170.00     1.4321159e-09
 6180.00     1.5391936e-09
 6190.00     1.6519550e-09
 6200.00     1.7646337e-09
 6210.00     1.8724558e-09
 6220.00     1.9720621e-09
 6230.00     2.0614899e-09
 6240.00     2.1397566e-09
 6250.00     2.2063685e-09
 6260.00     2.2610914e-09
 6270.00     2.3040513e-09
 6280.00     2.3359194e-09
 6290.00     2.3578763e-09
 6300.00     2.3712605e-09
 6310.00     2.3770769e-09
 6320.00     2.3757256e-09
 6330.00     2.3673018e-09
 6340.00     2.3526722e-09
 6350.00     2.3341736e-09
 6360.00     2.3148348e-09
 6370.00     2.2967006e-09
 6380.00     2.2799417e-09
 6390.00     2.2634593e-09
 6400.00     2.2461717e-09
 6410.00     2.2278578e-09
 6420.00     2.2090670e-09
 6430.00     2.1904672e-09
 6440.00     2.1723657e-09
 6450.00     2.1546862e-09
 6460.00     2.1371428e-09
 6470.00     2.1193795e-09
 6480.00     2.1010610e-09
 6490.00     2.0819463e-09
 6500.00     2.0619352e-09
 6510.00     2.0410775e-09
 6520.00     2.0195095e-09
 6530.00     1.9972892e-09
 6540.00     1.9742042e-09
 6550.00     1.9497474e-09
 6560.00     1.9233867e-09
 6570.00     1.8950038e-09
 6580.00     1.8651053e-09
 6590.00     1.8345898e-09
 6600.00     1.8042441e-09
 6610.00     1.7743499e-09
 6620.00     1.7446957e-09
 6630.00     1.7149325e-09
 6640.00     1.6849437e-09
 6650.00     1.6549470e-09
 6660.00     1.6253106e-09
 6670.00     1.5963021e-09
 6680.00     1.5679946e-09
 6690.00     1.5403846e-09
 6700.00     1.5135859e-09
 6710.00     1.4879011e-09
 6720.00     1.4636801e-09
 6730.00     1.4410780e-09
 6740.00     1.4199419e-09
 6750.00     1.3999674e-09
 6760.00     1.3810171e-09
 6770.00     1.3633160e-09
 6780.00     1.3473116e-09
 6790.00     1.3332707e-09
 6800.00     1.3209243e-09
 6810.00     1.3094445e-09
 6820.00     1.2977808e-09
 6830.00     1.2851331e-09
 6840.00     1.2712809e-09
 6850.00     1.2565871e-09
 6860.00     1.2416898e-09
 6870.00     1.2270993e-09
 6880.00     1.2129098e-09
 6890.00     1.1987706e-09
 6900.00     1.1841194e-09
 6910.00     1.1685364e-09
 6920.00     1.1520225e-09
 6930.00     1.1350574e-09
 6940.00     1.1184303e-09
 6950.00     1.1029582e-09
 6960.00     1.0892436e-09
 6970.00     1.0775607e-09
 6980.00     1.0678655e-09
 6990.00     1.0598749e-09
 7000.00     1.0531604e-09
 7010.00     1.0472287e-09
 7020.00     1.0415750e-09
 7030.00     1.0357117e-09
 7040.00     1.0292066e-09
 7050.00     1.0217796e-09
 7060.00     1.0134350e-09
 7070.00     1.0045129e-09
 7080.00     9.9556230e-10
 7090.00     9.8709401e-10
 7100.00     9.7939175e-10
 7110.00     9.7250621e-10
 7120.00     9.6639019e-10
 7130.00     9.6103836e-10
 7140.00     9.5655718e-10
 7150.00     9.5309075e-10
 7160.00     9.5069468e-10
 7170.00     9.4926112e-10
 7180.00     9.4853733e-10
 7190.00     9.4820733e-10
 7200.00     9.4797087e-10
 7210.00     9.4756851e-10
 7220.00     9.4673517e-10
 7230.00     9.4509828e-10
 7240.00     9.4208421e-10
 7250.00     9.3696575e-10
 7260.00     9.2916698e-10
 7270.00     9.1870488e-10
 7280.00     9.0635686e-10
 7290.00     8.9326200e-10
 7300.00     8.8022907e-10
 7310.00     8.6735078e-10
 7320.00     8.5416914e-10
 7330.00     8.4009916e-10
 7340.00     8.2472825e-10
 7350.00     8.0788436e-10
 7360.00     7.8957661e-10
 7370.00     7.6991948e-10
 7380.00     7.4908840e-10
 7390.00     7.2732534e-10
 7400.00     7.0500830e-10
 7410.00     6.8273350e-10
 7420.00     6.6128085e-10
 7430.00     6.4144745e-10
 7440.00     6.2382007e-10
 7450.00     6.0864911e-10
 7460.00     5.9590008e-10
 7470.00     5.8540639e-10
 7480.00     5.7699819e-10
 7490.00     5.7054529e-10
 7500.00     5.6593057e-10
 7510.00     5.6300632e-10
 7520.00     5.6157911e-10
 7530.00     5.6143811e-10
 7540.00     5.6240666e-10
 7550.00     5.6437936e-10
 7560.00     5.6731761e-10
 7570.00     5.7120404e-10
 7580.00     5.7597818e-10
 7590.00     5.8148351e-10
 7600.00     5.8745236e-10
 7610.00     5.9354596e-10
 7620.00     5.9944486e-10
 7630.00     6.0494927e-10
 7640.00     6.1002777e-10
 7650.00     6.1478158e-10
 7660.00     6.1935692e-10
 7670.00     6.2387401e-10
 7680.00     6.2841244e-10
 7690.00     6.3303723e-10
 7700.00     6.3782667e-10
 7710.00     6.4287798e-10
 7720.00     6.4829087e-10
 7730.00     6.5413514e-10
 7740.00     6.6042344e-10
 7750.00     6.6709783e-10
 7760.00     6.7402316e-10
 7770.00     6.8099751e-10
 7780.00     6.8777908e-10
 7790.00     6.9411840e-10
 7800.00     6.9978103e-10
 7810.00     7.0455373e-10
 7820.00     7.0824089e-10
 7830.00     7.1066708e-10
 7840.00     7.1169750e-10
 7850.00     7.1127278e-10
 7860.00     7.0943857e-10
 7870.00     7.0634809e-10
 7880.00     7.0223132e-10
 7890.00     6.9734784e-10
 7900.00     6.9195050e-10
 7910.00     6.8626826e-10
 7920.00     6.8035771e-10
 7930.00     6.7438699e-10
 7940.00     6.6833367e-10
 7950.00     6.6195937e-10
 7960.00     6.5495146e-10
 7970.00     6.4708285e-10
 7980.00     6.3833394e-10
 7990.00     6.2890025e-10
 8000.00     6.1908774e-10
 8010.00     6.0915790e-10
 8020.00     5.9920464e-10
 8030.00     5.8912724e-10
 8040.00     5.7871235e-10
 8050.00     5.6777028e-10
 8060.00     5.5623277e-10
 8070.00     5.4414803e-10
 8080.00     5.3159361e-10
 8090.00     5.1859708e-10
 8100.00     5.0513836e-10
 8110.00     4.9122340e-10
 8120.00     4.7696008e-10
 8130.00     4.6258477e-10
 8140.00     4.4844000e-10
 8150.00     4.3493145e-10
 8160.00     4.2248463e-10
 8170.00     4.1150656e-10
 8180.00     4.0235101e-10
 8190.00     3.9528879e-10
 8200.00     3.9048587e-10
 8210.00     3.8799172e-10
 8220.00     3.8773700e-10
 8230.00     3.8953923e-10
 8240.00     3.9311762e-10
 8250.00     3.9812128e-10
 8260.00     4.0417472e-10
 8270.00     4.1093789e-10
 8280.00     4.1816962e-10
 8290.00     4.2577605e-10
 8300.00     4.3382749e-10
 8310.00     4.4253650e-10
 8320.00     4.5220361e-10
 8330.00     4.6314732e-10
 8340.00     4.7563698e-10
 8350.00     4.8984169e-10
 8360.00     5.0580138e-10
 8370.00     5.2342024e-10
 8380.00     5.4248054e-10
 8390.00     5.6267426e-10
 8400.00     5.8364416e-10
 8410.00     6.0502713e-10
 8420.00     6.2649088e-10
 8430.00     6.4775590e-10
 8440.00     6.6860012e-10
 8450.00     6.8884933e-10
 8460.00     7.0836096e-10
 8470.00     7.2700912e-10
 8480.00     7.4467710e-10
 8490.00     7.6125854e-10
 8500.00     7.7666443e-10
 8510.00     7.9083079e-10
 8520.00     8.0372226e-10
 8530.00     8.1532980e-10
 8540.00     8.2566361e-10
 8550.00     8.3474411e-10
 8560.00     8.4259418e-10
 8570.00     8.4923476e-10
 8580.00     8.5468504e-10
 8590.00     8.5896679e-10
 8600.00     8.6211075e-10
 8610.00     8.6416148e-10
 8620.00     8.6517731e-10
 8630.00     8.6522446e-10
 8640.00     8.6436774e-10
 8650.00     8.6266268e-10
 8660.00     8.6015346e-10
 8670.00     8.5687765e-10
 8680.00     8.5287441e-10
 8690.00     8.4818996e-10
 8700.00     8.4287514e-10
 8710.00     8.3697084e-10
 8720.00     8.3048590e-10
 8730.00     8.2337860e-10
 8740.00     8.1555107e-10
 8750.00     8.0686337e-10
 8760.00     7.9716610e-10
 8770.00     7.8634264e-10
 8780.00     7.7434775e-10
 8790.00     7.6123029e-10
 8800.00     7.4713425e-10
 8810.00     7.3228089e-10
 8820.00     7.1694054e-10
 8830.00     7.0140378e-10
 8840.00     6.8595779e-10
 8850.00     6.7086793e-10
 8860.00     6.5636227e-10
 8870.00     6.4261716e-10
 8880.00     6.2974571e-10
 8890.00     6.1779339e-10
 8900.00     6.0674440e-10
 8910.00     5.9653812e-10
 8920.00     5.8708993e-10
 8930.00     5.7830815e-10
 8940.00     5.7010157e-10
 8950.00     5.6237859e-10
 8960.00     5.5504500e-10
 8970.00     5.4800941e-10
 8980.00     5.4120119e-10
 8990.00     5.3459600e-10
 9000.00     5.2823511e-10
 9010.00     5.2222334e-10
 9020.00     5.1670026e-10
 9030.00     5.1179425e-10
 9040.00     5.0757792e-10
 9050.00     5.0403947e-10
 9060.00     5.0107973e-10
 9070.00     4.9852902e-10
 9080.00     4.9617634e-10
 9090.00     4.9380520e-10
 9100.00     4.9123048e-10
 9110.00     4.8833095e-10
 9120.00     4.8507277e-10
 9130.00     4.8152038e-10
 9140.00     4.7783328e-10
 9150.00     4.7424707e-10
 9160.00     4.7103697e-10
 9170.00     4.6846377e-10
 9180.00     4.6671152e-10
 9190.00     4.6583713e-10
 9200.00     4.6575362e-10
 9210.00     4.6625371e-10
 9220.00     4.6705663e-10
 9230.00     4.6785095e-10
 9240.00     4.6831761e-10
 9250.00     4.6814339e-10
 9260.00     4.6705297e-10
 9270.00     4.6487835e-10
 9280.00     4.6136449e-10
 9290.00     4.5687807e-10
 9300.00     4.5205609e-10
 9310.00     4.4742905e-10
 9320.00     4.4340272e-10
 9330.00     4.4014750e-10
 9340.00     4.3760312e-10
 9350.00     4.3557025e-10
 9360.00     4.3381957e-10
 9370.00     4.3216389e-10
 9380.00     4.3048061e-10
 9390.00     4.2870174e-10
 9400.00     4.2679395e-10
 9410.00     4.2474206e-10
 9420.00     4.2253949e-10
 9430.00     4.2018387e-10
 9440.00     4.1767554e-10
 9450.00     4.1501721e-10
 9460.00     4.1221395e-10
 9470.00     4.0927322e-10
 9480.00     4.0620483e-10
 9490.00     4.0302078e-10
 9500.00     3.9973494e-10
 9510.00     3.9636270e-10
 9520.00     3.9292040e-10
 9530.00     3.8942485e-10
 9540.00     3.8589268e-10
 9550.00     3.8233980e-10
 9560.00     3.7878090e-10
 9570.00     3.7522899e-10
 9580.00     3.7169518e-10
 9590.00     3.6818846e-10
 9600.00     3.6471575e-10
 9610.00     3.6128206e-10
 9620.00     3.5789069e-10
 9630.00     3.5454366e-10
 9640.00     3.5124207e-10
 9650.00     3.4798659e-10
 9660.00     3.4477780e-10
 9670.00     3.4161664e-10
 9680.00     3.3850464e-10
 9690.00     3.3544416e-10
 9700.00     3.3243847e-10
 9710.00     3.2949177e-10
 9720.00     3.2660911e-10
 9730.00     3.2379626e-10
 9740.00     3.2105951e-10
 9750.00     3.1840542e-10
 9760.00     3.1584062e-10
 9770.00     3.1337155e-10
 9780.00     3.1100423e-10
 9790.00     3.0874411e-10
 9800.00     3.0659586e-10
 9810.00     3.0456323e-10
 9820.00     3.0264897e-10
 9830.00     3.0085471e-10
 9840.00     2.9918092e-10
 9850.00     2.9762685e-10
 9860.00     2.9619049e-10
 9870.00     2.9486859e-10
 9880.00     2.9365664e-10
 9890.00     2.9254888e-10
 9900.00     2.9153838e-10
 9910.00     2.9061704e-10
 9920.00     2.8977573e-10
 9930.00     2.8900440e-10
 9940.00     2.8829218e-10
 9950.00     2.8762757e-10
 9960.00     2.8699864e-10
 9970.00     2.8639320e-10
 9980.00     2.8579906e-10
 9990.00     2.8520420e-10
10000.00     2.8459704e-10
10010.00     2.8396662e-10
10020.00     2.8330280e-10
10030.00     2.8259643e-10
10040.00     2.8183947e-10
10050.00     2.8102512e-10
10060.00     2.8014782e-10
10070.00     2.7920335e-10
10080.00     2.7818875e-10
10090.00     2.7710228e-10
10100.00     2.7594335e-10
10110.00     2.7471240e-10
10120.00     2.7341075e-10
10130.00     2.7204052e-10
10140.00     2.7060442e-10
10150.00     2.6910561e-10
10160.00     2.6754765e-10
10170.00     2.6593429e-10
10180.00     2.6426944e-10
10190.00     2.6255703e-10
10200.00     2.6080102e-10
10210.00     2.5900532e-10
10220.00     2.5717379e-10
10230.00     2.5531024e-10
10240.00     2.5341842e-10
10250.00     2.5150208e-10
10260.00     2.4956492e-10
10270.00     2.4761068e-10
10280.00     2.4564315e-10
10290.00     2.4366612e-10
10300.00     2.4168348e-10
10310.00     2.3969915e-10
10320.00     2.3771713e-10
10330.00     2.3574150e-10
10340.00     2.3377637e-10
10350.00     2.3182589e-10
10360.00     2.2989421e-10
10370.00     2.2798547e-10
10380.00     2.2610383e-10
10390.00     2.2425342e-10
10400.00     2.2243832e-10
10410.00     2.2066262e-10
10420.00     2.1893033e-10
10430.00     2.1724541e-10
10440.00     2.1561171e-10
10450.00     2.1403299e-10
10460.00     2.1251282e-10
10470.00     2.1105457e-10
10480.00     2.0966132e-10
10490.00     2.0833582e-10
10500.00     2.0708041e-10
10510.00     2.0589696e-10
10520.00     2.0478675e-10
10530.00     2.0375050e-10
10540.00     2.0278826e-10
10550.00     2.0189942e-10
10560.00     2.0108264e-10
10570.00     2.0033592e-10
10580.00     1.9965660e-10
10590.00     1.9904140e-10
10600.00     1.9848649e-10
10610.00     1.9798757e-10
10620.00     1.9753997e-10
10630.00     1.9713872e-10
10640.00     1.9677869e-10
10650.00     1.9645464e-10
10660.00     1.9616134e-10
10670.00     1.9589365e-10
10680.00     1.9564663e-10
10690.00     1.9541553e-10
10700.00     1.9519589e-10
10710.00     1.9498360e-10
10720.00     1.9477490e-10
10730.00     1.9456638e-10
10740.00     1.9435506e-10
10750.00     1.9413834e-10
10760.00     1.9391401e-10
10770.00     1.9368024e-10
10780.00     1.9343561e-10
10790.00     1.9317901e-10
10800.00     1.9290968e-10
10810.00     1.9262714e-10
10820.00     1.9233115e-10
10830.00     1.9202170e-10
10840.00     1.9169888e-10
10850.00     1.9136290e-10
10860.00     1.9101399e-10
10870.00     1.9065231e-10
10880.00     1.9027796e-10
10890.00     1.8989088e-10
10900.00     1.8949084e-10
10910.00     1.8907740e-10
10920.00     1.8864991e-10
10930.00     1.8820751e-10
10940.00     1.8774917e-10
10950.00     1.8727373e-10
10960.00     1.8677993e-10
10970.00     1.8626653e-10
10980.00     1.8573233e-10
10990.00     1.8517629e-10
11000.00     1.8459757e-10
11010.00     1.8399566e-10
11020.00     1.8337034e-10
11030.00     1.8272185e-10
11040.00     1.8205081e-10
11050.00     1.8135831e-10
11060.00     1.8064587e-10
11070.00     1.7991541e-10
11080.00     1.7916925e-10
11090.00     1.7841001e-10
11100.00     1.7764061e-10
11110.00     1.7686412e-10
11120.00     1.7608376e-10
11130.00     1.7530281e-10
11140.00     1.7452449e-10
11150.00     1.7375196e-10
11160.00     1.7298824e-10
11170.00     1.7223612e-10
11180.00     1.7149821e-10
11190.00     1.7077683e-10
11200.00     1.7007402e-10
11210.00     1.6939155e-10
11220.00     1.6873089e-10
11230.00     1.6809322e-10
11240.00     1.6747946e-10
11250.00     1.6689025e-10
11260.00     1.6632597e-10
11270.00     1.6578676e-10
11280.00     1.6527251e-10
11290.00     1.6478288e-10
11300.00     1.6431731e-10
11310.00     1.6387500e-10
11320.00     1.6345497e-10
11330.00     1.6305599e-10
11340.00     1.6267666e-10
11350.00     1.6231538e-10
11360.00     1.6197039e-10
11370.00     1.6163975e-10
11380.00     1.6132143e-10
11390.00     1.6101326e-10
11400.00     1.6071306e-10
11410.00     1.6041855e-10
11420.00     1.6012747e-10
11430.00     1.5983760e-10
11440.00     1.5954676e-10
11450.00     1.5925285e-10
11460.00     1.5895387e-10
11470.00     1.5864793e-10
11480.00     1.5833327e-10
11490.00     1.5800828e-10
11500.00     1.5767146e-10
11510.00     1.5732145e-10
11520.00     1.5695703e-10
11530.00     1.5657706e-10
11540.00     1.5618057e-10
11550.00     1.5576666e-10
11560.00     1.5533455e-10
11570.00     1.5488354e-10
11580.00     1.5441306e-10
11590.00     1.5392259e-10
11600.00     1.5341175e-10
11610.00     1.5288020e-10
11620.00     1.5232774e-10
11630.00     1.5175425e-10
11640.00     1.5115969e-10
11650.00     1.5054413e-10
11660.00     1.4990772e-10
11670.00     1.4925069e-10
11680.00     1.4857338e-10
11690.00     1.4787618e-10
11700.00     1.4715955e-10
11710.00     1.4642404e-10
11720.00     1.4567026e-10
11730.00     1.4489885e-10
11740.00     1.4411055e-10
11750.00     1.4330613e-10
11760.00     1.4248642e-10
11770.00     1.4165232e-10
11780.00     1.4080476e-10
11790.00     1.3994479e-10
11800.00     1.3907347e-10
11810.00     1.3819196e-10
11820.00     1.3730151e-10
11830.00     1.3640343e-10
11840.00     1.3549911e-10
11850.00     1.3459001e-10
11860.00     1.3367769e-10
11870.00     1.3276378e-10
11880.00     1.3184996e-10
11890.00     1.3093797e-10
11900.00     1.3002959e-10
11910.00     1.2912665e-10
11920.00     1.2823092e-10
11930.00     1.2734422e-10
11940.00     1.2646829e-10
11950.00     1.2560482e-10
11960.00     1.2475537e-10
11970.00     1.2392141e-10
11980.00     1.2310425e-10
11990.00     1.2230502e-10
12000.00     1.2152466e-10
12010.00     1.2076391e-10
12020.00     1.2002329e-10
12030.00     1.1930311e-10
12040.00     1.1860350e-10
12050.00     1.1792440e-10
12060.00     1.1726559e-10
12070.00     1.1662676e-10
12080.00     1.1600751e-10
12090.00     1.1540743e-10
12100.00     1.1482615e-10
12110.00     1.1426336e-10
12120.00     1.1371889e-10
12130.00     1.1319274e-10
12140.00     1.1268512e-10
12150.00     1.1219645e-10
12160.00     1.1172740e-10
12170.00     1.1127887e-10
12180.00     1.1085195e-10
12190.00     1.1044794e-10
12200.00     1.1006826e-10
12210.00     1.0971441e-10
12220.00     1.0938791e-10
12230.00     1.0909025e-10
12240.00     1.0882279e-10
12250.00     1.0858672e-10
12260.00     1.0838298e-10
12270.00     1.0821225e-10
12280.00     1.0807487e-10
12290.00     1.0797084e-10
12300.00     1.0789978e-10
12310.00     1.0786097e-10
12320.00     1.0785333e-10
12330.00     1.0787546e-10
12340.00     1.0792569e-10
12350.00     1.0800207e-10
12360.00     1.0810251e-10
12370.00     1.0822473e-10
12380.00     1.0836639e-10
12390.00     1.0852508e-10
12400.00     1.0869840e-10
12410.00     1.0888398e-10
12420.00     1.0907952e-10
12430.00     1.0928281e-10
12440.00     1.0949174e-10
12450.00     1.0970431e-10
12460.00     1.0991862e-10
12470.00     1.1013289e-10
12480.00     1.1034542e-10
12490.00     1.1055456e-10
12500.00     1.1075875e-10
12510.00     1.1095647e-10
12520.00     1.1114620e-10
12530.00     1.1132647e-10
12540.00     1.1149578e-10
12550.00     1.1165265e-10
12560.00     1.1179557e-10
12570.00     1.1192304e-10
12580.00     1.1203357e-10
12590.00     1.1212565e-10
12600.00     1.1219783e-10
12610.00     1.1224867e-10
12620.00     1.1227681e-10
12630.00     1.1228096e-10
12640.00     1.1225993e-10
12650.00     1.1221266e-10
12660.00     1.1213821e-10
12670.00     1.1203583e-10
12680.00     1.1190494e-10
12690.00     1.1174515e-10
12700.00     1.1155629e-10
12710.00     1.1133840e-10
12720.00     1.1109177e-10
12730.00     1.1081688e-10
12740.00     1.1051447e-10
12750.00     1.1018550e-10
12760.00     1.0983113e-10
12770.00     1.0945273e-10
12780.00     1.0905185e-10
12790.00     1.0863021e-10
12800.00     1.0818967e-10
12810.00     1.0773219e-10
12820.00     1.0725983e-10
12830.00     1.0677470e-10
12840.00     1.0627893e-10
12850.00     1.0577465e-10
12860.00     1.0526393e-10
12870.00     1.0474880e-10
12880.00     1.0423117e-10
12890.00     1.0371282e-10
12900.00     1.0319542e-10
12910.00     1.0268043e-10
12920.00     1.0216917e-10
12930.00     1.0166274e-10
12940.00     1.0116207e-10
12950.00     1.0066790e-10
12960.00     1.0018078e-10
12970.00     9.9701062e-11
12980.00     9.9228974e-11
12990.00     9.8764573e-11
13000.00     9.8307800e-11
13010.00     9.7858502e-11
13020.00     9.7416437e-11
13030.00     9.6981315e-11
13040.00     9.6552826e-11
13050.00     9.6130643e-11
13060.00     9.5714460e-11
13070.00     9.5304007e-11
13080.00     9.4899062e-11
13090.00     9.4499462e-11
13100.00     9.4105120e-11
13110.00     9.3716012e-11
13120.00     9.3332199e-11
13130.00     9.2953801e-11
13140.00     9.2581006e-11
13150.00     9.2214048e-11
13160.00     9.1853200e-11
13170.00     9.1498753e-11
13180.00     9.1151013e-11
13190.00     9.0810262e-11
13200.00     9.0476761e-11
13210.00     9.0150727e-11
13220.00     8.9832314e-11
13230.00     8.9521609e-11
13240.00     8.9218618e-11
13250.00     8.8923263e-11
13260.00     8.8635372e-11
13270.00     8.8354685e-11
13280.00     8.8080854e-11
13290.00     8.7813445e-11
13300.00     8.7551948e-11
13310.00     8.7295786e-11
13320.00     8.7044323e-11
13330.00     8.6796871e-11
13340.00     8.6552709e-11
13350.00     8.6311093e-11
13360.00     8.6071252e-11
13370.00     8.5832418e-11
13380.00     8.5593818e-11
13390.00     8.5354693e-11
13400.00     8.5114293e-11
13410.00     8.4871897e-11
13420.00     8.4626802e-11
13430.00     8.4378344e-11
13440.00     8.4125891e-11
13450.00     8.3868852e-11
13460.00     8.3606684e-11
13470.00     8.3338896e-11
13480.00     8.3065050e-11
13490.00     8.2784777e-11
13500.00     8.2497774e-11
13510.00     8.2203820e-11
13520.00     8.1902774e-11
13530.00     8.1594584e-11
13540.00     8.1279287e-11
13550.00     8.0957019e-11
13560.00     8.0628008e-11
13570.00     8.0292579e-11
13580.00     7.9951137e-11
13590.00     7.9604177e-11
13600.00     7.9252259e-11
13610.00     7.8896004e-11
13620.00     7.8536074e-11
13630.00     7.8173159e-11
13640.00     7.7807956e-11
13650.00     7.7441158e-11
13660.00     7.7073429e-11
13670.00     7.6705390e-11
13680.00     7.6337601e-11
13690.00     7.5970560e-11
13700.00     7.5604679e-11
13710.00     7.5240293e-11
13720.00     7.4877647e-11
13730.00     7.4516900e-11
13740.00     7.4158137e-11
13750.00     7.3801375e-11
13760.00     7.3446564e-11
13770.00     7.3093621e-11
13780.00     7.2742426e-11
13790.00     7.2392850e-11
13800.00     7.2044759e-11
13810.00     7.1698037e-11
13820.00     7.1352598e-11
13830.00     7.1008388e-11
13840.00     7.0665396e-11
13850.00     7.0323663e-11
13860.00     6.9983270e-11
13870.00     6.9644346e-11
13880.00     6.9307057e-11
13890.00     6.8971600e-11
13900.00     6.8638190e-11
13910.00     6.8307055e-11
13920.00     6.7978418e-11
13930.00     6.7652488e-11
13940.00     6.7329454e-11
13950.00     6.7009467e-11
13960.00     6.6692643e-11
13970.00     6.6379050e-11
13980.00     6.6068713e-11
13990.00     6.5761609e-11
14000.00     6.5457671e-11
14010.00     6.5156796e-11
14020.00     6.4858849e-11
14030.00     6.4563671e-11
14040.00     6.4271090e-11
14050.00     6.3980928e-11
14060.00     6.3693016e-11
14070.00     6.3407198e-11
14080.00     6.3123342e-11
14090.00     6.2841345e-11
14100.00     6.2561144e-11
14110.00     6.2282717e-11
14120.00     6.2006088e-11
14130.00     6.1731324e-11
14140.00     6.1458543e-11
14150.00     6.1187905e-11
14160.00     6.0919611e-11
14170.00     6.0653899e-11
14180.00     6.0391039e-11
14190.00     6.0131321e-11
14200.00     5.9875052e-11
14210.00     5.9622547e-11
14220.00     5.9374113e-11
14230.00     5.9130047e-11
14240.00     5.8890621e-11
14250.00     5.8656077e-11
14260.00     5.8426614e-11
14270.00     5.8202385e-11
14280.00     5.7983491e-11
14290.00     5.7769975e-11
14300.00     5.7561823e-11
14310.00     5.7358966e-11
14320.00     5.7161280e-11
14330.00     5.6968598e-11
14340.00     5.6780713e-11
14350.00     5.6597389e-11
14360.00     5.6418374e-11
14370.00     5.6243409e-11
14380.00     5.6072242e-11
14390.00     5.5904637e-11
14400.00     5.5740384e-11
14410.00     5.5579305e-11
14420.00     5.5421260e-11
14430.00     5.5266149e-11
14440.00     5.5113906e-11
14450.00     5.4964499e-11
14460.00     5.4817915e-11
14470.00     5.4674157e-11
14480.00     5.4533222e-11
14490.00     5.4395094e-11
14500.00     5.4259724e-11
14510.00     5.4127020e-11
14520.00     5.3996831e-11
14530.00     5.3868939e-11
14540.00     5.3743053e-11
14550.00     5.3618808e-11
14560.00     5.3495767e-11
14570.00     5.3373432e-11
14580.00     5.3251254e-11
14590.00     5.3128657e-11
14600.00     5.3005057e-11
14610.00     5.2879892e-11
14620.00     5.2752650e-11
14630.00     5.2622901e-11
14640.00     5.2490329e-11
14650.00     5.2354758e-11
14660.00     5.2216183e-11
14670.00     5.2074793e-11
14680.00     5.1930984e-11
14690.00     5.1785379e-11
14700.00     5.1638825e-11
14710.00     5.1492397e-11
14720.00     5.1347386e-11
14730.00     5.1205287e-11
14740.00     5.1067775e-11
14750.00     5.0936676e-11
14760.00     5.0813942e-11
14770.00     5.0701613e-11
14780.00     5.0601780e-11
14790.00     5.0516551e-11
14800.00     5.0448017e-11
14810.00     5.0398216e-11
14820.00     5.0369102e-11
14830.00     5.0362520e-11
14840.00     5.0380186e-11
14850.00     5.0423663e-11
14860.00     5.0494356e-11
14870.00     5.0593498e-11
14880.00     5.0722150e-11
14890.00     5.0881198e-11
14900.00     5.1071358e-11
14910.00     5.1293178e-11
14920.00     5.1547051e-11
14930.00     5.1833214e-11
14940.00     5.2151764e-11
14950.00     5.2502658e-11
14960.00     5.2885722e-11
14970.00     5.3300661e-11
14980.00     5.3747051e-11
14990.00     5.4224350e-11
15000.00     5.4731895e-11
15010.00     5.5268903e-11
15020.00     5.5834464e-11
15030.00     5.6427547e-11
15040.00     5.7046988e-11
15050.00     5.7691494e-11
15060.00     5.8359639e-11
15070.00     5.9049864e-11
15080.00     5.9760475e-11
15090.00     6.0489644e-11
15100.00     6.1235414e-11
15110.00     6.1995705e-11
15120.00     6.2768315e-11
15130.00     6.3550931e-11
15140.00     6.4341140e-11
15150.00     6.5136433e-11
15160.00     6.5934224e-11
15170.00     6.6731862e-11
15180.00     6.7526643e-11
15190.00     6.8315824e-11
15200.00     6.9096646e-11
15210.00     6.9866347e-11
15220.00     7.0622183e-11
15230.00     7.1361442e-11
15240.00     7.2081471e-11
15250.00     7.2779691e-11
15260.00     7.3453618e-11
15270.00     7.4100886e-11
15280.00     7.4719263e-11
15290.00     7.5306674e-11
15300.00     7.5861213e-11
15310.00     7.6381168e-11
15320.00     7.6865027e-11
15330.00     7.7311496e-11
15340.00     7.7719504e-11
15350.00     7.8088213e-11
15360.00     7.8417018e-11
15370.00     7.8705549e-11
15380.00     7.8953666e-11
15390.00     7.9161451e-11
15400.00     7.9329196e-11
15410.00     7.9457395e-11
15420.00     7.9546721e-11
15430.00     7.9598011e-11
15440.00     7.9612246e-11
15450.00     7.9590525e-11
15460.00     7.9534050e-11
15470.00     7.9444102e-11
15480.00     7.9322016e-11
15490.00     7.9169167e-11
15500.00     7.8986952e-11
15510.00     7.8776770e-11
15520.00     7.8540014e-11
15530.00     7.8278058e-11
15540.00     7.7992252e-11
15550.00     7.7683918e-11
15560.00     7.7354344e-11
15570.00     7.7004789e-11
15580.00     7.6636486e-11
15590.00     7.6250640e-11
15600.00     7.5848441e-11
15610.00     7.5431066e-11
15620.00     7.4999683e-11
15630.00     7.4555462e-11
15640.00     7.4099575e-11
15650.00     7.3633202e-11
15660.00     7.3157532e-11
15670.00     7.2673764e-11
15680.00     7.2183108e-11
15690.00     7.1686779e-11
15700.00     7.1185994e-11
15710.00     7.0681968e-11
15720.00     7.0175904e-11
15730.00     6.9668989e-11
15740.00     6.9162383e-11
15750.00     6.8657215e-11
15760.00     6.8154572e-11
15770.00     6.7655491e-11
15780.00     6.7160959e-11
15790.00     6.6671901e-11
15800.00     6.6189183e-11
15810.00     6.5713605e-11
15820.00     6.5245902e-11
15830.00     6.4786745e-11
15840.00     6.4336742e-11
15850.00     6.3896440e-11
15860.00     6.3466330e-11
15870.00     6.3046851e-11
15880.00     6.2638391e-11
15890.00     6.2241295e-11
15900.00     6.1855865e-11
15910.00     6.1482364e-11
15920.00     6.1121022e-11
15930.00     6.0772036e-11
15940.00     6.0435568e-11
15950.00     6.0111753e-11
15960.00     5.9800692e-11
15970.00     5.9502460e-11
15980.00     5.9217098e-11
15990.00     5.8944623e-11
16000.00     5.8685017e-11
16010.00     5.8438240e-11
16020.00     5.8204224e-11
16030.00     5.7982881e-11
16040.00     5.7774101e-11
16050.00     5.7577764e-11
16060.00     5.7393739e-11
16070.00     5.7221895e-11
16080.00     5.7062103e-11
16090.00     5.6914246e-11
16100.00     5.6778225e-11
16110.00     5.6653964e-11
16120.00     5.6541417e-11
16130.00     5.6440568e-11
16140.00     5.6351439e-11
16150.00     5.6274087e-11
16160.00     5.6208605e-11
16170.00     5.6155117e-11
16180.00     5.6113775e-11
16190.00     5.6084748e-11
16200.00     5.6068219e-11
16210.00     5.6064368e-11
16220.00     5.6073366e-11
16230.00     5.6095356e-11
16240.00     5.6130448e-11
16250.00     5.6178697e-11
16260.00     5.6240097e-11
16270.00     5.6314568e-11
16280.00     5.6401944e-11
16290.00     5.6501967e-11
16300.00     5.6614281e-11
16310.00     5.6738427e-11
16320.00     5.6873844e-11
16330.00     5.7019871e-11
16340.00     5.7175753e-11
16350.00     5.7340646e-11
16360.00     5.7513630e-11
16370.00     5.7693717e-11
16380.00     5.7879872e-11
16390.00     5.8071020e-11
16400.00     5.8266068e-11
16410.00     5.8463925e-11
16420.00     5.8663512e-11
16430.00     5.8863781e-11
16440.00     5.9063736e-11
16450.00     5.9262439e-11
16460.00     5.9459032e-11
16470.00     5.9652740e-11
16480.00     5.9842884e-11
16490.00     6.0028886e-11
16500.00     6.0210276e-11
16510.00     6.0386687e-11
16520.00     6.0557863e-11
16530.00     6.0723650e-11
16540.00     6.0883994e-11
16550.00     6.1038937e-11
16560.00     6.1188606e-11
16570.00     6.1333208e-11
16580.00     6.1473020e-11
16590.00     6.1608382e-11
16600.00     6.1739687e-11
16610.00     6.1867372e-11
16620.00     6.1991914e-11
16630.00     6.2113819e-11
16640.00     6.2233616e-11
16650.00     6.2351857e-11
16660.00     6.2469106e-11
16670.00     6.2585940e-11
16680.00     6.2702944e-11
16690.00     6.2820712e-11
16700.00     6.2939838e-11
16710.00     6.3060923e-11
16720.00     6.3184566e-11
16730.00     6.3311367e-11
16740.00     6.3441920e-11
16750.00     6.3576815e-11
16760.00     6.3716629e-11
16770.00     6.3861925e-11
16780.00     6.4013250e-11
16790.00     6.4171122e-11
16800.00     6.4336031e-11
16810.00     6.4508429e-11
16820.00     6.4688727e-11
16830.00     6.4877286e-11
16840.00     6.5074415e-11
16850.00     6.5280363e-11
16860.00     6.5495314e-11
16870.00     6.5719389e-11
16880.00     6.5952638e-11
16890.00     6.6195045e-11
16900.00     6.6446524e-11
16910.00     6.6706922e-11
16920.00     6.6976026e-11
16930.00     6.7253564e-11
16940.00     6.7539212e-11
16950.00     6.7832598e-11
16960.00     6.8133315e-11
16970.00     6.8440925e-11
16980.00     6.8754966e-11
16990.00     6.9074961e-11
17000.00     6.9400427e-11
17010.00     6.9730877e-11
17020.00     7.0065832e-11
17030.00     7.0404818e-11
17040.00     7.0747374e-11
17050.00     7.1093056e-11
17060.00     7.1441427e-11
17070.00     7.1792068e-11
17080.00     7.2144568e-11
17090.00     7.2498519e-11
17100.00     7.2853513e-11
17110.00     7.3209139e-11
17120.00     7.3564968e-11
17130.00     7.3920551e-11
17140.00     7.4275413e-11
17150.00     7.4629037e-11
17160.00     7.4980870e-11
17170.00     7.5330308e-11
17180.00     7.5676694e-11
17190.00     7.6019319e-11
17200.00     7.6357416e-11
17210.00     7.6690165e-11
17220.00     7.7016698e-11
17230.00     7.7336101e-11
17240.00     7.7647423e-11
17250.00     7.7949690e-11
17260.00     7.8241915e-11
17270.00     7.8523107e-11
17280.00     7.8792295e-11
17290.00     7.9048538e-11
17300.00     7.9290941e-11
17310.00     7.9518676e-11
17320.00     7.9730989e-11
17330.00     7.9927223e-11
17340.00     8.0106824e-11
17350.00     8.0269354e-11
17360.00     8.0414499e-11
17370.00     8.0542071e-11
17380.00     8.0652015e-11
17390.00     8.0744404e-11
17400.00     8.0819433e-11
17410.00     8.0877421e-11
17420.00     8.0918788e-11
17430.00     8.0944056e-11
17440.00     8.0953825e-11
17450.00     8.0948763e-11
17460.00     8.0929591e-11
17470.00     8.0897059e-11
17480.00     8.0851938e-11
17490.00     8.0794999e-11
17500.00     8.0727001e-11
17510.00     8.0648679e-11
17520.00     8.0560729e-11
17530.00     8.0463804e-11
17540.00     8.0358507e-11
17550.00     8.0245382e-11
17560.00     8.0124923e-11
17570.00     7.9997564e-11
17580.00     7.9863687e-11
17590.00     7.9723627e-11
17600.00     7.9577675e-11
17610.00     7.9426087e-11
17620.00     7.9269088e-11
17630.00     7.9106883e-11
17640.00     7.8939661e-11
17650.00     7.8767604e-11
17660.00     7.8590889e-11
17670.00     7.8409697e-11
17680.00     7.8224214e-11
17690.00     7.8034634e-11
17700.00     7.7841157e-11
17710.00     7.7643994e-11
17720.00     7.7443362e-11
17730.00     7.7239484e-11
17740.00     7.7032584e-11
17750.00     7.6822885e-11
17760.00     7.6610605e-11
17770.00     7.6395954e-11
17780.00     7.6179129e-11
17790.00     7.5960313e-11
17800.00     7.5739671e-11
17810.00     7.5517348e-11
17820.00     7.5293470e-11
17830.00     7.5068140e-11
17840.00     7.4841442e-11
17850.00     7.4613438e-11
17860.00     7.4384176e-11
17870.00     7.4153684e-11
17880.00     7.3921979e-11
17890.00     7.3689068e-11
17900.00     7.3454950e-11
17910.00     7.3219618e-11
17920.00     7.2983064e-11
17930.00     7.2745278e-11
17940.00     7.2506254e-11
17950.00     7.2265989e-11
17960.00     7.2024481e-11
17970.00     7.1781737e-11
17980.00     7.1537766e-11
17990.00     7.1292580e-11
18000.00     7.1046199e-11
18010.00     7.0798642e-11
18020.00     7.0549934e-11
18030.00     7.0300098e-11
18040.00     7.0049162e-11
18050.00     6.9797151e-11
18060.00     6.9544094e-11
18070.00     6.9290019e-11
18080.00     6.9034956e-11
18090.00     6.8778937e-11
18100.00     6.8521998e-11
18110.00     6.8264182e-11
18120.00     6.8005534e-11
18130.00     6.7746113e-11
18140.00     6.7485983e-11
18150.00     6.7225223e-11
18160.00     6.6963924e-11
18170.00     6.6702190e-11
18180.00     6.6440138e-11
18190.00     6.6177902e-11
18200.00     6.5915628e-11
18210.00     6.5653473e-11
18220.00     6.5391607e-11
18230.00     6.5130207e-11
18240.00     6.4869454e-11
18250.00     6.4609532e-11
18260.00     6.4350623e-11
18270.00     6.4092904e-11
18280.00     6.3836538e-11
18290.00     6.3581678e-11
18300.00     6.3328456e-11
18310.00     6.3076980e-11
18320.00     6.2827336e-11
18330.00     6.2579575e-11
18340.00     6.2333722e-11
18350.00     6.2089765e-11
18360.00     6.1847658e-11
18370.00     6.1607323e-11
18380.00     6.1368645e-11
18390.00     6.1131479e-11
18400.00     6.0895652e-11
18410.00     6.0660963e-11
18420.00     6.0427188e-11
18430.00     6.0194091e-11
18440.00     5.9961421e-11
18450.00     5.9728921e-11
18460.00     5.9496338e-11
18470.00     5.9263424e-11
18480.00     5.9029942e-11
18490.00     5.8795677e-11
18500.00     5.8560436e-11
18510.00     5.8324055e-11
18520.00     5.8086405e-11
18530.00     5.7847392e-11
18540.00     5.7606961e-11
18550.00     5.7365097e-11
18560.00     5.7121828e-11
18570.00     5.6877218e-11
18580.00     5.6631373e-11
18590.00     5.6384434e-11
18600.00     5.6136574e-11
18610.00     5.5887997e-11
18620.00     5.5638930e-11
18630.00     5.5389621e-11
18640.00     5.5140334e-11
18650.00     5.4891343e-11
18660.00     5.4642928e-11
18670.00     5.4395370e-11
18680.00     5.4148952e-11
18690.00     5.3903945e-11
18700.00     5.3660618e-11
18710.00     5.3419225e-11
18720.00     5.3180013e-11
18730.00     5.2943212e-11
18740.00     5.2709043e-11
18750.00     5.2477713e-11
18760.00     5.2249415e-11
18770.00     5.2024336e-11
18780.00     5.1802650e-11
18790.00     5.1584522e-11
18800.00     5.1370113e-11
18810.00     5.1159573e-11
18820.00     5.0953051e-11
18830.00     5.0750690e-11
18840.00     5.0552626e-11
18850.00     5.0358994e-11
18860.00     5.0169920e-11
18870.00     4.9985527e-11
18880.00     4.9805930e-11
18890.00     4.9631235e-11
18900.00     4.9461540e-11
18910.00     4.9296930e-11
18920.00     4.9137478e-11
18930.00     4.8983245e-11
18940.00     4.8834273e-11
18950.00     4.8690591e-11
18960.00     4.8552208e-11
18970.00     4.8419121e-11
18980.00     4.8291305e-11
18990.00     4.8168721e-11
19000.00     4.8051313e-11
19010.00     4.7939011e-11
19020.00     4.7831733e-11
19030.00     4.7729382e-11
19040.00     4.7631857e-11
19050.00     4.7539043e-11
19060.00     4.7450824e-11
19070.00     4.7367079e-11
19080.00     4.7287683e-11
19090.00     4.7212514e-11
19100.00     4.7141447e-11
19110.00     4.7074363e-11
19120.00     4.7011144e-11
19130.00     4.6951677e-11
19140.00     4.6895851e-11
19150.00     4.6843561e-11
19160.00     4.6794704e-11
19170.00     4.6749181e-11
19180.00     4.6706897e-11
19190.00     4.6667758e-11
19200.00     4.6631671e-11
19210.00     4.6598548e-11
19220.00     4.6568296e-11
19230.00     4.6540826e-11
19240.00     4.6516048e-11
19250.00     4.6493872e-11
19260.00     4.6474207e-11
19270.00     4.6456965e-11
19280.00     4.6442055e-11
19290.00     4.6429392e-11
19300.00     4.6418889e-11
19310.00     4.6410464e-11
19320.00     4.6404042e-11
19330.00     4.6399547e-11
19340.00     4.6396914e-11
19350.00     4.6396083e-11
19360.00     4.6397002e-11
19370.00     4.6399626e-11
19380.00     4.6403919e-11
19390.00     4.6409853e-11
19400.00     4.6417409e-11
19410.00     4.6426576e-11
19420.00     4.6437346e-11
19430.00     4.6449721e-11
19440.00     4.6463705e-11
19450.00     4.6479303e-11
19460.00     4.6496520e-11
19470.00     4.6515361e-11
19480.00     4.6535822e-11
19490.00     4.6557894e-11
19500.00     4.6581554e-11
19510.00     4.6606766e-11
19520.00     4.6633476e-11
19530.00     4.6661610e-11
19540.00     4.6691068e-11
19550.00     4.6721724e-11
19560.00     4.6753422e-11
19570.00     4.6785975e-11
19580.00     4.6819162e-11
19590.00     4.6852724e-11
19600.00     4.6886368e-11
19610.00     4.6919763e-11
19620.00     4.6952544e-11
19630.00     4.6984305e-11
19640.00     4.7014613e-11
19650.00     4.7042999e-11
19660.00     4.7068968e-11
19670.00     4.7092001e-11
19680.00     4.7111560e-11
19690.00     4.7127092e-11
19700.00     4.7138034e-11
19710.00     4.7143826e-11
19720.00     4.7143905e-11
19730.00     4.7137723e-11
19740.00     4.7124749e-11
19750.00     4.7104472e-11
19760.00     4.7076415e-11
19770.00     4.7040133e-11
19780.00     4.6995222e-11
19790.00     4.6941326e-11
19800.00     4.6878132e-11
19810.00     4.6805386e-11
19820.00     4.6722880e-11
19830.00     4.6630469e-11
19840.00     4.6528058e-11
19850.00     4.6415608e-11
19860.00     4.6293136e-11
19870.00     4.6160708e-11
19880.00     4.6018439e-11
19890.00     4.5866491e-11
19900.00     4.5705067e-11
19910.00     4.5534406e-11
19920.00     4.5354784e-11
19930.00     4.5166504e-11
19940.00     4.4969895e-11
19950.00     4.4765305e-11
19960.00     4.4553104e-11
19970.00     4.4333671e-11
19980.00     4.4107400e-11
19990.00     4.3874690e-11
20000.00     4.3635948e-11
20010.00     4.3391586e-11
20020.00     4.3142016e-11
20030.00     4.2887657e-11
20040.00     4.2628924e-11
20050.00     4.2366239e-11
20060.00     4.2100017e-11
20070.00     4.1830682e-11
20080.00     4.1558654e-11
20090.00     4.1284355e-11
20100.00     4.1008208e-11
20110.00     4.0730638e-11
20120.00     4.0452068e-11
20130.00     4.0172923e-11
20140.00     3.9893629e-11
20150.00     3.9614609e-11
20160.00     3.9336285e-11
20170.00     3.9059076e-11
20180.00     3.8783398e-11
20190.00     3.8509662e-11
20200.00     3.8238271e-11
20210.00     3.7969623e-11
20220.00     3.7704103e-11
20230.00     3.7442088e-11
20240.00     3.7183945e-11
20250.00     3.6930024e-11
20260.00     3.6680663e-11
20270.00     3.6436185e-11
20280.00     3.6196895e-11
20290.00     3.5963083e-11
20300.00     3.5735019e-11
20310.00     3.5512956e-11
20320.00     3.5297127e-11
20330.00     3.5087747e-11
20340.00     3.4885007e-11
20350.00     3.4689082e-11
20360.00     3.4500124e-11
20370.00     3.4318266e-11
20380.00     3.4143618e-11
20390.00     3.3976271e-11
20400.00     3.3816294e-11
20410.00     3.3663734e-11
20420.00     3.3518620e-11
20430.00     3.3380958e-11
20440.00     3.3250733e-11
20450.00     3.3127912e-11
20460.00     3.3012441e-11
20470.00     3.2904246e-11
20480.00     3.2803235e-11
20490.00     3.2709297e-11
20500.00     3.2622302e-11
20510.00     3.2542105e-11
20520.00     3.2468544e-11
20530.00     3.2401441e-11
20540.00     3.2340603e-11
20550.00     3.2285824e-11
20560.00     3.2236883e-11
20570.00     3.2193549e-11
20580.00     3.2155578e-11
20590.00     3.2122717e-11
20600.00     3.2094699e-11
20610.00     3.2071253e-11
20620.00     3.2052096e-11
20630.00     3.2036939e-11
20640.00     3.2025482e-11
20650.00     3.2017424e-11
20660.00     3.2012451e-11
20670.00     3.2010249e-11
20680.00     3.2010494e-11
20690.00     3.2012861e-11
20700.00     3.2017017e-11
20710.00     3.2022629e-11
20720.00     3.2029358e-11
20730.00     3.2036863e-11
20740.00     3.2044804e-11
20750.00     3.2052839e-11
20760.00     3.2060627e-11
20770.00     3.2067829e-11
20780.00     3.2074110e-11
20790.00     3.2079138e-11
20800.00     3.2082589e-11
20810.00     3.2084148e-11
20820.00     3.2083508e-11
20830.00     3.2080373e-11
20840.00     3.2074463e-11
20850.00     3.2065512e-11
20860.00     3.2053269e-11
20870.00     3.2037504e-11
20880.00     3.2018005e-11
20890.00     3.1994582e-11
20900.00     3.1967068e-11
20910.00     3.1935319e-11
20920.00     3.1899214e-11
20930.00     3.1858660e-11
20940.00     3.1813587e-11
20950.00     3.1763951e-11
20960.00     3.1709731e-11
20970.00     3.1650933e-11
20980.00     3.1587589e-11
20990.00     3.1519749e-11
21000.00     3.1447491e-11
21010.00     3.1370909e-11
21020.00     3.1290120e-11
21030.00     3.1205259e-11
21040.00     3.1116478e-11
21050.00     3.1023942e-11
21060.00     3.0927834e-11
21070.00     3.0828346e-11
21080.00     3.0725682e-11
21090.00     3.0620053e-11
21100.00     3.0511680e-11
21110.00     3.0400790e-11
21120.00     3.0287612e-11
21130.00     3.0172383e-11
21140.00     3.0055335e-11
21150.00     2.9936708e-11
21160.00     2.9816737e-11
21170.00     2.9695656e-11
21180.00     2.9573698e-11
21190.00     2.9451090e-11
21200.00     2.9328056e-11
21210.00     2.9204814e-11
21220.00     2.9081575e-11
21230.00     2.8958543e-11
21240.00     2.8835914e-11
21250.00     2.8713874e-11
21260.00     2.8592603e-11
21270.00     2.8472268e-11
21280.00     2.8353027e-11
21290.00     2.8235026e-11
21300.00     2.8118403e-11
21310.00     2.8003280e-11
21320.00     2.7889772e-11
21330.00     2.7777981e-11
21340.00     2.7667997e-11
21350.00     2.7559896e-11
21360.00     2.7453749e-11
21370.00     2.7349609e-11
21380.00     2.7247522e-11
21390.00     2.7147523e-11
21400.00     2.7049635e-11
21410.00     2.6953873e-11
21420.00     2.6860242e-11
21430.00     2.6768738e-11
21440.00     2.6679350e-11
21450.00     2.6592059e-11
21460.00     2.6506838e-11
21470.00     2.6423656e-11
21480.00     2.6342474e-11
21490.00     2.6263252e-11
21500.00     2.6185942e-11
21510.00     2.6110496e-11
21520.00     2.6036861e-11
21530.00     2.5964984e-11
21540.00     2.5894810e-11
21550.00     2.5826282e-11
21560.00     2.5759343e-11
21570.00     2.5693936e-11
21580.00     2.5630004e-11
21590.00     2.5567490e-11
21600.00     2.5506337e-11
21610.00     2.5446490e-11
21620.00     2.5387893e-11
21630.00     2.5330490e-11
21640.00     2.5274225e-11
21650.00     2.5219045e-11
21660.00     2.5164892e-11
21670.00     2.5111712e-11
21680.00     2.5059447e-11
21690.00     2.5008040e-11
21700.00     2.4957431e-11
21710.00     2.4907562e-11
21720.00     2.4858370e-11
21730.00     2.4809793e-11
21740.00     2.4761766e-11
21750.00     2.4714222e-11
21760.00     2.4667094e-11
21770.00     2.4620315e-11
21780.00     2.4573811e-11
21790.00     2.4527512e-11
21800.00     2.4481347e-11
21810.00     2.4435241e-11
21820.00     2.4389124e-11
21830.00     2.4342920e-11
21840.00     2.4296560e-11
21850.00     2.4249971e-11
21860.00     2.4203084e-11
21870.00     2.4155832e-11
21880.00     2.4108147e-11
21890.00     2.4059969e-11
21900.00     2.4011236e-11
21910.00     2.3961893e-11
21920.00     2.3911887e-11
21930.00     2.3861170e-11
21940.00     2.3809696e-11
21950.00     2.3757429e-11
21960.00     2.3704333e-11
21970.00     2.3650378e-11
21980.00     2.3595541e-11
21990.00     2.3539803e-11
22000.00     2.3483149e-11
22010.00     2.3425573e-11
22020.00     2.3367069e-11
22030.00     2.3307640e-11
22040.00     2.3247291e-11
22050.00     2.3186033e-11
22060.00     2.3123880e-11
22070.00     2.3060850e-11
22080.00     2.2996964e-11
22090.00     2.2932247e-11
22100.00     2.2866725e-11
22110.00     2.2800425e-11
22120.00     2.2733379e-11
22130.00     2.2665617e-11
22140.00     2.2597170e-11
22150.00     2.2528071e-11
22160.00     2.2458351e-11
22170.00     2.2388041e-11
22180.00     2.2317172e-11
22190.00     2.2245772e-11
22200.00     2.2173871e-11
22210.00     2.2101494e-11
22220.00     2.2028666e-11
22230.00     2.1955412e-11
22240.00     2.1881751e-11
22250.00     2.1807703e-11
22260.00     2.1733285e-11
22270.00     2.1658511e-11
22280.00     2.1583394e-11
22290.00     2.1507945e-11
22300.00     2.1432169e-11
22310.00     2.1356074e-11
22320.00     2.1279660e-11
22330.00     2.1202929e-11
22340.00     2.1125878e-11
22350.00     2.1048503e-11
22360.00     2.0970795e-11
22370.00     2.0892746e-11
22380.00     2.0814345e-11
22390.00     2.0735578e-11
22400.00     2.0656432e-11
22410.00     2.0576892e-11
22420.00     2.0496940e-11
22430.00     2.0416563e-11
22440.00     2.0335745e-11
22450.00     2.0254472e-11
22460.00     2.0172734e-11
22470.00     2.0090520e-11
22480.00     2.0007828e-11
22490.00     1.9924655e-11
22500.00     1.9841007e-11
22510.00     1.9756893e-11
22520.00     1.9672330e-11
22530.00     1.9587343e-11
22540.00     1.9501963e-11
22550.00     1.9416229e-11
22560.00     1.9330188e-11
22570.00     1.9243898e-11
22580.00     1.9157420e-11
22590.00     1.9070828e-11
22600.00     1.8984201e-11
22610.00     1.8897625e-11
22620.00     1.8811195e-11
22630.00     1.8725008e-11
22640.00     1.8639169e-11
22650.00     1.8553785e-11
22660.00     1.8468967e-11
22670.00     1.8384825e-11
22680.00     1.8301472e-11
22690.00     1.8219020e-11
22700.00     1.8137580e-11
22710.00     1.8057258e-11
22720.00     1.7978158e-11
22730.00     1.7900380e-11
22740.00     1.7824018e-11
22750.00     1.7749162e-11
22760.00     1.7675896e-11
22770.00     1.7604298e-11
22780.00     1.7534442e-11
22790.00     1.7466394e-11
22800.00     1.7400220e-11
22810.00     1.7335980e-11
22820.00     1.7273733e-11
22830.00     1.7213537e-11
22840.00     1.7155447e-11
22850.00     1.7099524e-11
22860.00     1.7045826e-11
22870.00     1.6994421e-11
22880.00     1.6945376e-11
22890.00     1.6898764e-11
22900.00     1.6854663e-11
22910.00     1.6813156e-11
22920.00     1.6774328e-11
22930.00     1.6738266e-11
22940.00     1.6705059e-11
22950.00     1.6674790e-11
22960.00     1.6647539e-11
22970.00     1.6623373e-11
22980.00     1.6602348e-11
22990.00     1.6584504e-11
23000.00     1.6569857e-11
23010.00     1.6558400e-11
23020.00     1.6550097e-11
23030.00     1.6544884e-11
23040.00     1.6542665e-11
23050.00     1.6543309e-11
23060.00     1.6546658e-11
23070.00     1.6552520e-11
23080.00     1.6560676e-11
23090.00     1.6570886e-11
23100.00     1.6582886e-11
23110.00     1.6596399e-11
23120.00     1.6611140e-11
23130.00     1.6626816e-11
23140.00     1.6643138e-11
23150.00     1.6659818e-11
23160.00     1.6676582e-11
23170.00     1.6693163e-11
23180.00     1.6709313e-11
23190.00     1.6724796e-11
23200.00     1.6739397e-11
23210.00     1.6752912e-11
23220.00     1.6765156e-11
23230.00     1.6775956e-11
23240.00     1.6785152e-11
23250.00     1.6792593e-11
23260.00     1.6798139e-11
23270.00     1.6801655e-11
23280.00     1.6803018e-11
23290.00     1.6802106e-11
23300.00     1.6798811e-11
23310.00     1.6793028e-11
23320.00     1.6784667e-11
23330.00     1.6773649e-11
23340.00     1.6759908e-11
23350.00     1.6743400e-11
23360.00     1.6724097e-11
23370.00     1.6701997e-11
23380.00     1.6677120e-11
23390.00     1.6649513e-11
23400.00     1.6619249e-11
23410.00     1.6586431e-11
23420.00     1.6551186e-11
23430.00     1.6513665e-11
23440.00     1.6474045e-11
23450.00     1.6432523e-11
23460.00     1.6389313e-11
23470.00     1.6344642e-11
23480.00     1.6298752e-11
23490.00     1.6251887e-11
23500.00     1.6204300e-11
23510.00     1.6156242e-11
23520.00     1.6107965e-11
23530.00     1.6059720e-11
23540.00     1.6011753e-11
23550.00     1.5964313e-11
23560.00     1.5917647e-11
23570.00     1.5872006e-11
23580.00     1.5827651e-11
23590.00     1.5784852e-11
23600.00     1.5743899e-11
23610.00     1.5705101e-11
23620.00     1.5668798e-11
23630.00     1.5635361e-11
23640.00     1.5605191e-11
23650.00     1.5578726e-11
23660.00     1.5556440e-11
23670.00     1.5538834e-11
23680.00     1.5526435e-11
23690.00     1.5519785e-11
23700.00     1.5519434e-11
23710.00     1.5525921e-11
23720.00     1.5539765e-11
23730.00     1.5561449e-11
23740.00     1.5591401e-11
23750.00     1.5629985e-11
23760.00     1.5677487e-11
23770.00     1.5734100e-11
23780.00     1.5799921e-11
23790.00     1.5874949e-11
23800.00     1.5959079e-11
23810.00     1.6052111e-11
23820.00     1.6153755e-11
23830.00     1.6263940e-11
23840.00     1.6382099e-11
23850.00     1.6507594e-11
23860.00     1.6639903e-11
23870.00     1.6778476e-11
23880.00     1.6922755e-11
23890.00     1.7072182e-11
23900.00     1.7226204e-11
23910.00     1.7384282e-11
23920.00     1.7545888e-11
23930.00     1.7710507e-11
23940.00     1.7877629e-11
23950.00     1.8046749e-11
23960.00     1.8217355e-11
23970.00     1.8388925e-11
23980.00     1.8560918e-11
23990.00     1.8732773e-11
24000.00     1.8903907e-11
24010.00     1.9073717e-11
24020.00     1.9241581e-11
24030.00     1.9406870e-11
24040.00     1.9568953e-11
24050.00     1.9727213e-11
24060.00     1.9881057e-11
24070.00     2.0029933e-11
24080.00     2.0173341e-11
24090.00     2.0310845e-11
24100.00     2.0442086e-11
24110.00     2.0566787e-11
24120.00     2.0684763e-11
24130.00     2.0795917e-11
24140.00     2.0900246e-11
24150.00     2.0997834e-11
24160.00     2.1088842e-11
24170.00     2.1173509e-11
24180.00     2.1252135e-11
24190.00     2.1325071e-11
24200.00     2.1392708e-11
24210.00     2.1455470e-11
24220.00     2.1513794e-11
24230.00     2.1568126e-11
24240.00     2.1618913e-11
24250.00     2.1666590e-11
24260.00     2.1711578e-11
24270.00     2.1754280e-11
24280.00     2.1795073e-11
24290.00     2.1834308e-11
24300.00     2.1872314e-11
24310.00     2.1909388e-11
24320.00     2.1945804e-11
24330.00     2.1981810e-11
24340.00     2.2017629e-11
24350.00     2.2053460e-11
24360.00     2.2089482e-11
24370.00     2.2125851e-11
24380.00     2.2162704e-11
24390.00     2.2200154e-11
24400.00     2.2238299e-11
24410.00     2.2277213e-11
24420.00     2.2316951e-11
24430.00     2.2357546e-11
24440.00     2.2399012e-11
24450.00     2.2441340e-11
24460.00     2.2484502e-11
24470.00     2.2528449e-11
24480.00     2.2573115e-11
24490.00     2.2618414e-11
24500.00     2.2664248e-11
24510.00     2.2710505e-11
24520.00     2.2757067e-11
24530.00     2.2803810e-11
24540.00     2.2850610e-11
24550.00     2.2897347e-11
24560.00     2.2943910e-11
24570.00     2.2990206e-11
24580.00     2.3036157e-11
24590.00     2.3081711e-11
24600.00     2.3126843e-11
24610.00     2.3171562e-11
24620.00     2.3215910e-11
24630.00     2.3259967e-11
24640.00     2.3303851e-11
24650.00     2.3347720e-11
24660.00     2.3391769e-11
24670.00     2.3436228e-11
24680.00     2.3481360e-11
24690.00     2.3527451e-11
24700.00     2.3574812e-11
24710.00     2.3623762e-11
24720.00     2.3674623e-11
24730.00     2.3727705e-11
24740.00     2.3783301e-11
24750.00     2.3841664e-11
24760.00     2.3903002e-11
24770.00     2.3967455e-11
24780.00     2.4035086e-11
24790.00     2.4105870e-11
24800.00     2.4179679e-11
24810.00     2.4256280e-11
24820.00     2.4335332e-11
24830.00     2.4416392e-11
24840.00     2.4498924e-11
24850.00     2.4582317e-11
24860.00     2.4665912e-11
24870.00     2.4749023e-11
24880.00     2.4830970e-11
24890.00     2.4911108e-11
24900.00     2.4988848e-11
24910.00     2.5063682e-11
24920.00     2.5135194e-11
24930.00     2.5203069e-11
24940.00     2.5267092e-11
24950.00     2.5327143e-11
24960.00     2.5383189e-11
24970.00     2.5435271e-11
24980.00     2.5483489e-11
24990.00     2.5527993e-11
25000.00     2.5568965e-11
